# serie phase 2 p4_w2.27_c1.05_dt2s4_k2 : t x1 x2 (dt2=2.7996102798059688e-06, depart t=23.334 etat bascule x1 x2 v1 v2 = -1718140.7509984067 1710523.97707853 -85434728.4527217 85244966.02208066)
23.409757454171547 -177695031927.18256 177692577287.60657
23.409760253781826 -178141150683.93063 178138692964.97366
23.409763053392108 -178588670351.57263 178586209547.43637
23.409765853002387 -179037596212.43649 179035132317.30801
23.409768652612666 -179487933572.10211 179485466580.1539
23.409771452222948 -179939687759.51846 179937217664.90836
23.409774251833227 -180392864127.12125 180390390923.99237
23.409777051443506 -180847468050.95132 180844991733.43201
23.409779851053784 -181303504930.77368 181301025492.97751
23.409782650664066 -181760980190.1973 181758497626.22299
23.409785450274345 -182219899276.79544 182217413580.72684
23.409788249884624 -182680267662.22678 182677778828.13278
23.409791049494906 -183142090842.35715 183139598864.29169
23.409793849105185 -183605374337.38205 183602879209.38397
23.409796648715464 -184070123691.94977 184067625408.04291
23.409799448325746 -184536344475.28534 184533843029.47836
23.409802247936025 -185004042281.31503 185001537667.60144
23.409805047546303 -185473222728.79169 185470714941.14975
23.409807847156586 -185943891461.42072 185941380493.81345
23.409810646766864 -186416054147.98682 186413539994.36188
23.409813446377143 -186889716482.48141 186887199136.77112
23.409816245987422 -187364884184.23087 187362363640.35211
23.409819045597704 -187841562998.02536 187839039249.87961
23.409821845207983 -188319758694.24857 188317231735.72174
23.409824644818261 -188799477069.008 188796946893.97043
23.409827444428544 -189280723944.26614 189278190546.57257
23.409830244038822 -189763505167.97241 189760968541.46191
23.409833043649101 -190247826614.19577 190245286752.69171
23.409835843259383 -190733694183.25815 190731151080.56812
23.409838642869662 -191221113801.86859 191218567451.78436
23.409841442479941 -191710091423.25827 191707541819.55576
23.409844242090223 -192200633027.31616 192198080163.75534
23.409847041700502 -192692744620.72559 192690188491.05051
23.409849841310781 -193186432237.10153 193183872835.04019
23.409852640921059 -193681701937.12869 193679139256.39307
23.409855440531341 -194178559808.70038 194175993842.98627
23.40985824014162 -194677011967.05814 194674442710.0452
23.409861039751899 -195177064554.9324 195174492000.28406
23.409863839362181 -195678723742.68365 195676147884.04706
23.40986663897246 -196181995728.44458 196179416559.45056
23.409869438582739 -196686886738.26309 196684304252.52609
23.409872238193021 -197193403026.246 197190817217.36401
23.4098750378033 -197701550874.7037 197698961736.25824
23.409877837413578 -198211336594.29565 198208744119.85172
23.409880637023861 -198722766524.17657 198720170707.28256
23.409883436634139 -199235847032.14365 199233247866.33127
23.409886236244418 -199750584514.78448 199747981993.56879
23.409889035854697 -200266985397.6261 200264379514.50534
23.409891835464979 -200785056135.28448 200782446883.74017
23.409894635075258 -201304803211.61533 201302190585.11209
23.409897434685536 -201826233139.86539 201823617131.85089
23.409900234295819 -202349352462.82489 202346733066.72986
23.409903033906097 -202874167752.98083 202871544962.21896
23.409905833516376 -203400685612.67108 203398059420.63898
23.409908633126658 -203928912674.23944 203926283074.31659
23.409911432736937 -204458855600.19159 204456222585.7403
23.409914232347216 -204990521083.35193 204987884647.71722
23.409917031957498 -205523915847.02133 205521275983.53091
23.409919831567777 -206059046645.13589 206056403347.10013
23.409922631178055 -206595920262.42664 206593273523.13849
23.409925430788334 -207134543514.58005 207131893327.31497
23.409928230398616 -207674923248.39951 207672269606.41547
23.409931030008895 -208217066341.96783 208214409238.50516
23.409933829619174 -208760979704.81067 208758319133.09207
23.409936629229456 -209306670278.06091 209304006231.29141
23.409939428839735 -209854145034.62399 209851477505.99081
23.409942228450014 -210403410979.34418 210400739962.01675
23.409945028060296 -210954475149.172 210951800636.30188
23.409947827670575 -211507344613.33243 211504666598.05319
23.409950627280853 -212062026473.4942 212059344948.92148
23.409953426891136 -212618527863.94012 212615842823.17145
23.409956226501414 -213176855951.73834 213174167387.85315
23.409959026111693 -213737017936.91461 213734325842.97418
23.409961825721972 -214299021052.62567 214296325421.67303
23.409964625332254 -214862872565.33353 214860173390.3934
23.409967424942533 -215428579774.9809 215425877049.05969
23.409970224552811 -215996150015.16763 215993443731.2533
23.409973024163094 -216565590653.32809 216562880804.39014
23.409975823773372 -217136909090.90976 217134195669.89917
23.409978623383651 -217710112763.55273 217707395763.40186
23.409981422993933 -218285209141.27042 218282488554.89297
23.409984222604212 -218862205728.63123 218859481548.92221
23.409987022214491 -219441110064.94144 219438382284.77704
23.409989821824773 -220021929724.42902 220019198336.66663
23.409992621435052 -220604672316.42868 220601937313.90677
23.40999542104533 -221189345485.5679 221186606861.10596
23.409998220655609 -221775956911.9541 221773214658.35257
23.410001020265891 -222364514311.36307 222361768421.40332
23.41000381987617 -222955025435.42834 222952275901.87262
23.410006619486449 -223547498071.83176 223544744887.42307
23.410009419096731 -224141940044.49518 224139183201.95718
23.41001221870701 -224738359213.77335 224735598705.81042
23.410015018317289 -225336763476.64798 225333999295.9451
23.410017817927571 -225937160766.92288 225934392906.14551
23.41002061753785 -226539559055.42029 226536787507.21432
23.410023417148128 -227143966350.17844 227141191107.1702
23.410026216758411 -227750390696.6503 227747611751.44644
23.410029016368689 -228358840177.90347 228356057523.09088
23.410031815978968 -228969322914.82129 228966536542.96707
23.410034615589247 -229581847066.30518 229579056969.95657
23.410037415199529 -230196420829.47815 230193627001.16245
23.410040214809808 -230813052439.88956 230810254872.11404
23.410043014420086 -231431750171.72119 231428948856.97311
23.410045814030369 -232052522337.99445 232049717268.74084
23.410048613640647 -232675377290.77887 232672568459.46661
23.410051413250926 -233300323421.40192 233297510820.45761
23.410054212861208 -233927369160.65997 233924552782.4899
23.410057012471487 -234556522979.0307 234553702816.02069
23.410059812081766 -235187793386.88651 235184969431.40192
23.410062611692044 -235821188934.70953 235818361179.09521
23.410065411302327 -236456718213.30783 236453886649.888
23.410068210912605 -237094389854.03284 237091554475.11099
23.410071010522884 -237734212528.9982 237731373326.85712
23.410073810133166 -238376194951.29999 238373351918.2016
23.410076609743445 -239020345875.23807 239017499003.42343
23.410079409353724 -239666674096.53903 239663823378.22821
23.410082208964006 -240315188452.58041 240312333879.97244
23.410085008574285 -240965897822.61615 240963039387.88895
23.410087808184564 -241618811128.00363 241615948823.31396
23.410090607794846 -242273937332.43198 242271071149.91534
23.410093407405125 -242931285442.15167 242928415373.92221
23.410096207015403 -243590864506.20578 243587990544.35626
23.410099006625682 -244252683616.66251 244249805753.26428
23.410101806235964 -244916751908.84906 244913870135.95187
23.410104605846243 -245583078561.58704 245580192871.21902
23.410107405456522 -246251672797.42926 246248783181.59689
23.410110205066804 -246922543882.89813 246919650333.58612
23.410113004677083 -247595701128.72528 247592803637.89648
23.410115804287361 -248271153890.0928 248268252449.68817
23.410118603897644 -248948911566.87595 248946006168.81445
23.410121403507922 -249628983603.8873 249626074240.06586
23.410124203118201 -250311379491.1225 250308466153.41586
23.410127002728483 -250996108764.00739 250993191444.26813
23.410129802338762 -251683181003.64679 251680259693.70517
23.410132601949041 -252372605837.07471 252369680528.73862
23.410135401559319 -253064392937.50623 253061463622.56113
23.410138201169602 -253758552024.59076 253755618694.79962
23.41014100077988 -254455092864.66705 254452155511.7702
23.410143800390159 -255154025271.01953 255151083886.73468
23.410146600000441 -255855359104.13654 255852413680.1586
23.41014939961072 -256559104271.96991 256556154799.97101
23.410152199220999 -257265270730.19626 257262317201.82559
23.410154998831281 -257973868482.47995 257970910889.36371
23.41015779844156 -258684907580.73755 258681945914.47888
23.410160598051839 -259398398125.40408 259395432377.58301
23.410163397662121 -260114350265.70084 260111380427.87411
23.4101661972724 -260832774199.90479 260829800263.6059
23.410168996882678 -261553680175.61984 261550702132.35889
23.410171796492957 -262277078490.04968 262274096331.31326
23.410174596103239 -263002979490.27231 262999993207.52353
23.410177395713518 -263731393573.51636 263728403158.19467
23.410180195323797 -264462331187.43896 264459336630.96011
23.410182994934079 -265195802830.40552 265192804124.16147
23.410185794544358 -265931819051.77121 265928816187.13004
23.410188594154636 -266670390452.16418 266667383420.47
23.410191393764919 -267411527683.77063 267408516476.34354
23.410194193375197 -268155241450.62149 268152226058.75742
23.410196992985476 -268901542508.88104 268898522923.85175
23.410199792595758 -269650441667.13736 269647417880.19028
23.410202592206037 -270401949786.69446 270398921789.05267
23.410205391816316 -271156077781.86636 271153045564.72852
23.410208191426594 -271912836620.27301 271909800174.81317
23.410210991036877 -272672237323.13794 272669196640.50555
23.410213790647155 -273434290965.58789 273431246036.90768
23.410216590257434 -274199008676.95441 274195959493.32629
23.410219389867716 -274966401641.07715 274963348193.57617
23.410222189477995 -275736481096.60931 275733423376.28552
23.410224989088274 -276509258337.32477 276506196335.20312
23.410227788698556 -277284744712.42725 277281678419.50757
23.410230588308835 -278062951626.86163 278059881034.11853
23.410233387919114 -278843890541.62689 278840815640.00964
23.410236187529396 -279627572974.09125 279624493754.52368
23.410238987139675 -280414010498.30908 280410926951.68951
23.410241786749953 -281203214745.34021 281200126862.54138
23.410244586360232 -281995197403.57098 281992105175.43994
23.410247385970514 -282789970219.03723 282786873636.39526
23.410250185580793 -283587544995.74963 283584444049.39209
23.410252985191072 -284387933596.02087 284384828276.71722
23.410255784801354 -285191147940.7951 285188038239.2887
23.410258584411633 -285997200009.97931 285994085916.98743
23.410261384021911 -286806101842.77679 286802983348.99042
23.410264183632194 -287617865538.02283 287614742634.10663
23.410266983242472 -288432503254.52246 288429375931.11469
23.410269782852751 -289250027211.39062 289246895459.10297
23.410272582463033 -290070449688.3941 290067313497.81171
23.410275382073312 -290893783026.29602 290890642387.97736
23.410278181683591 -291720039627.20215 291716894531.67883
23.410280981293869 -292549231954.90955 292546082392.68628
23.410283780904152 -293381372535.25769 293378218496.81226
23.41028658051443 -294216473956.48169 294213315432.26471
23.410289380124709 -295054548869.56769 295051385850.00262
23.410292179734991 -295895609988.6106 295892442464.09363
23.41029497934527 -296739670091.17444 296736498052.07434
23.410297778955549 -297586742018.6543 297583565455.31244
23.410300578565831 -298436838676.64136 298433657579.37152
23.41030337817611 -299289973035.28961 299286787394.37787
23.410306177786389 -300146158129.68542 300142967935.39014
23.410308977396671 -301005407060.21924 301002212302.77087
23.41031177700695 -301867732992.95978 301864533662.56085
23.410314576617228 -302733149160.03064 302729945246.85553
23.410317376227507 -303601668859.98926 303598460354.18427
23.410320175837789 -304473305458.20844 304470092349.89154
23.410322975448068 -305348072387.26019 305344854666.521
23.410325775058347 -306225983147.30225 306222760804.2019
23.410328574668629 -307107051306.46698 307103824331.03802
23.410331374278908 -307991290501.25275 307988058883.49902
23.410334173889186 -308878714436.91809 308875478166.81476
23.410336973499469 -309769336887.87817 309766095955.37146
23.410339773109747 -310663171698.10358 310659926093.11072
23.410342572720026 -311560232781.52216 311556982493.93127
23.410345372330308 -312460534122.42365 312457279142.09363
23.410348171940587 -313364089775.86621 313360830092.62677
23.410350971550866 -314270913868.08636 314267649471.73773
23.410353771161144 -315181020596.91083 315177751477.22369
23.410356570771427 -316094424232.17175 316091150378.88715
23.410359370381705 -317011139116.12433 317007860518.95361
23.410362169991984 -317931179663.86731 317927896312.492
23.410364969602266 -318854560363.76587 318851272247.83759
23.410367769212545 -319781295777.87762 319778002887.01788
23.410370568822824 -320711400542.38116 320708102866.18134
23.410373368433106 -321644889368.00763 321641586896.02875
23.410376168043385 -322581777040.4751 322578469762.2478
23.410378967653664 -323522078420.92584 323518766325.95038
23.410381767263946 -324465808446.36627 324462491524.11224
23.410384566874225 -325412982130.10974 325409660370.01599
23.410387366484503 -326363614562.22241 326360287953.69696
23.410390166094782 -327317720909.97223 327314389442.39221
23.410392965705064 -328275316418.2804 328271980080.99182
23.410395765315343 -329236416410.17621 329233075192.49396
23.410398564925622 -330201036287.2547 330197690178.4624
23.410401364535904 -331169191530.13733 331165840519.48712
23.410404164146183 -332140897698.93579 332137541775.64838
23.410406963756461 -333116170433.71887 333112809586.98328
23.410409763366744 -334095025454.98218 334091659673.95569
23.410412562977022 -335077478564.12152 335074107837.92957
23.410415362587301 -336063545643.90881 336060169961.6449
23.410418162197583 -337053242658.97125 337049862009.69678
23.410420961807862 -338046585656.27399 338043200029.01807
23.410423761418141 -339043590765.60559 339040200149.36505
23.410426561028419 -340044274200.06726 340040878583.80646
23.410429360638702 -341048652256.56488 341045251629.21558
23.41043216024898 -342056741316.30432 342053335666.76569
23.410434959859259 -343068557845.29047 343065147162.42877
23.410437759469541 -344084118394.82886 344080702667.47748
23.41044055907982 -345103439602.03125 345100018818.99048
23.410443358690099 -346126538190.32446 346123112340.36145
23.410446158300381 -347153430969.96246 347150000041.81097
23.41044895791066 -348184134838.54199 348180698820.9024
23.410451757520939 -349218666781.52173 349215225663.06091
23.410454557131221 -350257043872.74469 350253597642.09589
23.4104573567415 -351299283274.96405 351295831920.72656
23.410460156351778 -352345402240.3728 352341945751.11212
23.410462955962057 -353395418111.13696 353391956475.38446
23.410465755572339 -354449348319.93207 354445881526.185
23.410468555182618 -355507210390.4834 355503738427.20471
23.410471354792897 -356569021938.10999 356565544793.72809
23.410474154403179 -357634800670.27203 357631318333.18091
23.410476954013458 -358704564387.12238 358701076845.68127
23.410479753623736 -359778330982.06122 359774838224.59448
23.410482553234019 -360856118442.29486 360852620457.09198
23.410485352844297 -361937944849.39844 361934441624.71381
23.410488152454576 -363023828379.88165 363020319903.93445
23.410490952064858 -364113787305.75916 364110273566.73315
23.410493751675137 -365207839995.12445 365204320981.16803
23.410496551285416 -366306004912.72766 366302480611.95361
23.410499350895694 -367408300620.55725 367404771021.04248
23.410502150505977 -368514745778.42578 368511210868.21143
23.410504950116255 -369625359144.55951 369621818911.65063
23.410507749726534 -370740159576.19202 370736614008.55762
23.410510549336816 -371859166030.16199 371855615115.73474
23.410513348947095 -372982397563.51459 372978841290.19067
23.410516148557374 -374109873334.1076 374106311689.7467
23.410518948167656 -375241612601.22144 375238045573.64655
23.410521747777935 -376377634726.17303 376374062303.17029
23.410524547388214 -377517959172.93427 377514381342.25281
23.410527346998496 -378662605508.75439 378659022258.10626
23.410530146608775 -379811593404.7868 379808004721.8468
23.410532946219053 -380964942636.72015 380961348509.12567
23.410535745829332 -382122673085.4137 382119073500.76459
23.410538545439614 -383284804737.53693 383281199683.39532
23.410541345049893 -384451357686.21368 384447747150.10394
23.410544144660172 -385622352131.67072 385618736101.07928
23.410546944270454 -386797808381.89038 386794186844.2655
23.410549743880733 -387977746853.26813 387974119796.01978
23.410552543491011 -389162188071.27454 389158555481.77429
23.410555343101294 -390351152671.12195 390347514536.70282
23.410558142711572 -391544661398.43549 391541017706.39178
23.410560942321851 -392742735109.92871 392739085847.51599
23.410563741932133 -393945394774.08392 393941739928.51868
23.410566541542412 -395152661471.8371 395149001030.29663
23.410569341152691 -396364556397.26801 396360890346.89032
23.410572140762969 -397581100858.29456 397577429186.17828
23.410574940373252 -398802316277.37225 398798638970.57642
23.41057773998353 -400028224192.19818 400024541237.742
23.410580539593809 -401258846256.42004 401255157641.2829
23.410583339204091 -402494204240.35022 402490509951.47137
23.41058613881437 -403734320031.68475 403730620055.96332
23.410588938424649 -404979215636.22705 404975509960.52173
23.410591738034931 -406228913178.61688 406225201789.74591
23.41059453764521 -407483434903.06439 407479717787.80524
23.410597337255489 -408742803174.08911 408739080319.17847
23.410600136865767 -410007040477.2644 410003311869.39795
23.41060293647605 -411276169419.9668 411272435045.79907
23.410605736086328 -412550212732.13055 412546472578.27484
23.410608535696607 -413829193267.00763 413825447320.03564
23.410611335306889 -415113134001.93286 415109382248.37469
23.410614134917168 -416402058039.0946 416398300465.4386
23.410616934527447 -417695988606.31073 417692225199.00336
23.410619734137729 -418994949057.80975 418991179803.25525
23.410622533748008 -420298962875.01752 420295187759.57788
23.410625333358286 -421608053667.3501 421604272677.34485
23.410628132968569 -422922245173.01129 422918458294.71735
23.410630932578847 -424241561259.79639 424237768479.44794
23.410633732189126 -425566025925.90131 425562227229.68958
23.410636531799405 -426895663300.7373 426891858674.81036
23.410639331409687 -428230497645.75159 428226687076.21429
23.410642131019966 -429570553355.25385 429566736828.1676
23.410644930630244 -430915854957.24811 430912032458.63068
23.410647730240527 -432266427114.27094 432262598630.09625
23.410650529850805 -433622294624.23553 433618460140.43359
23.410653329461084 -434983482421.28168 434979641923.73834
23.410656129071366 -436350015576.63147 436346169051.18835
23.410658928681645 -437721919299.45166 437718066731.90582
23.410661728291924 -439099218937.72125 439095360313.82513
23.410664527902206 -440481939979.10608 440478075284.56726
23.410667327512485 -441870108051.83917 441866237272.32031
23.410670127122764 -443263748925.60742 443259872046.72589
23.410672926733042 -444662888512.44464 444659005519.77252
23.410675726343324 -446067552867.63074 446063663746.69452
23.410678525953603 -447477768190.59747 447473872926.87793
23.410681325563882 -448893560825.84088 448889659404.77295
23.410684125174164 -450314957263.83984 450311049670.81232
23.410686924784443 -451741984141.98102 451738070362.33636
23.410689724394722 -453174668245.49103 453170748264.52539
23.410692524005004 -454613036508.37494 454609110311.33777
23.410695323615283 -456057116014.36133 456053183586.45526
23.410698123225561 -457506933997.85425 457502995324.23492
23.410700922835844 -458962517844.89197 458958572910.66785
23.410703722446122 -460423895094.11261 460419943884.34473
23.410706522056401 -461891093437.72668 461887135937.42853
23.41070932166668 -463364140722.49683 463360176916.63416
23.410712121276962 -464843064950.7243 464839094824.21484
23.410714920887241 -466327894281.24255 466323917818.95605
23.410717720497519 -467818657030.41815 467814674217.1759
23.410720520107802 -469315381673.15857 469311392493.7334
23.41072331971808 -470818096843.92761 470814101283.04358
23.410726119328359 -472326831337.76807 472322829380.10034
23.410728918938641 -473841614111.33154 473837605741.50623
23.41073171854892 -475362474283.91608 475358459486.50989
23.410734518159199 -476889441138.51099 476885419898.05115
23.410737317769481 -478422544122.8493 478418516423.81342
23.41074011737976 -479961812850.46796 479957778677.28363
23.410742916990039 -481507277101.77527 481503236438.82007
23.410745716600317 -483058966825.12689 483054919656.72803
23.410748516210599 -484616912137.90875 484612858448.34302
23.410751315820878 -486181143327.62848 486177083101.12189
23.410754115431157 -487751690853.01434 487747624073.74194
23.410756915041439 -489328585345.12244 489324511997.20819
23.410759714651718 -490911857608.45209 490907777675.96875
23.410762514261997 -492501538622.06909 492497452089.03778
23.410765313872279 -494097659540.73663 494093566391.12671
23.410768113482558 -495700251696.05542 495696151913.7843
23.410770913092836 -497309346597.61206 497305240166.54498
23.410773712703119 -498924975934.13531 498920862838.08521
23.410776512313397 -500547171574.66083 500543051797.388
23.410779311923676 -502175965569.70459 502171839094.91656
23.410782111533955 -503811390152.44519 503807256963.79645
23.410784911144237 -505453477739.91443 505449337821.00616
23.410787710754516 -507102260934.19672 507098114268.57678
23.410790510364794 -508757772523.63763 508753619094.80011
23.410793309975077 -510420045484.06079 510415885275.44598
23.410796109585355 -512089112979.99402 512084945974.98804
23.410798909195634 -513765008365.90442 513760834547.83911
23.410801708805916 -515447765187.44281 515443584539.59546
23.410804508416195 -517137417182.69684 517133229688.28992
23.410807308026474 -518833998283.45392 518829803925.65491
23.410810107636756 -520537542616.47314 520533341378.39435
23.410812907247035 -522248084504.76654 522243876369.46478
23.410815706857314 -523965658468.89014 523961443419.36658
23.410818506467592 -525690299228.24432 525686077247.44415
23.410821306077874 -527422041702.38409 527417812773.19641
23.410824105688153 -529160921012.33881 529156685117.59637
23.410826905298432 -530906972481.94159 530902729604.42053
23.410829704908714 -532660231639.16907 532655981761.58868
23.410832504518993 -534420734217.49048 534416477322.513
23.410835304129272 -536188516157.22754 536184252227.45789
23.410838103739554 -537963613606.92383 537959342624.90942
23.410840903349833 -539746062924.72455 539741784872.95502
23.410843702960111 -541535900679.76666 541531615540.67358
23.410846502570394 -543333163653.57941 543328871409.53613
23.410849302180672 -545137888841.4953 545133589474.81665
23.410852101790951 -546950113454.07166 546945806947.01373
23.41085490140123 -548769874918.52277 548765561253.28265
23.410857701011512 -550597210880.16284 550592890038.87842
23.410860500621791 -552432159203.85962 552427831168.60925
23.410863300232069 -554274757975.49902 554270422728.30139
23.410866099842352 -556125045503.46106 556120703026.27478
23.41086889945263 -557983060320.10608 557978710594.82971
23.410871699062909 -559848841183.27283 559844484191.74438
23.410874498673191 -561722427077.78748 561718062801.78418
23.41087729828347 -563603857216.98438 563599485638.22253
23.410880097893749 -565493171044.23779 565488792144.37244
23.410882897504031 -567390408234.50574 567386021995.13037
23.41088569711431 -569295608695.88525 569291215098.53174
23.410888496724588 -571208812571.17944 571204411597.31738
23.410891296334867 -573130060239.47595 573125651870.51294
23.410894095945149 -575059392317.7384 575054976535.01941
23.410896895555428 -576996849662.40857 576992426447.2157
23.410899695165707 -578942473371.02209 578938042704.57446
23.410902494775989 -580896304783.83569 580891866647.28918
23.410905294386268 -582858385485.46606 582853939859.91284
23.410908093996547 -584828757306.54248 584824304173.01074
23.410910893606829 -586807462325.3717 586803001664.82568
23.410913693217108 -588794542869.61536 588790074662.95483
23.410916492827386 -590790041517.97998 590785565746.04004
23.410919292437669 -592794001101.92041 592789517745.47119
23.410922092047947 -594806464707.35547 594801973747.10193
23.410924891658226 -596827475676.39722 596822977092.97864
23.410927691268505 -598857077609.09351 598852571383.08362
23.410930490878787 -600895314365.18433 600890800477.0907
23.410933290489066 -602942230065.87012 602937708496.13391
23.410936090099344 -604997869095.59521 604993339824.59094
23.410938889709627 -607062276103.84473 607057739111.88013
23.410941689319905 -609135496006.95398 609130951274.26953
23.410944488930184 -611217573989.93323 611213021496.7019
23.410947288540466 -613308555508.30591 613303995234.63293
23.410950088150745 -615408486289.96118 615403918215.88379
23.410952887761024 -617517412337.02002 617512836442.50696
23.410955687371306 -619635379927.71716 619630796192.66858
23.410958486981585 -621762435618.29675 621757844022.54382
23.410961286591863 -623898626244.92212 623894026768.22693
23.410964086202142 -626043998925.60132 626039391547.65637
23.410966885812424 -628198601062.12695 628193985762.55481
23.410969685422703 -630362480342.03076 630357857100.38391
23.410972485032982 -632535684740.55469 632531053536.31519
23.410975284643264 -634718262522.63611 634713623335.21533
23.410978084253543 -636910262244.90833 636905615053.64661
23.410980883863822 -639111732757.71729 639107077541.88354
23.410983683474104 -641322723207.15369 641318059945.94519
23.410986483084383 -643543283037.1012 643538611709.64331
23.410989282694661 -645773461991.30042 645768782576.64612
23.410992082304944 -648013310115.42896 648008622592.55872
23.410994881915222 -650262877759.198 650258182107.01941
23.410997681525501 -652522215578.46472 652517511775.81213
23.41100048113578 -654791374537.36121 654786662562.99524
23.411003280746062 -657070405910.44092 657065685743.04858
23.411006080356341 -659359361284.84192 659354632903.03589
23.411008879966619 -661658292562.46582 661653555944.7843
23.411011679576902 -663967251962.17542 663962507087.08191
23.41101447918718 -666286292022.00806 666281538867.89075
23.411017278797459 -668615465601.40723 668610704146.57886
23.411020078407741 -670954825883.47192 670950056106.16943
23.41102287801802 -673304426377.22314 673299648255.60742
23.411025677628299 -675664320919.88879 675659534432.04407
23.411028477238581 -678034563679.20618 678029768803.14001
23.41103127684886 -680415209155.74329 680410405869.38599
23.411034076459138 -682806312185.23767 682801500466.44226
23.411036876069417 -685207927940.95459 685203107767.49609
23.411039675679699 -687620111936.06238 687615283285.63757
23.411042475289978 -690042920026.02905 690038082876.25635
23.411045274900257 -692476408411.0365 692471562739.45532
23.411048074510539 -694920633638.41333 694915779422.48401
23.411050874120818 -697375652605.08838 697370789822.19165
23.411053673731097 -699841522560.06238 699836651187.49915
23.411056473341379 -702318301106.8999 702313421121.89062
23.411059272951658 -704806046206.24146 704801157585.92615
23.411062072561936 -707304816178.33557 707299918899.77319
23.411064872172219 -709814669705.59094 709809763745.75903
23.411067671782497 -712335665835.14893 712330751170.94348
23.411070471392776 -714867863981.47668 714862940589.71155
23.411073271003055 -717411323928.98083 717406391786.38745
23.411076070613337 -719966105834.64233 719961164917.86938
23.411078870223616 -722532270230.67285 722527320516.28577
23.411081669833894 -725109878027.19128 725104919491.67212
23.411084469444177 -727698990514.92322 727694023134.67004
23.411087269054455 -730299669367.92053 730294693119.24707
23.411090068664734 -732911976646.30457 732906991505.43994
23.411092868275016 -735535974799.03064 735530980742.11914
23.411095667885295 -738171726666.67407 738166723669.77429
23.411098467495574 -740819295484.23926 740814283523.3241
23.411101267105856 -743478744883.99268 743473723934.94897
23.411104066716135 -746150138898.31689 746145108936.94482
23.411106866326413 -748833541962.58801 748828502964.60071
23.411109665936692 -751529018918.07812 751523970859.10156
23.411112465546974 -754236635014.87939 754231577870.45166
23.411115265157253 -756956455914.85254 756951389660.42371
23.411118064767532 -759688547694.599 759683472305.53052
23.411120864377814 -762432976848.45776 762427892300.02222
23.411123663988093 -765189810291.52637 765184716558.90698
23.411126463598372 -767959115362.7063 767954012420.99658
23.411129263208654 -770740959827.7738 770735847651.97717
23.411132062818933 -773535411882.47449 773530290447.50366
23.411134862429211 -776342540155.64429 776337409436.32117
23.41113766203949 -779162413712.35657 779157273683.41162
23.411140461649772 -781995102057.09277 781989952693.16467
23.411143261260051 -784840675136.94092 784835516412.57605
23.41114606087033 -787699203344.82031 787694035234.47266
23.411148860480612 -790570757522.73181 790565580000.76221
23.411151660090891 -793455408965.0343 793450222005.70996
23.411154459701169 -796353229421.74951 796348032999.24402
23.411157259311452 -799264291101.89343 799259085190.28589
23.41116005892173 -802188666676.83423 802183451250.10901
23.411162858532009 -805126429283.67981 805121204315.72607
23.411165658142291 -808077652528.69189 808072417993.30334
23.41116845775257 -811042410490.72791 811037166361.60205
23.411171257362849 -814020777724.71204 814015523975.44983
23.411174056973127 -817012829265.13525 817007565869.24072
23.41117685658341 -820018640629.58472 820013367560.4646
23.411179656193688 -823038287822.30151 823033005053.26465
23.411182455803967 -826071847337.76733 826066554842.02429
23.411185255414249 -829119396164.32178 829114093914.98425
23.411188055024528 -832181011787.80994 832175699757.89062
23.411190854634807 -835256772195.26038 835251450357.67224
23.411193654245089 -838346755878.59241 838341424206.14819
23.411196453855368 -841451041838.3562 841445700303.76819
23.411199253465647 -844569709587.50305 844564358163.38257
23.411202053075929 -847702839155.18604 847697477814.04272
23.411204852686208 -850850511090.59363 850845139804.83533
23.411207652296486 -854012806466.81628 854007425208.74805
23.411210451906765 -857189806884.7439 857184415626.56812
23.411213251517047 -860381594476.99683 860376193190.8125
23.411216051127326 -863588251911.88879 863582840569.69092
23.411218850737605 -866809862397.42358 866804440971.10291
23.411221650347887 -870046509685.32556 870041078146.66785
23.411224449958166 -873298278075.10376 873292836395.78943
23.411227249568444 -876565252418.15125 876559800569.75488
23.411230049178727 -879847518121.87756 879842056075.86743
23.411232848789005 -883145161153.87695 883139688881.6145
23.411235648399284 -886458268046.13098 886452785518.87024
23.411238448009566 -889786925899.24731 889781433088.13464
23.411241247619845 -893131222386.73425 893125719262.8075
23.411244047230124 -896491245759.31104 896485732293.49927
23.411246846840402 -899867084849.25476 899861561012.37769
23.411249646450685 -903258829074.78467 903253294837.55212
23.411252446060963 -906666568444.48364 906661023777.49487
23.411255245671242 -910090393561.75696 910084838435.50049
23.411258045281524 -913530395629.32886 913524830014.18176
23.411260844891803 -916986666453.7771 916981090320.00439
23.411263644502082 -920459298450.10693 920453711767.86133
23.411266444112364 -923948384646.36316 923942787385.68408
23.411269243722643 -927454018688.28223 927448410819.0957
23.411272043332922 -930976294843.98474 930970676336.10254
23.411274842943204 -934515308008.70679 934509678831.82617
23.411277642553483 -938071153709.57263 938065513833.27563
23.411280442163761 -941643928110.40771 941638277504.16064
23.41128324177404 -945233728016.59265 945228066649.74548
23.411286041384322 -948840650879.96057 948834978721.74634
23.411288840994601 -952464794803.73511 952459111823.26965
23.41129164060488 -956106258547.51074 956100564713.79175
23.411294440215162 -959765141532.27698 959759436814.18372
23.411297239825441 -963441543845.48547 963435828211.77795
23.411300039435719 -967135566246.16064 967129839665.47949
23.411302839046002 -970847310170.05469 970841572610.92004
23.41130563865628 -974576877734.84644 974571129165.65784
23.411308438266559 -978324371745.38574 978318612134.42114
23.411311237876841 -982089895698.98291 982084125014.39844
23.41131403748712 -985873553790.74524 985867772000.57422
23.411316837097399 -989675450918.95837 989669657991.11121
23.411319636707677 -993495692690.51562 993489888592.77881
23.41132243631796 -997334385426.39343 997328570126.4292
23.411325235928238 -1001191636167.1753 1001185809632.521
23.411328035538517 -1005067552678.6228 1005061714876.6901
23.411330835148799 -1008962243457.2959 1008956394355.3704
23.411333634759078 -1012875817736.2225 1012869957301.463
23.411336434369357 -1016808385490.6169 1016802513690.0549
23.411339233979639 -1020760057443.6484 1020754174244.1873
23.411342033589918 -1024730945072.2609 1024725050440.6753
23.411344833200197 -1028721160613.0431 1028715254515.9786
23.411347632810479 -1032730817068.1509 1032724899472.1232
23.411350432420758 -1036760028211.281 1036754099082.6752
23.411353232031036 -1040808908593.6974 1040802967898.7675
23.411356031641315 -1044877573550.3092 1044871621255.1774
23.411358831251597 -1048966139205.8042 1048960175276.4602
23.411361630861876 -1053074722480.8361 1053068746883.1366
23.411364430472155 -1057203441098.2656 1057197453797.9336
23.411367230082437 -1061352413589.4569 1061346414552.0809
23.411370029692716 -1065521759300.6298 1065515748491.6633
23.411372829302994 -1069711598399.2678 1069705575784.0287
23.411375628913277 -1073922051880.5845 1073916017424.2542
23.411378428523555 -1078153241574.0439 1078147195241.6669
23.411381228133834 -1082405290149.9417 1082399231906.4243
23.411384027744116 -1086678321126.0442 1086672250936.1549
23.411386827354395 -1090972458874.2872 1090966376702.6552
23.411389626964674 -1095287828627.5311 1095281734438.6456
23.411392426574952 -1099624556486.3796 1099618450244.5898
23.411395226185235 -1103982769426.0583 1103976651095.5718
23.411398025795513 -1108362595303.3538 1108356464848.2363
23.411400825405792 -1112764162863.6167 1112758020247.792
23.411403625016074 -1117187601747.8252 1117181446935.073
23.411406424626353 -1121633042499.7119 1121626875453.6685
23.411409224236632 -1126100616572.9578 1126094437257.1145
23.411412023846914 -1130590456338.446 1130584264716.1489
23.411414823457193 -1135102695091.5842 1135096491126.033
23.411417623067472 -1139637467059.6907 1139631250713.9385
23.411420422677754 -1144194907409.4485 1144188678646.4006
23.411423222288033 -1148775152254.4246 1148768911036.8381
23.411426021898311 -1153378338662.6606 1153372084953.1436
23.41142882150859 -1158004604664.3291 1157998338425.3394
23.411431621118872 -1162654089259.4585 1162647810453.3037
23.411434420729151 -1167326932425.7307 1167320641014.5671
23.41143722033943 -1172023275126.3462 1172016971072.1777
23.411440019949712 -1176743259317.9614 1176736942582.6394
23.411442819559991 -1181487027958.7017 1181480698503.9236
23.411445619170269 -1186254725016.241 1186248382803.5498
23.411448418780552 -1191046495475.9597 1191040140466.7437
23.41145121839083 -1195862485349.1741 1195856117504.665
23.411454018001109 -1200702841681.4399 1200696460962.7134
23.411456817611391 -1205567712560.9348 1205561318928.9082
23.41145961722167 -1210457247126.915 1210450840542.3479
23.411462416831949 -1215371595578.2505 1215365176001.7429
23.411465216442227 -1220310909182.0369 1220304476574.0293
23.41146801605251 -1225275340282.2871 1225268894603.0588
23.411470815662788 -1230265042308.7024 1230258583518.3713
23.411473615273067 -1235280169785.5247 1235273697844.0461
23.411476414883349 -1240320878340.4697 1240314393207.6362
23.411479214493628 -1245387324713.7407 1245380826349.1802
23.411482014103907 -1250479666767.1262 1250473155130.302
23.411484813714189 -1255598063493.1826 1255591538543.3923
23.411487613324468 -1260742675024.499 1260736136720.8735
23.411490412934747 -1265913662643.0493 1265907110944.5518
23.411493212545029 -1271111188789.6321 1271104623655.0579
23.411496012155308 -1276335417073.396 1276328838461.3711
23.411498811765586 -1281586512281.4512 1281579920150.4314
23.411501611375865 -1286864640388.5728 1286858034696.843
23.411504410986147 -1292169968566.9951 1292163349272.6687
23.411507210596426 -1297502665196.2944 1297496032257.3118
23.411510010206705 -1302862899873.3635 1302856253247.4915
23.411512809816987 -1308250843422.4824 1308244183067.3132
23.411515609427266 -1313666667905.4807 1313659993778.4316
23.411518409037544 -1319110546631.9919 1319103858690.3037
23.411521208647827 -1324582654169.8066 1324575952370.543
23.411524008258105 -1330083166355.3223 1330076450655.3687
23.411526807868384 -1335612260304.0889 1335605530660.1516
23.411529607478666 -1341170114421.4575 1341163370790.0632
23.411532407088945 -1346756908413.3245 1346750150750.8184
23.411535206699224 -1352372823296.9783 1352366051559.5242
23.411538006309502 -1358018041412.0498 1358011255555.6287
23.411540805919785 -1363692746431.5601 1363685946411.969
23.411543605530063 -1369397123373.0774 1369390309145.9287
23.411546405140342 -1375131358609.9771 1375124530130.6975
23.411549204750624 -1380895639882.8098 1380888797106.6396
23.411552004360903 -1386690156310.7742 1386683299192.7659
23.411554803971182 -1392515098403.2971 1392508226898.3145
23.411557603581464 -1398370658071.7285 1398363772134.446
23.411560403191743 -1404257028641.1421 1404250128226.0432
23.411563202802022 -1410174404862.2493 1410167489923.6262
23.411566002412304 -1416122982923.4316 1416116053415.384
23.411568802022583 -1422102960462.8765 1422096016339.3101
23.411571601632861 -1428114536580.8372 1428107577795.4631
23.41157440124314 -1434157911852.0078 1434150938358.3416
23.411577200853422 -1440233288338.0156 1440226300089.3762
23.411580000463701 -1446340869600.0312 1446333866549.5398
23.41158280007398 -1452480860711.4993 1452473842812.0779
23.411585599684262 -1458653468270.9929 1458646435475.364
23.411588399294541 -1464858900415.1919 1464851852675.877
23.411591198904819 -1471097366831.9836 1471090304101.3022
23.411593998515102 -1477369078773.6875 1477362001003.7561
23.41159679812538 -1483674249070.4065 1483667156213.1372
23.411599597735659 -1490013092143.5137 1490005984150.6138
23.411602397345941 -1496385824019.2627 1496378700842.2329
23.41160519695622 -1502792662342.5278 1502785523932.6614
23.411607996566499 -1509233826390.6821 1509226672699.064
23.411610796176777 -1515709537087.606 1515702368065.1111
23.41161359578706 -1522220017017.8293 1522212832615.1221
23.411616395397338 -1528765490440.8164 1528758290608.3494
23.411619195007617 -1535346183305.3848 1535338967993.3972
23.411621994617899 -1541962323264.2622 1541955092422.7793
23.411624794228178 -1548614139688.791 1548606893267.6226
23.411627593838457 -1555301863683.77 1555294601632.5093
23.411630393448739 -1562025728102.4438 1562018450370.4666
23.411633193059018 -1568785967561.637 1568778674098.0999
23.411635992669297 -1575582818457.032 1575575509210.8718
23.411638792279579 -1582416518978.605 1582409193898.5374
23.411641591889857 -1589287309126.2046 1589279968160.7224
23.411644391500136 -1596195430725.2864 1596188073822.6592
23.411647191110415 -1603141127442.8005 1603133754551.073
23.411649990720697 -1610124644803.2334 1610117255870.2239
23.411652790330976 -1617146230204.8123 1617138825178.1118
23.411655589941255 -1624206132935.8652 1624198711762.8367
23.411658389551537 -1631304604191.3413 1631297166819.1174
23.411661189161816 -1638441897089.4919 1638434443464.9744
23.411663988772094 -1645618266688.7241 1645610796758.5823
23.411666788382377 -1652833970004.6133 1652826483715.2832
23.411669587992655 -1660089266027.082 1660081763324.7646
23.411672387602934 -1667384415737.7551 1667376896568.415
23.411675187213213 -1674719682127.4856 1674712146436.8503
23.411677986823495 -1682095330214.0498 1682087777947.6079
23.411680786433774 -1689511627060.022 1689504058163.0222
23.411683586044052 -1696968841790.8235 1696961256208.2729
23.411686385654335 -1704467245612.9524 1704459643289.6155
23.411689185264613 -1712007111832.397 1711999492712.7939
23.411691984874892 -1719588715873.2319 1719581079901.6377
23.411694784485174 -1727212335296.397 1727204682416.8396
23.411697584095453 -1734878249818.667 1734870579974.9265
23.411700383705732 -1742586741331.8081 1742579054467.4148
23.411703183316014 -1750338093921.9304 1750330389980.1641
23.411705982926293 -1758132593889.0291 1758124872812.9167
23.411708782536572 -1765970529766.7224 1765962791499.0378
23.41171158214685 -1773852192342.1902 1773844436825.4519
23.411714381757132 -1781777874676.3115 1781770101852.7815
23.411717181367411 -1789747872124.0039 1789740081935.6858
23.41171998097769 -1797762482354.7727 1797754674743.4111
23.411722780587972 -1805822005373.4648 1805814180280.5435
23.411725580198251 -1813926743541.2273 1813918900907.9673
23.41172837980853 -1822077001596.6836 1822069141364.0422
23.411731179418812 -1830273086677.3271 1830265208785.9966
23.411733979029091 -1838515308341.1218 1838507412731.5276
23.411736778639369 -1846803978588.3271 1846796065200.6265
23.411739578249652 -1855139411883.5442 1855131480657.6243
23.41174237785993 -1863521925177.9863 1863513976053.4634
23.411745177470209 -1871951837931.9753 1871943870848.1924
23.411747977080488 -1880429472137.6677 1880421487033.6936
23.41175077669077 -1888955152342.0149 1888947149156.6426
23.411753576301049 -1897529205669.9543 1897521184341.6987
23.411756375911327 -1906151961847.8428 1906143922314.9404
23.41175917552161 -1914823753227.1235 1914815695427.53
23.411761975131888 -1923544914808.2368 1923536838679.6252
23.411764774742167 -1932315784264.78 1932307689744.5398
23.411767574352449 -1941136701967.9136 1941128588993.1489
23.411770373962728 -1950008011011.0151 1949999879518.5427
23.411773173573007 -1958930057234.5901 1958921907160.938
23.411775973183289 -1967903189251.4412 1967895020532.8469
23.411778772793568 -1976927758472.0947 1976919571044.5042
23.411781572403846 -1986004119130.4893 1985995912929.5542
23.411784372014125 -1995132628309.9265 1995124403271.0032
23.411787171624407 -2004313645969.3027 2004305402027.4504
23.411789971234686 -2013547534969.6045 2013539272059.5837
23.411792770844965 -2022834661100.6748 2022826379156.9453
23.411795570455247 -2032175393108.2637 2032167092064.9832
23.411798370065526 -2041570102721.3586 2041561782512.3809
23.411801169675805 -2051019164679.7957 2051010825238.6682
23.411803969286087 -2060522956762.1643 2060514598022.1272
23.411806768896366 -2070081859814.0078 2070073481707.9919
23.411809568506644 -2079696257776.3064 2079687860236.9316
23.411812368116927 -2089366537714.2649 2089358120673.8379
23.411815167727205 -2099093089846.3987 2099084653236.9116
23.411817967337484 -2108876307573.9275 2108867851327.0557
23.411820766947763 -2118716587510.4763 2118708111557.5767
23.411823566558045 -2128614329512.0938 2128605833784.2029
23.411826366168324 -2138569936707.5806 2138561421135.4128
23.411829165778602 -2148583815529.1384 2148575280043.0845
23.411831965388885 -2158656375743.3423 2158647820273.4663
23.411834764999163 -2168788030482.4421 2168779454958.481
23.411837564609442 -2178979196275.9937 2178970600627.354
23.411840364219724 -2189230293082.8196 2189221677238.5767
23.411843163830003 -2199541744323.3149 2199533108212.2104
23.411845963440282 -2209913976912.0952 2209905320462.5347
23.411848763050564 -2220347421290.9922 2220338744431.0435
23.411851562660843 -2230842511462.4023 2230833814119.7944
23.411854362271121 -2241399685022.9795 2241390967125.0996
23.4118571618814 -2252019383197.6899 2252010644671.5815
23.411859961491682 -2262702050874.2363 2262693291646.5972
23.411862761101961 -2273448136637.853 2273439356635.0327
23.41186556071224 -2284258092806.4683 2284249291954.4668
23.411868360322522 -2295132375466.2524 2295123553690.7183
23.411871159932801 -2306071444507.5293 2306062601733.7568
23.41187395954308 -2317075763661.0801 2317066899814.0073
23.411876759153362 -2328145800534.8447 2328136915539.0522
23.411879558763641 -2339282026651.0098 2339273120430.7173
23.411882358373919 -2350484917483.4951 2350475989962.5601
23.411885157984202 -2361754952495.8535 2361746003597.7681
23.41188795759448 -2373092615179.5796 2373083644827.4697
23.411890757204759 -2384498393092.8271 2384489401209.4497
23.411893556815038 -2395972777899.5439 2395963764407.2847
23.41189635642532 -2407516265409.0332 2407507230229.9043
23.411899156035599 -2419129355615.9438 2419120298671.5811
23.411901955645877 -2430812552740.7026 2430803473952.3647
23.41190475525616 -2442566365270.3809 2442557264558.9453
23.411907554866438 -2454391306000.0054 2454382183285.9678
23.411910354476717 -2466287892074.3232 2466278747277.7944
23.411913154086999 -2478256645030.0073 2478247478070.7104
23.411915953697278 -2490298090838.3394 2490288901635.6084
23.411918753307557 -2502412759948.3613 2502403548421.1377
23.411921552917839 -2514601187330.4937 2514591953397.3252
23.411924352528118 -2526863912520.6328 2526854656099.6699
23.411927152138396 -2539201479664.7368 2539192200673.7314
23.411929951748675 -2551614437563.8916 2551605135920.1934
23.411932751358957 -2564103339719.8838 2564094015340.4385
23.411935550969236 -2576668744381.2832 2576659397182.6304
23.411938350579515 -2589311214590.0112 2589301844488.2812
23.411941150189797 -2602031318228.4331 2602021925139.3452
23.411943949800076 -2614829628066.9761 2614820211905.8354
23.411946749410355 -2627706721812.2715 2627697282493.9663
23.411949549020637 -2640663182155.8306 2640653719594.8301
23.411952348630916 -2653699596823.2749 2653690110933.626
23.411955148241194 -2666816558624.1016 2666807049319.4272
23.411957947851477 -2680014665502.0054 2680005132695.502
23.411960747461755 -2693294520585.7554 2693284964190.1899
23.411963547072034 -2706656732240.6367 2706647152168.3433
23.411966346682313 -2720101914120.4741 2720092310283.3521
23.411969146292595 -2733630685220.2495 2733621057529.7607
23.411971945902874 -2747243669929.2915 2747234018296.457
23.411974745513152 -2760941498085.0737 2760931822420.4717
23.411977545123435 -2774724805027.6152 2774715105241.3784
23.411980344733713 -2788594231654.481 2788584507656.2935
23.411983144343992 -2802550424476.3999 2802540676175.4937
23.411985943954274 -2816594035673.5327 2816584262978.686
23.411988743564553 -2830725723152.3623 2830715925971.896
23.411991543174832 -2844946150603.2256 2844936328845.0005
23.411994342785114 -2859255987558.5 2859246141129.9141
23.411997142395393 -2873655909451.4502 2873646038259.436
23.411999942005671 -2888146597675.7368 2888136701626.7578
23.41200274161595 -2902728739645.604 2902718818645.6519
23.412005541226232 -2917403028856.7573 2917393082811.3496
23.412008340836511 -2932170164947.9165 2932160193762.0928
23.41201114044679 -2947030853763.0869 2947020857341.4062
23.412013940057072 -2961985807414.5439 2961975785661.0815
23.412016739667351 -2977035744346.5254 2977025697164.8696
23.41201953927763 -2992181389399.6592 2992171316692.9087
23.412022338887912 -3007423473876.1396 3007413375546.9004
23.412025138498191 -3022762735605.6294 3022752611556.0107
23.412027938108469 -3038199919011.9307 3038189769143.5425
23.412030737718752 -3053735775180.4321 3053725599394.3828
23.41203353732903 -3069371061926.313 3069360860123.2041
23.412036336939309 -3085106543863.5532 3085096315943.478
23.412039136549588 -3100942992474.7388 3100932738337.2778
23.41204193615987 -3116881186181.6636 3116870905725.8828
23.412044735770149 -3132921910416.749 3132911603541.1953
23.412047535380427 -3149065957695.2886 3149055624297.9858
23.41205033499071 -3165314127688.5571 3165303767667.0049
23.412053134600988 -3181667227297.7437 3181656840548.9121
23.412055934211267 -3198126070728.7388 3198115657149.0654
23.412058733821549 -3214691479567.8276 3214681039053.2148
23.412061533431828 -3231364282858.2393 3231353815304.0498
23.412064333042107 -3248145317177.604 3248134822478.6587
23.412067132652389 -3265035426716.29 3265024904766.8623
23.412069932262668 -3282035463356.6855 3282024914050.5
23.412072731872946 -3299146286753.4219 3299135709983.6494
23.412075531483225 -3316368764414.4941 3316358160073.749
23.412078331093507 -3333703771783.376 3333693139763.7114
23.412081130703786 -3351152192322.0771 3351141532514.9824
23.412083930314065 -3368714917595.2012 3368704229891.5972
23.412086729924347 -3386392847354.9863 3386382131645.2227
23.412089529534626 -3404186889627.3496 3404176145801.2007
23.412092329144905 -3422097960798.9414 3422087188745.6021
23.412095128755187 -3440126985705.2422 3440116185313.3242
23.412097928365466 -3458274897719.7129 3458264068877.2412
23.412100727975744 -3476542638843.9971 3476531781438.4062
23.412103527586027 -3494931159799.1895 3494920273717.3193
23.412106327196305 -3513441420118.189 3513430505246.2808
23.412109126806584 -3532074388239.1787 3532063444462.8711
23.412111926416863 -3550831041600.1973 3550820068804.5229
23.412114726027145 -3569712366734.8433 3569701364804.2236
23.412117525637424 -3588719359369.1401 3588708328187.3823
23.412120325247702 -3607853024519.5728 3607841963969.8652
23.412123124857985 -3627114376592.272 3627103286557.1802
23.412125924468263 -3646504439483.4141 3646493319844.8765
23.412128724078542 -3666024246680.8223 3666013097320.147
23.412131523688824 -3685674841366.7847 3685663662164.6436
23.412134323299103 -3705457276522.1172 3705446067358.543
23.412137122909382 -3725372615031.4961 3725361375785.8774
23.412139922519664 -3745421929790.0625 3745410660341.1396
23.412142722129943 -3765606303811.3164 3765595004037.1772
23.412145521740221 -3785926830336.3188 3785915500114.394
23.4121483213505 -3806384612944.2314 3806373252151.2905
23.412151120960782 -3826980765664.1841 3826969374176.3306
23.412153920571061 -3847716413088.5171 3847704990781.1841
23.41215672018134 -3868592690487.4121 3868581237235.3584
23.412159519791622 -3889610743924.9004 3889599259602.2046
23.412162319401901 -3910771730376.3052 3910760214856.3613
23.41216511901218 -3932076817847.1509 3932065271002.6646
23.412167918622462 -3953527185493.522 3953515607196.5059
23.412170718232741 -3975124023743.854 3975112413865.6221
23.412173517843019 -3996868534422.2544 3996856892833.418
23.412176317453302 -4018761930873.3604 4018750257443.8223
23.41217911706358 -4040805438088.728 4040793732687.6792
23.412181916673859 -4063000292834.7627 4062988555330.6763
23.412184716284138 -4085347743782.2524 4085335974042.8789
23.41218751589442 -4107849051637.5122 4107837249529.875
23.412190315504699 -4130505489275.1426 4130493654665.5327
23.412193115114977 -4153318341872.4204 4153306474626.3911
23.41219591472526 -4176288907045.4062 4176277007027.7686
23.412198714335538 -4199418494986.7188 4199406562061.5361
23.412201513945817 -4222708428605.0156 4222696462635.5981
23.412204313556099 -4246160043666.2495 4246148044515.1494
23.412207113166378 -4269774688936.6948 4269762656465.7012
23.412209912776657 -4293553726327.7349 4293541660397.8677
23.412212712386939 -4317498531042.4663 4317486431513.9722
23.412215511997218 -4341610491724.1768 4341598358456.522
23.412218311607496 -4365891010606.6685 4365878843458.5356
23.412221111217775 -4390341503666.4756 4390329302495.7563
23.412223910828057 -4414963400777.0146 4414951165440.8047
23.412226710438336 -4439758145864.6758 4439745876219.2695
23.412229510048615 -4464727197066.875 4464714892967.7598
23.412232309658897 -4489872026892.1602 4489859688194.0107
23.412235109269176 -4515194122382.2891 4515181748938.9619
23.412237908879455 -4540694985276.3574 4540682576940.8838
23.412240708489737 -4566376132177.1123 4566363688801.6943
23.412243508100016 -4592239094719.2842 4592226616155.2881
23.412246307710294 -4618285419740.1152 4618272905838.0654
23.412249107320573 -4644516669452.0381 4644504120061.6104
23.412251906930855 -4670934421617.5889 4670921836587.6055
23.412254706541134 -4697540269726.5791 4697527648905.0029
23.412257506151413 -4724335823175.4873 4724323166409.415
23.412260305761695 -4751322707449.2168 4751310014584.873
23.412263105371974 -4778502564305.1338 4778489835187.8643
23.412265904982252 -4805877051959.5156 4805864286433.7822
23.412268704592535 -4833447845276.3984 4833435043185.7715
23.412271504202813 -4861216635958.8379 4861203797145.9902
23.412274303813092 -4889185132742.6963 4889172257049.3965
23.412277103423374 -4917355061592.9443 4917342148860.0508
23.412279903033653 -4945728165902.4609 4945715215969.915
23.412282702643932 -4974306206693.4512 4974293219400.2705
23.41228550225421 -5003090962821.5049 5003077938005.7783
23.412288301864493 -5032084231182.2334 5032071168681.1113
23.412291101474771 -5061287826920.6553 5061274726570.3447
23.41229390108505 -5090703583643.3818 5090690445279.1406
23.412296700695332 -5120333353633.4609 5120320177089.5879
23.412299500305611 -5150179008068.1094 5150165793177.9395
23.41230229991589 -5180242437239.3154 5180229183835.2119
23.412305099526172 -5210525550777.3115 5210512258690.6592
23.412307899136451 -5241030277877.0244 5241016946938.2217
23.41231069874673 -5271758567527.4824 5271745197565.9355
23.412313498357012 -5302712388744.29 5302698979588.4053
23.412316297967291 -5333893730805.126 5333880282282.3008
23.412319097577569 -5365304603488.3711 5365291115424.9893
23.412321897187848 -5396947037314.9414 5396933509536.3643
23.41232469679813 -5428823083793.2998 5428809516123.8584
23.412327496408409 -5460934815667.7363 5460921207930.7236
23.412330296018688 -5493284327169.9854 5493270679187.6504
23.41233309562897 -5525873734274.1367 5525860045867.6748
23.412335895239249 -5558705174954.9932 5558691445944.5381
23.412338694849527 -5591780809449.9424 5591767039654.5605
23.41234149445981 -5625102820524.2744 5625089009761.9551
23.412344294070088 -5658673413740.0215 5658659561827.6689
23.412347093680367 -5692494817728.5205 5692480924481.9473
23.412349893290649 -5726569284466.5781 5726555349700.4951
23.412352692900928 -5760899089556.3555 5760885113084.3643
23.412355492511207 -5795486532509.0703 5795472514143.6553
23.412358292121485 -5830333937032.5391 5830319876585.0596
23.412361091731768 -5865443651322.5713 5865429548603.251
23.412363891342046 -5900818048358.3301 5900803903176.251
23.412366690952325 -5936459526201.7549 5936445338364.8467
23.412369490562607 -5972370508301.0078 5972356277616.041
23.412372290172886 -6008553443798.0576 6008539170070.6338
23.412375089783165 -6045010807840.4893 6044996490875.0303
23.412377889393447 -6081745101897.5713 6081730741497.3145
23.412380689003726 -6118758854080.6855 6118744450047.6719
23.412383488614005 -6156054619468.04 6156040171603.1064
23.412386288224287 -6193634980433.9004 6193620488536.6689
23.412389087834566 -6231502546982.4053 6231488010851.2754
23.412391887444844 -6269659957085.9219 6269645376518.0596
23.412394687055123 -6308109877028.1074 6308095251819.4365
23.412397486665405 -6346855001751.7178 6346840331696.9121
23.412400286275684 -6385898055211.1436 6385883340103.6143
23.412403085885963 -6425241790729.915 6425227030361.8027
23.412405885496245 -6464888991363.1768 6464874185525.3418
23.412408685106524 -6504842470265.1436 6504827618747.1562
23.412411484716802 -6545105071061.6943 6545090173651.8232
23.412414284327085 -6585679668228.2021 6585664724713.4062
23.412417083937363 -6626569167472.6328 6626554177638.5498
23.412419883547642 -6667776506123.9404 6667761469754.8779
23.412422683157924 -6709304653525.9258 6709289570404.8486
23.412425482768203 -6751156611436.7373 6751141481345.2607
23.412428282378482 -6793335414433.8164 6793320237152.1924
23.41243108198876 -6835844130324.6035 6835828905631.71
23.412433881599043 -6878685860563.127 6878670588236.459
23.412436681209321 -6921863740672.4268 6921848420488.085
23.4124394808196 -6965380940672.8916 6965365572405.5723
23.412442280429882 -7009240665516.6826 7009225248939.6641
23.412445080040161 -7053446155528.3242 7053430690413.457
23.41244787965044 -7098000686851.6582 7097985172969.3555
23.412450679260722 -7142907571903.0557 7142892009022.2793
23.412453478871001 -7188170159831.083 7188154547719.333
23.41245627848128 -7233791836982.7568 7233776175406.0605
23.412459078091562 -7279776027376.5078 7279760316099.4072
23.412461877701841 -7326126193181.8662 7326110431967.4072
23.412464677312119 -7372845835206.0352 7372830023815.7539
23.412467476922398 -7419938493387.4658 7419922631581.3789
23.41247027653268 -7467407747296.5996 7467391834833.1895
23.412473076142959 -7515257216643.7354 7515241253279.9395
23.412475875753238 -7563490561794.3154 7563474547285.5146
23.41247867536352 -7612111484291.5654 7612095418391.5703
23.412481474973799 -7661123727386.7461 7661107609847.7852
23.412484274584077 -7710531076577.1045 7710514907149.8086
23.41248707419436 -7760337360151.7217 7760321138585.1152
23.412489873804638 -7810546449745.2764 7810530175786.7627
23.412492673414917 -7861162260899.7354 7861145934295.084
23.412495473025199 -7912188753634.3271 7912172374127.6592
23.412498272635478 -7963629933023.8975 7963613500357.6729
23.412501072245757 -8015489849785.8125 8015473363700.8174
23.412503871856035 -8067772600875.3145 8067756061110.6465
23.412506671466318 -8120482330089.7197 8120465736382.7754
23.412509471076596 -8173623228681.5068 8173606580767.9668
23.412512270686875 -8227199535980.3887 8227182833594.2041
23.412515070297157 -8281215540024.5869 8281198782897.9648
23.412517869907436 -8335675578201.5078 8335658766064.8955
23.412520669517715 -8390584037897.9531 8390567170480.0273
23.412523469127997 -8445945357159.8604 8445928434187.5098
23.412526268738276 -8501764025361.8779 8501747046560.1885
23.412529068348555 -8558044583887.043 8558027548979.2852
23.412531867958837 -8614791626816.4307 8614774535524.042
23.412534667569115 -8672009801629.1602 8671992653671.7324
23.412537467179394 -8729703809912.874 8729686605008.1348
23.412540266789673 -8787878408084.9209 8787861145948.7207
23.412543066399955 -8846538408124.3945 8846521088470.6914
23.412545866010234 -8905688678315.0254 8905671300855.8652
23.412548665620513 -8965334143999.5156 8965316708445.0195
23.412551465230795 -9025479788345.0801 9025462294403.4297
23.412554264841074 -9086130653120.6504 9086113100498.0684
23.412557064451352 -9147291839485.6562 9147274227886.3926
23.412559864061635 -9208968508790.9258 9208950837917.2363
23.412562663671913 -9271165883391.8398 9271148152943.9766
23.412565463282192 -9333889247473.8301 9333871457150.0176
23.412568262892474 -9397143947890.2148 9397126097386.6387
23.412571062502753 -9460935395013.1797 9460917484023.9648
23.412573862113032 -9525269063597.5273 9525251091814.7227
23.41257666172331 -9590150493657.8926 9590132460771.4531
23.412579461333593 -9655585291359.1406 9655567197056.9082
23.412582260943871 -9721579129920.707 9721560973888.3965
23.41258506055415 -9788137750534.7715 9788119532455.9473
23.412587860164432 -9855266963298.4512 9855248682854.5117
23.412590659774711 -9922972648160.6836 9922954305030.8418
23.41259345938499 -9991260755883.6953 9991242349744.9609
23.412596258995272 -10060137309019.318 10060118839546.479
23.412599058605551 -10129608402900.412 10129589869766.012
23.41260185821583 -10199680206647.783 10199661609522.105
23.412604657826112 -10270358964192.822 10270340302743.871
23.41260745743639 -10341650995316.107 10341632269209.586
23.412610257046669 -10413562696702.178 10413543905601.465
23.412613056656948 -10486100543011.172 10486081686577.311
23.41261585626723 -10559271087966.818 10559252165858.488
23.412618655877509 -10633080965461.703 10633061977335.203
23.412621455487788 -10707536890680.045 10707517836189.271
23.41262425509807 -10782645661238.162 10782626540034.586
23.412627054708349 -10858414158343.043 10858394970075.691
23.412629854318627 -10934849347969.135 10934830092284.568
23.41263265392891 -11011958282053.861 11011938958596.154
23.412635453539188 -11089748099712.061 11089728708122.775
23.412638253149467 -11168226028469.77 11168206568387.938
23.412641052759749 -11247399385517.975 11247379856580.072
23.412643852370028 -11327275578986.045 11327255980825.973
23.412646651980307 -11407862109235.535 11407842441484.592
23.412649451590585 -11489166570175.008 11489146832461.871
23.412652251200868 -11571196650595.797 11571176842546.498
23.412655050811146 -11653960135529.24 11653940256767.139
23.412657850421425 -11737464907625.844 11737444957771.605
23.412660650031707 -11821718948556.932 11821698927228.504
23.412663449641986 -11906730340438.82 11906710247251.408
23.412666249252265 -11992507267279.932 11992487101845.975
23.412669048862547 -12079058016451.533 12079037778380.678
23.412671848472826 -12166390980182.26 12166370669081.336
23.412674648083105 -12254514657077.137 12254494272550.131
23.412677447693387 -12343437653661.504 12343417195309.535
23.412680247303665 -12433168685949.93 12433148153371.221
23.412683046913944 -12523716581041.094 12523695973830.947
23.412685846524223 -12615090278738.717 12615069596489.488
23.412688646134505 -12707298833199.314 12707278075500.385
23.412691445744784 -12800351414606.836 12800330581044.586
23.412694245355063 -12894257310875.01 12894236401032.791
23.412697044965345 -12989025929377.781 12989004942835.887
23.412699844575624 -13084666798708.729 13084645735044.369
23.412702644185902 -13181189570469.551 13181168429256.822
23.412705443796185 -13278604021087.957 13278582801897.816
23.412708243406463 -13376920053666.203 13376898756066.436
23.412711043016742 -13476147699860.311 13476126323415.498
23.412713842627024 -13576297121790.984 13576275666062.482
23.412716642237303 -13677378613986.174 13677357078532.076
23.412719441847582 -13779402605356.467 13779380989731.576
23.41272224145786 -13882379661203.701 13882357964959.502
23.412725041068143 -13986320485263.275 13986298707947.898
23.412727840678421 -14091235921781.082 14091214062939.275
23.4127306402887 -14197136957625.463 14197115016798.561
23.412733439898982 -14304034724434.877 14304012701160.764
23.412736239509261 -14411940500802.131 14411918394615.215
23.41273903911954 -14520865714495.635 14520843524926.809
23.412741838729822 -14630821944718.777 14630799671295.391
23.412744638340101 -14741820924407.744 14741798566653.566
23.412747437950379 -14853874542568.344 14853852100003.531
23.412750237560662 -14966994846653.197 14966972318794.26
23.41275303717094 -15081194044979.707 15081171431339.471
23.412755836781219 -15196484509189.639 15196461809277.213
23.412758636391498 -15312878776750.949 15312855990071.691
23.41276143600178 -15430389553502.811 15430366679558.291
23.412764235612059 -15549029716244.785 15549006754532.746
23.412767035222338 -15668812315370.748 15668789265385.074
23.41276983483262 -15789750577548.609 15789727438779.283
23.412772634442899 -15911857908446.398 15911834680379.465
23.412775434053177 -16035147895506.787 16035124577624.318
23.41277823366346 -16159634310769.195 16159610902549.25
23.412781033273738 -16285331113741.463 16285307614658.049
23.412783832884017 -16412252454321.855 16412228863844.887
23.412786632494296 -16540412675772.648 16540388993367.912
23.412789432104578 -16669826317745.746 16669802542874.852
23.412792231714857 -16800508119362.016 16800484251482.365
23.412795031325135 -16932473022344.943 16932449060909.682
23.412797830935418 -17065736174209.404 17065712118667.385
23.412800630545696 -17200312931507.434 17200288781303.168
23.412803430155975 -17336218863131.533 17336194617705.154
23.412806229766257 -17473469753677.037 17473445412464.254
23.412809029376536 -17612081606864.207 17612057169296.262
23.412811828986815 -17752070649021.625 17752046114525.246
23.412814628597097 -17893453332632.207 17893428700629.566
23.412817428207376 -18036246339942.586 18036221609851.258
23.412820227817654 -18180466586637.18 18180441757870.086
23.412823027427933 -18326131225579.164 18326106297544.531
23.412825827038215 -18473257650618.98 18473232622720.297
23.412828626648494 -18621863500471.305 18621838372107.27
23.412831426258773 -18771966662662.543 18771941433227.02
23.412834225869055 -18923585277549.367 18923559946431.328
23.412837025479334 -19076737742412.082 19076712308995.57
23.412839825089613 -19231442715621.426 19231417179285.496
23.412842624699895 -19387719120881.328 19387693481000
23.412845424310174 -19545586151550.672 19545560407492.879
23.412848223920452 -19705063275043.215 19705037426172.75
23.412851023530735 -19866170237309.012 19866144282984.477
23.412853823141013 -20028927067398.379 20028901006973.133
23.412856622751292 -20193354082110.223 20193327914932.332
23.412859422361571 -20359471890725.719 20359445616137.891
23.412862221971853 -20527301399830.48 20527275017170.016
23.412865021582132 -20696863818226.273 20696837326825.012
23.41286782119241 -20868180661934.277 20868154061118.539
23.412870620802693 -21041273759292.02 21041247048382.547
23.412873420412971 -21216165256144.758 21216138434456.664
23.41287622002325 -21392877621134.438 21392850687977.141
23.412879019633532 -21571433651087.707 21571406605764.871
23.412881819243811 -21751856476506.273 21751829318315.75
23.41288461885409 -21934169567160.492 21934142295394.262
23.412887418464372 -22118396737788.645 22118369351732.75
23.412890218074651 -22304562153903.629 22304534652838.121
23.412893017684929 -22492690337710.348 22492662720909.219
23.412895817295208 -22682806174134.902 22682778440866.016
23.41289861690549 -22874934916969.398 22874907066494.43
23.412901416515769 -23069102195134.332 23069074226708.707
23.412904216126048 -23265334019060.602 23265305931933.422
23.41290701573633 -23463656787193.211 23463628580607.195
23.412909815346609 -23664097292620.824 23664068965812.234
23.412912614956888 -23866682729832.488 23866654282031.059
23.41291541456717 -24071440701604.953 24071412132033.828
23.412918214177449 -24278399226023.93 24278370533899.59
23.412921013787727 -24487586743639.727 24487557928171.91
23.41292381339801 -24699032124763.559 24699003185155.199
23.412926613008288 -24912764676905.547 24912735612352.691
23.412929412618567 -25128814152357.723 25128784962049.465
23.412932212228846 -25347210755925.73 25347181439044.129
23.412935011839128 -25567985152811.125 25567955708531.133
23.412937811449407 -25791168476648.434 25791138904137.816
23.412940611059685 -26016792337701.375 26016762636120.633
23.412943410669968 -26244888831220.047 26244858999722.336
23.412946210280246 -26475490545963.82 26475460583694.875
23.412949009890525 -26708630572892.836 26708600478990.879
23.412951809500807 -26944342514032.531 26944312287628.199
23.412954609111086 -27182660491513.602 27182630131729.859
23.412957408721365 -27423619156793.504 27423588662745.562
23.412960208331647 -27667253700060.719 27667223070855.941
23.412963007941926 -27913599859828.418 27913569094566.234
23.412965807552204 -28162693932721.152 28162663030492.98
23.412968607162483 -28414572783458.039 28414541743347.188
23.412971406772765 -28669273855036.68 28669242676118.254
23.412974206383044 -28926835179123.605 28926803860464.422
23.412977005993323 -29187295386656.652 29187263927315.148
23.412979805603605 -29450693718659.176 29450662117685.309
23.412982605213884 -29717070037275.973 29717038293711.125
23.412985404824163 -29986464837035.07 29986432949911.953
23.412988204434445 -30258919256340.129 30258887224682.684
23.412991004044724 -30534475089197.23 30534442912020.535
23.412993803655002 -30813174797181.918 30813142473492.074
23.412996603265285 -31095061521653.688 31095029050447.734
23.412999402875563 -31380179096222.055 31380146476487.848
23.413002202485842 -31668572059470.328 31668539290186.445
23.413005002096121 -31960285667943.77 31960252748079.402
23.413007801706403 -32255365909406.422 32255332837921.266
23.413010601316682 -32553859516375.172 32553826292219.316
23.41301340092696 -32855813979934.766 32855780602048.586
23.413016200537243 -33161277563843.113 33161244031157.156
23.413019000147521 -33470299318931.512 33470265630366.379
23.4130217997578 -33782929097808.852 33782895252275.09
23.413024599368082 -34099217569873.938 34099183566271.91
23.413027398978361 -34419216236645.738 34419182073865.523
23.41303019858864 -34742977447418.133 34742943124339.387
23.413032998198922 -35070554415245.117 35070519930736.953
23.413035797809201 -35402001233269.164 35401966586190.039
23.413038597419479 -35737372891396.391 35737338080593.977
23.413041397029758 -36076725293323.836 36076690317634.883
23.41304419664004 -36420115273936.07 36420080132186.281
23.413046996250319 -36767600617075.234 36767565308079.141
23.413049795860598 -37119240073691.242 37119204596252.055
23.41305259547088 -37475093380386.508 37475057733296
23.413055395081159 -37835221278358.961 37835185460397.32
23.413058194691438 -38199685532754.984 38199649542690.672
23.41306099430172 -38568548952445.719 38568512789035.336
23.413063793911999 -38941875410232.445 38941839072220.594
23.413066593522277 -39319729863493.141 39319693349612.266
23.41306939313256 -39702178375278.07 39702141684248.312
23.413072192742838 -40089288135873.57 40089251266402.625
23.413074992353117 -40481127484838.586 40481090435621.555
23.413077791963396 -40877765933522.805 40877728703242.023
23.413080591573678 -41279274188087.82 41279236775412.719
23.413083391183957 -41685724173036.328 41685686576623.266
23.413086190794235 -42097189055263.477 42097151273755.586
23.413088990404518 -42513743268642.375 42513705300669.398
23.413091790014796 -42935462539161.266 42935424383339.375
23.413094589625075 -43362423910620.898 43362385565552.547
23.413097389235357 -43794705770909.852 43794667235183.594
23.413100188845636 -44232387878869.562 44232349151059.883
23.413102988455915 -44675551391764.414 44675512470431.555
23.413105788066197 -45124278893372.039 45124239777061.812
23.413108587676476 -45578654422713.406 45578615109957.016
23.413111387286754 -46038763503432.547 46038723992746.406
23.413114186897033 -46504693173849.211 46504653463734.758
23.413116986507315 -46976532017693.922 46976492106637.43
23.413119786117594 -47454370195545.586 47454330082017.969
23.413122585727873 -47938299476992.898 47938259159449.516
23.413125385338155 -48428413273533.828 48428372750414.289
23.413128184948434 -48924806672235.477 48924765941963.438
23.413130984558713 -49427576470170.625 49427535531153.586
23.413133784168995 -49936821209653.188 49936780060282.281
23.413136583779274 -50452641214292.281 50452599852942.062
23.413139383389552 -50975138625888.43 50975097050916.672
23.413142182999835 -51504417442189.531 51504375651936.992
23.413144982610113 -52040583555530.609 52040541548320.82
23.413147782220392 -52583744792382.539 52583702566521.578
23.413150581830671 -53134010953833.141 53133968507609.406
23.413153381440953 -53691493857023.367 53691451188707.344
23.413156181051232 -54256307377561.141 54256264485405.172
23.41315898066151 -54828567492943.484 54828524375181.523
23.413161780271793 -55408392327014.359 55408348981861.742
23.413164579882071 -55995902195479.617 55995858621132.797
23.41316737949235 -56591219652509.195 56591175847145.5
23.413170179102632 -57194469538464.688 57194425500242.078
23.413172978712911 -57805779028766.758 57805734755823.555
23.41317577832319 -58425277683943.523 58425233174398.141
23.413178577933472 -59053097500892.977 59053052752843.672
23.413181377543751 -59689372965383.992 59689327976908.586
23.413184177154029 -60334241105830.562 60334195874986.156
23.413186976764308 -60987841548385.367 60987796073208.086
23.41318977637459 -61650316573370.961 61650270851875.641
23.413192575984869 -62321811173100.555 62321765203280.477
23.413195375595148 -63002473111115.859 63002426890942.453
23.41319817520543 -63692452982882.734 63692406510305.258
23.413200974815709 -64391904277991.039 64391857550936.305
23.413203774425988 -65100983443895.703 65100936460267.75
23.41320657403627 -65819849951237.578 65819802708917.367
23.413209373646549 -66548666360796 66548618857641.086
23.413212173256827 -67287598392111.016 67287550625955.242
23.41321497286711 -68036814993824.969 68036766962478.117
23.413217772477388 -68796488415790.453 68796440117037.922
23.413220572087667 -69566794282999.078 69566745714601.539
23.413223371697946 -70347911671373.242 70347862831066.297
23.413226171308228 -71140023185479.984 71139974070973.797
23.413228970918507 -71943315038219.797 71943265647198.766
23.413231770528785 -72757977132537.938 72757927462660.297
23.413234570139068 -73584203145238.312 73584153194135.781
23.413237369749346 -74422190612941.031 74422140378218.438
23.413240169359625 -75272141020240.562 75272090499475.453
23.413242968969907 -76134259890143 76134209080885.266
23.413245768580186 -77008756876837.766 77008705776609.219
23.413248568190465 -77895845860873.531 77895794467167.531
23.413251367800747 -78795745046806.641 78795693357087.688
23.413254167411026 -79708677063390.438 79708625075093.719
23.413256967021304 -80634869066385.391 80634816776916.391
23.413259766631583 -81574552844083.344 81574500250817.375
23.413262566241865 -82527964925593.078 82527912025874.891
23.413265365852144 -83495346691976.344 83495293483119.641
23.413268165462423 -84476944490328.672 84476890969615.672
23.413270965072705 -85473009750893.594 85472955915574.562
23.413273764682984 -86483799107285.391 86483744954578.156
23.413276564293263 -87509574519922.609 87509520047012.109
23.413279363903545 -88550603402763.188 88550548606800.984
23.413282163513824 -89607158753445.531 89607103631549.297
23.413284963124102 -90679519286916.781 90679463836169.781
23.413287762734385 -91767969572696.672 91767913790147.281
23.413290562344663 -92872800175849.375 92872744058510.531
23.413293361954942 -93994307801773.75 93994251346622.422
23.413296161565221 -95132795444956.406 95132738648933.078
23.413298961175503 -96288572541785.109 96288515401793.188
23.413301760785782 -97461955127544.297 97461897640449.578
23.41330456039606 -98653265997732.953 98653208160363.047
23.413307360006343 -99862834873837.219 99862776682980.938
23.413310159616621 -101090998573690.06 101090940026096.86
23.4133129592269 -102338101186556.44 102338042278935.78
23.413315758837182 -103604494253094.83 103604434982115.59
23.413318558447461 -104890536950345.5 104890477312635.36
23.41332135805774 -106196596281885.36 106196536274030.11
23.413324157668018 -107523047273346.25 107522986891889.17
23.413326957278301 -108870273173449.86 108870212414891.06
23.413329756888579 -110238665660709.44 110238604521505.16
23.413332556498858 -111628625056018.34 111628563532580.3
23.41333535610914 -113040560541273 113040498629967.66
23.413338155719419 -114474890384230.31 114474828081378.17
23.413340955329698 -115932042169816.95 115931979471691.84
23.41334375493998 -117412453038076.06 117412389940904.38
23.413346554550259 -118916569928971.61 118916506428931.53
23.413349354160538 -120444849834298.75 120444785927519.53
23.41335215377082 -121997760056868.23 121997695739429.38
23.413354953381099 -123575778477233.73 123575713745164.19
23.413357752991377 -125179393828222.22 125179328677499.55
23.413360552601656 -126809105977519.16 126809040404068.75
23.413363352211938 -128465426218542.89 128465360218237.09
23.413366151822217 -130148877569875.39 130148811138532.62
23.413368951432496 -131859995083570.98 131859928216954.86
23.413371751042778 -133599326162634.56 133599258856453.02
23.413374550653057 -135367430887924.31 135367363137828.66
23.413377350263335 -137164882354808.47 137164814156392.45
23.413380149873618 -138992267019958.5 138992198368757.38
23.413382949483896 -140850185058542.28 140850115950031.81
23.413385749094175 -142739250732205.81 142739181161801.28
23.413388548704457 -144660092768187.19 144660022731242.41
23.413391348314736 -146613354749950.25 146613284241756.5
23.413394147925015 -148599695519725.38 148599624535510.38
23.413396947535293 -150619789593353.62 150619718128280.41
23.413399747145576 -152674327587880.03 152674255637045.88
23.413402546755854 -154764016662337.88 154763944220773.19
23.413405346366133 -156889580972114.12 156889508034781.28
23.413408145976415 -159051762137421.09 159051688699213.31
23.413410945586694 -161251319726327.66 161251245782067.72
23.413413745196973 -163489031752913.38 163488957297352.53
23.413416544807255 -165765695190993.22 165765620218809.84
23.413419344417534 -168082126503974.53 168082051009772.88
23.413422144027813 -170439162191485.94 170439086169794.91
23.413424943638095 -172837659353275.38 172837582798547.09
23.413427743248374 -175278496271036.47 175278419177645.03
23.413430542858652 -177762573008803.38 177762495371043.41
23.413433342468931 -180290812032535.56 180290733844620.84
23.413436142079213 -182864158849606.56 182864080105668.56
23.413438941689492 -185483582668875.91 185483503362962.34
23.413441741299771 -188150077082194.22 188149997208267.53
23.413444540910053 -190864660767957.69 190864580319893.53
23.413447340520332 -193628378217581.34 193628297189167
23.41345014013061 -196442300485788.66 196442218870721.44
23.413452939740893 -199307525965473.97 199307443757359.62
23.413455739351171 -202225181188098.47 202225098380449.47
23.41345853896145 -205196421650509.28 205196338236743.12
23.413461338571732 -208222432669255.91 208222348642693.34
23.413464138182011 -211304430263349.12 211304345617212.47
23.41346693779229 -214443662066481.91 214443576793893.09
23.413469737402568 -217641408269878.47 217641322363857.28
23.413472537012851 -220898982596930.16 220898896050392.28
23.413475336623129 -224217733310693.16 224217646116448.22
23.413478136233408 -227599044255682.44 227598956406432.06
23.41348093584369 -231044335935087.88 231044247423423.62
23.413483735453969 -234555066624761.81 234554977443163.09
23.413486535064248 -238132733525541.53 238132643666373.47
23.41348933467453 -241778873955211.34 241778783410722.62
23.413492134284809 -245495066581668.5 245494975343989.09
23.413494933895088 -249282932698985.22 249282840760124.19
23.41349773350537 -253144137547820.09 253144044899663.12
23.413500533115648 -257080391682125.69 257080298316432.84
23.413503332725927 -261093452383840.06 261093358292243.28
23.413506132336206 -265185125127355.56 265185030301356.09
23.413508931946488 -269357265095971.38 269357169526937.34
23.413511731556767 -273611778752219.25 273611682431382.94
23.413514531167046 -277950625464111.88 277950528382567.09
23.413517330777328 -282375819189741.44 282375721338440.75
23.413520130387607 -286889430222392.38 286889331592144.31
23.413522929997885 -291493586998786.75 291493487580252.88
23.413525729608168 -296190477972834.12 296190377756526.19
23.413528529218446 -300982353557468.69 300982252533745.56
23.413531328828725 -305871528137464.88 305871426296529.38
23.413534128439007 -310860382156392.5 310860279488288.38
23.413536928049286 -315951364280288.94 315951260774897.5
23.413539727659565 -321146993641274.12 321146889288311
23.413542527269843 -326449862164513.38 326449756953525
23.413545326880126 -331862636982376.44 331862530902736.75
23.413548126490404 -337388062938470.06 337387955979376.75
23.413550926100683 -343028965186252.5 343028857336723.31
23.413553725710965 -348788251885843.5 348788143134712.69
23.413556525321244 -354668917002936.69 354668807338850.94
23.413559324931523 -360674043214373 360673932625787.62
23.413562124541805 -366806804925005 366806693400179.81
23.413564924152084 -373070471400327.38 373070358927322.62
23.413567723762363 -379468410019873.5 379468296586545.5
23.413570523372645 -386004089656980.25 386003975250977.06
23.413573322982923 -392681084189955.06 392680968798712
23.413576122593202 -399503076150388.88 399502959761123.88
23.413578922203481 -406473860514873.06 406473743114582.06
23.413581721813763 -413597348646256.5 413597230221708.5
23.413584521424042 -420877572390669.62 420877452928401.75
23.413587321034321 -428318688337717.69 428318567824030.06
23.413590120644603 -435924982251070.56 435924860672021.12
23.413592920254882 -443700873676664.5 443700751018063.56
23.41359571986516 -451650920736619.81 451650796984024.56
23.413598519475443 -459779825117515.62 459779700256224.5
23.413601319085721 -468092437261468.69 468092311276515.5
23.413604118696 -476593761769343.62 476593634645491.69
23.413606918306282 -485288963025461.19 485288834747196.94
23.413609717916561 -494183371054654.19 494183241606181.12
23.41361251752684 -503282487621960.38 503282356987192.44
23.413615317137118 -512591992585809.56 512591860748364.5
23.413618116747401 -522117750517254.62 522117617460447.12
23.413620916357679 -531865817597189.94 531865683304024.62
23.413623715967958 -541842448804454 541842313257618.25
23.41362651557824 -552054105408845.69 552053968590702.06
23.413629315188519 -562507462783244.56 562507324675823.25
23.413632114798798 -573209418550212.88 573209279135203.75
23.41363491440908 -584167101079028.5 584166960337773.12
23.413637714019359 -595387878350167.25 595387736263650.5
23.413640513629637 -606879367203899.62 606879223752741
23.41364331323992 -618649442993880.75 618649298158325.88
23.413646112850198 -630706249662944.25 630706103422855.38
23.413648912460477 -643058210262958.12 643058062597805.25
23.413651712070756 -655714037940989.25 655713888829840.25
23.413654511681038 -668682747413292 668682596834802.75
23.413657311291317 -681973666953734.88 681973514886139.12
23.413660110901596 -695596450920393.12 695596297341491.88
23.413662910511878 -709561092848148 709560937735299
23.413665710122157 -723877939135581.25 723877782465687.5
23.413668509732435 -738557703355753.62 738557545105252.25
23.413671309342718 -753611481223934.88 753611321368785
23.413674108952996 -769050766255701.25 769050604771372
23.413676908563275 -784887466149826.88 784887303011284.88
23.413679708173557 -801133919933775.12 801133755115471.38
23.413682507783836 -817802915912770.25 817802749388627
23.413685307394115 -834907710463160.38 834907542206557.25
23.413688107004393 -852462047714431.12 852461877698190.88
23.413690906614676 -870480180167552.88 870480008363927
23.413693706224954 -888976890299126.62 888976716679779.88
23.413696505835233 -907967513203611.88 907967337739607
23.413699305445515 -927467960330395.75 927467782992177.38
23.413702105055794 -947494744373195.12 947494565130573
23.413704904666073 -968065005375255.75 968064824197387.88
23.413707704276355 -989196538117120.62 989196354972495.25
23.413710503886634 -1010907820856020.1 1010907635712437.6
23.413713303496912 -1033218045494088.5 1033217858318642.6
23.413716103107195 -1056147149251459.4 1056146960010517.5
23.413718902717473 -1079715847929632.9 1079715656588816
23.413721702327752 -1103945670854281.1 1103945477378443
23.413724501938031 -1128858997593903 1128858801947109
23.413727301548313 -1154479096549614.5 1154478898695118.5
23.413730101158592 -1180830165530786 1180829965431008.2
23.413732900768871 -1207937374425762.8 1207937172042265.2
23.413735700379153 -1235826910088501 1235826705381964
23.413738499989432 -1264526023567087.5 1264525816497283
23.41374129959971 -1294063079818623.5 1294062870344389
23.413744099209993 -1324467610054442.5 1324467398133654.5
23.413746898820271 -1355770366863237.5 1355770152452782.8
23.41374969843055 -1388003382282765.8 1388003165338511.8
23.413752498040832 -1421200028997601.8 1421199809474367
23.413755297651111 -1455395084853139.5 1455394862704661.8
23.41375809726139 -1490624800879794.5 1490624576058698.2
23.413760896871668 -1526926973045596.5 1526926745503359.2
23.413763696481951 -1564341017967742.8 1564340787654660.5
23.413766496092229 -1602908052817697.8 1602907819682848.8
23.413769295702508 -1642670979687931.8 1642670743679138.5
23.41377209531279 -1683674574696140.2 1683674335759931
23.413774894923069 -1725965582128741.2 1725965340210309.5
23.413777694533348 -1769592813934620.2 1769592568977783
23.41378049414363 -1814607254910340.5 1814607006857494.2
23.413783293753909 -1861062173951564 1861061922743639.8
23.413786093364187 -1909013241752975.8 1909012987329392.5
23.41378889297447 -1958518655371384.2 1958518397670000.2
23.413791692584748 -2009639270100543.2 2009639009057604.8
23.413794492195027 -2062438739149573.8 2062438474699663.2
23.413797291805306 -2116983661627498.8 2116983393703479.8
23.413800091415588 -2173343739391997.8 2173343467924958.2
23.413802891025867 -2231591943358574.8 2231591668277768
23.413805690636146 -2291804689903619 2291804411136402
23.413808490246428 -2354062028050401.5 2354061745522171.5
23.413811289856707 -2418447838167024.5 2418447551801152
23.413814089466985 -2485050042984480.5 2485049752702239.5
23.413816889077268 -2553960831775678.5 2553960537496175
23.413819688687546 -2625276898628851 2625276600268948
23.413822488297825 -2699099695783179 2699099393257417.5
23.413825287908107 -2775535703105970.5 2775535396326489
23.413828087518386 -2854696714860385 2854696403736833.5
23.413830887128665 -2936700145008981.5 2936699829448432.5
23.413833686738943 -3021669352408085.5 3021669032314942.5
23.413836486349226 -3109733987298062.5 3109733662573963
23.413839285959504 -3201030360694820 3201030031238534.5
23.413842085569783 -3295701838351573.5 3295701504058900
23.413844885180065 -3393899261151971 3393898921915626
23.413847684790344 -3495781393877490.5 3495781049586994
23.413850484400623 -3601515404506233 3601515055047788
23.413853284010905 -3711277376390045.5 3711277021646413
23.413856083621184 -3825252855817105 3825252495667472.5
23.413858883231462 -3943637437706813.5 3943637072026658
23.413861682841741 -4066637392396252.5 4066637021057197.5
23.413864482452023 -4194470336758385.5 4194469959628050
23.413867282062302 -4327365953150952.5 4327365570092794.5
23.413870081672581 -4465566760024581.5 4465566370897732.5
23.413872881282863 -4609328938323121 4609328542982213
23.413875680893142 -4758923218283292 4758922816578277
23.413878480503421 -4914635831481445 4914635423257405
23.413881280113703 -5076769533546996 5076769118643944
23.413884079723982 -5245644703411139 5245644281663809
23.41388687933426 -5421600525522267 5421600096759897
23.413889678944543 -5604996261979797 5604995826025895
23.413892478554821 -5796212622364606 5796212179036710
23.4138952781651 -5995653239633541 5995652788742964
23.413898077775379 -6203746261210879 6203745802562441
23.413900877385661 -6420946065398064 6420945598789810
23.41390367699594 -6647735114226362 6647734639449267
23.413906476606218 -6884625954799543 6884625471637198
23.413909276216501 -7132163382550301 7132162890778584
23.413912075826779 -7390926781119923 7390926280506655
23.413914875437058 -7661532654878766 7661532145183342
23.41391767504734 -7944637372060295 7944636853033301
23.413920474657619 -8240940138047302 8240939609430106
23.413923274267898 -8551186220472375 8551185681996700
23.41392607387818 -8876170450104560 8876169901492028
23.413928873488459 -9216741023817142 9216740464778794
23.413931673098737 -9573803639092120 9573803069327910
23.413934472709016 -9948325992507170 9948325411705426
23.413937272319298 -10341342677838682 10341342085675538
23.413940071929577 -10753960524086370 10753959920225166
23.413942871539856 -11187364417275000 11187363801365642
23.413945671150138 -11642823655442042 11642823027120326
23.413948470760417 -12121698891794982 12121698250681874
23.413951270370696 -12625449727008690 12625449072709564
23.413954069980978 -13155643018909492 13155642351013324
23.413956869591257 -13713961985056706 13713961303135208
23.413959669201535 -14302216184226386 14302215487833090
23.413962468811818 -14922352471525446 14922351760194736
23.413965268422096 -15576467033542182 15576466306788246
23.413968068032375 -16266818623634226 16266817880949956
23.413970867642654 -16995843131913998 16995842372769810
23.413973667252936 -17766169640255530 17766168864098104
23.413976466863215 -18580638133288800 18580637339539736
23.413979266473493 -19442319057270832 19442318245325204
23.413982066083776 -20354534943607288 20354534112832120
23.413984865694054 -21320884342072936 21320883491805544
23.413987665304333 -22345268339951808 22345267469498048
23.413990464914615 -23431919983232860 23431919091865236
23.413993264524894 -24585436954823092 24585436041778720
23.413996064135173 -25810817917663732 25810816982142168
23.413998863745455 -27113502984827060 27113502025987960
23.414001663355734 -28499418842463924 28499417859424528
