# serie phase 2 p5_w2.27_c1.20_dt2_k4 : t x1 x2 (dt2=9.5986638164776064e-06, depart t=11.304 etat bascule x1 x2 v1 v2 = 3380.5195169486028 -3269.1444697289708 68802.470304514514 -67879.346661519274)
11.460266246932255 840667634.02243841 -840651387.88731503
11.460275845596071 847775504.44455004 -847759203.50327814
11.460285444259888 854961699.47106528 -854945343.39927018
11.460295042923704 862227284.08660817 -862210872.55716562
11.460304641587522 869573340.51552045 -869556873.19852626
11.460314240251337 877000968.5458262 -876984445.10856521
11.460323838915153 884511285.86013401 -884494705.96704924
11.460333437578971 892105428.37363946 -892088791.68630028
11.460343036242786 899784550.57939947 -899767856.75646937
11.460352634906604 907549825.90106094 -907533074.59826529
11.46036223357042 915402447.05321634 -915385637.92330933
11.460371832234236 923343626.40957475 -923326759.10230589
11.460381430898053 931374596.37913942 -931357670.54121971
11.460391029561869 939496609.79058611 -939479625.0656538
11.460400628225687 947710940.28504276 -947693896.31362832
11.460410226889502 956018882.71747696 -956001779.1369679
11.460419825553318 964421753.5669049 -964404590.0115099
11.460429424217136 972920891.35563552 -972903667.45634794
11.460439022880951 981517657.07777822 -981500372.46233952
11.460448621544767 990213434.63724291 -990196088.93010533
11.460458220208585 999009631.29546213 -998992224.11775041
11.460467818872401 1007907678.1290859 -1007890209.0985594
11.460477417536218 1016909030.4978962 -1016891499.2289095
11.460487016200034 1026015168.5231918 -1025997574.6266553
11.46049661486385 1035227597.5769186 -1035209940.6602585
11.460506213527667 1044547848.7818058 -1044530128.4489232
11.460515812191483 1053977479.5227883 -1053959695.3740185
11.460525410855301 1063518073.9700036 -1063500225.6020737
11.460535009519116 1073171243.6136544 -1073153330.6196408
11.460544608182932 1082938627.8110461 -1082920649.7803319
11.46055420684675 1092821894.3461027 -1092803850.8643336
11.460563805510565 1102822740.0016789 -1102804630.6507192
11.460573404174383 1112942891.1450109 -1112924715.502898
11.460583002838199 1123184104.3266294 -1123165861.9675283
11.460592601502015 1133548166.8930898 -1133529857.3872473
11.460602200165832 1144036897.6138794 -1144018520.5275769
11.460611798829648 1154652147.3228657 -1154633702.2183709
11.460621397493465 1165395799.5746591 -1165377286.0101783
11.460630996157281 1176269771.3162889 -1176251188.8459175
11.460640594821097 1187276013.5746026 -1187257361.748275
11.460650193484915 1198416512.1597807 -1198397790.5232205
11.46065979214873 1209693288.3853996 -1209674496.4800677
11.460669390812548 1221108399.8054769 -1221089537.168519
11.460678989476364 1232663940.9689722 -1232645007.1331668
11.460688588140179 1244362044.1921751 -1244343038.685879
11.460698186803997 1256204880.3494649 -1256185802.6965587
11.460707785467813 1268194659.6829548 -1268175509.4027877
11.460717384131629 1280333632.6315057 -1280314409.2388396
11.460726982795446 1292624090.6796243 -1292604793.684576
11.460736581459262 1305068367.2268069 -1305048996.1347909
11.460746180123079 1317668838.4778552 -1317649392.7895241
11.460755778786895 1330427924.3547525 -1330408403.5659378
11.460765377450711 1343348089.4306788 -1343328493.03233
11.460774976114529 1356431843.8867655 -1356412171.3648884
11.460784574778344 1369681744.4922044 -1369661995.3277988
11.460794173442162 1383100395.608381 -1383080569.2773769
11.460803772105978 1396690450.2176585 -1396670546.1908512
11.460813370769793 1410454610.9775193 -1410434628.7205043
11.460822969433611 1424395631.3007565 -1424375570.2738628
11.460832568097427 1438516316.4624188 -1438496176.1206415
11.460842166761244 1452819524.7342818 -1452799304.5272129
11.46085176542506 1467308168.5476012 -1467287867.9193594
11.460861364088876 1481985215.6849496 -1481964834.0741103
11.460870962752693 1496853690.5019476 -1496833227.34147
11.460880561416509 1511916675.1797276 -1511896129.8968821
11.460890160080327 1527177311.0089915 -1527156683.0252848
11.460899758744143 1542638799.7065823 -1542618088.4376822
11.460909357407958 1558304404.7654808 -1558283609.6211386
11.460918956071776 1574177452.8391664 -1574156573.2231395
11.460928554735592 1590261335.1613579 -1590240370.4713304
11.460938153399409 1606559509.002116 -1606538458.6296177
11.460947752063225 1623075499.1613729 -1623054362.4916975
11.460957350727041 1639812899.5009708 -1639791675.9130926
11.460966949390858 1656775374.5163081 -1656754063.3827968
11.460976548054674 1673966660.9487662 -1673945261.6357017
11.46098614671849 1691390569.4400928 -1691369081.3069766
11.460995745382307 1709050986.2299657 -1709029408.6296325
11.461005344046123 1726951874.8980162 -1726930207.1765435
11.461014942709941 1745097278.1516054 -1745075519.648221
11.461024541373757 1763491319.6607089 -1763469469.7076979
11.461034140037572 1782138205.9413159 -1782116263.8639252
11.46104373870139 1801042228.2887568 -1801020193.4050987
11.461053337365206 1820207764.7624657 -1820185636.3834188
11.461062936029023 1839639282.2237353 -1839617059.6528451
11.461072534692839 1859341338.4280131 -1859319020.96139
11.461082133356655 1879318584.1733997 -1879296171.0996156
11.461091732020472 1899575765.5070505 -1899553256.1070335
11.461101330684288 1920117725.9912126 -1920095119.5381396
11.461110929348106 1940949409.03073 -1940926704.7899179
11.461120528011921 1962075860.2638969 -1962053057.492692
11.461130126675737 1983502230.0185695 -1983479327.9662342
11.461139725339555 2005233775.8355532 -2005210773.7431517
11.461149324003371 2027275865.0613327 -2027252762.1616139
11.461158922667188 2049633977.512295 -2049610773.0295739
11.461168521331004 2072313708.2126465 -2072290401.3626833
11.46117811999482 2095320770.2083271 -2095297360.198204
11.461187718658637 2118660997.4592669 -2118637483.4872627
11.461197317322453 2142340347.8124862 -2142316729.0679491
11.461206915986271 2166364906.0585375 -2166341181.721755
11.461216514650086 2190740887.0739217 -2190717056.3159895
11.461226113313902 2215474639.0521755 -2215450701.034862
11.46123571197772 2240572646.8264995 -2240548600.7021089
11.461245310641536 2266041535.286808 -2266017380.1980414
11.461254909305351 2291888072.8941827 -2291863807.9739962
11.461264507969169 2318119175.2959247 -2318094799.6673841
11.461274106632985 2344741909.044395 -2344717421.8205299
11.461283705296802 2371763495.4229889 -2371738895.7066422
11.461293303960618 2399191314.3827038 -2399166601.2663789
11.461302902624434 2427032908.5928917 -2427008081.158597
11.461312501288251 2455295987.6100321 -2455271044.9291234
11.461322099952067 2483988432.1682348 -2483963373.3012533
11.461331698615885 2513118298.5954986 -2513093122.5920067
11.4613412972797 2542693823.3599606 -2542668529.2583742
11.461350895943516 2572723427.7503681 -2572698014.5777879
11.461360494607334 2603215722.6951976 -2603190189.4672332
11.46137009327115 2634179513.7250576 -2634153859.4456511
11.461379691934967 2665623806.083261 -2665598029.7445073
11.461389290598783 2697557809.9894161 -2697531910.5713778
11.461398889262599 2729990946.0612116 -2729964922.531733
11.461408487926416 2762932850.8997793 -2762906702.2142944
11.461418086590232 2796393382.8441243 -2796367107.9454627
11.46142768525405 2830382627.9004555 -2830356225.7186437
11.461437283917865 2864910905.8523359 -2864884375.3043947
11.461446882581681 2899988776.5578699 -2899962116.5476089
11.461456481245499 2935627046.4403367 -2935600255.8581429
11.461466079909314 2971836775.1789851 -2971809852.9016094
11.461475678573132 3008629282.606925 -3008602227.4972634
11.461485277236948 3046016155.8232784 -3045988966.7301493
11.461494875900764 3084009256.5270982 -3083981932.2850137
11.461504474564581 3122620728.5808702 -3122593268.0098052
11.461514073228397 3161863005.8116593 -3161835407.716815
11.461523671892213 3201748820.0582418 -3201721083.229804
11.46153327055603 3242291209.4729428 -3242263332.6858354
11.461542869219846 3283503527.0873404 -3283475509.1009746
11.461552467883664 3325399449.6511736 -3325371289.2091913
11.461562066547479 3367992986.7542906 -3367964682.5843029
11.461571665211295 3411298490.241847 -3411270041.0551667
11.461581263875113 3455330663.9333177 -3455302068.4246883
11.461590862538928 3500104573.6563015 -3500075830.5036182
11.461600461202746 3545635657.6066542 -3545606765.4706798
11.461610059866562 3591939737.0468984 -3591910694.5709739
11.461619658530378 3639033027.3552556 -3639003833.1650047
11.461629257194195 3686932149.4382949 -3686902802.1413217
11.461638855858011 3735654141.5205812 -3735624639.706162
11.461648454521828 3785216471.3253736 -3785186813.5641418
11.461658053185644 3835637048.6609578 -3835607233.5045829
11.46166765184946 3886934238.4278021 -3886904264.4086604
11.461677250513278 3939126874.0623441 -3939096739.6931844
11.461686849177093 3992234271.4338832 -3992203975.2074828
11.461696447840911 4046276243.2117658 -4046245783.6005816
11.461706046504727 4101273113.7208099 -4101242489.176621
11.461715645168542 4157245734.3035369 -4157214943.2570782
11.46172524383236 4214215499.2086172 -4214184540.0692067
11.461734842496176 4272204362.0259757 -4272173233.1811323
11.461744441159993 4331234852.6896544 -4331203552.5047083
11.461754039823809 4391330095.0704498 -4391298621.8881445
11.461763638487625 4452513825.1812773 -4452482177.3213615
11.461773237151442 4514810410.0192556 -4514778585.7780666
11.461782835815258 4578244867.069726 -4578212864.7197647
11.461792434479074 4642842884.4982748 -4642810702.2877703
11.461802033142892 4708630842.057847 -4708598478.21031
11.461811631806707 4775635832.7398777 -4775603285.4536467
11.461821230470525 4843885685.1988401 -4843852952.6466141
11.461830829134341 4913408986.9814386 -4913376067.3098021
11.461840427798156 4984235108.5930357 -4984201999.9219704
11.461850026461974 5056394228.434967 -5056360928.8573551
11.46185962512579 5129917358.6483774 -5129883866.2294893
11.461869223789607 5204836371.9016056 -5204802684.6785803
11.461878822453423 5281184029.1599569 -5281150145.1412649
11.461888421117239 5358994008.4782982 -5358959925.643198
11.461898019781056 5438300934.8588734 -5438266651.1568489
11.461907618444872 5519140411.2186079 -5519105924.568799
11.46191721710869 5601549050.5125637 -5601514358.8031769
11.461926815772506 5685564509.0616741 -5685529610.1493835
11.461936414436321 5771225521.1359081 -5771190412.8452396
11.461946013100139 5858571934.845953 -5858536614.9686565
11.461955611763955 5947644749.3990555 -5947609215.6934586
11.461965210427772 6038486153.777297 -6038450403.9676437
11.461974809091588 6131139566.8996973 -6131103598.6754723
11.461984407755404 6225649679.3322258 -6225613490.3474617
11.461994006419221 6322062496.612114 -6322026084.4846792
11.462003605083037 6420425384.2575817 -6420388746.5684547
11.462013203746855 6520787114.5364704 -6520750248.8289909
11.462022802410671 6623197915.0711451 -6623160818.8502512
11.462032401074486 6727709519.3607988 -6727672190.0922422
11.462041999738304 6834375219.306078 -6834337654.4156189
11.46205159840212 6943249919.8259315 -6943212116.6985168
11.462061197065935 7054390195.6596317 -7054352151.6385479
11.462070795729753 7167854350.4529324 -7167816062.8389397
11.462080394393569 7283702478.2315989 -7283663944.2820406
11.462089993057386 7401996527.3709106 -7401957744.2988024
11.462099591721202 7522800367.1751947 -7522761332.1482878
11.462109190385018 7646179857.1869583 -7646140567.3267803
11.462118789048835 7772202919.3518381 -7772163371.7327051
11.462128387712651 7900939613.1721306 -7900899804.820138
11.462137986376469 8032462213.987711 -8032422141.8796949
11.462147585040285 8166845294.5305176 -8166804955.5929871
11.4621571837041 8304165809.9076262 -8304125201.0156689
11.462166782367918 8444503186.1750431 -8444462304.1512032
11.462176381031734 8587939412.6723213 -8587898254.2854433
11.462185979695551 8734559138.2978916 -8734517700.2619362
11.462195578359367 8884449771.9145241 -8884408050.8873482
11.462205177023183 9037701587.0849686 -9037659579.6670742
11.462214775687 9194407831.3480759 -9194365534.0813236
11.462224374350816 9354664840.255518 -9354622249.621809
11.462233973014634 9518572156.4036732 -9518529268.8235836
11.462243571678449 9686232653.7072334 -9686189465.5386238
11.462253170342265 9857752667.1745777 -9857709174.711153
11.462262769006083 10033242128.458141 -10033198327.927975
11.462272367669899 10212814707.469973 -10212770595.033989
11.462281966333716 10396587960.368149 -10396543532.118559
11.462291564997532 10584683484.235821 -10584638736.194517
11.462301163661348 10777227078.794664 -10777182006.911566
11.462310762325165 10974348915.512194 -10974303515.66354
11.462320360988981 11176183714.485806 -11176137982.472412
11.462329959652797 11382870929.503672 -11382824861.049122
11.462339558316614 11594554941.708197 -11594508532.456984
11.46234915698043 11811385262.315481 -11811338507.8311
11.462358755644248 12033516744.864662 -12033469640.62764
11.462368354308063 12261109807.502163 -12261062348.908024
11.462377952971879 12494330665.83773 -12494282848.194914
11.462387551635697 12733351576.935225 -12733303395.462929
11.462397150299513 12978351095.039345 -12978302544.865307
11.46240674896333 13229514339.67523 -13229465415.833439
11.462416347627146 13487033276.794037 -13486983974.222374
11.462425946290962 13751107013.679668 -13751057327.217474
11.462435544954779 14021942108.376728 -14021892032.762297
11.462445143618595 14299752894.444757 -14299702424.31275
11.462454742282413 14584761821.892145 -14584710951.770918
11.462464340946228 14877199815.199429 -14877148539.508278
11.462473939610044 15177306649.399124 -15177254962.445446
11.462483538273862 15485331345.235863 -15485279241.212215
11.462493136937677 15801532584.497786 -15801480057.478863
11.462502735601495 16126179146.681131 -16126126190.620632
11.462512334265311 16459550368.220083 -16459496976.947479
11.462521932929127 16801936625.596769 -16801882792.813969
11.462531531592944 17153639843.734373 -17153585563.012266
11.46254113025676 17514974031.161804 -17514919295.936703
11.462550728920577 17886265843.538559 -17886210647.108509
11.462560327584393 18267855177.232128 -18267799512.753098
11.462569926248209 18660095794.762417 -18660039655.244362
11.462579524912027 19063355984.029942 -19063299362.332726
11.462589123575842 19478019253.391426 -19477962142.2206
11.462598722239658 19904485064.785114 -19904427456.687557
11.462608320903476 20343169607.24559 -20343111494.604992
11.462617919567291 20794506613.321514 -20794447988.353699
11.462627518231109 21258948221.075581 -21258889075.823666
11.462637116894925 21736965884.542553 -21736906210.871933
11.462646715558741 22229051335.710369 -22228991125.303524
11.462656314222558 22735717601.313549 -22735656845.664658
11.462665912886374 23257500077.964062 -23257438768.373425
11.462675511550191 23794957669.396187 -23794895796.964436
11.462685110214007 24348673989.862465 -24348611545.484573
11.462694708877823 24919258638.029827 -24919195612.388882
11.462704307541641 25507348546.031418 -25507284929.592167
11.462713906205456 26113609408.67601 -26113545191.678165
11.462723504869274 26738737198.1861 -26738672370.637375
11.46273310353309 27383459770.24147 -27383394321.910366
11.462742702196905 28048538567.538288 -28048472487.946598
11.462752300860723 28734770427.537842 -28734703705.952862
11.462761899524539 29442989501.593235 -29442922127.019661
11.462771498188356 30174069293.204952 -30174001254.376472
11.462781096852172 30928924823.749256 -30928856109.119801
11.462790695515988 31708514934.667587 -31708445532.402225
11.462800294179806 32513844735.833748 -32513774633.799232
11.462809892843621 33345968210.551983 -33345897396.306892
11.462819491507439 34205990988.516579 -34205919449.301064
11.462829090171255 35095073298.950455 -35095001021.67556
11.46283868883507 36014433117.133141 -36014360088.369698
11.462848287498888 36965349518.615051 -36965275724.582077
11.462857886162704 37949166256.591965 -37949091683.144592
11.46286748482652 38967295579.216095 -38967220211.83297
11.462877083490337 40021222305.012329 -40021146128.782494
11.462886682154153 41112508176.081985 -41112431175.691185
11.46289628081797 42242796510.470901 -42242718670.187263
11.462905879481786 43413817176.973877 -43413738480.633003
11.462915478145602 44627391917.573486 -44627312348.562851
11.46292507680942 45885440044.936768 -45885359586.179451
11.462934675473235 47189984544.853523 -47189903178.791176
11.462944274137053 48543158616.112404 -48543076324.687462
11.462953872800869 49947212683.225929 -49947129447.862999
11.462963471464684 51404521920.658096 -51404437722.244484
11.462973070128502 52917594330.686356 -52917509149.551682
11.462982668792318 54489079420.970284 -54488993236.865143
11.462992267456135 56121777532.07019 -56121690324.143806
11.463001866119951 57818649869.975983 -57818561616.752769
11.463011464783767 59582829303.870728 -59582739983.225731
11.463021063447584 61417631995.112175 -61417541584.245331
11.4630306621114 63326569929.720581 -63326478405.129662
11.463040260775218 65313364433.767075 -65313271771.21933
11.463049859439034 67381960758.873062 -67381866933.37542
11.463059458102849 69536543833.511902 -69536448819.279663
11.463069056766667 71781555285.547928 -71781459055.971848
11.463078655430483 74121711852.062714 -74121614379.674423
11.4630882540943 76562025304.289108 -76561926560.724655
11.463097852758116 79107824028.734787 -79107723984.69632
11.463107451421932 81764776420.291245 -81764675045.506668
11.463117050085749 84538916259.260864 -84538813522.441254
11.463126648749565 87436670262.906647 -87436566131.701447
11.463136247413381 90464888022.16507 -90464782463.114746
11.463145846077198 93630874557.339462 -93630767535.825562
11.463155444741014 96942425752.243332 -96942317232.435776
11.463165043404832 100407866954.57343 -100407756899.3748
11.463174642068648 104036095062.9487 -104035983433.93533
11.463184240732463 107836624457.33041 -107836511214.69008
11.463193839396281 111819637170.06137 -111819522272.52736
11.463203438060097 115996037741.03642 -115995921145.81767
11.463213036723914 120377513252.25226 -120377394914.95934
11.46322263538773 124976599095.92181 -124976478970.48842
11.463232234051546 129806751096.49057 -129806629135.09026
11.463241832715363 134882424681.88683 -134882300834.84456
11.463251431379179 140219161884.94623 -140219036100.64441
11.463261030042997 145833687052.69208 -145833559277.47058
11.463270628706812 151744012251.97153 -151743882430.02142
11.463280227370628 157969553484.29031 -157969421557.54062
11.463289826034446 164531258967.29138 -164531124875.28836
11.463299424698262 171451750903.86362 -171451614583.64218
11.463309023362079 178755482347.28421 -178755343733.23056
11.463318622025895 186468910985.40094 -186468770009.10583
11.463328220689711 194620691915.46277 -194620548505.56467
11.463337819353528 203241891764.12222 -203241745846.13956
11.463347418017344 212366226835.53549 -212366078331.68692
11.463357016681162 222030328347.85049 -222030177176.86234
11.463366615344977 232274038257.24786 -232273884334.14743
11.463376214008793 243140739675.60675 -243140582911.50046
11.463385812672611 254677726477.0444 -254677566778.87933
11.463395411336426 266936617373.14023 -266936454643.44745
11.463405010000242 279973820537.31378 -279973654673.93207
11.46341460866406 293851055792.203 -293850886687.98077
11.463424207327876 308635942466.22614 -308635770008.69983
11.463433805991693 324402662313.91138 -324402486384.95813
11.463443404655509 341232708396.64044 -341232528872.10193
11.463453003319325 359215732608.99805 -359215549358.27356
11.463462601983142 378450506632.76373 -378450319518.36877
11.463472200646958 399046013596.7298 -399045822473.81653
11.463481799310776 421122690692.1131 -421122495407.94965
11.463491397974591 444813846507.07495 -444813646900.47803
11.463500996638407 470267281066.55011 -470267076967.26685
11.463510595302225 497647141616.94757 -497646932844.9809
11.46352019396604 527136053249.25775 -527135839614.12854
11.463529792629858 558937570777.35669 -558937352077.29614
11.463539391293674 593279007118.11865 -593278783139.18262
11.46354898995749 630414704134.47217 -630414474649.5686
11.463558588621307 670629824941.9895 -670629589709.80835
11.463568187285123 714244762595.2749 -714244521359.10852
11.463577785948941 761620279599.12634 -761620032085.56738
11.463587384612756 813163516658.66016 -813163262576.16138
11.463596983276572 869335038721.11157 -869334777758.3894
11.46360658194039 930657123094.30042 -930656854918.56201
11.463616180604205 997723540138.6261 -997723264393.59644
11.463625779268023 1071211134208.502 -1071210850512.2233
11.463635377931839 1151893584305.3237 -1151893292247.6953
11.463644976595655 1240657814504.8469 -1240657513644.8691
11.463654575259472 1338523639045.5066 -1338523328908.1838
11.463664173923288 1446667373435.6829 -1446667053508.5361
11.463673772587104 1566450330518.5505 -1566450000247.6794
11.463683371250921 1699453361979.5129 -1699453020765.1348
11.463692969914737 1847518919177.8608 -1847518566369.2439
11.463702568578555 2012802515539.3909 -2012802150429.082
11.46371216724237 2197836008532.6409 -2197835630349.8647
11.463721765906186 2405605827353.5439 -2405605435256.6318
11.463731364570004 2639650214618.6782 -2639649807686.3521
11.463740963233819 2904180812252.6294 -2904180389473.9263
11.463750561897637 3204235627804.9888 -3204235188067.5698
11.463760160561453 3545872740501.106 -3545872282577.6318
11.463769759225269 3936417297216.6313 -3936416819748.8125
11.463779357889086 4384778775090.5859 -4384778276570.4185
11.463788956552902 4901861684720.9893 -4901861163468.5693
11.463798555216719 5501101658156.2842 -5501101112293.4355
11.463808153880535 6199171411540.1562 -6199170838958.8906
11.463817752544351 7016919234349.9316 -7016918632674.5049
11.463827351208169 7980629285191.4531 -7980628651732.3994
11.463836949871984 9123732541035.832 -9123731872733.8926
11.463846548535802 10489156895545.666 -10489156188902.848
11.463856147199618 12132596251762.598 -12132595502756.711
11.463865745863433 14127120709034.562 -14127119913012.297
11.463875344527251 16569775597438.248 -16569774748980.09
11.463884943191067 19591182164354.422 -19591181257102.141
