# serie phase 2 p5_w1.73_c1.20_dt2s4_k2 : t x1 x2 (dt2=3.4753079278982844e-06, depart t=15.906000000000001 etat bascule x1 x2 v1 v2 = 33328.252550849014 -33118.800158979575 1110184.4671272589 -1107380.6699131622)
15.99997232637037 505489653.48952198 -505479771.64464504
15.999975801678298 506551068.42484719 -506541178.28521115
15.999979276986226 507615382.57462209 -507605484.12803477
15.999982752294153 508682605.69159967 -508672698.92584318
15.999986227602083 509752747.56751645 -509742832.47034723
15.99998970291001 510825818.0332731 -510815894.59242195
15.999993178217938 511901826.9591161 -511891895.16228789
15.999996653525866 512980784.25481987 -512970844.08969361
16.000000128833793 514062699.86987042 -514052751.32409906
16.000003604141721 515147583.79364955 -515137626.85486013
16.000007079449649 516235446.05562049 -516225480.71141386
16.000010554757576 517326296.72551399 -517316322.9634648
16.000014030065504 518420145.91351563 -518410163.72117233
16.000017505373432 519517003.77045429 -519507013.13533896
16.000020980681359 520616880.48799133 -520606881.3975997
16.000024455989291 521719786.29881096 -521709778.74061227
16.000027931297218 522825731.47681147 -522815715.4382484
16.000031406605146 523934726.33729762 -523924701.80578619
16.000034881913074 525046781.23717403 -525036748.20010364
16.000038357221001 526161906.57513952 -526151865.01987273
16.000041832528929 527280112.79188246 -527270062.705755
16.000045307836857 528401410.37027729 -528391351.74059802
16.000048783144784 529525809.83558214 -529515742.64963293
16.000052258452712 530653321.75563717 -530643246.00067276
16.000055733760639 531783956.74106419 -531773872.40431225
16.000059209068567 532917725.44546747 -532907632.51412845
16.000062684376495 534054638.56563538 -534044537.02688241
16.000066159684422 535194706.84174317 -535184596.68272209
16.00006963499235 536337941.05755693 -536327822.26538604
16.000073110300278 537484352.04063845 -537474224.60240853
16.000076585608209 538633950.66255152 -538623814.56532586
16.000080060916137 539786747.83906913 -539776603.06988323
16.000083536224064 540942754.53038144 -540932601.07624316
16.000087011531992 542101981.74130547 -542091819.58919489
16.00009048683992 543264440.52149546 -543254269.65836465
16.000093962147847 544430141.96565473 -544419962.37842774
16.000097437455775 545599097.21374822 -545588908.88932109
16.000100912763703 546771317.4512167 -546761120.37645733
16.00010438807163 547946813.90919173 -547936608.0709399
16.000107863379558 549125597.864712 -549115383.24977899
16.000111338687486 550307680.64094055 -550297457.2361095
16.000114813995413 551493073.60738373 -551482841.39940917
16.000118289303341 552681788.18011045 -552671547.15571845
16.000121764611269 553873835.82197344 -553863585.96786141
16.000125239919196 555069228.04283142 -555058969.34566808
16.000128715227127 556267976.39977229 -556257708.84619761
16.000132190535055 557470092.49733782 -557459816.07396293
16.000135665842983 558675587.98774922 -558665302.6811564
16.00013914115091 559884474.57113433 -559874180.36787665
16.000142616458838 561096763.99575555 -561086460.88235712
16.000146091766766 562312468.0582397 -562302156.02119529
16.000149567074693 563531598.60380828 -563521277.6295836
16.000153042382621 564754167.52650976 -564743837.60154104
16.000156517690549 565980186.76945257 -565969847.88014674
16.000159992998476 567209668.32503963 -567199320.45777404
16.000163468306404 568442624.23520398 -568432267.37632632
16.000166943614332 569679066.59164596 -569668700.72747445
16.000170418922259 570919007.53607142 -570908632.65289426
16.000173894230187 572162459.26043129 -572152075.34450698
16.000177369538115 573409434.00716269 -573399041.04471982
16.000180844846046 574659944.06943095 -574649542.04666793
16.000184320153974 575914001.79137325 -575903590.6944586
16.000187795461901 577171619.56834364 -577161199.38341558
16.000191270769829 578432809.84715891 -578422380.56032538
16.000194746077756 579697585.12634647 -579687146.72368515
16.000198221385684 580965957.95639312 -580955510.42395115
16.000201696693612 582237940.93999529 -582227484.26378942
16.000205172001539 583513546.73231077 -583503080.89832699
16.000208647309467 584792788.04121161 -584782313.03540528
16.000212122617395 586075677.6275388 -586065193.43583441
16.000215597925322 587362228.30535781 -587351734.91364896
16.00021907323325 588652452.94221604 -588641950.33636546
16.000222548541178 589946364.45940125 -589935852.62524068
16.000226023849105 591243975.83220172 -591233454.75553167
16.000229499157033 592545300.09016776 -592534769.75675738
16.000232974464964 593850350.31737447 -593839810.71296167
16.000236449772892 595159139.65268636 -595148590.76297772
16.00023992508082 596471681.29002297 -596461123.10069358
16.000243400388747 597787988.47862637 -597777420.97531962
16.000246875696675 599108074.52332962 -599097497.6916573
16.000250351004603 600431952.78482735 -600421366.61036932
16.00025382631253 601759636.67994738 -601749041.14825177
16.000257301620458 603091139.68192399 -603080534.77850699
16.000260776928386 604426475.32067275 -604415861.0310185
16.000264252236313 605765657.18306661 -605755033.49262691
16.000267727544241 607108698.91321385 -607098065.80740857
16.000271202852169 608455614.21273756 -608444971.67695415
16.000274678160096 609806416.84105647 -609795764.86064982
16.000278153468024 611161120.61566699 -611150459.17595971
16.000281628775955 612519739.41242802 -612509068.4987098
16.000285104083883 613882287.16584599 -613871606.76337409
16.00028857939181 615248777.86936235 -615238087.96336114
16.000292054699738 616619225.57564247 -616608526.15130341
16.000295530007666 617993644.39686561 -617982935.43934715
16.000299005315593 619372048.5050174 -619361329.99944496
16.000302480623521 620754452.13218343 -620743724.06364918
16.000305955931449 622140869.57084441 -622130131.92440736
16.000309431239376 623531315.17417336 -623520567.93485916
16.000312906547304 624925803.35633397 -624915046.50913465
16.000316381855232 626324348.59278095 -626313582.12265503
16.000319857163159 627726965.42056215 -627716189.31243455
16.000323332471087 629133668.438622 -629122882.6773839
16.000326807779015 630544472.30810726 -630533676.87861586
16.000330283086942 631959391.75267351 -631948586.63975227
16.000333758394873 633378441.5587945 -633367626.74723268
16.000337233702801 634801636.57607222 -634790812.05062485
16.000340709010729 636228991.71754956 -636218157.46293747
16.000344184318656 637660521.96002412 -637649677.9609338
16.000347659626584 639096242.34436429 -639085388.58544779
16.000351134934512 640536167.97582662 -640525304.44170141
16.000354610242439 641980314.0243752 -641969440.69962406
16.000358085550367 643428695.72500288 -643417812.59417403
16.000361560858295 644881328.37805438 -644870435.42566085
16.000365036166222 646338227.34955072 -646327324.56007075
16.00036851147415 647799408.07151628 -647788495.42939305
16.000371986782078 649264886.04230726 -649253963.5319488
16.000375462090005 650734676.82694185 -650723744.4327209
16.000378937397933 652208796.05743241 -652197853.7636863
16.000382412705861 653687259.43311977 -653676307.22415042
16.000385888013792 655170082.72100925 -655159120.58108294
16.00038936332172 656657281.7561084 -656646309.66945565
16.000392838629647 658148872.44176674 -658137890.39258242
16.000396313937575 659644870.750018 -659633878.72246099
16.000399789245503 661145292.72192323 -661134290.7001164
16.00040326455343 662650154.46791708 -662639142.43594718
16.000406739861358 664159472.16815484 -664148450.11007237
16.000410215169286 665673262.07286251 -665662229.97268164
16.000413690477213 667191540.50268817 -667180498.34438682
16.000417165785141 668714323.84905577 -668703271.61657512
16.000420641093068 670241628.57452047 -670230566.25176513
16.000424116400996 671773471.21312654 -671762398.7839644
16.000427591708924 673309868.37076688 -673298785.81902885
16.000431067016851 674850836.72554481 -674839744.03502488
16.000434542324779 676396393.02813804 -676385290.18259311
16.00043801763271 677946554.10216451 -677935441.08531427
16.000441492940638 679501336.84455049 -679490213.64007723
16.000444968248566 681060758.22590053 -681049624.81744921
16.000448443556493 682624835.29087007 -682613691.6620481
16.000451918864421 684193585.15853953 -684182431.29291666
16.000455394172349 685767025.02279103 -685755860.90389919
16.000458869480276 687345172.15268683 -687333997.76402032
16.000462344788204 688928043.89285076 -688916859.21786559
16.000465820096132 690515657.66385055 -690504462.68596482
16.000469295404059 692108030.96258378 -692096825.66517735
16.000472770711987 693705181.36266506 -693693965.72907937
16.000476246019915 695307126.51481581 -695295900.52835393
16.000479721327842 696913884.14725649 -696902647.79118299
16.00048319663577 698525472.0661006 -698514225.3236413
16.000486671943698 700141908.15575135 -700130651.01009333
16.000490147251629 701763210.37930048 -701751942.81359184
16.000493622559556 703389396.77892947 -703378118.77627933
16.000497097867484 705020485.47631299 -705009197.01979125
16.000500573175412 706656494.67302489 -706645195.74566233
16.000504048483339 708297442.65094614 -708286133.23573411
16.000507523791267 709943347.7726754 -709932027.85256565
16.000510999099195 711594228.48194218 -711582898.03984702
16.000514474407122 713250103.30402207 -713238762.32281399
16.00051794971505 714910990.84615445 -714899639.30866599
16.000521425022978 716576909.79796278 -716565547.68698657
16.000524900330905 718247878.93187714 -718236506.23016584
16.000528375638833 719923917.10355949 -719912533.79382539
16.000531850946761 721605043.25233102 -721593649.31724608
16.000535326254688 723291276.40160239 -723279871.82379818
16.00053880156262 724982635.65930653 -724971220.42137396
16.000542276870547 726679140.21833348 -726667714.30282283
16.000545752178475 728380809.35696805 -728369372.74638867
16.000549227486403 730087662.43933034 -730076215.11615074
16.00055270279433 731799718.91581833 -731788260.86246586
16.000556178102258 733516998.32355344 -733505529.52241421
16.000559653410185 735239520.2868284 -735228040.72024727
16.000563128718113 736967304.51755822 -736955814.16783845
16.000566604026041 738700370.81573331 -738688869.66513681
16.000570079333968 740438739.0698756 -740427227.1006223
16.000573554641896 742182429.25749683 -742170906.45176506
16.000577029949824 743931461.44556057 -743919927.78548646
16.000580505257751 745685855.79094565 -745674311.25862336
16.000583980565679 747445632.54091358 -747434077.11839497
16.000587455873607 749210812.03357792 -749199245.70287251
16.000590931181538 750981414.69837666 -750969837.44145155
16.000594406489466 752757461.05654728 -752745872.85532701
16.000597881797393 754538971.72160482 -754527372.55797112
16.000601357105321 756325967.39982259 -756314357.25561416
16.000604832413249 758118468.89071572 -758106847.74772835
16.000608307721176 759916497.08752799 -759904864.92751443
16.000611783029104 761720072.9777211 -761708429.78239071
16.000615258337032 763529217.64346695 -763517563.39448571
16.000618733644959 765343952.26214278 -765332286.94113314
16.000622208952887 767164298.10682952 -767152621.6953702
16.000625684260815 768990276.54681277 -768978589.02643871
16.000629159568742 770821909.04808724 -770810210.40028954
16.00063263487667 772659217.17386341 -772647507.38008893
16.000636110184598 774502222.58507788 -774490501.62672925
16.000639585492525 776350947.04090691 -776339214.89934242
16.000643060800456 778205412.39928222 -778193669.0558157
16.000646536108384 780065640.61741066 -780053886.05331123
16.000650011416312 781931653.75229657 -781919887.94878876
16.000653486724239 783803473.96126735 -783791696.89953053
16.000656962032167 785681123.50250208 -785669335.16367078
16.000660437340095 787564624.73556364 -787552825.10072708
16.000663912648022 789454000.12193358 -789442189.17213571
16.00066738795595 791349272.22555053 -791337449.94178975
16.000670863263878 793250463.71335185 -793238630.076581
16.000674338571805 795157597.35581803 -795145752.34694421
16.000677813879733 797070696.02752125 -797058839.62740552
16.000681289187661 798989782.70767641 -798977914.89713383
16.000684764495588 800914880.48069608 -800903001.24049568
16.000688239803516 802846012.53674841 -802834121.84761274
16.000691715111444 804783202.17231834 -804771300.01492345
16.000695190419375 806726472.7907728 -806714559.14574814
16.000698665727302 808675847.90292835 -808663922.75085664
16.00070214103523 810631351.12762356 -810619414.44904053
16.000705616343158 812593006.19229329 -812581057.96768761
16.000709091651085 814560836.93354797 -814548877.14336121
16.000712566959013 816534867.29775524 -816522895.92238152
16.000716042266941 818515121.34162557 -818503138.36141157
16.000719517574868 820501623.23280168 -820489628.62804615
16.000722992882796 822494397.25045085 -822482391.001405
16.000726468190724 824493467.78586197 -824481449.87272906
16.000729943498651 826498859.34304488 -826486829.74597991
16.000733418806579 828510596.53933406 -828498555.23844373
16.000736894114507 830528704.10599613 -830516651.08133888
16.000740369422434 832553206.88884079 -832541142.12042642
16.000743844730362 834584129.84883547 -834572053.316625
16.000747320038293 836621498.06272388 -836609409.74662948
16.000750795346221 838665336.72364807 -838653236.60353291
16.000754270654149 840715671.14177489 -840703559.19745278
16.000757745962076 842772526.7449255 -842760402.95616102
16.000761221270004 844835929.07920933 -844823793.42571759
16.000764696577932 846905903.80966175 -846893756.27110827
16.000768171885859 848982476.7208854 -848970317.27688563
16.000771647193787 851065673.71769536 -851053502.34781504
16.000775122501715 853155520.82576919 -853143337.50952375
16.000778597809642 855252044.19229996 -855239848.90915453
16.00078207311757 857355270.08665383 -857343062.81602311
16.000785548425497 859465224.90103161 -859453005.62227964
16.000789023733425 861581935.15113413 -861569703.84357417
16.000792499041353 863705427.47683203 -863693184.11972654
16.000795974349284 865835728.64283943 -865823473.21539962
16.000799449657212 867972865.53939188 -867960598.02077758
16.000802924965139 870116865.18292844 -870104585.55224824
16.000806400273067 872267754.7167784 -872255462.95308924
16.000809875580995 874425561.41185141 -874413257.49415851
16.000813350888922 876590312.66733241 -876577996.57458889
16.00081682619685 878762036.01138079 -878749707.72248769
16.000820301504778 880940759.10183406 -880928418.5956403
16.000823776812705 883126509.72691572 -883114156.98221767
16.000827252120633 885319315.8059473 -885306950.80148876
16.000830727428561 887519205.39006507 -887506828.10453701
16.000834202736488 889726206.66294134 -889713817.07498169
16.000837678044416 891940347.94151008 -891927946.02970386
16.000841153352344 894161657.67669713 -894149243.41957593
16.000844628660271 896390164.45415461 -896377737.83019662
16.000848103968202 898625896.99500048 -898613457.98263013
16.00085157927613 900868884.15656209 -900856432.73415017
16.000855054584058 903119154.93312502 -903106691.07898819
16.000858529891985 905376738.45668614 -905364262.14908707
16.000862005199913 907641663.99771154 -907629175.21485829
16.000865480507841 909913960.96589911 -909901459.68594551
16.000868955815768 912193658.91094625 -912181145.11199129
16.000872431123696 914480787.52332175 -914468261.18340945
16.000875906431624 916775376.63504303 -916762837.73216259
16.000879381739551 919077456.22045851 -919064904.73254383
16.000882857047479 921387056.39703381 -921374492.30196333
16.000886332355407 923704207.42614377 -923691630.70174038
16.000889807663334 926028939.71386957 -926016350.33790028
16.000893282971262 928361283.81180012 -928348681.761976
16.00089675827919 930701270.41783965 -930688655.67181575
16.000900233587121 933048930.37701905 -933036302.91239405
16.000903708895049 935404294.68231308 -935391654.47662914
16.000907184202976 937767394.47546291 -937754741.50620556
16.000910659510904 940138261.04780304 -940125595.29240084
16.000914134818832 942516925.84109426 -942504247.27691877
16.000917610126759 944903420.44836187 -944890729.05272734
16.000921085434687 947297776.61473858 -947285072.36490178
16.000924560742614 949700026.23831332 -949687309.11147344
16.000928036050542 952110201.37098539 -952097471.34428382
16.00093151135847 954528334.21932364 -954515591.26984382
16.000934986666397 956954457.1454314 -956941701.25019836
16.000938461974325 959388602.66781676 -959375833.80379725
16.000941937282253 961830803.46226895 -961818021.60637116
16.00094541259018 964281092.36273921 -964268297.49181259
16.000948887898108 966739502.36222827 -966726694.45306313
16.000952363206039 969206066.61367905 -969193245.64300668
16.000955838513967 971680818.43087518 -971667984.3753674
16.000959313821895 974163791.28934515 -974150944.12561429
16.000962789129822 976655018.82727242 -976642158.53187108
16.00096626443775 979154534.84641099 -979141661.3958317
16.000969739745678 981662373.31300712 -981649486.68368244
16.000973215053605 984178568.3587271 -984165668.52702892
16.000976690361533 986703154.28159046 -986690241.22383034
16.000980165669461 989236165.54691005 -989223239.23933864
16.000983640977388 991777636.78823721 -991764697.20704436
16.000987116285316 994327602.80831361 -994314649.9296279
16.000990591593244 996886098.58002865 -996873132.37991726
16.000994066901171 999453159.24738383 -999440179.70185232
16.000997542209099 1002028820.1264626 -1002015827.2114549
16.001001017517027 1004613116.7064068 -1004600110.3978047
16.001004492824958 1007206084.6503997 -1007193064.9240228
16.001007968132885 1009807759.7966543 -1009794726.62826
16.001011443440813 1012418178.1594098 -1012405131.5246924
16.001014918748741 1015037375.9299321 -1015024315.8045236
16.001018394056668 1017665389.4775238 -1017652315.8369929
16.001021869364596 1020302255.3505377 -1020289168.1703898
16.001025344672524 1022948010.2773988 -1022934909.533076
16.001028819980451 1025602691.1676326 -1025589576.8345132
16.001032295288379 1028266335.1128993 -1028253207.1662977
16.001035770596307 1030938979.3880358 -1030925837.8032023
16.001039245904234 1033620661.4521039 -1033607506.2042246
16.001042721212162 1036311418.9494451 -1036298250.0136415
16.00104619652009 1039011289.7107427 -1038998107.0620713
16.001049671828017 1041720311.7540907 -1041707115.3675432
16.001053147135949 1044438523.2860698 -1044425313.1365727
16.001056622443876 1047165962.7028302 -1047152738.7652446
16.001060097751804 1049902668.5911816 -1049889430.8403029
16.001063573059731 1052648679.7296902 -1052635428.1402478
16.001067048367659 1055404035.0897828 -1055390769.6364403
16.001070523675587 1058168773.8368589 -1058155494.4942133
16.001073998983514 1060942935.3314086 -1060929642.0739906
16.001077474291442 1063726559.1301392 -1063713251.9324125
16.00108094959937 1066519684.9871088 -1066506363.8234702
16.001084424907297 1069322352.8548672 -1069309017.6996464
16.001087900215225 1072134602.8856041 -1072121253.713063
16.001091375523153 1074956475.4323053 -1074943112.2166386
16.00109485083108 1077788011.0499163 -1077774633.7652502
16.001098326139008 1080629250.4965134 -1080615859.1169064
16.001101801446936 1083480234.734483 -1083466829.2339251
16.001105276754867 1086341004.9317086 -1086327585.284121
16.001108752062795 1089211602.4627647 -1089198168.6420002
16.001112227370722 1092092068.9101202 -1092078620.889962
16.00111570267865 1094982446.0653486 -1094968983.8195105
16.001119177986578 1097882775.930346 -1097869299.4324727
16.001122653294505 1100793100.7185585 -1100779609.9422247
16.001126128602433 1103713462.8562162 -1103699957.7749267
16.001129603910361 1106643904.9835763 -1106630385.5707653
16.001133079218288 1109584469.9561744 -1109570936.1852057
16.001136554526216 1112535200.8460844 -1112521652.6902509
16.001140029834144 1115496140.9431853 -1115482578.3757091
16.001143505142071 1118467333.7564394 -1118453756.7504711
16.001146980449999 1121448823.0151753 -1121435231.5437942
16.001150455757926 1124440652.6703823 -1124427046.7065957
16.001153931065854 1127442866.8960118 -1127429246.4127553
16.001157406373785 1130455510.0902889 -1130441875.0604253
16.001160881681713 1133478626.8770308 -1133464977.273351
16.001164356989641 1136512262.1069765 -1136498597.9021983
16.001167832297568 1139556460.8591223 -1139542782.0258906
16.001171307605496 1142611268.4420688 -1142597574.9529555
16.001174782913424 1145676730.3953764 -1145663022.2228794
16.001178258221351 1148752892.4909286 -1148739169.6074722
16.001181733529279 1151839800.7343066 -1151826063.112241
16.001185208837207 1154937501.3661714 -1154923748.9777725
16.001188684145134 1158046040.863656 -1158032273.6811252
16.001192159453062 1161165465.9417672 -1161151683.9372311
16.00119563476099 1164295823.554796 -1164282026.7003059
16.001199110068917 1167437160.8977373 -1167423349.1652696
16.001202585376845 1170589525.407721 -1170575698.7691762
16.001206060684773 1173752964.7654505 -1173739123.1926532
16.001209535992704 1176927526.8966525 -1176913670.3613513
16.001213011300631 1180113259.9735363 -1180099388.4474032
16.001216486608559 1183310212.4162629 -1183296325.8708932
16.001219961916487 1186518432.8944235 -1186504531.3013358
16.001223437224414 1189737970.3285291 -1189724053.6591647
16.001226912532342 1192968873.8915091 -1192954942.1172316
16.00123038784027 1196211193.0102203 -1196197246.1023159
16.001233863148197 1199464977.3669677 -1199451015.2966442
16.001237338456125 1202730276.9010327 -1202716299.6394198
16.001240813764053 1206007141.8102148 -1205993149.3283634
16.00124428907198 1209295622.5523815 -1209281614.821264
16.001247764379908 1212595769.8470309 -1212581746.8375401
16.001251239687836 1215907634.6768627 -1215893596.3598123
16.001254714995763 1219231268.289362 -1219217214.6354856
16.001258190303691 1222566722.1983914 -1222552653.1783431
16.001261665611622 1225914048.185797 -1225899963.7701502
16.00126514091955 1229273298.3030233 -1229259198.462271
16.001268616227478 1232644524.8727403 -1232630409.5772948
16.001272091535405 1236027780.4904804 -1236013649.7106729
16.001275566843333 1239423118.0262871 -1239408971.732367
16.001279042151261 1242830590.6263762 -1242816428.7885113
16.001282517459188 1246250251.7148073 -1246236074.3030834
16.001285992767116 1249682154.9951684 -1249667961.9795892
16.001289468075043 1253126354.4522696 -1253112145.8027558
16.001292943382971 1256582904.3538489 -1256568680.0402386
16.001296418690899 1260051859.2522919 -1260037619.2443399
16.001299893998826 1263533273.9863615 -1263519018.2537391
16.001303369306754 1267027203.6829402 -1267012932.195235
16.001306844614682 1270533703.7587838 -1270519416.4854991
16.001310319922609 1274052829.9222884 -1274038526.8328433
16.001313795230541 1277584638.1752691 -1277570319.2389979
16.001317270538468 1281129184.8147502 -1281114850.0009022
16.001320745846396 1284686526.4347694 -1284672175.7125084
16.001324221154324 1288256719.9281936 -1288242353.2665982
16.001327696462251 1291839822.4885471 -1291825439.8566098
16.001331171770179 1295435891.6118529 -1295421492.9784799
16.001334647078107 1299044985.0984867 -1299030570.4324975
16.001338122386034 1302667161.0550442 -1302652730.3251717
16.001341597693962 1306302477.8962209 -1306288031.0711105
16.00134507300189 1309950994.3467057 -1309936531.3949156
16.001348548309817 1313612769.4430873 -1313598290.3330877
16.001352023617745 1317287862.5357738 -1317273367.2359467
16.001355498925673 1320976333.2909255 -1320961821.7695646
16.0013589742336 1324678241.6924021 -1324663713.9177125
16.001362449541531 1328393648.0437231 -1328379103.9838204
16.001365924849459 1332122612.970041 -1332108052.5929518
16.001369400157387 1335865197.4201303 -1335850620.6937912
16.001372875465314 1339621462.6683881 -1339606869.5606456
16.001376350773242 1343391470.3168521 -1343376860.7954621
16.00137982608117 1347175282.2972295 -1347160656.3298576
16.001383301389097 1350972960.8729424 -1350958318.4271629
16.001386776697025 1354784568.6411865 -1354769909.6844821
16.001390252004953 1358610168.5350044 -1358595493.0347662
16.00139372731288 1362449823.8253736 -1362435131.7489009
16.001397202620808 1366303598.1233103 -1366288889.4378095
16.001400677928736 1370171555.3819861 -1370156830.0545712
16.001404153236663 1374053759.8988621 -1374039017.8965538
16.001407628544591 1377950276.3178353 -1377935517.6075609
16.001411103852519 1381861169.631403 -1381846394.179996
16.00141457916045 1385786505.1828411 -1385771712.957041
16.001418054468378 1389726348.6683981 -1389711539.6348498
16.001421529776305 1393680766.1395044 -1393665940.2647581
16.001425005084233 1397649824.004998 -1397634981.2555087
16.00142848039216 1401633589.0333645 -1401618729.3754916
16.001431955700088 1405632128.354996 -1405617251.7550027
16.001435431008016 1409645509.4644637 -1409630615.8885174
16.001438906315943 1413673800.2228079 -1413658889.6369793
16.001442381623871 1417717068.8598433 -1417702141.2301061
16.001445856931799 1421775383.9764817 -1421760439.2687123
16.001449332239726 1425848814.5470712 -1425833852.7270484
16.001452807547654 1429937429.9217517 -1429922450.9551561
16.001456282855582 1434041299.8288279 -1434026303.6812415
16.001459758163509 1438160494.3771589 -1438145481.0140653
16.001463233471437 1442295084.0585661 -1442280053.4453495
16.001466708779368 1446445139.7502563 -1446430091.8522017
16.001470184087296 1450610732.7172637 -1450595667.4995558
16.001473659395224 1454791934.6149094 -1454776852.0426328
16.001477134703151 1458988817.4912789 -1458973717.5294178
16.001480610011079 1463201453.7897162 -1463186336.4031537
16.001484085319007 1467429916.3513367 -1467414781.504854
16.001487560626934 1471674278.4175589 -1471659126.0758357
16.001491035934862 1475934613.6326544 -1475919443.7602684
16.00149451124279 1480210996.0463152 -1480195808.6077416
16.001497986550717 1484503500.11624 -1484488295.0758512
16.001501461858645 1488812200.7107396 -1488796978.0328043
16.001504937166573 1493137173.1113601 -1493121932.7600434
16.0015084124745 1497478493.015528 -1497463234.954891
16.001511887782428 1501836236.539212 -1501820960.7332113
16.001515363090355 1506210480.2196047 -1506195186.632092
16.001518838398287 1510601301.0178242 -1510585989.6125457
16.001522313706214 1515008776.321635 -1514993447.0622315
16.001525789014142 1519432983.94819 -1519417636.7981958
16.00152926432207 1523874002.146791 -1523858637.0696344
16.001532739629997 1528331909.6016707 -1528316526.560673
16.001536214937925 1532806785.434793 -1532791384.3931682
16.001539690245853 1537298709.2086751 -1537283290.1295295
16.00154316555378 1541807760.9292305 -1541792323.7755618
16.001546640861708 1546334021.0486331 -1546318565.7833309
16.001550116169636 1550877570.4682033 -1550862097.0540485
16.001553591477563 1555438490.5413122 -1555422998.9409759
16.001557066785491 1560016863.0763087 -1560001353.2523522
16.001560542093419 1564612770.3394699 -1564597242.2543445
16.001564017401346 1569226295.057971 -1569210748.6740174
16.001567492709274 1573857520.4228778 -1573841955.7023258
16.001570968017205 1578506530.0921605 -1578490946.997128
16.001574443325133 1583173408.1937308 -1583157806.6862242
16.00157791863306 1587858239.3285031 -1587842619.3704162
16.001581393940988 1592561108.5734749 -1592545470.1265888
16.001584869248916 1597282101.484832 -1597266444.5108147
16.001588344556843 1602021304.1010768 -1602005628.5614827
16.001591819864771 1606778802.9461792 -1606763108.8024483
16.001595295172699 1611554685.0327501 -1611538972.2462082
16.001598770480626 1616349037.8652425 -1616333306.3971004
16.001602245788554 1621161949.4431708 -1621146199.254524
16.001605721096482 1625993508.2643573 -1625977739.316185
16.001609196404409 1630843803.3282032 -1630828015.5813687
16.001612671712337 1635712924.1389832 -1635697117.5542331
16.001616147020265 1640600960.7091641 -1640585135.2471275
16.001619622328196 1645508003.5627484 -1645492159.1839371
16.001623097636124 1650434143.7386441 -1650418280.4034517
16.001626572944051 1655379472.794059 -1655363590.4627604
16.001630048251979 1660344082.8079197 -1660328181.4406707
16.001633523559907 1665328066.3843176 -1665312145.9411547
16.001636998867834 1670331516.6559811 -1670315577.0968206
16.001640474175762 1675354527.2877715 -1675338568.5724096
16.00164394948369 1680397192.4802077 -1680381214.5683196
16.001647424791617 1685459606.9730155 -1685443609.8241549
16.001650900099545 1690541866.0487056 -1690525849.6223042
16.001654375407472 1695644065.5361767 -1695628029.7915442
16.0016578507154 1700766301.8143473 -1700750246.7106705
16.001661326023328 1705908671.8158145 -1705892597.3121569
16.001664801331255 1711071273.0305398 -1711055179.0858412
16.001668276639183 1716254203.509563 -1716238090.0826387
16.001671751947114 1721457561.8687458 -1721441428.9182866
16.001675227255042 1726681447.2925417 -1726665294.777113
16.00167870256297 1731925959.5377963 -1731909787.4158375
16.001682177870897 1737191198.9375746 -1737175007.1673994
16.001685653178825 1742477266.4050205 -1742461054.9448156
16.001689128486753 1747784263.4372411 -1747768032.2450659
16.00169260379468 1753112292.1192238 -1753096041.1530104
16.001696079102608 1758461455.1277838 -1758445184.3453352
16.001699554410536 1763831855.7355387 -1763815565.0945301
16.001703029718463 1769223597.8149171 -1769207287.2728939
16.001706505026391 1774636785.8421943 -1774620455.3565724
16.001709980334319 1780071524.9015617 -1780055174.4296262
16.001713455642246 1785527920.6892264 -1785511550.188132
16.001716930950174 1791006079.5175431 -1790989688.944313
16.001720406258102 1796506108.3191752 -1796489697.6307013
16.001723881566033 1802028114.6512904 -1802011683.8043313
16.00172735687396 1807572206.6997864 -1807555755.6509683
16.001730832181888 1813138493.2835526 -1813122021.9893682
16.001734307489816 1818727083.8587615 -1818710592.2755697
16.001737782797743 1824338088.5231934 -1824321576.607218
16.001741258105671 1829971618.0205953 -1829955085.7279258
16.001744733413599 1835627783.745075 -1835611231.0316648
16.001748208721526 1841306697.7455254 -1841290124.5671921
16.001751684029454 1847008472.7300863 -1846991879.0425105
16.001755159337382 1852733222.0706401 -1852716607.8293653
16.001758634645309 1858481059.8073413 -1858464424.9677732
16.001762109953237 1864252100.6531825 -1864235445.1705883
16.001765585261165 1870046459.998595 -1870029783.8281031
16.001769060569092 1875864253.9160855 -1875847557.0126851
16.00177253587702 1881705599.1649091 -1881688881.4834487
16.001776011184951 1887570613.1957779 -1887553874.6909659
16.001779486492879 1893459414.1556072 -1893442654.782011
16.001782961800807 1899372120.8922987 -1899355340.6043437
16.001786437108734 1905308852.959559 -1905292051.7115281
16.001789912416662 1911269730.6217594 -1911252908.3677928
16.001793387724589 1917254874.8588316 -1917238031.5529261
16.001796863032517 1923264407.3712025 -1923247542.9672108
16.001800338340445 1929298450.5847661 -1929281565.036396
16.001803813648372 1935357127.6558967 -1935340220.9167111
16.0018072889563 1941440562.4764996 -1941423634.4999154
16.001810764264228 1947548879.6791027 -1947531930.4183905
16.001814239572155 1953682204.6419878 -1953665234.0502713
16.001817714880083 1959840663.4943612 -1959823671.524616
16.001821190188011 1966024383.1215675 -1966007369.7266214
16.001824665495938 1972233491.1703441 -1972216456.302876
16.00182814080387 1978468116.0541153 -1978451059.6666543
16.001831616111797 1984728386.9583292 -1984711309.0032547
16.001835091419725 1991014433.8458383 -1990997334.2753789
16.001838566727653 1997326387.4623203 -1997309266.2285533
16.00184204203558 2003664379.3417437 -2003647236.3965943
16.001845517343508 2010028541.8118768 -2010011377.1071179
16.001848992651436 2016419007.9998391 -2016401821.4870903
16.001852467959363 2022835911.8376973 -2022818703.4684246
16.001855943267291 2029279388.0681076 -2029262157.793622
16.001859418575219 2035749572.2500012 -2035732320.0214591
16.001862893883146 2042246600.7643154 -2042229326.5327175
16.001866369191074 2048770610.8197699 -2048753314.5359602
16.001869844499002 2055321740.4586904 -2055304422.0733559
16.001873319806929 2061900128.5628798 -2061882788.0265501
16.00187679511486 2068505914.8595343 -2068488552.1225805
16.001880270422788 2075139239.9272063 -2075121854.9398406
16.001883745730716 2081800245.2018175 -2081782837.9140921
16.001887221038643 2088489072.9827199 -2088471643.3445268
16.001890696346571 2095205866.4388053 -2095188414.3998756
16.001894171654499 2101950769.6146631 -2101933295.1245666
16.001897646962426 2108723927.4367871 -2108706430.4449308
16.001901122270354 2115525485.7198339 -2115507966.1754615
16.001904597578282 2122355591.1729324 -2122338049.0251245
16.001908072886209 2129214391.4060435 -2129196826.6037161
16.001911548194137 2136102034.9363701 -2136084447.4282739
16.001915023502065 2143018671.1948202 -2143001060.9295404
16.001918498809992 2149964450.5325217 -2149946817.458477
16.00192197411792 2156939524.2273908 -2156921868.2928324
16.001925449425848 2163944044.4907532 -2163926365.643765
16.001928924733779 2170978164.4740191 -2170960462.6625156
16.001932400041706 2178042038.2754116 -2178024313.4471388
16.001935875349634 2185135820.9467545 -2185118073.0492878
16.001939350657562 2192259668.5003085 -2192241897.4810529
16.001942825965489 2199413737.9156685 -2199395943.7218571
16.001946301273417 2206598187.1467133 -2206580369.7254071
16.001949776581345 2213813175.1286159 -2213795334.4267035
16.001953251889272 2221058861.7849102 -2221040997.7491059
16.0019567271972 2228335408.0346131 -2228317520.6114573
16.001960202505128 2235642975.7994056 -2235625064.9352632
16.001963677813055 2242981728.0108752 -2242963793.6519351
16.001967153120983 2250351828.6178169 -2250333870.7100921
16.001970628428911 2257753442.5935926 -2257735461.0829182
16.001974103736838 2265186735.9435525 -2265168730.7755852
16.001977579044766 2272651875.7125163 -2272633846.8327341
16.001981054352697 2280149029.9923201 -2280130977.3460217
16.001984529660625 2287678367.92942 -2287660291.4617229
16.001988004968553 2295240059.7325625 -2295221959.3884039
16.00199148027648 2302834276.6805162 -2302816152.4046507
16.001994955584408 2310461191.1298676 -2310443042.8668666
16.001998430892336 2318120976.5228839 -2318102804.2171359
16.002001906200263 2325813807.3954406 -2325795610.9911494
16.002005381508191 2333539859.3850136 -2333521638.8261981
16.002008856816119 2341299309.2387362 -2341281064.4692297
16.002012332124046 2349092334.8215227 -2349074065.7849708
16.002015807431974 2356919115.1242647 -2356900821.7641258
16.002019282739901 2364779830.2720938 -2364761512.5316381
16.002022758047829 2372674661.5327096 -2372656319.3550181
16.002026233355757 2380603791.3247819 -2380585424.6527452
16.002029708663684 2388567403.2264209 -2388549012.002739
16.002033183971616 2396565681.9837203 -2396547266.1509013
16.002036659279543 2404598813.5193682 -2404580373.0197282
16.002040134587471 2412666984.9413323 -2412648519.7169938
16.002043609895399 2420770384.5516181 -2420751894.5445089
16.002047085203326 2428909201.8551011 -2428890687.0069547
16.002050560511254 2437083627.5684352 -2437065087.8207889
16.002054035819182 2445293853.6290293 -2445275288.923224
16.002057511127109 2453540073.2041059 -2453521483.4812841
16.002060986435037 2461822480.6998339 -2461803865.9009399
16.002064461742965 2470141271.7705441 -2470122631.8363233
16.002067937050892 2478496643.3280134 -2478477978.1990108
16.00207141235882 2486888793.5508294 -2486870103.1673889
16.002074887666748 2495317921.8938389 -2495299206.1961021
16.002078362974675 2503784229.0976748 -2503765488.0255804
16.002081838282603 2512287917.1983638 -2512269150.6916471
16.002085313590534 2520829189.5370164 -2520810397.5352077
16.002088788898462 2529408250.7695961 -2529389433.2120199
16.002092264206389 2538025306.8767757 -2538006463.7025504
16.002095739514317 2546680565.1738782 -2546661696.3219147
16.002099214822245 2555374234.3208961 -2555355339.729897
16.002102690130172 2564106524.332603 -2564087603.9410615
16.0021061654381 2572877646.5887465 -2572858700.3349457
16.002109640746028 2581687813.8443341 -2581668841.6663461
16.002113116053955 2590537240.2400045 -2590518242.0756893
16.002116591361883 2599426141.3124857 -2599407117.0994902
16.002120066669811 2608354734.0051427 -2608335683.6809001
16.002123541977738 2617323236.6786213 -2617304160.1803493
16.002127017285666 2626331869.1215792 -2626312766.3862805
16.002130492593594 2635380852.5615101 -2635361723.5259695
16.002133967901525 2644470409.675663 -2644451254.2764482
16.002137443209453 2653600764.6020546 -2653581582.7755146
16.00214091851738 2662772142.9505734 -2662752934.6328373
16.002144393825308 2671984771.8141856 -2671965536.9411616
16.002147869133236 2681238879.7802324 -2681219618.2876072
16.002151344441163 2690534696.9418316 -2690515408.7650685
16.002154819749091 2699872454.9093738 -2699853139.9837132
16.002158295057018 2709252386.8221192 -2709233045.0825763
16.002161770364946 2718674727.3598943 -2718655358.7412586
16.002165245672874 2728139712.7548933 -2728120317.1917272
16.002168720980801 2737647580.8035808 -2737628158.2302194
16.002172196288729 2747198570.8786974 -2747179121.2292466
16.002175671596657 2756792923.9413681 -2756773447.1497045
16.002179146904584 2766430882.5533242 -2766411378.5530925
16.002182622212512 2776112690.8892231 -2776093159.6138368
16.002186097520443 2785838594.7490816 -2785819036.131721
16.002189572828371 2795608841.5708165 -2795589255.5444274
16.002193048136299 2805423680.442894 -2805404066.9401875
16.002196523444226 2815283362.1170945 -2815263721.0705452
16.002199998752154 2825188139.0213842 -2825168470.3632298
16.002203474060082 2835138265.2729044 -2835118568.9351435
16.002206949368009 2845133996.691072 -2845114272.6054645
16.002210424675937 2855175590.8107982 -2855155838.9088626
16.002213899983865 2865263306.8958225 -2865243527.1088362
16.002217375291792 2875397405.9521666 -2875377598.211164
16.00222085059972 2885578150.7417035 -2885558314.9774752
16.002224325907648 2895805805.7958503 -2895785941.9389415
16.002227801215575 2906080637.4293795 -2906060745.410089
16.002231276523503 2916402913.7543583 -2916382993.5027385
16.002234751831431 2926772904.6942081 -2926752956.1400623
16.002238227139362 2937190881.9978871 -2937170905.0707693
16.002241702447289 2947657119.2542009 -2947637113.8834143
16.002245177755217 2958171891.9062414 -2958151858.0208368
16.002248653063145 2968735477.2659559 -2968715414.7947316
16.002252128371072 2979348154.5288448 -2979328063.4003448
16.002255603679 2990010204.7887893 -2989990084.9313016
16.002259078986928 3000721911.0530157 -3000701762.3945723
16.002262554294855 3011483558.257194 -3011463380.7255688
16.002266029602783 3022295433.280663 -3022275226.803371
16.002269504910711 3033157824.961803 -3033137589.4660983
16.002272980218638 3044071024.113544 -3044050759.5264201
16.002276455526566 3055035323.5390115 -3055015029.787199
16.002279930834494 3066051018.0473099 -3066030695.0572753
16.002283406142421 3077118404.4694581 -3077098052.1674027
16.002286881450349 3088237781.6744614 -3088217399.9863205
16.00229035675828 3099409450.5855303 -3099389039.4369712
16.002293832066208 3110633714.1964469 -3110613273.5128684
16.002297307374135 3121910877.5880809 -3121890407.294611
16.002300782682063 3133241247.9450507 -3133220747.9665465
16.002304257989991 3144625134.5725427 -3144604604.8335886
16.002307733297918 3156062848.9132757 -3156042289.338182
16.002311208605846 3167554704.5646262 -3167534115.0774274
16.002314683913774 3179101017.2959089 -3179080397.8203635
16.002318159221701 3190702105.065815 -3190681455.525403
16.002321634529629 3202358288.0400038 -3202337608.3579268
16.002325109837557 3214069888.608861 -3214049178.7080398
16.002328585145484 3225837231.4054174 -3225816491.2084904
16.002332060453412 3237660643.3234339 -3237639872.7527566
16.00233553576134 3249540453.5356503 -3249519652.5132937
16.002339011069267 3261476993.5122056 -3261456161.9599547
16.002342486377199 3273470597.0392184 -3273449734.8785706
16.002345961685126 3285521600.2375484 -3285500707.3897123
16.002349436993054 3297630341.581728 -3297609417.9676228
16.002352912300982 3309797161.9190669 -3309776207.4593201
16.002356387608909 3322022404.4889317 -3322001419.1038775
16.002359862916837 3334306414.9422064 -3334285398.5518851
16.002363338224765 3346649541.3609309 -3346628493.885087
16.002366813532692 3359052134.2781248 -3359031055.6362062
16.00237028884062 3371514546.6977911 -3371493436.8089466
16.002373764148548 3384037134.1151066 -3384015992.8981857
16.002377239456475 3396620254.5368009 -3396599081.9103508
16.002380714764403 3409264268.5017228 -3409243064.3839884
16.00238419007233 3421969539.1016088 -3421948303.4105306
16.002387665380258 3434736432.0020294 -3434715164.655242
16.002391140688186 3447565315.4635391 -3447544016.3783693
16.002394615996117 3460456560.3630295 -3460435229.4564962
16.002398091304045 3473410540.2152734 -3473389177.4040847
16.002401566611972 3486427631.1946721 -3486406236.3952241
16.0024050419199 3499508212.1572108 -3499486785.2855873
16.002408517227828 3512652664.6626143 -3512631205.6345835
16.002411992535755 3525861372.9967136 -3525839881.7277269
16.002415467843683 3539134724.1940279 -3539113200.5992193
16.002418943151611 3552473108.0605536 -3552451552.0547376
16.002422418459538 3565876917.1967731 -3565855328.6944432
16.002425893767466 3579346547.0208726 -3579324925.9361997
16.002429369075394 3592882395.7921867 -3592860742.0390172
16.002432844383321 3606484864.63486 -3606463178.1267147
16.002436319691249 3620154357.5617385 -3620132638.2118111
16.002439794999177 3633891281.4984837 -3633869529.2196379
16.002443270307108 3647696046.3079162 -3647674261.0126858
16.002446745615035 3661569064.8145957 -3661547246.4151826
16.002450220922963 3675510752.8296261 -3675488901.2378974
16.002453696230891 3689521529.1756992 -3689499644.3031874
16.002457171538818 3703601815.7123833 -3703579897.4702826
16.002460646846746 3717752037.3616476 -3717730085.6608143
16.002464122154674 3731972622.133637 -3731950636.8845859
16.002467597462601 3746264001.1526833 -3746241982.2655873
16.002471072770529 3760626608.6835766 -3760604556.068265
16.002474548078457 3775060882.1580806 -3775038795.7240362
16.002478023386384 3789567262.2017107 -3789545141.8580694
16.002481498694312 3804146192.6607618 -3804124038.3163104
16.00248497400224 3818798120.6296005 -3818775932.1927743
16.002488449310167 3833523496.47822 -3833501273.8571019
16.002491924618095 3848322773.8800607 -3848300516.9823794
16.002495399926026 3863196409.8400974 -3863174118.5732255
16.002498875233954 3878144864.7231994 -3878122538.9941511
16.002502350541882 3893168602.2827678 -3893146241.9981976
16.002505825849809 3908268089.6896477 -3908245694.7558489
16.002509301157737 3923443797.5613217 -3923421367.8842235
16.002512776465665 3938696199.9913898 -3938673735.4765563
16.002516251773592 3954025774.5793328 -3954003275.1319613
16.00251972708152 3969433002.4605637 -3969410467.9854822
16.002523202389447 3984918368.3367777 -3984895798.7384439
16.002526677697375 4000482360.5065951 -4000459755.6890936
16.002530153005303 4016125470.896502 -4016102830.7635422
16.00253362831323 4031848195.0921001 -4031825519.5470157
16.002537103621158 4047651032.3696623 -4047628321.3154078
16.002540578929086 4063534485.7279892 -4063511739.0671396
16.002544054237013 4079499061.9205885 -4079476279.555336
16.002547529544945 4095545271.4881568 -4095522453.3203096
16.002551004852872 4111673628.7913966 -4111650774.7223763
16.0025544801608 4127884652.0441537 -4127861761.9749942
16.002557955468728 4144178863.3468742 -4144155937.1782184
16.002561430776655 4160556788.7203956 -4160533826.3524952
16.002564906084583 4177018958.1400805 -4176995959.4727926
16.002568381392511 4193565905.5702715 -4193542870.5030565
16.002571856700438 4210198168.9991002 -4210175097.4310207
16.002575332008366 4226916290.4736419 -4226893182.30336
16.002578807316294 4243720816.135416 -4243697671.2611914
16.002582282624221 4260612296.2562418 -4260589114.5759296
16.002585757932149 4277591285.2744465 -4277568066.6854954
16.002589233240077 4294658341.8314371 -4294635086.2308874
16.002592708548004 4311814028.8086405 -4311790736.0931215
16.002596183855932 4329058913.3648052 -4329035583.4305334
16.002599659163863 4346393566.9736843 -4346370199.7164602
16.002603134471791 4363818565.4620991 -4363795160.7773066
16.002606609779718 4381334489.0483828 -4381311046.830986
16.002610085087646 4398941922.3811998 -4398918442.5257425
16.002613560395574 4416641454.5787649 -4416617936.9793653
16.002617035703501 4434433679.2684536 -4434410123.8188057
16.002620511011429 4452319194.6268129 -4452295601.2201805
16.002623986319357 4470298603.4199781 -4470274971.9491959
16.002627461627284 4488372513.0444975 -4488348843.401967
16.002630936935212 4506541535.5685635 -4506517827.6462517
16.00263441224314 4524806287.7736712 -4524782541.4631071
16.002637887551067 4543167391.1966972 -4543143606.3889704
16.002641362858995 4561625472.1724033 -4561601648.7581615
16.002644838166923 4580181161.8763723 -4580157299.7458181
16.00264831347485 4598835096.3683882 -4598811195.4112787
16.002651788782781 4617587916.6362486 -4617563976.7418919
16.002655264090709 4636440268.6400223 -4636416289.6972742
16.002658739398637 4655392803.3567753 -4655368785.2540388
16.002662214706564 4674446176.8257389 -4674422119.4509602
16.002665690014492 4693601050.1939373 -4693576953.4346046
16.00266916532242 4712858089.7623043 -4712833953.5054445
16.002672640630347 4732217967.0322533 -4732193791.1644297
16.002676115938275 4751681358.7527332 -4751657143.1600428
16.002679591246203 4771248946.9677744 -4771224691.5358458
16.00268306655413 4790921419.0645227 -4790897123.6785135
16.002686541862058 4810699467.8217726 -4810675132.3663664
16.002690017169986 4830583791.4589891 -4830559415.8183956
16.002693492477913 4850575093.6858368 -4850550677.7437849
16.002696967785841 4870674083.7522211 -4870649627.3919592
16.002700443093772 4890881476.4988747 -4890856979.6031675
16.0027039184017 4911197992.4084473 -4911173454.8595724
16.002707393709628 4931624357.6571236 -4931599779.3368702
16.002710869017555 4952161304.1667957 -4952136684.9564619
16.002714344325483 4972809569.6577616 -4972784909.4381514
16.002717819633411 4993569897.7019653 -4993545196.353384
16.002721294941338 5014443037.7768202 -5014418295.1790743
16.002724770249266 5035429745.319602 -5035404961.3519955
16.002728245557194 5056530781.782383 -5056505956.3237152
16.002731720865121 5077746914.6875362 -5077722047.6160975
16.002735196173049 5099078917.6838627 -5099054008.8774338
16.002738671480977 5120527570.6032801 -5120502619.9391289
16.002742146788904 5142093659.5180988 -5142068666.8729763
16.002745622096832 5163777976.7989092 -5163752942.0490465
16.002749097404759 5185581321.1731119 -5185556244.1942186
16.002752572712691 5207504497.7840509 -5207479378.4513111
16.002756048020618 5229548318.2507505 -5229523156.4388218
16.002759523328546 5251713600.7282982 -5251688396.3113079
16.002762998636474 5274001169.9688587 -5273975922.8203993
16.002766473944401 5296411857.3833618 -5296386567.3764896
16.002769949252329 5318946501.1038342 -5318921168.1110668
16.002773424560257 5341605946.04638 -5341580569.9396915
16.002776899868184 5364391043.9748526 -5364365624.6256733
16.002780375176112 5387302653.5651922 -5387277190.8444023
16.00278385048404 5410341640.4704533 -5410316134.2483826
16.002787325791967 5433508877.3865461 -5433483327.5329695
16.002790801099895 5456805244.1186581 -5456779650.5027933
16.002794276407823 5480231627.6483984 -5480205990.1389017
16.00279775171575 5503788922.2016659 -5503763240.6666298
16.002801227023678 5527478029.3172541 -5527452303.6242046
16.002804702331609 5551299857.9161787 -5551274087.9320717
16.002808177639537 5575255324.3717699 -5575229509.9629879
16.002811652947464 5599345352.5804901 -5599319493.6128378
16.002815128255392 5623570874.033577 -5623544970.3722792
16.00281860356332 5647932827.8894148 -5647906879.3991146
16.002822078871247 5672432161.0467091 -5672406167.5914631
16.002825554179175 5697069828.2184391 -5697043789.6617146
16.002829029487103 5721846792.0065994 -5721820708.2112694
16.00283250479503 5746764022.977808 -5746737893.8061495
16.002835980102958 5771822499.7397175 -5771796325.0534077
16.002839455410886 5797023209.0182362 -5796996988.6783485
16.002842930718813 5822367145.7356348 -5822340879.6026373
16.002846406026741 5847855313.0894737 -5847829001.0232248
16.002849881334669 5873488722.6323862 -5873462364.4921293
16.002853356642596 5899268394.352767 -5899241989.9971294
16.002856831950528 5925195356.7563467 -5925168906.043335
16.002860307258455 5951270646.9486485 -5951244149.7356453
16.002863782566383 5977495310.7183628 -5977468766.8621225
16.002867257874311 6003870402.6216383 -6003843811.9782839
16.002870733182238 6030396986.0673027 -6030370348.4923239
16.002874208490166 6057076133.4030247 -6057049448.7512722
16.002877683798093 6083908926.0024118 -6083882194.1280928
16.002881159106021 6110896454.3531141 -6110869675.1097918
16.002884634413949 6138039818.1458893 -6138012991.3864756
16.002888109721876 6165340126.3646479 -6165313251.9414024
16.002891585029804 6192798497.377512 -6192771575.1420374
16.002895060337732 6220416059.0288858 -6220389088.8321228
16.002898535645659 6248193948.7325592 -6248166930.4247847
16.002902010953587 6276133313.5658398 -6276106246.9966621
16.002905486261515 6304235310.3647318 -6304208195.3830862
16.002908961569446 6332501105.8202181 -6332473942.2743635
16.002912436877374 6360931876.5755863 -6360904664.3131018
16.002915912185301 6389528809.3248749 -6389501548.1926546
16.002919387493229 6418293100.9124079 -6418265790.7566586
16.002922862801157 6447225958.4334497 -6447198599.0996847
16.002926338109084 6476328599.336009 -6476301190.6690454
16.002929813417012 6505602251.5238094 -6505574793.3677645
16.00293328872494 6535048153.4603968 -6535020645.6586819
16.002936764032867 6564667554.2744198 -6564639996.6697397
16.002940239340795 6594461713.8661289 -6594434106.3004732
16.002943714648723 6624431903.0150738 -6624404245.3297167
16.00294718995665 6654579403.489028 -6654551695.5245218
16.002950665264578 6684905508.1541386 -6684877749.750309
16.002954140572506 6715411521.0863724 -6715383712.0823154
16.002957615880437 6746098757.6842175 -6746070897.9182959
16.002961091188364 6776968544.7826576 -6776940634.092495
16.002964566496292 6808022220.7684555 -6807994258.9909325
16.00296804180422 6839261135.6967688 -6839233122.6680183
16.002971517112147 6870686651.4091005 -6870658586.9645042
16.002974992420075 6902300141.6526041 -6902272025.6267862
16.002978467728003 6934102992.2007904 -6934074824.4276142
16.00298194303593 6966096600.9755983 -6966068381.2881622
16.002985418343858 6998282378.1708736 -6998254106.4015055
16.002988893651786 7030661746.3772898 -7030633422.3575439
16.002992368959713 7063236140.7086983 -7063207764.2693491
16.002995844267641 7096007008.929945 -7095978579.9009829
16.002999319575569 7128975811.5861902 -7128947329.7968159
16.003002794883496 7162144022.133729 -7162115487.4123507
16.003006270191424 7195513127.0723362 -7195484539.246563
16.003009745499355 7229084626.0791321 -7229055984.97577
16.003013220807283 7262860032.1440639 -7262831337.5891113
16.00301669611521 7296840871.7069178 -7296812123.5255604
16.003020171423138 7331028684.7959337 -7330999882.8125381
16.003023646731066 7365425025.1680899 -7365396169.2061996
16.003027122038993 7400031460.4510317 -7400002550.3333635
16.003030597346921 7434849572.2866335 -7434820607.8350716
16.003034072654849 7469880956.4762669 -7469851937.5118561
16.003037547962776 7505127223.1277752 -7505098149.4707184
16.003041023270704 7540589996.8041916 -7540560868.2738428
16.003044498578632 7576270916.6742334 -7576241733.0890932
16.003047973886559 7612171636.6645412 -7612142397.8422508
16.003051449194487 7648293825.6137724 -7648264531.371109
16.003054924502415 7684639167.4285049 -7684609817.5813761
16.003058399810342 7721209361.2409725 -7721179955.6044111
16.003061875118274 7758006121.568717 -7757976659.9568758
16.003065350426201 7795031178.476119 -7795001660.7022648
16.003068825734129 7832286277.7378798 -7832256703.6143885
16.003072301042057 7869773181.0044317 -7869743550.342783
16.003075776349984 7907493665.9693375 -7907463978.5801077
16.003079251657912 7945449526.538703 -7945419782.2315617
16.00308272696584 7983642573.0026407 -7983612771.5863438
16.003086202273767 8022074632.2087584 -8022044773.4911423
16.003089677581695 8060747547.737771 -8060717631.5257463
16.003093152889623 8099663180.0812464 -8099633206.1807928
16.00309662819755 8138823406.8214817 -8138793375.0376434
16.003100103505478 8178230122.8135433 -8178200032.9504204
16.003103578813406 8217885240.3695326 -8217855092.230278
16.003107054121333 8257790689.4450788 -8257760482.8318911
16.003110529429261 8297948417.8280735 -8297918152.5421896
16.003114004737192 8338360391.3297453 -8338330067.1714354
16.00311748004512 8379028593.9780846 -8378998210.7466469
16.003120955353047 8419955028.2135696 -8419924585.707324
16.003124430660975 8461141715.0872936 -8461111213.1035738
16.003127905968903 8502590694.4615517 -8502560132.7966995
16.00313138127683 8544304025.2128944 -8544273403.6622562
16.003134856584758 8586283785.4376173 -8586253103.7955341
16.003138331892686 8628532072.6598034 -8628501330.7196045
16.003141807200613 8671051004.041996 -8671020201.5959969
16.003145282508541 8713842716.5983772 -8713811853.4378681
16.003148757816469 8756909367.4105892 -8756878443.3258305
16.003152233124396 8800253133.8462925 -8800222148.6265068
16.003155708432324 8843876213.7804127 -8843845167.2137794
16.003159183740252 8887780825.819109 -8887749717.6927605
16.003162659048179 8931969209.5265102 -8931938039.6265202
16.00316613435611 8976443625.6542778 -8976412393.7656555
16.003169609664038 9021206356.3740597 -9021175062.2807446
16.003173084971966 9066259705.5128689 -9066228348.9977245
16.003176560279893 9111605998.7913094 -9111574579.6361122
16.003180035587821 9157247584.064909 -9157216102.0503445
16.003183510895749 9203186831.5684166 -9203155286.4740734
16.003186986203676 9249426134.1631584 -9249394525.7675171
16.003190461511604 9295967907.5875206 -9295936235.6679516
16.003193936819532 9342814590.710537 -9342782855.0432892
16.003197412127459 9389968645.7887192 -9389936846.1489124
16.003200887435387 9437432558.726223 -9437400694.8878441
16.003204362743315 9485208839.3381634 -9485176911.0740547
16.003207838051242 9533300021.6173172 -9533268028.699173
16.00321131335917 9581708664.0042725 -9581676606.2026291
16.003214788667101 9630437349.6608906 -9630405226.7451191
16.003218263975029 9679488686.7473431 -9679456498.4856415
16.003221739282957 9728865308.7026424 -9728833054.8620281
16.003225214590884 9778569874.528801 -9778537554.8751011
16.003228689898812 9828605069.0785942 -9828572683.3764439
16.00323216520674 9878973603.346983 -9878941151.3598099
16.003235640514667 9929678214.7663021 -9929645696.2563229
16.003239115822595 9980721667.505228 -9980689082.2334366
16.003242591130522 10032106752.771624 -10032074100.497787
16.00324606643845 10083836289.119349 -10083803569.601997
16.003249541746378 10135913122.758863 -10135880335.755281
16.003253017054305 10188340127.871983 -10188307273.138201
16.003256492362233 10241120206.930689 -10241087284.221478
16.003259967670161 10294256291.020012 -10294223300.088871
16.003263442978088 10347751340.165098 -10347718280.764246
16.00326691828602 10401608343.662661 -10401575215.54303
16.003270393593947 10455830320.416712 -10455797123.327938
16.003273868901875 10510420319.278601 -10510387052.969015
16.003277344209803 10565381419.391497 -10565348083.608116
16.00328081951773 10620716730.53944 -10620683325.02796
16.003284294825658 10676429393.500965 -10676395918.005747
16.003287770133586 10732522580.407295 -10732489034.67136
16.003291245441513 10788999495.105379 -10788965878.870398
16.003294720749441 10845863373.525661 -10845829686.531944
16.003298196057369 10903117484.054657 -10903083726.041147
16.003301671365296 10960765127.9125 -10960731298.616764
16.003305146673224 11018809639.535412 -11018775738.693624
16.003308621981152 11077254386.963337 -11077220414.31028
16.003312097289079 11136102772.232685 -11136068727.501732
16.003315572597007 11195358231.774275 -11195324114.697384
16.003319047904938 11255024236.816601 -11254990047.124302
16.003322523212866 11315104293.794491 -11315070031.215878
16.003325998520793 11375601944.763285 -11375567609.026005
16.003329473828721 11436520767.818531 -11436486358.648779
16.003332949136649 11497864377.521128 -11497829894.643627
16.003336424444576 11559636425.328417 -11559601868.466417
16.003339899752504 11621840600.031023 -11621805968.906286
16.003343375060432 11684480628.195536 -11684445922.528328
16.003346850368359 11747560274.61311 -11747525494.122189
16.003350325676287 11811083342.754171 -11811048487.156775
16.003353800984215 11875053675.229395 -11875018744.241234
16.003357276292142 11939475154.256777 -11939440147.592022
16.00336075160007 12004351702.135084 -12004316619.506355
16.003364226907998 12069687281.723799 -12069652122.842155
16.003367702215925 12135485896.929554 -12135450661.504482
16.003371177523857 12201751593.199257 -12201716280.938658
16.003374652831784 12268488458.01996 -12268453068.63014
16.003378128139712 12335700621.42555 -12335665154.61121
16.003381603447639 12403392256.510372 -12403356711.974594
16.003385078755567 12471567579.949955 -12471531957.394192
16.003388554063495 12540230852.528913 -12540195151.652979
16.003392029371422 12609386379.676022 -12609350600.178076
16.00339550467935 12679038512.006746 -12679002653.583282
16.003398979987278 12749191645.873333 -12749155708.219172
16.003402455295205 12819850223.92244 -12819814206.730709
16.003405930603133 12891018735.660549 -12890982638.622681
16.003409405911061 12962701718.02722 -12962665540.83293
16.003412881218988 13034903755.976328 -13034867498.313606
16.003416356526916 13107629483.065445 -13107593144.620544
16.003419831834844 13180883582.053368 -13180847162.510792
16.003423307142775 13254670785.506145 -13254634284.548634
16.003426782450703 13328995876.411423 -13328959293.719938
16.00343025775863 13403863688.801561 -13403827024.055277
16.003433733066558 13479279108.38554 -13479242361.261827
16.003437208374486 13555247073.189693 -13555210243.364111
16.003440683682413 13631772574.207397 -13631735661.353674
16.003444158990341 13708860656.05805 -13708823659.848072
16.003447634298269 13786516417.655342 -13786479337.75914
16.003451109606196 13864745012.885118 -13864707848.970854
16.003454584914124 13943551651.292728 -13943514403.02668
16.003458060222052 14022941598.780317 -14022904265.826866
16.003461535529979 14102920178.3139 -14102882760.335518
16.003465010837907 14183492770.640635 -14183455267.297869
16.003468486145835 14264664815.016163 -14264627225.967619
16.003471961453766 14346441809.942659 -14346404134.844992
16.003475436761693 14428829313.917368 -14428791552.425261
16.003478912069621 14511832946.191803 -14511795097.957956
16.003482387377549 14595458387.542009 -14595420452.217127
16.003485862685476 14679711381.049984 -14679673358.282757
16.003489337993404 14764597732.896252 -14764559622.333344
16.003492813301332 14850123313.163946 -14850085114.449976
16.003496288609259 14936294056.654531 -14936255769.432058
16.003499763917187 15023115963.715588 -15023077587.625099
16.003503239225115 15110595101.080524 -15110556635.760418
16.003506714533042 15198737602.720263 -15198699047.806829
16.00351018984097 15287549670.707724 -15287511025.835135
16.003513665148898 15377037576.094866 -15376998840.895153
16.003517140456825 15467207659.802528 -15467168833.905569
16.003520615764753 15558066333.523399 -15558027416.5569
16.003524091072684 15649620080.6383 -15649581072.227781
16.003527566380612 15741875457.14595 -15741836356.91473
16.003531041688539 15834839092.606331 -15834799900.175507
16.003534516996467 15928517691.098015 -15928478406.086445
16.003537992304395 16022918032.189835 -16022878654.214123
16.003541467612322 16118046971.926939 -16118007500.601418
16.00354494292025 16213911443.83148 -16213871878.768192
16.003548418228178 16310518459.918056 -16310478800.726736
16.003551893536105 16407875111.724556 -16407835358.012611
16.003555368844033 16505988571.358423 -16505948722.730923
16.003558844151961 16604866092.558296 -16604826148.617943
16.003562319459888 16704515011.771748 -16704474972.118866
16.003565794767816 16804942749.249336 -16804902613.481852
16.003569270075744 16906156810.154989 -16906116577.86841
16.003572745383671 17008164785.693216 -17008124456.480616
16.003576220691603 17110974354.253267 -17110933927.705263
16.00357969599953 17214593282.570606 -17214552758.275341
16.003583171307458 17319029426.905956 -17318988804.449078
16.003586646615386 17424290734.242619 -17424250013.207264
16.003590121923313 17530385243.50145 -17530344423.468216
16.003593597231241 17637321086.774868 -17637280167.3218
16.003597072539169 17745106490.579899 -17745065471.282475
16.003600547847096 17853749777.129364 -17853708657.560463
16.003604023155024 17963259365.623119 -17963218145.353004
16.003607498462951 18073643773.55975 -18073602452.156052
16.003610973770879 18184911618.067616 -18184870195.095303
16.003614449078807 18297071617.256718 -18297030092.278084
16.003617924386734 18410132591.591774 -18410090964.166412
16.003621399694662 18524103465.285999 -18524061734.970779
16.00362487500259 18638993267.716816 -18638951434.065868
16.003628350310521 18754811134.863487 -18754769197.428177
16.003631825618449 18871566310.766907 -18871524269.095806
16.003635300926376 18989268149.012585 -18989226002.651459
16.003638776234304 19107926114.236568 -19107883862.728348
16.003642251542232 19227549783.654919 -19227507426.539684
16.003645726850159 19348148848.616947 -19348106385.431892
16.003649202158087 19469733116.18314 -19469690546.462563
16.003652677466015 19592312510.728081 -19592269834.003342
16.003656152773942 19715897075.568417 -19715854291.367935
16.00365962808187 19840496974.616592 -19840454082.465813
16.003663103389798 19966122494.060452 -19966079493.481815
16.003666578697725 20092784044.069981 -20092740934.582909
16.003670054005653 20220492160.530899 -20220448941.65176
16.003673529313581 20349257506.80587 -20349214178.047962
16.003677004621508 20479090875.52404 -20479047436.39756
16.003680479929439 20610003190.398476 -20609959640.410496
16.003683955237367 20742005508.073799 -20741961846.728241
16.003687430545295 20875109020.002602 -20875065246.800209
16.003690905853222 21009325054.352188 -21009281168.790501
16.00369438116115 21144665077.942169 -21144621079.515499
16.003697856469078 21281140698.213192 -21281096586.412586
16.003701331777005 21418763665.227909 -21418719439.541138
16.003704807084933 21557545873.703983 -21557501533.615501
16.003708282392861 21697499365.079647 -21697454910.070568
16.003711757700788 21838636329.613594 -21838591759.161663
16.003715233008716 21980969108.519005 -21980924422.098568
16.003718708316644 22124510196.132278 -22124465393.21426
16.003722183624571 22269272242.116894 -22269227322.168758
16.003725658932499 22415268053.704082 -22415223016.189816
16.003729134240427 22562510597.969597 -22562465442.349667
16.003732609548358 22711013004.14817 -22710967729.879501
16.003736084856286 22860788565.986469 -22860743172.522411
16.003739560164213 23011850744.134441 -23011805230.92474
16.003743035472141 23164213168.576675 -23164167535.06744
16.003746510780068 23317889641.103943 -23317843886.737614
16.003749986087996 23472894137.825588 -23472848262.040905
16.003753461395924 23629240811.724293 -23629194813.956272
16.003756936703851 23786943995.252552 -23786897874.932438
16.003760412011779 23946018202.973236 -23945971959.528481
16.003763887319707 24106478134.244751 -24106431767.09898
16.003767362627634 24268338675.950222 -24268292184.523197
16.003770837935562 24431614905.273129 -24431568288.980713
16.00377431324349 24596322092.520058 -24596275350.774185
16.003777788551417 24762475703.990833 -24762428836.199478
16.003781263859349 24930091404.896736 -24930044410.463871
16.003784739167276 25099185062.328613 -25099137940.654175
16.003788214475204 25269772748.275791 -25269725498.755646
16.003791689783132 25441870742.695995 -25441823364.721901
16.003795165091059 25615495536.637844 -25615448029.597424
16.003798640398987 25790663835.416386 -25790616198.693077
16.003802115706915 25967392561.843121 -25967344794.816147
16.003805591014842 26145698859.511868 -26145650961.556194
16.00380906632277 26325600096.140877 -26325552066.627186
16.003812541630698 26507113866.972343 -26507065705.266979
16.003816016938625 26690257998.231014 -26690209703.695957
16.003819492246553 26875050550.642502 -26875002122.635319
16.003822967554481 27061509823.012188 -27061461260.886005
16.003826442862408 27249654355.86694 -27249605658.970387
16.003829918170336 27439502935.160389 -27439454102.837574
16.003833393478267 27631074596.042583 -27631025627.633038
16.003836868786195 27824388626.695312 -27824339521.533966
16.003840344094122 28019464572.234844 -28019415329.651966
16.00384381940205 28216322238.683006 -28216272858.004169
16.003847294709978 28414981697.009022 -28414932177.555069
16.003850770017905 28615463287.241787 -28615413628.32877
16.003854245325833 28817787622.655159 -28817737823.594311
16.003857720633761 29021975594.027031 -29021925654.12471
16.003861195941688 29228048373.974293 -29227998292.531948
16.003864671249616 29436027421.36517 -29435977197.679283
16.003868146557544 29645934485.809868 -29645884119.171917
16.003871621865471 29857791612.232048 -29857741101.928463
16.003875097173399 30071621145.520756 -30071570490.832863
16.003878572481327 30287445735.266811 -30287394935.470791
16.003882047789254 30505288340.585026 -30505237394.951866
16.003885523097185 30725172235.021629 -30725121142.81707
16.003888998405113 30947121011.551506 -30947069772.035999
16.003892473713041 31171158587.665741 -31171107200.094391
16.003895949020968 31397309210.551315 -31397257674.17384
16.003899424328896 31625597462.364651 -31625545776.42532
16.003902899636824 31856048265.602047 -31855996429.339634
16.003906374944751 32088686888.56744 -32088634901.215176
16.003909850252679 32323538950.940651 -32323486811.726166
16.003913325560607 32560630429.446888 -32560578137.592159
16.003916800868534 32799987663.631115 -32799935218.352413
16.003920276176462 33041637361.738911 -33041584762.246742
16.00392375148439 33285606606.705799 -33285553852.204857
16.003927226792317 33531922862.256954 -33531869951.94606
16.003930702100245 33780613979.120483 -33780560912.192528
16.003934177408173 34031708201.355831 -34031654976.997719
16.003937652716104 34285234172.800526 -34285180790.193119
16.003941128024032 34541220943.636559 -34541167401.954613
16.003944603331959 34799697977.080429 -34799644275.492546
16.003948078639887 35060695156.197876 -35060641293.866432
16.003951553947815 35324242790.846199 -35324188766.927284
16.003955029255742 35590371624.749397 -35590317438.392769
16.00395850456367 35859112842.704674 -35859058493.053673
16.003961979871598 36130498077.926491 -36130443564.117996
16.003965455179525 36404559419.529839 -36404504740.694183
16.003968930487453 36681329420.15567 -36681274575.416603
16.00397240579538 36960841103.742752 -36960786092.217361
16.003975881103308 37243127973.443993 -37243072794.24263
16.003979356411236 37528224019.69812 -37528168671.924355
16.003982831719163 37816163728.454544 -37816108211.20507
16.003986307027091 38106982089.556496 -38106926401.921089
16.003989782335022 38400714605.28688 -38400658746.348305
16.00399325764295 38697397299.077408 -38697341267.911369
16.003996732950878 38997066724.387413 -38997010520.062469
16.004000208258805 39299759973.753853 -39299703595.331352
16.004003683566733 39605514688.018616 -39605458134.552612
16.004007158874661 39914369065.736153 -39914312336.273346
16.004010634182588 40226361872.765305 -40226304966.344963
16.004014109490516 40541532452.045677 -40541475367.699554
16.004017584798444 40859920733.56871 -40859863470.320976
16.004021060106371 41181567244.544312 -41181509801.411476
16.004024535414299 41506513119.76754 -41506455495.758362
16.004028010722227 41834800112.192062 -41834742306.307487
16.004031486030154 42166470603.711342 -42166412614.944412
16.004034961338082 42501567616.15358 -42501509443.489349
16.004038436646013 42840134822.498367 -42840076464.913826
16.004041911953941 43182216558.316048 -43182158014.780037
16.004045387261868 43527857833.433655 -43527799102.906792
16.004048862569796 43877104343.836838 -43877045425.271408
16.004052337877724 44230002483.810333 -44229943376.150215
16.004055813185651 44586599358.325928 -44586540060.506516
16.004059288493579 44946942795.677505 -44946883306.625603
16.004062763801507 45311081360.371628 -45311021679.005363
16.004066239109434 45679064366.283791 -45679004491.512535
16.004069714417362 46050941890.07756 -46050881820.801826
16.00407318972529 46426764784.900238 -46426704520.011581
16.004076665033217 46806584694.359016 -46806524232.739944
16.004080140341145 47190454066.783173 -47190393407.307053
16.004083615649073 47578426169.779495 -47578365311.310463
16.004087090957 47970555105.086029 -47970494046.478882
16.004090566264932 48366895823.732353 -48366834563.832436
16.004094041572859 48767504141.518105 -48767442679.16124
16.004097516880787 49172436754.807983 -49172375088.820335
16.004100992188715 49581751256.65834 -49581689385.856339
16.004104467496642 49995506153.278854 -49995444076.469063
16.00410794280457 50413760880.839218 -50413698596.818245
16.004111418112497 50836575822.631165 -50836513330.185562
16.004114893420425 51264012326.58374 -51263949624.489876
16.004118368728353 51696132723.151649 -51696069810.175598
16.00412184403628 52133000343.584366 -52132937218.481812
16.004125319344208 52574679538.577377 -52574616200.093483
16.004128794652136 53021235697.322975 -53021172144.192268
16.004132269960063 53472735266.965805 -53472671497.912071
16.004135745267991 53929245772.473167 -53929181786.20932
16.004139220575919 54390835836.930229 -54390771632.158203
16.00414269588385 54857575202.269081 -54857510777.679688
16.004146171191778 55329534750.446411 -55329470104.719231
16.004149646499705 55806786525.079742 -55806721656.883003
16.004153121807633 56289403753.54528 -56289338661.535713
16.004156597115561 56777460869.558868 -56777395552.381592
16.004160072423488 57271033536.248283 -57270967992.536667
16.004163547731416 57770198669.726189 -57770132898.101723
16.004167023039344 58275034463.180016 -58274968462.252174
16.004170498347271 58785620411.486084 -58785554179.852188
16.004173973655199 59302037336.368111 -59301970872.613197
16.004177448963127 59824367412.106644 -59824300714.803314
16.004180924271054 60352694191.818642 -60352627259.526924
16.004184399578982 60887102634.319328 -60887035465.58654
16.00418787488691 61427679131.576744 -61427611724.93734
16.004191350194837 61974511536.777275 -61974443890.752693
16.004194825502768 62527689193.021278 -62527621306.119797
16.004198300810696 63087302962.659645 -63087234833.376221
16.004201776118624 63653445257.287018 -63653376884.103149
16.004205251426551 64226210068.410797 -64226141449.79435
16.004208726734479 64805692998.809601 -64805624133.214645
16.004212202042407 65391991294.606804 -65391922180.47348
16.004215677350334 65985203878.064354 -65985134513.81868
16.004219152658262 66585431381.125351 -66585361765.179062
16.00422262796619 67192776179.724144 -67192706310.474525
16.004226103274117 67807342428.879524 -67807272304.709259
16.004229578582045 68429236098.589027 -68429165717.86599
16.004233053889973 69058565010.550217 -69058494371.627319
16.0042365291979 69695438875.733047 -69695367976.948044
16.004240004505828 70339969332.81456 -70339898172.489883
16.004243479813756 70992269987.511276 -70992198563.953857
16.004246955121687 71652456452.816071 -71652384764.317123
16.004250430429614 72320646390.181381 -72320574435.016235
16.004253905737542 72996959551.663483 -72996887328.091385
16.00425738104547 73681517823.055023 -73681445329.318939
16.004260856353397 74374445268.02951 -74374372502.355927
16.004264331661325 75075868173.327637 -75075795133.926361
16.004267806969253 75785915095.013031 -75785841780.076981
16.00427128227718 76504716905.829102 -76504643313.534119
16.004274757585108 77232406843.672699 -77232332972.177322
16.004278232893036 77969120561.221436 -77969046408.666687
16.004281708200963 78714996176.762527 -78714921741.271698
16.004285183508891 79470174326.227753 -79470099605.906158
16.004288658816819 80234798216.489273 -80234723209.424072
16.004292134124746 81009013679.939819 -81008938384.199753
16.004295609432678 81792969230.387695 -81792893644.022873
16.004299084740605 82586816120.314789 -82586740241.356476
16.004302560048533 83390708399.510361 -83390632225.970673
16.004306035356461 84204802975.159164 -84204726505.030899
16.004309510664388 85029259673.390839 -85029182904.647186
16.004312985972316 85864241302.335327 -85864164232.929642
16.004316461280244 86709913716.736359 -86709836344.601883
16.004319936588171 87566445884.159637 -87566368207.209274
16.004323411896099 88434009952.845001 -88433931968.971008
16.004326887204027 89312781321.237274 -89312703028.31105
16.004330362511954 90202938709.257782 -90202860105.129578
16.004333837819882 91104664231.343567 -91104585313.842178
16.004337313127809 92018143471.331253 -92018064238.263794
16.004340788435737 92943565559.223053 -92943486008.374649
16.004344263743665 93881123249.874313 -93881043379.007812
16.004347739051596 94831013003.682373 -94830932810.538071
16.004351214359524 95793435069.316345 -95793354551.611633
16.004354689667451 96768593568.565659 -96768512723.994797
16.004358164975379 97756696583.347076 -97756615409.580841
16.004361640283307 98757956244.933929 -98757874739.619324
16.004365115591234 99772588825.479401 -99772506986.239319
16.004368590899162 100800814831.90031 -100800732656.33322
16.00437206620709 101842859102.19139 -101842776587.87102
16.004375541515017 102898950904.23186 -102898868048.70683
16.004379016822945 103969324037.16016 -103969240837.9537
16.004382492130873 105054216935.40208 -105054133390.01166
16.0043859674388 106153872775.39948 -106153788881.29642
16.004389442746728 107268539585.15956 -107268455339.78874
16.004392918054656 108398470356.69347 -108398385757.47293
16.004396393362583 109543923161.4082 -109543838205.72879
16.004399868670514 110705161268.57088 -110705075953.79587
16.004403343978442 111882453266.9111 -111882367590.37582
16.00440681928637 113076073189.4678 -113075987148.47923
16.004410294594297 114286300641.78419 -114286214233.62059
16.004413769902225 115513420933.54509 -115513334155.45557
16.004417245210153 116757725213.75462 -116757638062.95877
16.00442072051808 118019510609.55826 -118019423083.24571
16.004424195826008 119299080368.83429 -119298992464.16432
16.004427671133936 120596744006.66812 -120596655720.7692
16.004431146441863 121912817455.81784 -121912728785.78719
16.004434621749791 123247623221.29778 -123247534164.20094
16.004438097057719 124601490539.20673 -124601401092.07713
16.004441572365646 125974755539.94035 -125974665699.77882
16.004445047673574 127367761415.91484 -127367671179.68916
16.004448522981502 128780858593.92529 -128780767958.56972
16.004451998289433 130214404912.30562 -130214313874.72038
16.004455473597361 131668765803.04362 -131668674360.09447
16.004458948905288 133144314478.99942 -133144222627.51704
16.004462424213216 134641432126.38676 -134641339863.16638
16.004465899521144 136160508102.68689 -136160415424.48767
16.004469374829071 137701940140.14639 -137701847043.69095
16.004472850136999 139266134555.05649 -139266041037.0303
16.004476325444926 140853506463.01941 -140853412520.07034
16.004479800752854 142464480000.36371 -142464385629.10141
16.004483276060782 144099488551.87277 -144099393748.8681
16.004486751368709 145758974985.11526 -145758879746.89975
16.004490226676637 147443391891.51505 -147443296214.58026
16.004493701984565 149153201834.42133 -149153105715.21826
16.004497177292492 150888877604.43387 -150888781039.37241
16.00450065260042 152650902482.14844 -152650805467.59668
16.004504127908351 154439770508.53592 -154439673040.81952
16.004507603216279 156255986763.39062 -156255888838.79221
16.004511078524207 158100067651.94232 -158099969266.70081
16.004514553832134 159972541199.88824 -159972442350.19812
16.004518029140062 161873947357.28601 -161873848039.29672
16.00452150444799 163804838311.50134 -163804738521.31659
16.004524979755917 165765778809.46744 -165765678543.14441
16.004528455063845 167757346489.63831 -167757245743.18698
16.004531930371773 169780132223.97864 -169780030993.36108
16.0045354056797 171834740470.2941 -171834638751.42371
16.004538880987628 173921789635.20963 -173921687423.95029
16.004542356295556 176041912448.26465 -176041809740.43005
16.004545831603483 178195756347.46622 -178195653138.819
16.004549306911411 180383983876.62262 -180383880162.87357
16.004552782219342 182607273094.95581 -182607168871.76306
16.00455625752727 184866317999.35672 -184866213262.32489
16.004559732835197 187161828959.75571 -187161723704.43503
16.004563208143125 189494533168.08505 -189494427389.97052
16.004566683451053 191865175101.24319 -191865068795.77365
16.00457015875898 194274516998.59949 -194274410161.15671
16.004573634066908 196723339354.5643 -196723231980.47208
16.004577109374836 199212441426.75403 -199212333511.27719
16.004580584682763 201742641760.26199 -201742533298.60547
16.004584059990691 204314778728.62698 -204314669715.93478
16.004587535298619 206929711092.15369 -206929601523.5079
16.004591010606546 209588318574.1871 -209588208444.6069
16.004594485914474 212291502455.89853 -212291391760.33908
16.004597961222402 215040186190.30969 -215040074923.6611
16.004601436530329 217835316036.35336 -217835204193.43958
16.004604911838261 220677861713.5647 -220677749289.1424
16.004608387146188 223568817078.19781 -223568704066.95523
16.004611862454116 226509200821.61322 -226509087218.16901
16.004615337762043 229500057191.72699 -229499942990.629
16.004618813069971 232542456738.37088 -232542341934.09503
16.004622288377899 235637497083.39874 -235637381670.34766
16.004625763685826 238786303716.54861 -238786187689.05048
16.004629238993754 241990030818.00595 -241989914170.31311
16.004632714301682 245249862108.65576 -245249744834.94345
16.004636189609609 248567011729.14276 -248566893823.50778
16.004639664917537 251942725148.67337 -251942606605.13263
16.004643140225465 255378280104.8866 -255378160917.37576
16.004646615533392 258874987575.8848 -258874867738.2569
16.00465009084132 262434192785.56732 -262434072291.59116
16.004653566149248 266057276243.78482 -266057155087.14352
16.004657041457179 269745654822.5665 -269745532996.85599
16.004660516765107 273500782869.68933 -273500660368.41678
16.004663992073034 277324153361.20844 -277324030177.79059
16.004667467380962 281217299094.47046 -281217175222.23206
16.00467094268889 285181793923.17316 -285181669355.34528
16.004674417996817 289219254035.98157 -289219128765.69977
16.004677893304745 293331339280.73816 -293331213301.04089
16.004681368612673 297519754535.99731 -297519627839.82397
16.0046848439206 301786251131.69574 -301786123711.88489
16.004688319228528 306132628320.95422 -306132500170.24182
16.004691794536456 310560734805.00879 -310560605916.02612
16.004695269844383 315072470313.59875 -315072340678.87054
16.004698745152311 319669787243.07355 -319669656855.01587
16.004702220460238 324354692354.27563 -324354561205.19397
16.004705695768166 329129248533.22009 -329129116615.30713
16.004709171076097 333995576616.6225 -333995443921.95599
16.004712646384025 338955857285.28583 -338955723805.82635
16.004716121691953 344012333028.21021 -344012198755.79901
16.00471959699988 349167310180.18427 -349167175106.54089
16.004723072307808 354423161035.82172 -354423025152.54156
16.004726547615736 359782326043.93536 -359782189342.48737
16.004730022923663 365247316084.9986 -365247178556.7226
16.004733498231591 370820714835.53967 -370820576471.6441
16.004736973539519 376505181223.0943 -376505042014.65332
16.004740448847446 382303451975.69177 -382303311913.64282
16.004743924155374 388218344270.02112 -388218203345.16193
16.004747399463302 394252758482.42822 -394252616685.41431
16.004750874771229 400409681047.3429 -400409538368.68439
16.004754350079157 406692187427.73346 -406692043857.79236
16.004757825387085 413103445202.91327 -413103300731.90033
16.004761300695016 419646717278.24719 -419646571896.21887
16.004764776002943 426325365222.64252 -426325218919.49774
16.004768251310871 433142852739.67859 -433142705505.15552
16.004771726618799 440102749278.15802 -440102601101.83075
16.004775201926726 447208733788.0202 -447208584659.29523
16.004778677234654 454464598629.12134 -454464448537.23419
16.004782152542582 461874253639.01697 -461874102573.02844
16.004785627850509 469441730367.29413 -469441578316.08667
16.004789103158437 477171186484.57788 -477171033436.85181
16.004792578466365 485066910373.60602 -485066756317.87561
16.004796053774292 493133325911.10291 -493133170835.69238
16.00479952908222 501374997449.5152 -501374841342.55463
16.004803004390148 509796635007.93549 -509796477857.35651
16.004806479698075 518403099682.3595 -518402941475.89105
16.004809955006003 527199409285.2063 -527199250010.37018
16.004813430313934 536190744225.16852 -536190583869.27472
16.004816905621862 545382453639.53766 -545382292189.67981
16.00482038092979 554780061790.20068 -554779899233.25122
16.004823856237717 564389274736.52991 -564389111059.13501
16.004827331545645 574215987298.64075 -574215822487.21509
16.004830806853573 584266290326.55505 -584266124367.2771
16.0048342821615 594546478287.84424 -594546311166.65027
16.004837757469428 605063057190.86218 -605062888893.44116
16.004841232777355 615822752860.88 -615822583372.66772
16.004844708085283 626832519585.33813 -626832348891.51135
16.004848183393211 638099549148.08752 -638099377233.55798
16.004851658701138 649631280271.92969 -649631107121.33801
16.004855134009066 661435408489.39502 -661435234087.10425
16.004858609316994 673519896464.71973 -673519720794.80872
16.004862084624925 685892984789.80823 -685892807836.06482
16.004865559932853 698563203279.48608 -698563025025.40039
16.00486903524078 711539382790.78784 -711539203219.54492
16.004872510548708 724830667593.83533 -724830486688.30798
16.004875985856636 738446528323.79163 -738446346066.53284
16.004879461164563 752396775544.19421 -752396591917.42908
16.004882936472491 766691573954.20032 -766691388939.81812
16.004886411780419 781341457276.19409 -781341270855.73999
16.004889887088346 796357343858.12256 -796357156012.78906
16.004893362396274 811750553028.76489 -811750363739.38306
16.004896837704202 827532822248.76416 -827532631495.79468
16.004900313012129 843716325099.20117 -843716132862.72461
16.004903788320057 860313690155.62378 -860313496415.3313
16.004907263627985 877338020795.96509 -877337825531.14832
16.004910738935912 894802915992.99585 -894802719182.5365
16.004914214243843 912722492149.17126 -912722293771.53076
16.004917689551771 931111406030.96228 -931111206064.17065
16.004921164859699 949984878864.1947 -949984677285.83936
16.004924640167626 969358721659.32214 -969358518446.53613
16.004928115475554 989249361834.71924 -989249156964.16931
16.004931590783482 1009673871214.0868 -1009673664661.9608
16.004935066091409 1030649995479.0975 -1030649787221.0918
16.004938541399337 1052196185160.6987 -1052195975172.0046
16.004942016707265 1074331628259.4543 -1074331416514.7446
16.004945492015192 1097076284592.4047 -1097076071065.8191
16.00494896732312 1120450921972.1636 -1120450706637.2947
16.004952442631048 1144477154321.0691 -1144476937150.9463
16.004955917938975 1169177481844.6597 -1169177262811.7346
16.004959393246903 1194575333385.5857 -1194575112461.7151
16.004962868554831 1220695111092.3372 -1220694888248.7664
16.004966343862762 1247562237548.9944 -1247562012756.3401
16.00496981917069 1275203205511.5469 -1275202978739.7788
16.004973294478617 1303645630419.0293 -1303645401637.4521
16.004976769786545 1332918305852.3066 -1332918075029.5403
16.004980245094472 1363051262126.4631 -1363051029230.4229
16.0049837204024 1394075828216.8416 -1394075593214.717
16.004987195710328 1426024697233.6238 -1426024460091.8584
16.004990671018255 1458931995673.7112 -1458931756357.9788
16.004994146326183 1492833356694.2815 -1492833115169.4639
16.004997621634111 1527765997675.2395 -1527765753905.4023
16.005001096942038 1563768802348.9509 -1563768556297.3193
16.005004572249966 1600882407801.0022 -1600882159429.9343
16.005008047557894 1639149296673.4417 -1639149045944.4021
16.005011522865821 1678613894918.0273 -1678613641791.5598
16.005014998173749 1719322675472.5515 -1719322419908.2498
16.00501847348168 1761324268269.5845 -1761324010226.062
16.005021948789608 1804669577014.543 -1804669316449.4026
16.005025424097536 1849411903198.9607 -1849411640068.7615
16.005028899405463 1895607077858.1111 -1895606812118.3354
16.005032374713391 1943313601615.6609 -1943313333220.6787
16.005035850021319 1992592793615.7014 -1992592522518.7346
16.005039325329246 2043508949959.4248 -2043508676112.5088
16.005042800637174 2096129512337.1028 -2096129235691.0474
16.005046275945102 2150525247613.1904 -2150524968117.5386
16.005049751253029 2206770439147.395 -2206770156750.3804
16.005053226560957 2264943090715.5127 -2264942805364.0146
16.005056701868885 2325125143988.4873 -2325124855627.9854
16.005060177176812 2387402710557.5308 -2387402419132.0557
16.00506365248474 2451866319635.1021 -2451866025087.1851
16.005067127792667 2518611182593.5479 -2518610884864.1689
16.005070603100599 2587737475677.23 -2587737174705.7612
16.005074078408526 2659350642270.9648 -2659350337995.1157
16.005077553716454 2733561716241.9209 -2733561408597.6758
16.005081029024382 2810487668020.3945 -2810487356941.9521
16.005084504332309 2890251775254.6436 -2890251460674.3501
16.005087979640237 2972984019988.4717 -2972983701836.7539
16.005091454948165 3058821514487.3086 -3058821192692.6011
16.005094930256092 3147908958083.0029 -3147908632571.6738
16.00509840556402 3240399127563.3115 -3240398798259.5845
16.005101880871948 3336453403915.353 -3336453070741.2256
16.005105356179875 3436242338427.4688 -3436242001302.6255
16.005108831487803 3539946261526.2271 -3539945920367.9507
16.005112306795731 3647755937931.0269 -3647755592654.103
16.005115782103658 3759873272192.7466 -3759872922709.3662
16.005119257411589 3876512068913.1147 -3876511715132.7695
16.005122732719517 3997898852466.1763 -3997898494295.5498
16.005126208027445 4124273751518.1284 -4124273388860.9824
16.005129683335372 4255891454098.1885 -4255891086855.2417
16.0051331586433 4393022239596.9214 -4393021867665.7246
16.005136633951228 4535953094711.4834 -4535952717986.2861
16.005140109259155 4684988921022.0537 -4684988539393.6641
16.005143584567083 4840453842765.9717 -4840453456121.6104
16.005147059875011 5002692624150.0176 -5002692232373.1621
16.005150535182938 5172072206670.7021 -5172071809640.9238
16.005154010490866 5348983377870.9502 -5348982975463.7441
16.005157485798794 5533842584226.6191 -5533842176313.2207
16.005160961106721 5727093902232.6611 -5727093488679.8545
16.005164436414649 5929211183536.6201 -5929210764206.5381
16.005167911722577 6140700391231.9082 -6140699965981.8174
16.005171387030508 6362102146745.5273 -6362101715427.6025
16.005174862338436 6593994508735.1807 -6593994071196.2666
16.005178337646363 6836996008043.5752 -6836995564124.9336
16.005181812954291 7091768965298.9961 -7091768514836.0381
16.005185288262219 7359023121148.5605 -7359022663970.5645
16.005188763570146 7639519612227.7129 -7639519148157.5215
16.005192238878074 7934075330413.8359 -7934074859267.54
16.005195714186002 8243567707120.5957 -8243567228707.1934
16.005199189493929 8568939969612.5645 -8568939483733.6025
16.005202664801857 8911206922319.6836 -8911206428768.877
16.005206140109784 9271461311954.2383 -9271460810517.0586
16.005209615417712 9650880844130.4062 -9650880334583.6543
16.00521309072564 10050735926517.658 -10050735408628.998
16.005216566033567 10472398223979.271 -10472397697506.74
16.005220041341495 10917350122458.719 -10917349587150.203
