# serie phase 2 sous seuil p5_w2.27_c0.95_seuil : t x1 x2 (dt2=1.1198441119262269e-05)
399.9955206235523 -0.76545748135909264 0.79148418244949581
399.99553182199344 -0.76548111193303403 0.79148388784297841
399.99554302043452 -0.76550474241098021 0.79148359272500424
399.99555421887567 -0.76552837279292818 0.79148329709557352
399.99556541731675 -0.76555200307887494 0.79148300095468638
399.9955766157579 -0.76557563326881761 0.79148270430234302
399.99558781419898 -0.76559926336275319 0.79148240713854368
399.99559901264013 -0.76562289336067879 0.79148210946328845
399.99561021108127 -0.76564652326259131 0.79148181127657768
399.99562140952236 -0.76567015306848785 0.79148151257841148
399.9956326079635 -0.76569378277836553 0.79148121336878996
399.99564380640459 -0.76571741239222135 0.79148091364771345
399.99565500484573 -0.76574104191005232 0.79148061341518205
399.99566620328687 -0.76576467133185544 0.79148031267119601
399.99567740172796 -0.76578830065762771 0.79148001141575552
399.9956886001691 -0.76581192988736624 0.79147970964886072
399.99569979861019 -0.76583555902106815 0.79147940737051192
399.99571099705133 -0.76585918805873032 0.79147910458070925
399.99572219549242 -0.76588281700034988 0.7914788012794528
399.99573339393356 -0.76590644584592382 0.79147849746674293
399.99574459237471 -0.76593007459544926 0.79147819314257972
399.99575579081579 -0.76595370324892309 0.79147788830696342
399.99576698925694 -0.76597733180634242 0.79147758295989423
399.99577818769802 -0.76600096026770437 0.79147727710137239
399.99578938613917 -0.76602458863300582 0.791476970731398
399.99580058458025 -0.76604821690224389 0.79147666384997128
399.9958117830214 -0.7660718450754157 0.79147635645709247
399.99582298146254 -0.76609547315251814 0.79147604855276177
399.99583417990362 -0.76611910113354831 0.79147574013697941
399.99584537834477 -0.76614272901850333 0.79147543120974551
399.99585657678585 -0.7661663568073801 0.79147512177106027
399.995867775227 -0.76618998450017572 0.79147481182092394
399.99587897366808 -0.76621361209688721 0.79147450135933672
399.99589017210923 -0.76623723959751167 0.79147419038629874
399.99590137055037 -0.7662608670020461 0.79147387890181031
399.99591256899146 -0.76628449431048751 0.79147356690587156
399.9959237674326 -0.7663081215228329 0.79147325439848271
399.99593496587369 -0.76633174863907938 0.79147294137964397
399.99594616431483 -0.76635537565922396 0.79147262784935546
399.99595736275597 -0.76637900258326364 0.79147231380761751
399.99596856119706 -0.76640262941119552 0.79147199925443024
399.9959797596382 -0.76642625614301663 0.79147168418979386
399.99599095807929 -0.76644988277872395 0.79147136861370859
399.99600215652043 -0.76647350931831459 0.79147105252617467
399.99601335496152 -0.76649713576178558 0.7914707359271923
399.99602455340266 -0.76652076210913389 0.79147041881676161
399.99603575184381 -0.76654438836035665 0.79147010119488281
399.99604695028489 -0.76656801451545087 0.79146978306155624
399.99605814872604 -0.76659164057441354 0.79146946441678201
399.99606934716712 -0.76661526653724166 0.79146914526056034
399.99608054560827 -0.76663889240393235 0.79146882559289133
399.99609174404935 -0.76666251817448261 0.79146850541377534
399.9961029424905 -0.76668614384888956 0.79146818472321245
399.99611414093164 -0.76670976942715008 0.79146786352120302
399.99612533937272 -0.76673339490926129 0.79146754180774714
399.99613653781387 -0.7667570202952203 0.79146721958284505
399.99614773625495 -0.76678064558502412 0.79146689684649696
399.9961589346961 -0.76680427077866975 0.79146657359870309
399.99617013313718 -0.76682789587615419 0.79146624983946356
399.99618133157833 -0.76685152087747444 0.79146592556877871
399.99619253001947 -0.76687514578262761 0.79146560078664863
399.99620372846056 -0.76689877059161082 0.79146527549307366
399.9962149269017 -0.76692239530442097 0.79146494968805392
399.99622612534279 -0.76694601992105516 0.79146462337158963
399.99623732378393 -0.76696964444151039 0.791464296543681
399.99624852222507 -0.76699326886578378 0.79146396920432827
399.99625972066616 -0.76701689319387234 0.79146364135353164
399.9962709191073 -0.76704051742577306 0.79146331299129136
399.99628211754839 -0.76706414156148295 0.79146298411760763
399.99629331598953 -0.76708776560099912 0.79146265473248056
399.99630451443062 -0.76711138954431857 0.7914623248359105
399.99631571287176 -0.76713501339143841 0.79146199442789755
399.99632691131291 -0.76715863714235555 0.79146166350844194
399.99633810975399 -0.76718226079706708 0.79146133207754399
399.99634930819514 -0.76720588435557013 0.79146100013520382
399.99636050663622 -0.7672295078178617 0.79146066768142165
399.99637170507737 -0.76725313118393879 0.7914603347161977
399.99638290351845 -0.76727675445379839 0.7914600012395322
399.99639410195959 -0.76730037762743752 0.79145966725142536
399.99640530040074 -0.76732400070485329 0.79145933275187741
399.99641649884182 -0.76734762368604281 0.79145899774088857
399.99642769728297 -0.76737124657100297 0.79145866221845906
399.99643889572405 -0.76739486935973089 0.791458326184589
399.9964500941652 -0.76741849205222357 0.79145798963927871
399.99646129260634 -0.76744211464847811 0.79145765258252843
399.99647249104743 -0.76746573714849153 0.79145731501433825
399.99648368948857 -0.76748935955226083 0.79145697693470851
399.99649488792966 -0.76751298185978301 0.79145663834363944
399.9965060863708 -0.76753660407105517 0.79145629924113114
399.99651728481189 -0.76756022618607433 0.79145595962718396
399.99652848325303 -0.7675838482048376 0.79145561950179799
399.99653968169417 -0.76760747012734198 0.79145527886497358
399.99655088013526 -0.76763109195358448 0.79145493771671083
399.9965620785764 -0.76765471368356208 0.79145459605700996
399.99657327701749 -0.76767833531727192 0.79145425388587132
399.99658447545863 -0.76770195685471099 0.791453911203295
399.99659567389972 -0.76772557829587629 0.79145356800928135
399.99660687234086 -0.76774919964076493 0.79145322430383047
399.99661807078201 -0.76777282088937393 0.7914528800869427
399.99662926922309 -0.76779644204170028 0.79145253535861815
399.99664046766424 -0.76782006309774109 0.79145219011885704
399.99665166610532 -0.76784368405749337 0.7914518443676597
399.99666286454647 -0.76786730492095412 0.79145149810502624
399.99667406298755 -0.76789092568812034 0.791451151330957
399.99668526142869 -0.76791454635898915 0.79145080404545209
399.99669645986984 -0.76793816693355765 0.79145045624851185
399.99670765831092 -0.76796178741182275 0.79145010794013637
399.99671885675207 -0.76798540779378155 0.791449759120326
399.99673005519315 -0.76800902807943106 0.79144940978908085
399.9967412536343 -0.76803264826876838 0.79144905994640125
399.99675245207544 -0.76805626836179042 0.7914487095922873
399.99676365051653 -0.76807988835849439 0.79144835872673935
399.99677484895767 -0.76810350825887719 0.79144800734975762
399.99678604739876 -0.76812712806293593 0.79144765546134233
399.9967972458399 -0.76815074777066761 0.79144730306149358
399.99680844428099 -0.76817436738206923 0.79144695015021171
399.99681964272213 -0.76819798689713792 0.79144659672749695
399.99683084116327 -0.76822160631587066 0.79144624279334952
399.99684203960436 -0.76824522563826447 0.79144588834776963
399.9968532380455 -0.76826884486431646 0.79144553339075752
399.99686443648659 -0.76829246399402362 0.7914451779223135
399.99687563492773 -0.76831608302738297 0.7914448219424377
399.99688683336882 -0.76833970196439161 0.79144446545113034
399.99689803180996 -0.76836332080504655 0.79144410844839164
399.99690923025111 -0.76838693954934478 0.79144375093422192
399.99692042869219 -0.76841055819728343 0.79144339290862142
399.99693162713334 -0.7684341767488595 0.79144303437159025
399.99694282557442 -0.76845779520406998 0.79144267532312873
399.99695402401557 -0.768481413562912 0.79144231576323709
399.99696522245665 -0.76850503182538255 0.79144195569191556
399.99697642089779 -0.76852864999147863 0.79144159510916434
399.99698761933894 -0.76855226806119736 0.79144123401498367
399.99699881778002 -0.76857588603453564 0.79144087240937377
399.99701001622117 -0.76859950391149068 0.79144051029233486
399.99702121466225 -0.76862312169205937 0.79144014766386728
399.9970324131034 -0.76864673937623884 0.79143978452397112
399.99704361154454 -0.76867035696402608 0.79143942087264674
399.99705480998563 -0.76869397445541821 0.79143905670989423
399.99706600842677 -0.76871759185041211 0.79143869203571393
399.99707720686786 -0.76874120914900501 0.79143832685010607
399.997088405309 -0.76876482635119381 0.79143796115307086
399.99709960375009 -0.76878844345697561 0.79143759494460864
399.99711080219123 -0.76881206046634742 0.79143722822471951
399.99712200063237 -0.76883567737930625 0.79143686099340382
399.99713319907346 -0.7688592941958492 0.79143649325066168
399.9971443975146 -0.76888291091597327 0.79143612499649341
399.99715559595569 -0.76890652753967559 0.79143575623089923
399.99716679439683 -0.76893014406695304 0.79143538695387938
399.99717799283792 -0.76895376049780273 0.79143501716543407
399.99718919127906 -0.76897737683222178 0.79143464686556364
399.99720038972021 -0.76900099307020708 0.79143427605426819
399.99721158816129 -0.76902460921175575 0.79143390473154807
399.99722278660244 -0.76904822525686489 0.79143353289740348
399.99723398504352 -0.7690718412055314 0.79143316055183466
399.99724518348467 -0.7690954570577524 0.79143278769484182
399.99725638192581 -0.76911907281352498 0.79143241432642519
399.99726758036689 -0.76914268847284606 0.79143204044658511
399.99727877880804 -0.76916630403571273 0.79143166605532167
399.99728997724912 -0.76918991950212212 0.79143129115263522
399.99730117569027 -0.76921353487207111 0.79143091573852598
399.99731237413135 -0.76923715014555683 0.79143053981299427
399.9973235725725 -0.76926076532257637 0.79143016337604022
399.99733477101364 -0.76928438040312663 0.79142978642766415
399.99734596945473 -0.76930799538720473 0.79142940896786629
399.99735716789587 -0.76933161027480768 0.79142903099664685
399.99736836633696 -0.76935522506593257 0.79142865251400607
399.9973795647781 -0.76937883976057642 0.79142827351994416
399.99739076321919 -0.76940245435873622 0.79142789401446145
399.99740196166033 -0.7694260688604091 0.79142751399755817
399.99741316010147 -0.76944968326559193 0.79142713346923454
399.99742435854256 -0.76947329757428196 0.79142675242949079
399.9974355569837 -0.76949691178647606 0.79142637087832712
399.99744675542479 -0.76952052590217135 0.79142598881574389
399.99745795386593 -0.76954413992136483 0.7914256062417413
399.99746915230702 -0.76956775384405363 0.79142522315631958
399.99748035074816 -0.76959136767023473 0.79142483955947907
399.99749154918931 -0.76961498139990514 0.79142445545121987
399.99750274763039 -0.76963859503306187 0.79142407083154231
399.99751394607154 -0.76966220856970202 0.79142368570044663
399.99752514451262 -0.76968582200982261 0.79142330005793315
399.99753634295377 -0.76970943535342073 0.79142291390400199
399.99754754139491 -0.7697330486004933 0.79142252723865347
399.99755873983599 -0.76975666175103752 0.79142214006188782
399.99756993827714 -0.76978027480505029 0.79142175237370527
399.99758113671822 -0.76980388776252873 0.79142136417410613
399.99759233515937 -0.76982750062346983 0.79142097546309065
399.99760353360045 -0.7698511133878706 0.79142058624065903
399.9976147320416 -0.76987472605572815 0.7914201965068115
399.99762593048274 -0.76989833862703949 0.7914198062615484
399.99763712892383 -0.76992195110180173 0.79141941550486994
399.99764832736497 -0.76994556348001175 0.79141902423677635
399.99765952580606 -0.76996917576166668 0.79141863245726785
399.9976707242472 -0.76999278794676362 0.79141824016634477
399.99768192268829 -0.77001640003529959 0.79141784736400733
399.99769312112943 -0.77004001202727157 0.79141745405025588
399.99770431957057 -0.77006362392267658 0.79141706022509051
399.99771551801166 -0.77008723572151172 0.79141666588851156
399.9977267164528 -0.770110847423774 0.79141627104051926
399.99773791489389 -0.77013445902946043 0.79141587568111393
399.99774911333503 -0.77015807053856811 0.7914154798102957
399.99776031177612 -0.77018168195109404 0.79141508342806499
399.99777151021726 -0.77020529326703524 0.79141468653442193
399.99778270865841 -0.77022890448638881 0.79141428912936684
399.99779390709949 -0.77025251560915176 0.79141389121289996
399.99780510554064 -0.77027612663532119 0.79141349278502149
399.99781630398172 -0.770299737564894 0.79141309384573177
399.99782750242287 -0.77032334839786731 0.79141269439503104
399.99783870086401 -0.77034695913423823 0.79141229443291949
399.99784989930509 -0.77037056977400364 0.79141189395939748
399.99786109774624 -0.77039418031716067 0.79141149297446522
399.99787229618732 -0.77041779076370642 0.79141109147812294
399.99788349462847 -0.77044140111363779 0.79141068947037096
399.99789469306955 -0.77046501136695189 0.79141028695120952
399.9979058915107 -0.77048862152364583 0.79140988392063882
399.99791708995184 -0.77051223158371651 0.79140948037865921
399.99792828839293 -0.77053584154716104 0.79140907632527091
399.99793948683407 -0.77055945141397653 0.79140867176047414
399.99795068527516 -0.77058306118415987 0.79140826668426922
399.9979618837163 -0.77060667085770818 0.7914078610966564
399.99797308215739 -0.77063028043461856 0.79140745499763587
399.99798428059853 -0.77065388991488792 0.79140704838720799
399.99799547903967 -0.77067749929851337 0.79140664126537297
399.99800667748076 -0.77070110858549201 0.79140623363213114
399.9980178759219 -0.77072471777582074 0.79140582548748273
399.99802907436299 -0.77074832686949668 0.79140541683142795
399.99804027280413 -0.77077193586651693 0.79140500766396715
399.99805147124528 -0.77079554476687839 0.79140459798510054
399.99806266968636 -0.77081915357057817 0.79140418779482835
399.99807386812751 -0.77084276227761339 0.79140377709315091
399.99808506656859 -0.77086637088798093 0.79140336588006843
399.99809626500974 -0.77088997940167792 0.79140295415558126
399.99810746345082 -0.77091358781870145 0.79140254191968962
399.99811866189197 -0.77093719613904843 0.79140212917239372
399.99812986033311 -0.77096080436271597 0.7914017159136939
399.99814105877419 -0.77098441248970118 0.79140130214359039
399.99815225721534 -0.77100802052000095 0.79140088786208351
399.99816345565642 -0.77103162845361239 0.79140047306917349
399.99817465409757 -0.77105523629053263 0.79140005776486055
399.99818585253865 -0.77107884403075855 0.79139964194914503
399.9981970509798 -0.77110245167428726 0.79139922562202714
399.99820824942094 -0.77112605922111577 0.79139880878350721
399.99821944786203 -0.77114966667124119 0.79139839143358548
399.99823064630317 -0.77117327402466052 0.79139797357226227
399.99824184474426 -0.77119688128137076 0.79139755519953781
399.9982530431854 -0.77122048844136903 0.79139713631541231
399.99826424162649 -0.77124409550465234 0.79139671691988611
399.99827544006763 -0.77126770247121768 0.79139629701295944
399.99828663850877 -0.77129130934106216 0.79139587659463262
399.99829783694986 -0.77131491611418279 0.79139545566490588
399.998309035391 -0.77133852279057658 0.79139503422377955
399.99832023383209 -0.77136212937024062 0.79139461227125385
399.99833143227323 -0.77138573585317194 0.79139418980732901
399.99834263071438 -0.77140934223936752 0.79139376683200535
399.99835382915546 -0.77143294852882449 0.79139334334528322
399.99836502759661 -0.77145655472153984 0.79139291934716283
399.99837622603769 -0.77148016081751059 0.7913924948376444
399.99838742447884 -0.77150376681673383 0.79139206981672827
399.99839862291992 -0.77152737271920657 0.79139164428441477
399.99840982136107 -0.77155097852492593 0.79139121824070402
399.99842101980221 -0.7715745842338888 0.79139079168559645
399.99843221824329 -0.7715981898460923 0.79139036461909218
399.99844341668444 -0.77162179536153352 0.79138993704119165
399.99845461512552 -0.77164540078020938 0.79138950895189508
399.99846581356667 -0.77166900610211697 0.7913890803512027
399.99847701200775 -0.77169261132725342 0.79138865123911484
399.9984882104489 -0.77171621645561561 0.79138822161563172
399.99849940889004 -0.77173982148720066 0.79138779148075367
399.99851060733113 -0.77176342642200568 0.79138736083448091
399.99852180577227 -0.77178703126002768 0.79138692967681379
399.99853300421336 -0.77181063600126365 0.79138649800775251
399.9985442026545 -0.7718342406457106 0.79138606582729742
399.99855540109564 -0.77185784519336564 0.79138563313544874
399.99856659953673 -0.77188144964422578 0.7913851999322068
399.99857779797787 -0.77190505399828802 0.79138476621757181
399.99858899641896 -0.77192865825554946 0.79138433199154412
399.9986001948601 -0.77195226241600712 0.79138389725412395
399.99861139330119 -0.77197586647965799 0.79138346200531162
399.99862259174233 -0.77199947044649919 0.79138302624510748
399.99863379018348 -0.77202307431652772 0.79138258997351174
399.99864498862456 -0.7720466780897407 0.79138215319052463
399.99865618706571 -0.77207028176613512 0.79138171589614648
399.99866738550679 -0.772093885345708 0.79138127809037762
399.99867858394794 -0.77211748882845632 0.79138083977321827
399.99868978238902 -0.77214109221437721 0.79138040094466877
399.99870098083017 -0.77216469550346767 0.79137996160472934
399.99871217927131 -0.7721882986957247 0.79137952175340032
399.99872337771239 -0.77221190179114541 0.79137908139068192
399.99873457615354 -0.7722355047897268 0.79137864051657447
399.99874577459462 -0.772259107691466 0.79137819913107832
399.99875697303577 -0.77228271049635999 0.79137775723419368
399.99876817147685 -0.77230631320440579 0.79137731482592077
399.998779369918 -0.7723299158156004 0.79137687190626005
399.99879056835914 -0.77235351832994092 0.79137642847521172
399.99880176680023 -0.77237712074742437 0.79137598453277602
399.99881296524137 -0.77240072306804786 0.79137554007895328
399.99882416368246 -0.77242432529180838 0.79137509511374371
399.9988353621236 -0.77244792741870294 0.79137464963714776
399.99884656056474 -0.77247152944872866 0.79137420364916555
399.99885775900583 -0.77249513138188242 0.79137375714979752
399.99886895744697 -0.77251873321816145 0.79137331013904388
399.99888015588806 -0.77254233495756264 0.79137286261690487
399.9988913543292 -0.7725659366000831 0.79137241458338081
399.99890255277029 -0.77258953814571985 0.79137196603847204
399.99891375121143 -0.77261313959446998 0.79137151698217878
399.99892494965258 -0.7726367409463305 0.79137106741450136
399.99893614809366 -0.77266034220129842 0.79137061733544012
399.99894734653481 -0.77268394335937085 0.79137016674499527
399.99895854497589 -0.77270754442054479 0.79136971564316716
399.99896974341704 -0.77273114538481724 0.79136926402995611
399.99898094185812 -0.77275474625218532 0.79136881190536235
399.99899214029926 -0.77277834702264603 0.79136835926938609
399.99900333874041 -0.77280194769619637 0.79136790612202779
399.99901453718149 -0.77282554827283345 0.79136745246328766
399.99902573562264 -0.77284914875255428 0.79136699829316592
399.99903693406372 -0.77287274913535586 0.79136654361166303
399.99904813250487 -0.77289634942123531 0.7913660884187792
399.99905933094595 -0.77291994961018962 0.79136563271451466
399.9990705293871 -0.77294354970221579 0.79136517649886973
399.99908172782824 -0.77296714969731095 0.79136471977184475
399.99909292626933 -0.77299074959547209 0.79136426253344005
399.99910412471047 -0.77301434939669622 0.79136380478365587
399.99911532315156 -0.77303794910098045 0.79136334652249252
399.9991265215927 -0.77306154870832178 0.79136288774995023
399.99913772003384 -0.77308514821871721 0.79136242846602944
399.99914891847493 -0.77310874763216386 0.79136196867073028
399.99916011691607 -0.77313234694865873 0.79136150836405317
399.99917131535716 -0.77315594616819894 0.79136104754599834
399.9991825137983 -0.77317954529078148 0.79136058621656613
399.99919371223939 -0.77320314431640336 0.79136012437575687
399.99920491068053 -0.77322674324506158 0.79135966202357078
399.99921610912168 -0.77325034207675325 0.79135919916000819
399.99922730756276 -0.77327394081147538 0.79135873578506943
399.99923850600391 -0.77329753944922508 0.79135827189875474
399.99924970444499 -0.77332113798999935 0.79135780750106444
399.99926090288614 -0.7733447364337952 0.79135734259199886
399.99927210132722 -0.77336833478060962 0.79135687717155823
399.99928329976836 -0.77339193303043974 0.79135641123974299
399.99929449820951 -0.77341553118328266 0.79135594479655336
399.99930569665059 -0.77343912923913527 0.79135547784198956
399.99931689509174 -0.77346272719799469 0.79135501037605194
399.99932809353282 -0.77348632505985793 0.79135454239874092
399.99933929197397 -0.77350992282472208 0.79135407391005663
399.99935049041511 -0.77353352049258417 0.79135360490999951
399.9993616888562 -0.77355711806344118 0.79135313539856977
399.99937288729734 -0.77358071553729024 0.79135266537576776
399.99938408573843 -0.77360431291412834 0.7913521948415938
399.99939528417957 -0.77362791019395249 0.79135172379604812
399.99940648262066 -0.77365150737675981 0.79135125223913105
399.9994176810618 -0.77367510446254728 0.79135078017084293
399.99942887950294 -0.77369870145131192 0.79135030759118408
399.99944007794403 -0.77372229834305084 0.79134983450015473
399.99945127638517 -0.77374589513776104 0.79134936089775532
399.99946247482626 -0.77376949183543964 0.79134888678398607
399.9994736732674 -0.77379308843608352 0.79134841215884721
399.99948487170849 -0.77381668493968991 0.79134793702233919
399.99949607014963 -0.77384028134625571 0.79134746137446221
399.99950726859078 -0.77386387765577802 0.79134698521521663
399.99951846703186 -0.77388747386825385 0.79134650854460276
399.99952966547301 -0.7739110699836802 0.79134603136262083
399.99954086391409 -0.77393466600205418 0.79134555366927128
399.99955206235524 -0.7739582619233728 0.79134507546455435
399.99956326079632 -0.77398185774763317 0.79134459674847024
399.99957445923746 -0.77400545347483229 0.79134411752101941
399.99958565767861 -0.77402904910496717 0.79134363778220218
399.99959685611969 -0.77405264463803491 0.79134315753201878
399.99960805456084 -0.77407624007403253 0.79134267677046954
399.99961925300192 -0.77409983541295702 0.7913421954975548
399.99963045144307 -0.77412343065480549 0.79134171371327477
399.99964164988421 -0.77414702579957495 0.79134123141762991
399.9996528483253 -0.7741706208472624 0.79134074861062043
399.99966404676644 -0.77419421579786496 0.79134026529224666
399.99967524520753 -0.77421781065137962 0.79133978146250894
399.99968644364867 -0.7742414054078034 0.7913392971214076
399.99969764208976 -0.77426500006713339 0.79133881226894287
399.9997088405309 -0.77428859462936661 0.79133832690511519
399.99972003897204 -0.77431218909450006 0.79133784102992477
399.99973123741313 -0.77433578346253085 0.79133735464337196
399.99974243585427 -0.77435937773345598 0.79133686774545708
399.99975363429536 -0.77438297190727257 0.79133638033618037
399.9997648327365 -0.7744065659839775 0.79133589241554225
399.99977603117759 -0.77443015996356801 0.79133540398354296
399.99978722961873 -0.77445375384604098 0.79133491504018283
399.99979842805988 -0.77447734763139353 0.79133442558546219
399.99980962650096 -0.77450094131962266 0.79133393561938137
399.99982082494211 -0.77452453491072548 0.79133344514194071
399.99983202338319 -0.774548128404699 0.79133295415314042
399.99984322182434 -0.77457172180154021 0.79133246265298096
399.99985442026542 -0.77459531510124624 0.79133197064146255
399.99986561870656 -0.77461890830381397 0.79133147811858551
399.99987681714771 -0.77464250140924062 0.79133098508435018
399.99988801558879 -0.7746660944175231 0.7913304915387569
399.99989921402994 -0.77468968732865851 0.79132999748180599
399.99991041247102 -0.77471328014264396 0.7913295029134978
399.99992161091217 -0.77473687285947646 0.79132900783383253
399.99993280935331 -0.774760465479153 0.79132851224281064
399.9999440077944 -0.77478405800167061 0.79132801614043236
399.99995520623554 -0.77480765042702637 0.791327519526698
399.99996640467663 -0.77483124275521731 0.7913270224016079
399.99997760311777 -0.77485483498624041 0.79132652476516241
399.99998880155886 -0.77487842712009281 0.79132602661736184
400 -0.77490201915677148 0.79132552795820654
