# serie phase 2 sous seuil p5_w1.73_c0.95_seuil : t x1 x2 (dt2=1.1915341467130247e-05)
399.99523386341315 -1.274500242696506 0.065893076217236293
399.99524577875462 -1.2744991794651412 0.065906437844968635
399.9952576940961 -1.2744981160452289 0.065919799437096069
399.99526960943757 -1.2744970524367696 0.065933160993613293
399.99528152477899 -1.2744959886397638 0.06594652251451498
399.99529344012046 -1.2744949246542119 0.065959883999795826
399.99530535546194 -1.2744938604801144 0.065973245449450504
399.99531727080341 -1.2744927961174719 0.065986606863473712
399.99532918614489 -1.2744917315662851 0.065999968241860121
399.99534110148636 -1.2744906668265543 0.06601332958460443
399.99535301682783 -1.2744896018982801 0.066026690891701309
399.99536493216931 -1.2744885367814629 0.066040052163145457
399.99537684751073 -1.2744874714761034 0.06605341339893156
399.9953887628522 -1.2744864059822019 0.066066774599054301
399.99540067819368 -1.2744853402997589 0.066080135763508352
399.99541259353515 -1.2744842744287752 0.066093496892288411
399.99542450887662 -1.2744832083692512 0.066106857985389164
399.9954364242181 -1.2744821421211874 0.066120219042805295
399.99544833955957 -1.2744810756845841 0.066133580064531489
399.99546025490105 -1.2744800090594421 0.06614694105056243
399.99547217024246 -1.2744789422457619 0.066160302000892804
399.99548408558394 -1.2744778752435437 0.066173662915517295
399.99549600092541 -1.2744768080527884 0.066187023794430588
399.99550791626689 -1.2744757406734961 0.066200384637627369
399.99551983160836 -1.2744746731056678 0.066213745445102321
399.99553174694984 -1.2744736053493035 0.066227106216850143
399.99554366229131 -1.2744725374044041 0.066240466952865507
399.99555557763279 -1.27447146927097 0.066253827653143096
399.9955674929742 -1.2744704009490018 0.066267188317677611
399.99557940831568 -1.2744693324384999 0.066280548946463722
399.99559132365715 -1.2744682637394649 0.066293909539496113
399.99560323899863 -1.2744671948518971 0.066307270096769483
399.9956151543401 -1.2744661257757972 0.066320630618278503
399.99562706968157 -1.2744650565111657 0.066333991104017873
399.99563898502305 -1.2744639870580032 0.066347351553982276
399.99565090036452 -1.27446291741631 0.066360711968166383
399.99566281570594 -1.2744618475860867 0.066374072346564894
399.99567473104742 -1.274460777567334 0.066387432689172493
399.99568664638889 -1.2744597073600521 0.066400792995983865
399.99569856173036 -1.2744586369642417 0.066414153266993681
399.99571047707184 -1.2744575663799034 0.066427513502196639
399.99572239241331 -1.2744564956070374 0.066440873701587425
399.99573430775479 -1.2744554246456445 0.066454233865160722
399.99574622309626 -1.2744543534957253 0.066467593992911217
399.99575813843768 -1.27445328215728 0.066480954084833593
399.99577005377915 -1.2744522106303093 0.066494314140922536
399.99578196912063 -1.2744511389148137 0.066507674161172745
399.9957938844621 -1.2744500670107937 0.066521034145578889
399.99580579980358 -1.2744489949182498 0.066534394094135654
399.99581771514505 -1.2744479226371825 0.066547754006837739
399.99582963048653 -1.2744468501675923 0.066561113883679815
399.99584154582794 -1.2744457775094797 0.066574473724656566
399.99585346116942 -1.2744447046628453 0.066587833529762691
399.99586537651089 -1.2744436316276897 0.066601193298992875
399.99587729185237 -1.2744425584040131 0.066614553032341789
399.99588920719384 -1.2744414849918164 0.066627912729804131
399.99590112253532 -1.2744404113910999 0.066641272391374587
399.99591303787679 -1.2744393376018641 0.066654632017047827
399.99592495321826 -1.2744382636241096 0.06666799160681855
399.99593686855968 -1.2744371894578368 0.06668135116068144
399.99594878390116 -1.2744361151030463 0.066694710678631183
399.99596069924263 -1.2744350405597387 0.066708070160662464
399.9959726145841 -1.2744339658279142 0.066721429606769966
399.99598452992558 -1.2744328909075737 0.066734789016948376
399.99599644526705 -1.2744318157987176 0.066748148391192377
399.99600836060853 -1.2744307405013462 0.066761507729496669
399.99602027595 -1.2744296650154601 0.066774867031855922
399.99603219129142 -1.2744285893410598 0.066788226298264822
399.99604410663289 -1.2744275134781462 0.066801585528718066
399.99605602197437 -1.2744264374267193 0.066814944723210326
399.99606793731584 -1.27442536118678 0.066828303881736301
399.99607985265732 -1.2744242847583285 0.066841663004290661
399.99609176799879 -1.2744232081413656 0.066855022090868105
399.99610368334027 -1.2744221313358914 0.066868381141463318
399.99611559868174 -1.274421054341907 0.066881740156070971
399.99612751402316 -1.2744199771594125 0.066895099134685762
399.99613942936463 -1.2744188997884085 0.066908458077302377
399.99615134470611 -1.2744178222288955 0.0669218169839155
399.99616326004758 -1.2744167444808741 0.066935175854519816
399.99617517538906 -1.2744156665443447 0.066948534689110009
399.99618709073053 -1.2744145884193079 0.066961893487680779
399.996199006072 -1.2744135101057643 0.066975252250226797
399.99621092141348 -1.2744124316037142 0.066988610976742746
399.9962228367549 -1.2744113529131582 0.067001969667223327
399.99623475209637 -1.274410274034097 0.067015328321663209
399.99624666743784 -1.2744091949665308 0.067028686940057078
399.99625858277932 -1.2744081157104603 0.067042045522399632
399.99627049812079 -1.2744070362658859 0.067055404068685556
399.99628241346227 -1.2744059566328083 0.067068762578909522
399.99629432880374 -1.2744048768112279 0.067082121053066227
399.99630624414522 -1.2744037968011452 0.067095479491150356
399.99631815948663 -1.2744027166025609 0.067108837893156595
399.99633007482811 -1.2744016362154753 0.067122196259079628
399.99634199016958 -1.274400555639889 0.06713555458891414
399.99635390551106 -1.2743994748758025 0.067148912882654815
399.99636582085253 -1.2743983939232162 0.06716227114029634
399.99637773619401 -1.2743973127821309 0.067175629361833411
399.99638965153548 -1.2743962314525468 0.067188987547260701
399.99640156687695 -1.2743951499344646 0.067202345696572907
399.99641348221837 -1.2743940682278847 0.067215703809764701
399.99642539755985 -1.2743929863328078 0.067229061886830782
399.99643731290132 -1.2743919042492342 0.06724241992776582
399.9964492282428 -1.2743908219771647 0.067255777932564514
399.99646114358427 -1.2743897395165995 0.06726913590122155
399.99647305892574 -1.2743886568675393 0.06728249383373161
399.99648497426722 -1.2743875740299846 0.067295851730089382
399.99649688960864 -1.2743864910039358 0.067309209590289548
399.99650880495011 -1.2743854077893935 0.067322567414326795
399.99652072029158 -1.2743843243863582 0.067335925202195807
399.99653263563306 -1.2743832407948303 0.067349282953891268
399.99654455097453 -1.2743821570148106 0.067362640669407878
399.99655646631601 -1.2743810730462994 0.067375998348740307
399.99656838165748 -1.2743799888892973 0.067389355991883254
399.99658029699896 -1.2743789045438048 0.06740271359883139
399.99659221234037 -1.2743778200098224 0.067416071169579414
399.99660412768185 -1.2743767352873505 0.06742942870412201
399.99661604302332 -1.2743756503763899 0.06744278620245385
399.9966279583648 -1.2743745652769409 0.067456143664569632
399.99663987370627 -1.2743734799890041 0.06746950109046404
399.99665178904775 -1.27437239451258 0.06748285848013176
399.99666370438922 -1.2743713088476691 0.067496215833567491
399.99667561973069 -1.2743702229942719 0.067509573150765903
399.99668753507211 -1.2743691369523891 0.067522930431721681
399.99669945041359 -1.274368050722021 0.067536287676429524
399.99671136575506 -1.2743669643031681 0.067549644884884102
399.99672328109654 -1.2743658776958309 0.067563002057080115
399.99673519643801 -1.27436479090001 0.067576359193012234
399.99674711177948 -1.2743637039157059 0.067589716292675156
399.99675902712096 -1.2743626167429192 0.067603073356063567
399.99677094246243 -1.2743615293816504 0.067616430383172152
399.99678285780385 -1.2743604418318999 0.067629787373995595
399.99679477314533 -1.2743593540936682 0.067643144328528582
399.9968066884868 -1.2743582661669559 0.067656501246765796
399.99681860382827 -1.2743571780517635 0.067669858128701924
399.99683051916975 -1.2743560897480917 0.067683214974331662
399.99684243451122 -1.2743550012559408 0.067696571783649684
399.9968543498527 -1.2743539125753114 0.067709928556650686
399.99686626519417 -1.2743528237062038 0.067723285293329355
399.99687818053559 -1.2743517346486188 0.06773664199368036
399.99689009587706 -1.2743506454025568 0.067749998657698401
399.99690201121854 -1.2743495559680182 0.067763355285378163
399.99691392656001 -1.2743484663450038 0.06777671187671433
399.99692584190149 -1.2743473765335138 0.067790068431701586
399.99693775724296 -1.2743462865335489 0.067803424950334618
399.99694967258444 -1.2743451963451096 0.067816781432608123
399.99696158792591 -1.2743441059681964 0.067830137878516772
399.99697350326733 -1.2743430154028099 0.067843494288055264
399.9969854186088 -1.2743419246489505 0.067856850661218271
399.99699733395028 -1.2743408337066187 0.06787020699800049
399.99700924929175 -1.2743397425758152 0.067883563298396607
399.99702116463322 -1.2743386512565402 0.067896919562401306
399.9970330799747 -1.2743375597487945 0.067910275790009259
399.99704499531617 -1.2743364680525786 0.067923631981215177
399.99705691065759 -1.2743353761678928 0.067936988136013732
399.99706882599907 -1.2743342840947378 0.067950344254399608
399.99708074134054 -1.274333191833114 0.067963700336367491
399.99709265668201 -1.2743320993830221 0.067977056381912079
399.99710457202349 -1.2743310067444624 0.067990412391028043
399.99711648736496 -1.2743299139174356 0.068003768363710082
399.99712840270644 -1.2743288209019421 0.06801712429995288
399.99714031804791 -1.2743277276979825 0.068030480199751123
399.99715223338933 -1.2743266343055573 0.068043836063099494
399.9971641487308 -1.274325540724667 0.06805719188999268
399.99717606407228 -1.2743244469553121 0.068070547680425364
399.99718797941375 -1.2743233529974931 0.068083903434392232
399.99719989475523 -1.2743222588512104 0.068097259151887982
399.9972118100967 -1.2743211645164647 0.068110614832907285
399.99722372543818 -1.2743200699932564 0.06812397047744484
399.99723564077965 -1.2743189752815862 0.068137326085495317
399.99724755612107 -1.2743178803814545 0.068150681657053416
399.99725947146254 -1.2743167852928619 0.068164037192113822
399.99727138680402 -1.2743156900158088 0.068177392690671218
399.99728330214549 -1.2743145945502956 0.06819074815272029
399.99729521748696 -1.2743134988963232 0.068204103578255723
399.99730713282844 -1.2743124030538917 0.068217458967272215
399.99731904816991 -1.2743113070230019 0.068230814319764438
399.99733096351139 -1.2743102108036541 0.068244169635727089
399.99734287885281 -1.2743091143958492 0.068257524915154841
399.99735479419428 -1.2743080177995871 0.068270880158042391
399.99736670953575 -1.2743069210148688 0.068284235364384424
399.99737862487723 -1.2743058240416947 0.068297590534175626
399.9973905402187 -1.2743047268800654 0.06831094566741068
399.99740245556018 -1.2743036295299812 0.068324300764084273
399.99741437090165 -1.2743025319914427 0.068337655824191101
399.99742628624313 -1.2743014342644505 0.068351010847725838
399.99743820158454 -1.2743003363490051 0.06836436583468318
399.99745011692602 -1.274299238245107 0.068377720785057799
399.99746203226749 -1.2742981399527566 0.068391075698844395
399.99747394760897 -1.2742970414719548 0.06840443057603765
399.99748586295044 -1.2742959428027016 0.068417785416632251
399.99749777829192 -1.2742948439449979 0.068431140220622882
399.99750969363339 -1.2742937448988441 0.068444494988004229
399.99752160897486 -1.2742926456642405 0.068457849718770988
399.99753352431628 -1.2742915462411879 0.068471204412917833
399.99754543965776 -1.2742904466296867 0.06848455907043946
399.99755735499923 -1.2742893468297374 0.068497913691330556
399.9975692703407 -1.2742882468413406 0.06851126827558579
399.99758118568218 -1.2742871466644967 0.068524622823199863
399.99759310102365 -1.2742860462992065 0.068537977334167458
399.99760501636513 -1.2742849457454701 0.068551331808483273
399.9976169317066 -1.2742838450032883 0.068564686246141981
399.99762884704802 -1.2742827440726616 0.068578040647138266
399.99764076238949 -1.2742816429535904 0.068591395011466827
399.99765267773097 -1.2742805416460752 0.068604749339122334
399.99766459307244 -1.2742794401501167 0.068618103630099486
399.99767650841392 -1.2742783384657153 0.068631457884392968
399.99768842375539 -1.2742772365928714 0.068644812101997466
399.99770033909687 -1.2742761345315858 0.068658166282907662
399.99771225443828 -1.274275032281859 0.068671520427118257
399.99772416977976 -1.2742739298436914 0.068684874534623921
399.99773608512123 -1.2742728272170833 0.068698228605419354
399.99774800046271 -1.2742717244020356 0.068711582639499225
399.99775991580418 -1.2742706213985486 0.068724936636858233
399.99777183114566 -1.2742695182066228 0.068738290597491064
399.99778374648713 -1.2742684148262589 0.068751644521392402
399.9977956618286 -1.2742673112574572 0.068764998408556932
399.99780757717002 -1.2742662075002182 0.068778352258979339
399.9978194925115 -1.2742651035545427 0.068791706072654321
399.99783140785297 -1.274263999420431 0.06880505984957655
399.99784332319445 -1.2742628950978836 0.068818413589740723
399.99785523853592 -1.2742617905869011 0.068831767293141527
399.99786715387739 -1.2742606858874841 0.068845120959773645
399.99787906921887 -1.2742595809996329 0.068858474589631763
399.99789098456034 -1.274258475923348 0.068871828182710565
399.99790289990176 -1.27425737065863 0.068885181739004736
399.99791481524323 -1.2742562652054796 0.068898535258508975
399.99792673058471 -1.2742551595638971 0.068911888741217953
399.99793864592618 -1.2742540537338831 0.068925242187126368
399.99795056126766 -1.2742529477154383 0.068938595596228905
399.99796247660913 -1.2742518415085629 0.068951948968520249
399.99797439195061 -1.2742507351132575 0.068965302303995085
399.99798630729208 -1.2742496285295228 0.068978655602648098
399.9979982226335 -1.2742485217573591 0.068992008864473972
399.99801013797497 -1.2742474147967671 0.069005362089467406
399.99802205331645 -1.2742463076477473 0.069018715277623086
399.99803396865792 -1.2742452003103 0.069032068428935681
399.9980458839994 -1.2742440927844259 0.06904542154339989
399.99805779934087 -1.2742429850701253 0.069058774621010399
399.99806971468234 -1.2742418771673991 0.069072127661761906
399.99808163002382 -1.2742407690762476 0.069085480665649082
399.99809354536524 -1.2742396607966713 0.069098833632666612
399.99810546070671 -1.2742385523286708 0.069112186562809194
399.99811737604819 -1.2742374436722466 0.069125539456071514
399.99812929138966 -1.2742363348273991 0.069138892312448255
399.99814120673113 -1.274235225794129 0.069152245131934104
399.99815312207261 -1.2742341165724367 0.069165597914523744
399.99816503741408 -1.2742330071623227 0.06917895066021186
399.99817695275556 -1.2742318975637876 0.069192303368993152
399.99818886809697 -1.274230787776832 0.06920565604086229
399.99820078343845 -1.2742296778014561 0.069219008675813973
399.99821269877992 -1.2742285676376608 0.069232361273842885
399.9982246141214 -1.2742274572854462 0.069245713834943712
399.99823652946287 -1.2742263467448132 0.069259066359111138
399.99824844480435 -1.274225236015762 0.069272418846339848
399.99826036014582 -1.2742241250982933 0.06928577129662454
399.99827227548724 -1.2742230139924078 0.069299123709959887
399.99828419082871 -1.2742219026981056 0.069312476086340585
399.99829610617019 -1.2742207912153876 0.069325828425761321
399.99830802151166 -1.2742196795442542 0.069339180728216779
399.99831993685314 -1.2742185676847058 0.069352532993701643
399.99833185219461 -1.2742174556367429 0.069365885222210599
399.99834376753608 -1.2742163434003662 0.069379237413738346
399.99835568287756 -1.2742152309755761 0.069392589568279567
399.99836759821898 -1.2742141183623732 0.069405941685828934
399.99837951356045 -1.2742130055607579 0.069419293766381146
399.99839142890193 -1.2742118925707309 0.069432645809930887
399.9984033442434 -1.2742107793922925 0.069445997816472857
399.99841525958487 -1.2742096660254434 0.069459349786001726
399.99842717492635 -1.2742085524701841 0.069472701718512178
399.99843909026782 -1.274207438726515 0.069486053613998913
399.9984510056093 -1.2742063247944366 0.069499405472456616
399.99846292095071 -1.2742052106739497 0.06951275729387997
399.99847483629219 -1.2742040963650545 0.069526109078263662
399.99848675163366 -1.2742029818677516 0.069539460825602376
399.99849866697514 -1.2742018671820416 0.069552812535890809
399.99851058231661 -1.2742007523079251 0.069566164209123635
399.99852249765809 -1.2741996372454023 0.06957951584529555
399.99853441299956 -1.274198521994474 0.069592867444401241
399.99854632834104 -1.2741974065551407 0.069606219006435391
399.99855824368245 -1.2741962909274027 0.069619570531392685
399.99857015902393 -1.2741951751112608 0.069632922019267823
399.9985820743654 -1.2741940591067153 0.069646273470055475
399.99859398970688 -1.2741929429137668 0.06965962488375034
399.99860590504835 -1.2741918265324159 0.069672976260347103
399.99861782038982 -1.274190709962663 0.069686327599840447
399.9986297357313 -1.2741895932045086 0.06969967890222506
399.99864165107277 -1.2741884762579534 0.069713030167495624
399.99865356641419 -1.2741873591229977 0.069726381395646839
399.99866548175567 -1.2741862417996421 0.069739732586673375
399.99867739709714 -1.2741851242878872 0.069753083740569932
399.99868931243861 -1.2741840065877335 0.069766434857331194
399.99870122778009 -1.2741828886991813 0.069779785936951846
399.99871314312156 -1.2741817706222314 0.069793136979426587
399.99872505846304 -1.2741806523568842 0.069806487984750087
399.99873697380451 -1.2741795339031403 0.069819838952917046
399.99874888914593 -1.2741784152610001 0.069833189883922148
399.9987608044874 -1.2741772964304641 0.069846540777760077
399.99877271982888 -1.274176177411533 0.069859891634425519
399.99878463517035 -1.2741750582042071 0.069873242453913159
399.99879655051183 -1.2741739388084869 0.069886593236217681
399.9988084658533 -1.2741728192243733 0.069899943981333784
399.99882038119478 -1.2741716994518666 0.069913294689256153
399.99883229653619 -1.2741705794909672 0.069926645359979472
399.99884421187767 -1.2741694593416757 0.069939995993498427
399.99885612721914 -1.2741683390039926 0.069953346589807702
399.99886804256062 -1.2741672184779185 0.069966697148901996
399.99887995790209 -1.2741660977634537 0.06998004767077598
399.99889187324356 -1.2741649768605989 0.069993398155424352
399.99890378858504 -1.2741638557693546 0.070006748602841798
399.99891570392651 -1.2741627344897215 0.070020099013023002
399.99892761926793 -1.2741616130216999 0.070033449385962648
399.99893953460941 -1.2741604913652904 0.070046799721655437
399.99895144995088 -1.2741593695204934 0.070060150020096051
399.99896336529235 -1.2741582474873094 0.070073500281279164
399.99897528063383 -1.2741571252657391 0.070086850505199472
399.9989871959753 -1.274156002855783 0.070100200691851675
399.99899911131678 -1.2741548802574414 0.070113550841230443
399.99901102665825 -1.2741537574707149 0.070126900953330462
399.99902294199967 -1.2741526344956042 0.07014025102814643
399.99903485734114 -1.2741515113321098 0.070153601065673032
399.99904677268262 -1.2741503879802321 0.070166951065904953
399.99905868802409 -1.2741492644399715 0.070180301028836878
399.99907060336557 -1.2741481407113286 0.070193650954463505
399.99908251870704 -1.2741470167943043 0.070207000842779504
399.99909443404852 -1.2741458926888987 0.070220350693779576
399.99910634938999 -1.2741447683951124 0.070233700507458405
399.99911826473141 -1.2741436439129459 0.070247050283810675
399.99913018007288 -1.2741425192423999 0.070260400022831071
399.99914209541436 -1.2741413943834747 0.070273749724514292
399.99915401075583 -1.274140269336171 0.070287099388855009
399.99916592609731 -1.274139144100489 0.070300449015847921
399.99917784143878 -1.2741380186764295 0.070313798605487712
399.99918975678025 -1.2741368930639931 0.070327148157769068
399.99920167212173 -1.2741357672631801 0.070340497672686686
399.99921358746315 -1.2741346412739911 0.070353847150235238
399.99922550280462 -1.2741335150964266 0.070367196590409423
399.99923741814609 -1.2741323887304872 0.070380545993203925
399.99924933348757 -1.2741312621761733 0.070393895358613429
399.99926124882904 -1.2741301354334855 0.07040724468663262
399.99927316417052 -1.2741290085024244 0.070420593977256196
399.99928507951199 -1.2741278813829904 0.070433943230478843
399.99929699485347 -1.2741267540751839 0.070447292446295232
399.99930891019488 -1.2741256265790057 0.070460641624700074
399.99932082553636 -1.2741244988944562 0.070473990765688041
399.99933274087783 -1.2741233710215358 0.070487339869253818
399.99934465621931 -1.2741222429602452 0.070500688935392103
399.99935657156078 -1.2741211147105849 0.070514037964097581
399.99936848690226 -1.2741199862725552 0.070527386955364937
399.99938040224373 -1.2741188576461568 0.070540735909188856
399.9993923175852 -1.2741177288313903 0.070554084825564023
399.99940423292662 -1.274116599828256 0.070567433704485136
399.9994161482681 -1.2741154706367546 0.070580782545946866
399.99942806360957 -1.2741143412568865 0.070594131349943912
399.99943997895105 -1.2741132116886522 0.070607480116470958
399.99945189429252 -1.2741120819320524 0.070620828845522704
399.99946380963399 -1.2741109519870875 0.07063417753709382
399.99947572497547 -1.2741098218537581 0.070647526191179005
399.99948764031689 -1.2741086915320645 0.070660874807772944
399.99949955565836 -1.2741075610220076 0.070674223386870322
399.99951147099983 -1.2741064303235876 0.070687571928465823
399.99952338634131 -1.2741052994368052 0.070700920432554146
399.99953530168278 -1.2741041683616607 0.070714268899129962
399.99954721702426 -1.2741030370981548 0.070727617328187969
399.99955913236573 -1.2741019056462879 0.070740965719722854
399.99957104770721 -1.2741007740060606 0.070754314073729313
399.99958296304862 -1.2740996421774735 0.070767662390202019
399.9995948783901 -1.2740985101605271 0.070781010669135669
399.99960679373157 -1.2740973779552218 0.070794358910524935
399.99961870907305 -1.2740962455615583 0.070807707114364529
399.99963062441452 -1.2740951129795368 0.070821055280649123
399.999642539756 -1.2740939802091582 0.0708344034093734
399.99965445509747 -1.2740928472504227 0.070847751500532061
399.99966637043894 -1.274091714103331 0.070861099554119789
399.99967828578036 -1.2740905807678835 0.070874447570131269
399.99969020112184 -1.2740894472440809 0.070887795548561186
399.99970211646331 -1.2740883135319236 0.070901143489404239
399.99971403180479 -1.2740871796314122 0.070914491392655099
399.99972594714626 -1.2740860455425471 0.070927839258308464
399.99973786248773 -1.274084911265329 0.07094118708635902
399.99974977782921 -1.2740837767997581 0.070954534876801451
399.99976169317068 -1.2740826421458353 0.070967882629630455
399.9997736085121 -1.274081507303561 0.070981230344840718
399.99978552385357 -1.2740803722729355 0.07099457802242691
399.99979743919505 -1.2740792370539595 0.071007925662383745
399.99980935453652 -1.2740781016466336 0.071021273264705892
399.999821269878 -1.2740769660509581 0.071034620829388037
399.99983318521947 -1.2740758302669337 0.071047968356424879
399.99984510056095 -1.2740746942945609 0.071061315845811102
399.99985701590242 -1.27407355813384 0.071074663297541391
399.99986893124384 -1.2740724217847719 0.071088010711610444
399.99988084658531 -1.2740712852473568 0.071101358088012934
399.99989276192679 -1.2740701485215955 0.071114705426743557
399.99990467726826 -1.2740690116074884 0.071128052727797
399.99991659260974 -1.274067874505036 0.071141399991167947
399.99992850795121 -1.2740667372142387 0.071154747216851083
399.99994042329268 -1.2740655997350971 0.071168094404841106
399.99995233863416 -1.2740644620676118 0.071181441555132702
399.99996425397558 -1.2740633242117834 0.071194788667720554
399.99997616931705 -1.2740621861676122 0.071208135742599349
399.99998808465853 -1.2740610479350989 0.071221482779763784
400 -1.2740599095142437 0.071234829779208531
