# serie phase 2 p4_w1.73_c1.20_dt2s2_k2 : t x1 x2 (dt2=6.9506158557965689e-06, depart t=12.516 etat bascule x1 x2 v1 v2 = 1596394.0396153107 -1591306.2432750855 64900646.768094718 -64797048.765015669)
12.608721215516326 168767771015.60214 -168766113863.56409
12.608728166132181 169633510446.53 -169631849049.50684
12.608735116748038 170504808321.07419 -170503142662.73398
12.608742067363893 171381707519.68863 -171380037583.61551
12.608749017979749 172264251309.25745 -172262577078.95114
12.608755968595604 173152483347.08005 -173150804805.95529
12.608762919211461 174046447684.90259 -174044764816.2886
12.608769869827317 174946188772.99619 -174944501560.13614
12.608776820443172 175851751464.28256 -175850059890.33298
12.608783771059027 176763181018.50797 -176761485066.53821
12.608790721674884 177680523106.46567 -177678822759.45731
12.60879767229074 178603823814.26807 -178602119055.11438
12.608804622906595 179533129647.66864 -179531420459.17404
12.608811573522452 180468487536.43439 -180466773901.31378
12.608818524138307 181409944838.76968 -181408226739.64789
12.608825474754163 182357549345.7926 -182355826765.20386
12.608832425370018 183311349286.06339 -183309622206.45065
12.608839375985875 184271393330.16647 -184269661733.88089
12.60884632660173 185237730595.34662 -185235994464.64691
12.608853277217586 186210410650.19965 -186208669967.2515
12.608860227833441 187189483519.41867 -187187738266.2941
12.608867178449298 188174999688.59665 -188173249847.27344
12.608874129065153 189167010109.08588 -189165255661.44687
12.608881079681009 190165566202.91544 -190163807130.74802
12.608888030296864 191170719867.767 -191168956152.76239
12.608894980912721 192182523482.00934 -192180755105.76199
12.608901931528576 193201029909.79364 -193199256853.80063
12.608908882144432 194226292506.20923 -194224514751.86951
12.608915832760289 195258365122.50095 -195256582651.11481
12.608922783376144 196297302111.34918 -196295514904.11752
12.608929733991999 197343158332.2132 -197341366370.23688
12.608936684607855 198395989156.73849 -198394192421.0177
12.608943635223712 199455850474.22919 -199454048945.66272
12.608950585839567 200522798697.18637 -200520992356.57101
12.608957536455422 201596890766.91278 -201595079594.94257
12.608964487071278 202678184159.18558 -202676368136.45114
12.608971437687135 203766736889.9978 -203764915996.98569
12.60897838830299 204862607521.36859 -204860781738.46051
12.608985338918846 205965855167.22446 -205964024474.69659
12.608992289534703 207076539499.35178 -207074703877.37418
12.608999240150558 208194720753.42154 -208192880182.05725
12.609006190766413 209320459735.08685 -209318614194.29126
12.609013141382269 210453817826.15594 -210451967295.77606
12.609020091998126 211594856990.83972 -211593001450.61343
12.609027042613981 212743639782.07547 -212741779211.63086
12.609033993229836 213900229347.9281 -213898363726.78259
12.609040943845692 215064689438.06976 -215062818745.62943
12.609047894461549 216237084410.33932 -216235208625.89813
12.609054845077404 217417479237.38202 -217415598340.12106
12.609061795693259 218605939513.37094 -218604053482.35767
12.609068746309116 219802531460.81107 -219800640274.9985
12.609075696924972 221007321937.42722 -221005425575.65317
12.609082647540827 222220378443.13757 -222218476884.12387
12.609089598156682 223441769127.1131 -223439862349.46475
12.609096548772539 224671562794.92413 -224669650777.12857
12.609103499388395 225909828915.77588 -225907911636.20215
12.60911045000425 227156637629.83368 -227154715066.7316
12.609117400620105 228412059755.63943 -228410131887.13876
12.609124351235963 229676166797.62024 -229674233601.72989
12.609131301851818 230949030953.69104 -230947092408.29819
12.609138252467673 232230725122.95181 -232228781205.82111
12.609145203083528 233521322913.48099 -233519373602.25366
12.609152153699386 234820898650.22681 -234818943922.41983
12.609159104315241 236129527382.99744 -236127567216.00269
12.609166054931096 237447284894.55124 -237445319265.63458
12.609173005546953 238774247708.78879 -238772276595.08923
12.609179956162809 240110493099.04828 -240108516477.57706
12.609186906778664 241456099096.50549 -241454116944.1452
12.609193857394519 242811144498.67953 -242809156792.1832
12.609200808010376 244175708878.0466 -244173715594.03677
12.609207758626232 245549872590.76266 -245547873705.73053
12.609214709242087 246933716785.49643 -246931712275.8009
12.609221659857942 248327323412.37485 -248325313254.24158
12.609228610473799 249730775232.0419 -249728759401.56235
12.609235561089655 251144155824.83325 -251142134297.96378
12.60924251170551 252567549600.06799 -252565522352.62885
12.609249462321367 254001041805.45865 -253999008813.13309
12.609256412937222 255444718536.64151 -255442679774.97476
12.609263363553078 256898666746.82877 -256896622191.22705
12.609270314168933 258362974256.58521 -258360923882.31476
12.60927726478479 259837729763.72995 -259835673545.91602
12.609284215400645 261323022853.36588 -261320960766.99173
12.609291166016501 262818944008.03796 -262816876027.94388
12.609298116632356 264325584618.02246 -264323510718.90466
12.609305067248213 265843036991.74948 -265840957148.15915
12.609312017864069 267371394366.36014 -267369308552.70236
12.609318968479924 268910750918.40027 -268908659108.93295
12.609325919095779 270461201774.65329 -270459103943.48621
12.609332869711636 272022843023.11337 -272020739144.20694
12.609339820327492 273595771724.10153 -273593661771.26587
12.609346770943347 275180085921.52686 -275177969868.42059
12.609353721559204 276775884654.29382 -276773762474.4231
12.609360672175059 278383267967.85999 -278381139634.57727
12.609367622790915 280002336925.94397 -280000202412.44696
12.60937457340677 281633193622.38708 -281631052901.71765
12.609381524022627 283275941193.17084 -283273794238.21381
12.609388474638482 284930683828.59131 -284928530612.0733
12.609395425254338 286597526785.59521 -286595367280.08362
12.609402375870193 288276576400.27844 -288274410578.18011
12.60940932648605 289967940100.54828 -289965767934.10834
12.609416277101905 291671726418.95551 -291669547880.25635
12.609423227717761 293388045005.69379 -293385860066.65375
12.609430178333618 295117006641.77173 -295114815274.14386
12.609437128949473 296858723252.36163 -296856525427.73254
12.609444079565328 298613307920.32452 -298611103610.11316
12.609451030181184 300380874899.91522 -300378664075.37158
12.609457980797041 302161539630.67017 -302159322262.87402
12.609464931412896 303955418751.48145 -303953194811.34119
12.609471882028751 305762630114.85889 -305760399573.11017
12.609478832644607 307583292801.38312 -307581055628.58759
12.609485783260464 309417527134.35229 -309415283300.8963
12.609492733876319 311265454694.62585 -311263204170.71924
12.609499684492175 313127198335.6676 -313124941091.34216
12.609506635108032 315002882198.79254 -315000618203.90088
12.609513585723887 316892631728.61914 -316890360952.83331
12.609520536339742 318796573688.72961 -318794296101.53967
12.609527486955598 320714836177.54309 -320712551748.2558
12.609534437571455 322647548644.40411 -322645257342.14154
12.60954138818731 324594841905.8894 -324592543699.58759
12.609548338803165 326556848162.33563 -326554543020.74304
12.609555289419021 328533701014.59338 -328531388906.26959
12.609562240034878 330525535481.01013 -330523216374.32446
12.609569190650733 332532488014.64337 -332530161877.77332
12.609576141266588 334554696520.71014 -334552363321.64001
12.609583091882444 336592300374.27582 -336589960080.79517
12.609590042498301 338645440438.18646 -338643093017.88873
12.609596993114156 340714259081.24628 -340711904501.52716
12.609603943730011 342798900196.646 -342796538424.70209
12.609610894345868 344899509220.6452 -344897140223.47229
12.609617844961724 347016233151.51294 -347013856895.90466
12.609624795577579 349149220568.72968 -349146837021.27582
12.609631746193434 351298621652.45563 -351296230779.54059
12.609638696809292 353464588203.26929 -353462189971.07062
12.609645647425147 355647273662.18054 -355644868036.66718
12.609652598041002 357846833130.92004 -357844420077.85077
12.609659548656857 360063423392.51495 -360061002877.43683
12.609666499272715 362297202932.14911 -362294774920.39575
12.60967344988857 364548331958.3158 -364545896415.00574
12.609680400504425 366816972424.26746 -366814529314.30255
12.609687351120282 369103288049.76459 -369100837337.82819
12.609694301736138 371407444343.13055 -371404985993.68597
12.609701252351993 373729608623.61749 -373727142600.90619
12.609708202967848 376069950044.08667 -376067476312.12646
12.609715153583705 378428639614.00916 -378426158136.59259
12.609722104199561 380805850222.79169 -380803360963.48419
12.609729054815416 383201756663.43286 -383199259585.57098
12.609736005431271 385616535656.51465 -385614030723.20428
12.609742956047128 388050365874.53351 -388047853048.64801
12.609749906662984 390503427966.57947 -390500907210.75793
12.609756857278839 392975904583.36578 -392973375860.01111
12.609763807894696 395467980402.61481 -395465443673.89185
12.609770758510551 397979842154.8075 -397977297382.64111
12.609777709126407 400511678649.30267 -400509125795.37592
12.609784659742262 403063680800.83032 -403061119826.58252
12.609791610358119 405636041656.3634 -405633472522.98816
12.609798560973974 408228956422.37708 -408226379090.82031
12.60980551158983 410842622492.50159 -410840036923.45959
12.609812462205685 413477239475.57367 -413474645629.49103
12.609819412821542 416133009224.09344 -416130407061.16119
12.609826363437397 418810135863.0932 -418807525343.24664
12.609833314053253 421508825819.42273 -421506206902.33942
12.609840264669108 424229287851.46271 -424226660496.5603
12.609847215284965 426971733079.26971 -426969097245.70404
12.609854165900821 429736375015.1601 -429733730661.82288
12.609861116516676 432523429594.7392 -432520776680.25598
12.609868067132533 435333115208.3866 -435330453691.11462
12.609875017748388 438165652733.19916 -438162982571.22516
12.609881968364244 441021265565.40369 -441018586716.54163
12.609888918980099 443900179653.24701 -443897492075.03601
12.609895869595956 446802623530.36786 -446799927180.06976
12.609902820211811 449728828349.66144 -449726123184.25867
12.609909770827667 452679027917.64575 -452676313893.83905
12.609916721443522 455653458729.33203 -455650735803.53802
12.609923672059379 458652360003.61444 -458649628131.96344
12.609930622675234 461675973719.1842 -461673232857.51776
12.60993757329109 464724544650.97632 -464721794754.84485
12.609944523906947 467798320407.15997 -467795561431.82043
12.609951474522802 470897551466.6795 -470894783367.0929
12.609958425138657 474022491217.35565 -474019713948.18457
12.609965375754513 477173395994.55713 -477170609510.16333
12.60997232637037 480350525120.45215 -480347729374.89398
12.609979276986225 483554140943.84839 -483551335890.8783
12.60998622760208 486784508880.63147 -486781694473.69348
12.609993178217936 490041897454.81329 -490039073647.04041
12.610000128833793 493326578340.19885 -493323745084.41046
12.610007079449648 496638826402.68121 -496635983651.38049
12.610014030065503 499978919743.17877 -499976067448.54993
12.610020980681361 503347139741.22137 -503344277855.12708
12.610027931297216 506743771099.20007 -506740899573.17871
12.610034881913071 510169101887.28821 -510166220672.55115
12.610041832528927 513623423589.04718 -513620532636.47595
12.610048783144784 517107031147.72882 -517104130407.87244
12.610055733760639 520620223013.28479 -520617312436.35675
12.610062684376494 524163301190.09753 -524160380725.97314
12.61006963499235 527736571285.4433 -527733640883.6568
12.610076585608207 531340342558.69739 -531337402168.43896
12.610083536224062 534974927971.29614 -534971977541.409
12.610090486839917 538640644237.47119 -538637683716.44855
12.610097437455773 542337811875.76941 -542334841211.75165
12.61010438807163 546066755261.3653 -546063774402.13678
12.610111338687485 549827802679.18677 -549824811572.17285
12.61011828930334 553621286377.86597 -553618284970.12988
12.610125239919197 557447542624.52673 -557444530862.76648
12.610132190535053 561306911760.42957 -561303889590.97473
12.610139141150908 565199738257.48035 -565196705626.28906
12.610146091766763 569126370775.62415 -569123327628.27954
12.61015304238262 573087162221.13782 -573084108502.84509
12.610159992998476 577082469805.83887 -577079405461.42188
12.610166943614331 581112655107.22461 -581109580081.12244
12.610173894230186 585178084129.55164 -585174998365.81555
12.610180844846044 589279127365.88477 -589276030808.17444
12.610187795461899 593416159861.12439 -593413052452.70483
12.610194746077754 597589561276.03064 -597586442959.76831
12.610201696693611 601799715952.26318 -601796586670.62292
12.610208647309467 606047012978.4541 -606043872673.49536
12.610215597925322 610331846257.33044 -610328694870.70361
12.610222548541177 614654614573.9104 -614651452046.85339
12.610229499157034 619015721664.7843 -619012547938.1189
12.61023644977289 623415576288.50293 -623412391302.63098
12.610243400388745 627854592297.09485 -627851395991.99463
12.6102503510046 632333188708.73364 -632329981023.95593
12.610257301620457 636851789781.57043 -636848570656.23499
12.610264252236313 641410825088.75696 -641407594461.54834
12.610271202852168 646010729594.67834 -646007487403.84229
12.610278153468025 650651943732.41907 -650648689915.75842
12.61028510408388 655334913482.48206 -655331647977.35278
12.610292054699736 660060090452.78613 -660056813196.09326
12.610299005315591 664827931959.96631 -664824642888.15991
12.610305955931448 669638901111.99487 -669635600161.06604
12.610312906547303 674493466892.15002 -674490153997.62659
12.610319857163159 679392104244.35852 -679388779341.30103
12.610326807779014 684335294159.93262 -684331957182.92993
12.610333758394871 689323523765.72803 -689320174648.89307
12.610340709010726 694357286413.755 -694353925090.72046
12.610347659626582 699437081772.26147 -699433708176.17529
12.610354610242437 704563415918.32385 -704560029981.84509
12.610361560858294 709736801431.95605 -709733403087.25
12.610368511474149 714957757491.78577 -714954346670.51965
12.610375462090005 720226809972.31946 -720223386605.65784
12.610382412705862 725544491542.81689 -725541055561.41711
12.610389363321717 730911341767.81104 -730907893101.81848
12.610396313937573 736327907209.3009 -736324445788.34424
12.610403264553428 741794741530.65747 -741791267283.84363
12.610410215169285 747312405602.27393 -747308918458.18372
12.61041716578514 752881467608.98022 -752877967495.66321
12.610424116400996 758502503159.25647 -758498990004.22595
12.610431067016851 764176095396.29456 -764172569126.52271
12.610438017632708 769902835110.92639 -769899295652.83911
12.610444968248563 775683320856.46277 -775679768135.93457
12.610451918864419 781518159065.47363 -781514593007.82251
12.610458869480276 787407964168.55457 -787404384698.53662
12.610465820096131 793353358715.10364 -793349765756.90808
12.610472770711986 799354973496.15698 -799351366973.40051
12.610479721327842 805413447669.31628 -805409827505.03784
12.610486671943699 811529428885.81616 -811525795002.47131
12.610493622559554 817703573419.76294 -817699925739.21826
12.610500573175409 823936546299.59338 -823932884743.12134
12.610507523791265 830229021441.78796 -830225345930.06055
12.610514474407122 836581681786.8866 -836577992239.97021
12.610521425022977 842995219437.85632 -842991515775.20569
12.610528375638832 849470335800.83899 -849466617941.29126
12.610535326254688 856007741728.35034 -856004009590.11926
12.610542276870545 862608157664.95532 -862604411165.62537
12.6105492274864 869272313795.47168 -869268552851.9917
12.610556178102255 876000950195.75806 -875997174724.4353
12.610563128718113 882794816986.14026 -882791026902.63428
12.610570079333968 889654674487.51013 -889650869706.82617
12.610577029949823 896581293380.16382 -896577473816.64673
12.610583980565679 903575454865.43274 -903571620432.7605
12.610590931181536 910637950830.14783 -910634101441.32495
12.610597881797391 917769584014.00452 -917765719581.35559
12.610604832413246 924971168179.89014 -924967288615.05322
12.610611783029102 932243528287.21179 -932239633501.13135
12.610618733644959 939587500668.30176 -939583590571.22229
12.610625684260814 947003933207.96326 -947000007709.42212
12.610632634876669 954493685526.19824 -954489744535.01868
12.610639585492526 962057629164.20178 -962053672588.48584
12.610646536108382 969696647773.6825 -969692675520.80408
12.610653486724237 977411637309.57117 -977407649286.16882
12.610660437340092 985203506226.16675 -985199502338.13611
12.610667387955949 993073175676.82556 -993069155829.31201
12.610674338571805 1001021579717.2496 -1001017543814.6409
12.61068128918766 1009049665512.4379 -1009045613458.3564
12.610688239803515 1017158393547.3751 -1017154325244.6705
12.610695190419372 1025348737841.5408 -1025344653192.2819
12.610702141035228 1033621686167.3163 -1033617585072.7833
12.610709091651083 1041978240272.3585 -1041974122633.0353
12.61071604226694 1050419416106.0303 -1050415281821.5958
12.610722992882796 1058946244049.9674 -1058942093019.2883
12.610729943498651 1067559769152.866 -1067555601273.9878
12.610736894114506 1076261051369.5665 -1076256866539.7054
12.610743844730363 1085051165804.5419 -1085046963920.0763
12.610750795346219 1093931202959.8693 -1093926983916.3313
12.610757745962074 1102902268987.7712 -1102898032679.8379
12.610764696577929 1111965485947.8315 -1111961232269.3164
12.610771647193786 1121121992068.9771 -1121117720912.8208
12.610778597809642 1130372942016.3098 -1130368653274.5718
12.610785548425497 1139719507162.9219 -1139715200726.7708
12.610792499041352 1149162875866.76 -1149158551626.4641
12.610799449657209 1158704253752.6855 -1158699911597.6045
12.610806400273065 1168344863999.7996 -1168340503818.3743
12.61081335088892 1178085947634.1455 -1178081569313.8887
12.610820301504777 1187928763826.9326 -1187924367254.4189
12.610827252120632 1197874590198.3745 -1197870175259.231
12.610834202736488 1207924723127.2673 -1207920289706.1633
12.610841153352343 1218080478066.4343 -1218076026047.0718
12.6108481039682 1228343189864.1116 -1228338719129.2146
12.610855054584055 1238714213091.4644 -1238709723522.769
12.610862005199911 1249194922376.3337 -1249190413854.5774
12.610868955815766 1259786712743.3564 -1259782185148.2676
12.610875906431623 1270490999960.5967 -1270486453170.8838
12.610882857047478 1281309220892.7898 -1281304654786.1309
12.610889807663334 1292242833861.3884 -1292238248314.4199
12.610896758279191 1303293319011.5352 -1303288713899.8408
12.610903708895046 1314462178686.0999 -1314457553884.1995
12.610910659510902 1325750937806.957 -1325746293188.2952
12.610917610126757 1337161144263.6335 -1337156479700.5676
12.610924560742614 1348694369309.5205 -1348689684673.3096
12.610931511358469 1360352207965.7781 -1360347503126.5708
12.610938461974325 1372136279433.1028 -1372131554259.9253
12.61094541259018 1384048227511.5403 -1384043481872.2842
12.610952363206037 1396089721028.5378 -1396084954789.9478
12.610959313821892 1408262454275.3726 -1408257667303.0339
12.610966264437748 1420568147452.178 -1420563339610.5042
12.610973215053605 1433008547121.7109 -1433003718273.9304
12.61098016566946 1445585426672.1108 -1445580576680.2544
12.610987116285315 1458300586788.8047 -1458295715513.6921
12.610994066901171 1471155855935.7578 -1471150963236.9851
12.611001017517028 1484153090846.2979 -1484148176582.2227
12.611007968132883 1497294177023.7456 -1497289241051.4749
12.611014918748738 1510581029251.9973 -1510576071427.3721
12.611021869364594 1524015592116.3567 -1524010612293.9395
12.611028819980451 1537599840534.7927 -1537594838567.8521
12.611035770596306 1551335780299.8796 -1551330756040.3762
12.611042721212161 1565225448631.6689 -1565220401930.241
12.611049671828017 1579270914741.7168 -1579265845447.6653
12.611056622443874 1593474280408.5149 -1593469188369.7886
12.611063573059729 1607837680564.6038 -1607832565627.7837
12.611070523675584 1622363283895.6104 -1622358145905.8948
12.611077474291442 1637053293451.4915 -1637048132252.6802
12.611084424907297 1651909947270.2588 -1651904762704.7371
12.611091375523152 1666935519014.4922 -1666930310923.2151
12.611098326139007 1682132318620.8645 -1682127086843.3403
12.611105276754865 1697502692963.0457 -1697497437337.3196
12.61111222737072 1713049026528.2693 -1713043746890.9065
12.611119177986575 1728773742107.8787 -1728768438293.9478
12.611126128602431 1744679301502.1536 -1744673973345.209
12.611133079218288 1760768206239.749 -1760762853571.8137
12.611140029834143 1777042998312.1458 -1777037620963.6941
12.611146980449998 1793506260923.3484 -1793500858723.2874
12.611153931065855 1810160619255.2725 -1810155192030.9243
12.611160881681711 1827008741249.1694 -1827003288826.2527
12.611167832297566 1844053338403.4402 -1844047860606.0513
12.611174782913421 1861297166588.2629 -1861291663238.8572
12.611181733529278 1878743026877.3752 -1878737497796.7478
12.611188684145134 1896393766397.4363 -1896388211404.7026
12.611195634760989 1914252279195.3994 -1914246698107.9753
12.611202585376844 1932321507124.311 -1932315899757.8936
12.611209535992701 1950604440747.9146 -1950598806916.4604
12.611216486608557 1969104120264.6184 -1969098459780.3242
12.611223437224412 1987823636451.2202 -1987817949124.5015
12.611230387840269 2006766131626.8479 -2006760417266.3176
12.611237338456124 2025934800637.6345 -2025929059050.082
12.61124428907198 2045332891862.5803 -2045327122852.9492
12.611251239687835 2064963708241.1736 -2064957911612.5403
12.611258190303692 2084830608323.2087 -2084824783876.7593
12.611265140919548 2104937007341.3958 -2104931154876.4036
12.611272091535403 2125286378307.3218 -2125280497621.124
12.611279042151258 2145882253131.3269 -2145876344019.3018
12.611285992767115 2166728223766.8271 -2166722286022.3699
12.611292943382971 2187827943379.7136 -2187821976794.2124
12.611299893998826 2209185127543.417 -2209179131906.2285
12.611306844614681 2230803555460.3179 -2230797530558.7422
12.611313795230538 2252687071210.1211 -2252681016829.3774
12.611320745846394 2274839585025.8291 -2274833500949.0293
12.611327696462249 2297265074598.0205 -2297258960606.144
12.611334647078106 2319967586408.1006 -2319961442279.9673
12.611341597693961 2342951237091.3008 -2342945062603.5449
12.611348548309817 2366220214830.1758 -2366214009757.2188
12.611355498925672 2389778780779.2617 -2389772544893.2847
12.611362449541529 2413631270521.7114 -2413625003592.627
12.611369400157384 2437782095558.7856 -2437775797354.21
12.61137635077324 2462235744832.9521 -2462229415118.1758
12.611383301389095 2486996786285.4375 -2486990424823.3975
12.611390252004952 2512069868449.082 -2512063475000.3311
12.611397202620807 2537459722077.3623 -2537453296400.0386
12.611404153236663 2563171161810.6807 -2563164703660.4785
12.61141110385252 2589209087880.7109 -2589202597010.8486
12.611418054468375 2615578487853.7397 -2615571964014.9287
12.61142500508423 2642284438414.0801 -2642277881354.4932
12.611431955700086 2669332107188.6104 -2669325516653.8491
12.611438906315943 2696726754613.3501 -2696720130346.4116
12.611445856931798 2724473735843.3604 -2724467077584.6045
12.611452807547654 2752578502706.8896 -2752571810194.0044
12.611459758163509 2781046605704.9795 -2781039878672.9468
12.611466708779366 2809883696057.8384 -2809876934238.8999
12.611473659395221 2839095527798.9912 -2839088730922.6118
12.611480610011077 2868687959918.4917 -2868681127711.3237
12.611487560626934 2898666958556.6182 -2898660090742.4648
12.611494511242789 2929038599249.2837 -2929031695549.0615
12.611501461858644 2959809069226.4717 -2959802129358.1733
12.6115084124745 2990984669765.207 -2990977693443.8623
12.611515363090357 3022571818598.3521 -3022564805535.9897
12.611522313706212 3054577052380.8306 -3054570002286.4375
12.611529264322067 3087007029214.7783 -3086999941794.2603
12.611536214937923 3119868531235.168 -3119861406191.3076
12.61154316555378 3153168467257.5767 -3153161304289.9937
12.611550116169635 3186913875489.6445 -3186906674294.752
12.61155706678549 3221111926307.957 -3221104686578.9194
12.611564017401346 3255769925102.2114 -3255762646528.9004
12.611570968017203 3290895315188.4014 -3290887997457.3516
12.611577918633058 3326495680792.9658 -3326488323587.3296
12.611584869248913 3362578750109.7568 -3362571353109.2593
12.611591819864771 3399152398431.8486 -3399144961312.7412
12.611598770480626 3436224651360.0049 -3436217173795.0171
12.611605721096481 3473803688090.2798 -3473796169748.5723
12.611612671712336 3511897844782.6899 -3511890285329.8047
12.611619622328194 3550515618013.2207 -3550508017111.0322
12.611626572944049 3589665668311.5205 -3589658025618.1851
12.611633523559904 3629356823786.5449 -3629349138956.4492
12.61164047417576 3669598083842.7241 -3669590356526.4336
12.611647424791617 3710398622989.0586 -3710390852833.2646
12.611654375407472 3751767794743.6489 -3751759981391.1138
12.611661326023327 3793715135636.6304 -3793707278726.1343
12.611668276639184 3836250369313.9707 -3836242468480.2544
12.61167522725504 3879383410745.1528 -3879375465618.8618
12.611682177870895 3923124370537.5767 -3923116380745.2036
12.61168912848675 3967483559360.791 -3967475524524.6172
12.611696079102607 4012471492483.5015 -4012463412221.5366
12.611703029718463 4058098894426.728 -4058090768352.6514
12.611709980334318 4104376703736.3384 -4104368531459.436
12.611716930950173 4151316077878.2163 -4151307859003.3184
12.61172388156603 4198928398259.9795 -4198920132387.3965
12.611730832181886 4247225275382.6655 -4247216962108.124
12.611737782797741 4296218554126.019 -4296210193040.5957
12.611744733413596 4345920319171.3159 -4345911909861.3701
12.611751684029453 4396342900565.9121 -4396334442613.0181
12.611758634645309 4447498879433.3076 -4447490372414.1846
12.611765585261164 4499401093833.1855 -4499392537319.6279
12.611772535877021 4552062644775.8184 -4552054038334.623
12.611779486492877 4605496902395.2344 -4605488245588.1279
12.611786437108732 4659717512285.9912 -4659708804669.5547
12.611793387724587 4714738402008.4658 -4714729643134.0605
12.611800338340444 4770573787767.3506 -4770564977181.04
12.6118072889563 4827238181268.4707 -4827229318510.9434
12.611814239572155 4884746396759.4043 -4884737481365.8926
12.61182119018801 4943113558259.3643 -4943104589759.5635
12.611828140803867 5002355106984.3594 -5002346084902.3447
12.611835091419723 5062486808973.0771 -5062477732827.2207
12.611842042035578 5123524762919.3369 -5123515632222.2217
12.611848992651435 5185485408217.7314 -5185476222476.0625
12.61185594326729 5248385533229.2871 -5248376291943.8047
12.611862893883146 5312242283772.9131 -5312232986438.3008
12.611869844499001 5377073171850.3281 -5377063817955.1221
12.611876795114858 5442896084610.9434 -5442886673637.4365
12.611883745730713 5509729293564.8711 -5509719824989.0195
12.611890696346569 5577591464051.2656 -5577581937342.5898
12.611897646962424 5646501664969.3975 -5646492079590.8857
12.611904597578281 5716479378781.0371 -5716469734189.042
12.611911548194136 5787544511793.0986 -5787534807437.2354
12.611918498809992 5859717404728.6025 -5859707640051.6436
12.611925449425849 5933018843595.0977 -5933009018032.8672
12.611932400041704 6007470070860.0361 -6007460183841.2998
12.611939350657559 6083092796942.6895 -6083082847889.0459
12.611946301273415 6159909212032.3945 -6159899200358.1611
12.611953251889272 6237941998243.6426 -6237931923355.7393
12.611960202505127 6317214342119.0039 -6317204203416.8398
12.611967153120982 6397749947490.5947 -6397739744365.9453
12.611974103736838 6479573048711.0107 -6479562780547.8965
12.611981054352695 6562708424267.4258 -6562698090441.9912
12.61198800496855 6647181410788.9297 -6647171010669.3135
12.611994955584406 6733017917461.3271 -6733007450407.5352
12.612001906200261 6820244440861.9531 -6820233906225.7266
12.612008856816118 6908888080228.3379 -6908877477353.0205
12.612015807431973 6998976553174.8027 -6998965881395.2021
12.612022758047829 7090538211871.8525 -7090527470514.1035
12.612029708663686 7183602059703.3076 -7183591248084.7285
12.612036659279541 7278197768416.6543 -7278186885845.6045
12.612043609895396 7374355695783.2949 -7374344741559.0244
12.612050560511252 7472106903785.7041 -7472095877198.2051
12.612057511127109 7571483177348.9443 -7571472077678.7979
12.612064461742964 7672517043634.2432 -7672505870152.4619
12.612071412358819 7775241791913.8174 -7775230543881.6855
12.612078362974675 7879691494046.5957 -7879680170715.5078
12.612085313590532 7985901025575.2705 -7985889626186.5645
12.612092264206387 8093906087464.2217 -8093894611249.0098
12.612099214822242 8203743228501.6914 -8203731674680.6865
12.612106165438099 8315449868388.8213 -8315438236172.1611
12.612113116053955 8429064321537.7822 -8429052610124.8486
12.61212006666981 8544625821604.4844 -8544614030183.7207
12.612127017285665 8662174546780.4336 -8662162674529.1572
12.612133967901523 8781751645870.0771 -8781739691954.2861
12.612140918517378 8903399265180.9375 -8903387228755.1172
12.612147869133233 9027160576255.4453 -9027148456462.3691
12.612154819749088 9153079804472.0059 -9153067600442.5312
12.612161770364946 9281202258547.25 -9281189969400.1113
12.612168720980801 9411574360970.7324 -9411561985812.3262
12.612175671596656 9544243679405.1406 -9544231217329.3125
12.612182622212513 9679258959086.0469 -9679246409173.8691
12.612189572828369 9816670156255.5273 -9816657517575.0723
12.612196523444224 9956528472668.0859 -9956515744274.1953
12.612203474060079 10098886391207.25 -10098873572141.301
12.612210424675936 10243797712651.719 -10243784801941.379
12.612217375291792 10391317593632.51 -10391304590291.496
12.612224325907647 10541502585825.377 -10541489488853.205
12.612231276523502 10694410676420.182 -10694397484801.904
12.612238227139359 10850101329917.217 -10850088042623.166
12.612245177755215 11008635531298.078 -11008622147283.594
12.61225212837107 11170075830620.791 -11170062348825.951
12.612259078986925 11334486389091.109 -11334472808440.445
12.612266029602782 11501933026665.707 -11501919346067.924
12.612272980218638 11672483271242.953 -11672469489590.631
12.612279930834493 11846206409501.57 -11846192525670.869
12.61228688145035 12023173539448.506 -12023159552298.859
12.612293832066205 12203457624738.604 -12203443533112.408
12.612300782682061 12387133550832.488 -12387119353554.779
12.612307733297916 12574278183066.877 -12574263878945.008
12.612314683913773 12764970426703.875 -12764956014527.178
12.612321634529629 12959291289037.258 -12959276767576.705
12.612328585145484 13157323943635.98 -13157309311643.838
12.612335535761339 13359153796801.367 -13359139053010.828
12.612342486377196 13564868556329.385 -13564853699454.215
12.612349436993052 13774558302665.213 -13774543331399.367
12.612356387608907 13988315562540.365 -13988300475557.611
12.612363338224764 14206235385191.746 -14206220181145.271
12.612370288840619 14428415421261.859 -14428400098783.869
12.612377239456475 14654956004486.785 -14654940562188.09
12.61238419007233 14885960236282.328 -14885944672751.928
12.612391140688187 15121534073341.178 -15121518387145.83
12.612398091304042 15361786418362.514 -15361770608046.297
12.612405041919898 15606829214034.76 -15606813278118.617
12.612411992535753 15856777540407.594 -15856761477388.877
12.61241894315161 16111749715786.727 -16111733524138.721
12.612425893767465 16371867401292.119 -16371851079463.562
12.612432844383321 16637255709230.201 -16637239255644.783
12.612439794999178 16908043315434.689 -16908026728490.549
12.612446745615033 17184362575740.412 -17184345853809.617
12.612453696230888 17466349646753.779 -17466332788181.791
12.612460646846744 17754144611102.457 -17754127614207.586
12.612467597462601 18047891607348.395 -18047874470421.242
12.612474548078456 18347738964755.078 -18347721686057.965
12.612481498694311 18653839343114.984 -18653821920881.359
12.612488449310167 18966349877845.32 -18966332310279.156
12.612495399926024 19285432330579.723 -19285414615854.906
12.612502350541879 19611253245485.773 -19611235381745.473
12.612509301157734 19943984111539.863 -19943966096895.871
12.61251625177359 20283801531030.203 -20283783363562.273
12.612523202389447 20630887394550.191 -20630869072305.363
12.612530153005302 20985429062753.285 -20985410583745.176
12.612537103621158 21347619555169.012 -21347600917377.105
12.612544054237015 21717657746376.512 -21717638947745.418
12.61255100485287 22095748569867.035 -22095729608305.734
12.612557955468725 22482103229927.668 -22482084103308.738
12.612564906084581 22876939421895.871 -22876920128054.688
12.612571856700438 23280481561155.25 -23280462097889.176
12.612578807316293 23692961021260.625 -23692941386328.168
12.612585757932148 24114616381596.43 -24114596572716.383
12.612592708548004 24545693684995.215 -24545673699845.77
12.612599659163861 24986446705767.828 -24986426541985.672
12.612606609779716 25437137228613.379 -25437116883792.762
12.612613560395571 25898035338892.863 -25898014810584.641
12.612620511011428 26369419724796.148 -26369399010506.801
12.612627461627284 26851577991931.258 -26851557089121.879
12.612634412243139 27344806990920.281 -27344785897005.535
12.612641362858994 27849413158601.441 -27849391870948.512
12.612648313474851 28365712873460.719 -28365691389388.195
12.612655264090707 28894032825948.758 -28894011142725.523
12.612662214706562 29434710404403.453 -29434688519247.52
12.612669165322417 29988094097288.266 -29988072007365.582
12.612676115938275 30554543912532.57 -30554521614955.812
12.61268306655413 31134431814767.512 -31134409306594.809
12.612690017169985 31728142181326.441 -31728119459560.09
12.612696967785842 32336072277907.781 -32336049339492.914
12.612703918401698 32958632754835.707 -32958609596658.922
12.612710869017553 33596248164925.297 -33596224783813.25
12.612717819633408 34249357503995.621 -34249333896713.574
12.612724770249265 34918414775142.754 -34918390938393.086
12.612731720865121 35603889577939.891 -35603865508360.555
12.612738671480976 36306267723778.938 -36306243417941.898
12.612745622096831 37026051878663.609 -37026027333073.188
12.612752572712688 37763762234823.008 -37763737445914.227
12.612759523328544 38519937212590.734 -38519912176727.594
12.612766473944399 39295134194036.18 -39295108907509.859
12.612773424560254 40089930290003.609 -40089904749030.656
12.612780375176111 40904923142229.625 -40904897342950.062
12.612787325791967 41740731762328.555 -41740705700803.93
12.612794276407822 42597997409553.383 -42597971081764.758
12.612801227023679 43477384509338.18 -43477357911184.094
12.612808177639534 44379581614715.875 -44379554742010.188
12.61281512825539 45305302412836.93 -45305275261306.625
12.612822078871245 46255286779000.461 -46255259344283.391
12.612829029487102 47230301880675.242 -47230274158317.797
12.612835980102957 48231143334138.117 -48231115319592.797
12.612842930718813 49258636416562.133 -49258608105185.07
12.612849881334668 50313637336531.039 -50313608723579.453
12.612856831950525 51397034566053.188 -51397005646682.695
12.612863782566381 52509750237498.289 -52509721006760.203
12.612870733182236 53652741608943.641 -53652712061782.125
12.612877683798093 54827002601685.273 -54826972732934.445
12.612884634413948 56033565413863.211 -56033535218244.117
12.612891585029804 57273502214426.547 -57273471686544.062
12.612898535645659 58547926921918.562 -58547896056258.18
12.612905486261516 59857997072767.508 -59857965863691.992
12.612912436877371 61204915784224.812 -61204884225970.805
12.612919387493227 62589933817214.219 -62589901903888.656
12.612926338109082 64014351744805.727 -64014319470382.203
12.612933288724939 65479522232362.781 -65479489590677.727
12.612940239340794 66986852435760.508 -66986819420509.281
12.61294718995665 68537806524582.711 -68537773129315.531
12.612954140572505 70133908337471.938 -70133874555589.688
12.612961091188362 71776744177457.453 -71776710002207.328
12.612968041804217 73467965755494.281 -73467931179965.297
12.612974992420073 75209293290912.5 -75209258308030.828
12.61298194303593 77002518778199.844 -77002483380723.984
12.612988893651785 78849509430143.438 -78849473610659.234
12.61299584426764 80752211307798.156 -80752175058713.609
12.613002794883496 82712653148835.359 -82712616462375.25
12.613009745499353 84732950406213.234 -84732913274413.594
12.613016696115208 86815309510190 -86815271924892.328
12.613023646731063 88962032367392.859 -88961994320238.141
12.613030597346919 91175521111824.5 -91175482594247.016
12.613037547962776 93458283123453.094 -93458244126674
12.613044498578631 95812936331282.234 -95812896846302.875
12.613051449194487 98242214819008.781 -98242174836603.781
12.613058399810344 100748974752349.39 -100748934263059.45
12.613065350426199 103336200648957.25 -103336159643081.73
12.613072301042054 106007012012818.02 -106006970480407.12
12.61307925165791 108764670357048.89 -108764628287895.67
12.613086202273767 111612586640467.41 -111612544024099.38
12.613093152889622 114554329144999.36 -114554285970669.83
12.613100103505477 117593631823276.09 -117593588079955.09
12.613107054121333 120734403148028.8 -120734358824393.7
12.61311400473719 123980735496775.25 -123980690581201.02
12.613120955353045 127336915108127.31 -127336869588676.31
12.6131279059689 130807432648498.02 -130807386512909.45
12.613134856584757 134396994431130.14 -134396947666809.05
12.613141807200613 138110534332741.67 -138110486926747.42
12.613148757816468 141953226456193.81 -141953178395228.22
12.613155708432323 145930498591269.44 -145930449861664.31
12.61316265904818 150048046529666.28 -150047997117370.44
12.613169609664036 154311849295726.47 -154311799186292.25
12.613176560279891 158728185357592.5 -158728134536161.69
12.613183510895746 163303649889654.09 -163303598340943.22
12.613190461511604 168045173162820.44 -168045120871105.44
12.613197412127459 172960040144985.28 -172959987094085.53
12.613204362743314 178055911400499.53 -178055857573761.16
12.613211313359169 183340845385409.28 -183340790765687.69
12.613218263975027 188823322242774.69 -188823266812416.44
12.613225214590882 194512269210569.62 -194512212951393.28
12.613232165206737 200417087765273.88 -200417030658550.28
12.613239115822594 206547682633664.38 -206547624660095.75
12.61324606643845 212914492815935.25 -212914433955633.47
12.613253017054305 219528524777690.56 -219528465010154.41
12.61325996767016 226401387979652.56 -226401327283744
12.613266918286017 233545332929287.31 -233545271283206.44
12.613273868901873 240973291955712.88 -240973229336971.88
12.613280819517728 248698922925752.19 -248698859311148
12.613287770133583 256736656138510.47 -256736591504096.06
12.61329472074944 265101744657705.34 -265101678978759.75
12.613301671365296 273810318363383.97 -273810251614380.66
12.613308621981151 282879442031910.5 -282879374186484.38
12.613315572597008 292327177780746.69 -292327108811659.38
12.613322523212863 302172652242810.56 -302172582121913.88
12.613329473828719 312436128875377.81 -312436057573575.5
12.613336424444574 323139085843003.62 -323139013330211.12
12.613343375060431 334304299953131.06 -334304226198233.06
12.613350325676286 345955937173964.19 -345955862144770.31
12.613357276292142 358119650312346.38 -358119573975544.19
12.613364226907997 370822684485977.12 -370822606807082.88
12.613371177523854 384093991089421.94 -384093912032728.56
12.613378128139709 397964351018612.19 -397964270547134.75
12.613385078755565 412466507996519.88 -412466426071937.62
12.613392029371422 427635312931077.38 -427635229513673.06
12.613398979987277 443507880328013.94 -443507795376609.62
12.613405930603133 460123757885854.94 -460123671357744.12
12.613412881218988 477525110522764.81 -477525022373640.88
12.613419831834845 495756920209191.38 -495756830393072
12.6134267824507 514867203129930.38 -514867111599077.44
12.613433733066556 534907245863678.38 -534907152568513.56
12.613440683682411 555931862445673.38 -555931767334688.31
12.613447634298268 577999674389098.62 -577999577408760.38
12.613454584914123 601173415962541 -601173317057191.38
12.613461535529979 625520267279529.75 -625520166391279
12.613468486145834 651112218051194.12 -651112115119807.75
12.613475436761691 678026465162159.75 -678026360124938.5
12.613482387377546 706345847609395.5 -706345740401048.5
12.613489337993402 736159322734905.62 -736159213287414.5
12.613496288609259 767562488162921.25 -767562376405396.5
12.613503239225114 800658154373609.62 -800658040232137.5
12.613510189840969 835556973407979.5 -835556856805458.88
12.613517140456825 872378129914140 -872378010770108.88
12.613524091072682 911250101462543.38 -911249979692993.5
12.613531041688537 952311495932603.75 -952311371449783.12
12.613537992304392 995711974762479 -995711847474681.25
12.613544942920248 1041613271931085 -1041613141742423.9
12.613551893536105 1090190319854160.6 -1090190186664329
12.61355884415196 1141632494801471.5 -1141632358505484
12.613565794767815 1196144996083113.8 -1196144856571030.2
12.613572745383673 1253950375191828 -1253950232348458.5
12.613579695999528 1315290233215344.8 -1315290086919931.8
12.613586646615383 1380427107334529 -1380426957460407
12.613593597231239 1449646570140149.8 -1449646416554380
12.613600547847096 1523259568753121.2 -1523259411316097.5
12.613607498462951 1601605034606663.5 -1601604873171690
12.613614449078806 1685052799099888 -1685052633512722.8
12.613621399694662 1774006855473472.8 -1774006685571836
12.613628350310519 1868909013285494.5 -1868908838898538.8
12.613635300926374 1970242998591566.2 -1970242819539303.5
12.613642251542229 2078539061042019.5 -2078538877134700.5
12.613649202158086 2194379158637316 -2194378969674760.5
12.613656152773942 2318402801678186 -2318402607449055.5
12.613663103389797 2451313650278210 -2451313450559219.5
12.613670054005652 2593886975097392.5 -2593886769652454.5
12.613677004621509 2746978108559603.5 -2746977897138896.5
12.613683955237365 2911532034862913 -2911531817201869
12.61369090585322 3088594291878058 -3088594067696257
12.613697856469075 3279323387363545.5 -3279323156363511
12.613704807084932 3485004966946976 -3485004728812857.5
12.613711757700788 3707068012709317 -3707067767105450.5
12.613718708316643 3947103401063485.5 -3947103147632813.5
12.613725658932498 4206885207967597.5 -4206884946329938.5
12.613732609548356 4488395220917190.5 -4488394950667335
12.613739560164211 4793851202993734 -4793850923699351
12.613746510780066 5125739558254141 -5125739269453472
12.613753461395923 5486853172991460 -5486852874190769
12.613760412011779 5880335361200498 -5880335051871257
12.613767362627634 6309731027418671 -6309730706994439
12.613774313243489 6779046388391521 -6779046056264483
12.613781263859346 7292818874693152 -7292818530210272
12.613788214475202 7856199177738314 -7856198820197048
12.613795165091057 8475047832172262 -8475047460815779
12.613802115706912 9156049251934088 -9156048865945920
12.613809066322769 9906846796635280 -9906846395133334
12.613816016938625 10736203266310966 -10736202848340790
12.61382296755448 11654192257341336 -11654191821868548
12.613829918170337 12672427118706648 -12672426664608392
12.613836868786192 13804335894235124 -13804335420290400
12.613843819402048 15065492749894950 -15065492254773656
12.613850770017903 16474019081027348 -16474018563277814
12.61385772063376 18051070959284104 -18051070417318880
12.613864671249615 19821434076004276 -19821433508083872
12.613871621865471 21814253180872752 -21814252585087000
12.613878572481326 24063930658076036 -24063930032322628
12.613885523097183 26611238958994100 -26611238300953804
