# serie phase 2 p5_w2.27_c1.20_dt2s2_k2 : t x1 x2 (dt2=4.7993319082388032e-06, depart t=11.388 etat bascule x1 x2 v1 v2 = 39134.313482382669 -38834.743946464958 1704821.6722389129 -1699575.6259041994)
11.460277938538077 848699042.27413011 -848682734.23699462
11.460282737869985 852287334.42955625 -852270998.84691465
11.460287537201893 855895374.44987917 -855879011.24020672
11.460292336533803 859523296.26643431 -859506905.34786105
11.46029713586571 863171234.89057386 -863154816.18088293
11.460301935197618 866839326.42376482 -866822879.84039032
11.460306734529526 870527708.06779325 -870511233.52781844
11.460311533861434 874236518.1350776 -874220015.555233
11.460316333193344 877965896.05909204 -877949365.35575318
11.460321132525252 881715982.40490103 -881699423.49408698
11.46032593185716 885486918.879807 -885470331.67717791
11.460330731189067 889278848.34411097 -889262232.76496625
11.460335530520975 893091914.82198966 -893075270.78126621
11.460340329852885 896926263.51248872 -896909590.92475855
11.460345129184793 900782040.80063403 -900765339.58010232
11.460349928516701 904659394.26866293 -904642664.32916617
11.460354727848609 908558472.70737648 -908541713.96238017
11.460359527180517 912479426.12761366 -912462638.49021053
11.460364326512426 916422405.77184963 -916405589.15475714
11.460369125844334 920387564.12592006 -920370718.44147849
11.460373925176242 924375054.93087232 -924358180.09104276
11.46037872450815 928385033.19494474 -928368129.11130691
11.460383523840058 932417655.20567608 -932400721.78942597
11.460388323171967 936473078.54214692 -936456115.70409477
11.460393122503875 940551462.08735442 -940534469.73792279
11.460397921835783 944652966.0407213 -944635944.08994234
11.460402721167691 948777751.93074167 -948760700.28825533
11.460407520499599 952925982.62776613 -952908901.2028178
11.460412319831509 957097822.35692537 -957080711.05836356
11.460417119163417 961293436.71119618 -961276295.44747055
11.460421918495324 965512992.66461015 -965495821.34376884
11.460426717827232 969756658.58560789 -969739457.11529541
11.46043151715914 974024604.25054085 -974007372.53799593
11.460436316491048 978317000.85732138 -978299738.80937433
11.460441115822958 982634021.03922236 -982616728.56229293
11.460445915154866 986975838.87883139 -986958515.8789264
11.460450714486774 991342629.92215788 -991325276.30486894
11.460455513818681 995734571.19289625 -995717186.86339712
11.460460313150589 1000151841.2068477 -1000134426.069892
11.460465112482499 1004594619.9865024 -1004577173.9464215
11.460469911814407 1009063089.0757838 -1009045612.0364839
11.460474711146315 1013557431.5549563 -1013539923.4199159
11.460479510478223 1018077832.0557003 -1018060292.7279683
11.460484309810131 1022624476.7763554 -1022606906.1585482
11.46048910914204 1027197553.4973328 -1027179951.4916321
11.460493908473948 1031797251.5967016 -1031779618.1048514
11.460498707805856 1036423762.0659492 -1036406096.9892534
11.460503507137764 1041077277.525919 -1041059580.7652392
11.460508306469672 1045757992.2429265 -1045740263.6986793
11.460513105801581 1050466102.1450572 -1050448341.7172112
11.460517905133489 1055201804.8386484 -1055184012.4267219
11.460522704465397 1059965299.6249572 -1059947475.1280155
11.460527503797305 1064756787.5170161 -1064738930.8336688
11.460532303129213 1069576471.2566797 -1069558582.2850782
11.460537102461123 1074424555.3318648 -1074406633.9696994
11.460541901793031 1079301245.9939864 -1079283292.1384835
11.460546701124938 1084206751.2755907 -1084188764.8235104
11.460551500456846 1089141281.0081904 -1089123261.8558238
11.460556299788754 1094105046.8403006 -1094086994.8834662
11.460561099120664 1099098262.2556832 -1099080177.3897252
11.460565898452572 1104121142.591799 -1104103024.7115836
11.46057069778448 1109173905.0584698 -1109155754.058383
11.460575497116388 1114256768.7567551 -1114238584.5306995
11.460580296448295 1119369954.6980457 -1119351737.1394374
11.460585095780205 1124513685.8233767 -1124495434.8251431
11.460589895112113 1129688187.0229621 -1129669902.4775386
11.460594694444021 1134893685.1559536 -1134875366.9552803
11.460599493775929 1140130409.0704288 -1140112057.1059482
11.460604293107837 1145398589.6236107 -1145380203.7862639
11.460609092439746 1150698459.702318 -1150680039.8825426
11.460613891771654 1156030254.2436574 -1156011800.3313842
11.460618691103562 1161394210.2559509 -1161375722.1406002
11.46062349043547 1166790566.8399088 -1166772044.410388
11.460628289767378 1172219565.2100487 -1172201008.354749
11.460633089099288 1177681448.7163644 -1177662857.3231575
11.460637888431195 1183176462.8662465 -1183157836.8224821
11.460642687763103 1188704855.3466599 -1188686194.5391619
11.460647487095011 1194266876.0465794 -1194248180.3616426
11.460652286426919 1199862777.0796895 -1199844046.4030769
11.460657085758829 1205492812.8073514 -1205474047.0242906
11.460661885090737 1211157239.8618374 -1211138438.8570175
11.460666684422645 1216856317.1698399 -1216837480.8274081
11.460671483754552 1222590305.9762578 -1222571434.1798165
11.46067628308646 1228359469.8682621 -1228340562.5008647
11.46068108241837 1234164074.7996454 -1234145131.7437937
11.460685881750278 1240004389.1154633 -1239985410.2531037
11.460690681082186 1245880683.5769639 -1245861668.7894845
11.460695480414094 1251793231.3868139 -1251774180.5550404
11.460700279746002 1257742308.2146254 -1257723221.2188182
11.460705079077909 1263728192.222784 -1263709068.9426341
11.460709878409819 1269751164.0925884 -1269732004.4072144
11.460714677741727 1275811507.0506999 -1275792310.838644
11.460719477073635 1281909506.8959074 -1281890274.0351324
11.460724276405543 1288045452.0262134 -1288026182.3940988
11.460729075737451 1294219633.4662452 -1294200326.9395833
11.46073387506936 1300432344.8949931 -1300413001.3499861
11.460738674401268 1306683882.6738837 -1306664501.9861391
11.460743473733176 1312974545.8751898 -1312955127.9197171
11.460748273065084 1319304636.3107853 -1319285180.9619925
11.460753072396992 1325674458.5612442 -1325654965.6929336
11.460757871728902 1332084320.0052927 -1332064789.4906571
11.460762671060809 1338534530.8496182 -1338514962.5612378
11.460767470392717 1345025404.1590393 -1345005797.9688768
11.460772269724625 1351557255.8870394 -1351537611.6664371
11.460777069056533 1358130404.9066777 -1358110722.5263526
11.460781868388443 1364745173.0418699 -1364725452.3719103
11.460786667720351 1371401885.0990567 -1371382126.0089183
11.460791467052259 1378100868.8992548 -1378081071.2577567
11.460796266384166 1384842455.3104997 -1384822618.9858198
11.460801065716074 1391626978.2806866 -1391607103.1403584
11.460805865047984 1398454774.870816 -1398434860.7817237
11.460810664379892 1405326185.2886448 -1405306232.1170197
11.4608154637118 1412241552.9227536 -1412221560.5341694
11.460820263043708 1419201224.377033 -1419181192.6364024
11.460825062375616 1426205549.5055952 -1426185478.2771645
11.460829861707525 1433254881.4481173 -1433234770.595463
11.460834661039433 1440349576.6656225 -1440329426.0516474
11.460839460371341 1447489994.9767027 -1447469804.4636304
11.460844259703249 1454676499.5941908 -1454656269.0435619
11.460849059035157 1461909457.1622922 -1461889186.4349599
11.460853858367066 1469189237.7941778 -1469168926.7503035
11.460858657698974 1476516215.1100414 -1476495863.6090901
11.460863457030882 1483890766.2756371 -1483870374.176373
11.46086825636279 1491313272.041296 -1491292839.2017777
11.460873055694698 1498784116.7814341 -1498763643.0590103
11.460877855026608 1506303688.5345516 -1506283173.7858565
11.460882654358516 1513872379.0437391 -1513851823.1246872
11.460887453690423 1521490583.7976902 -1521469986.5634725
11.460892253022331 1529158702.072232 -1529138063.3773108
11.460897052354239 1536877136.9723799 -1536856456.6704834
11.460901851686149 1544646295.4749229 -1544625573.4190414
11.460906651018057 1552466588.4715509 -1552445824.5139315
11.460911450349965 1560338430.812525 -1560317624.8046668
11.460916249681873 1568262241.3509035 -1568241393.1435523
11.460921049013781 1576238442.9873319 -1576217552.4304757
11.46092584834569 1584267462.7154007 -1584246529.6582649
11.460930647677598 1592349731.6675832 -1592328755.9586248
11.460935447009506 1600485685.1617591 -1600464666.6486621
11.460940246341414 1608675762.7483327 -1608654701.2780027
11.460945045673322 1616920408.2579582 -1616899303.6765175
11.460949845005231 1625220069.8498752 -1625198922.0026574
11.460954644337139 1633575200.0608652 -1633554008.7924101
11.460959443669047 1641986255.8548372 -1641965021.0088854
11.460964243000955 1650453698.6730535 -1650432420.0925407
11.460969042332863 1658977994.485007 -1658956672.0120595
11.460973841664771 1667559613.8399532 -1667538247.3158813
11.460978640996681 1676199031.9191101 -1676177621.1844034
11.460983440328588 1684896728.588536 -1684875273.4828582
11.460988239660496 1693653188.4526911 -1693631688.8148732
11.460993038992404 1702468900.9087007 -1702447356.5767367
11.460997838324312 1711344360.2013242 -1711322771.0123644
11.461002637656222 1720280065.4786403 -1720258431.268986
11.46100743698813 1729276520.8484614 -1729254841.4535592
11.461012236320038 1738334235.4354897 -1738312510.6899254
11.461017035651945 1747453723.4392176 -1747431953.1767113
11.461021834983853 1756635504.1925902 -1756613688.2459891
11.461026634315763 1765880102.2214401 -1765858240.4227133
11.461031433647671 1775188047.3047044 -1775166139.4849365
11.461036232979579 1784559874.5354395 -1784537920.5248251
11.461041032311487 1793996124.3826392 -1793974124.0104761
11.461045831643395 1803497342.7538729 -1803475295.8485563
11.461050630975304 1813064081.0587556 -1813041987.447772
11.461055430307212 1822696896.2732596 -1822674755.7831802
11.46106022963912 1832396351.0048797 -1832374163.4613545
11.461065028971028 1842163013.5586715 -1842140778.7864225
11.461069828302936 1851997458.0041654 -1851975175.8269806
11.461074627634845 1861900264.2431796 -1861877934.483906
11.461079426966753 1871872018.0785377 -1871849640.5590754
11.461084226298661 1881913311.2837107 -1881890885.8250053
11.461089025630569 1892024741.6733954 -1892002268.0954323
11.461093824962477 1902206913.1750419 -1902184391.2968395
11.461098624294387 1912460435.90134 -1912437865.5409424
11.461103423626295 1922785926.2236874 -1922763307.1981583
11.461108222958202 1933184006.8466523 -1933161338.9720671
11.46111302229011 1943655306.8834438 -1943632589.9748838
11.461117821622018 1954200461.9324071 -1954177695.8039517
11.461122620953928 1964820114.1545534 -1964797298.6192734
11.461127420285836 1975514912.3521478 -1975492047.2220981
11.461132219617744 1986285512.0483682 -1986262597.1345806
11.461137018949652 1997132575.5680537 -1997109610.6805301
11.461141818281559 2008056772.1195548 -2008033757.0672588
11.461146617613469 2019058777.8777061 -2019035712.4685571
11.461151416945377 2030139276.0679345 -2030116160.1087992
11.461156216277285 2041298957.0515251 -2041275790.3482101
11.461161015609193 2052538518.4120634 -2052515300.7693079
11.461165814941101 2063858665.0430684 -2063835396.2645366
11.46117061427301 2075260109.2368309 -2075236789.1251042
11.461175413604918 2086743570.7744849 -2086720199.1310537
11.461180212936826 2098309777.0173285 -2098286353.642585
11.461185012268734 2109959462.9994106 -2109935987.6926408
11.461189811600642 2121693371.5214047 -2121669844.08078
11.461194610932552 2133512253.2457879 -2133488673.4683573
11.461199410264459 2145416866.7933512 -2145393234.4750333
11.461204209596367 2157407978.8410568 -2157384293.7766314
11.461209008928275 2169486364.2212648 -2169462626.2043643
11.461213808260183 2181652806.0223541 -2181629014.8454556
11.461218607592093 2193908095.6907558 -2193884251.1451735
11.461223406924001 2206253033.1344132 -2206229135.0102882
11.461228206255909 2218688426.8277059 -2218664474.9139986
11.461233005587816 2231215093.9178581 -2231191088.0023389
11.461237804919724 2243833860.3328528 -2243809800.2020946
11.461242604251632 2256545560.8908701 -2256521446.3302383
11.461247403583542 2269351039.4112725 -2269326870.204917
11.46125220291545 2282251148.8271737 -2282226924.758019
11.461257002247358 2295246751.2996106 -2295222472.1493473
11.461261801579266 2308338718.3333468 -2308314383.8824224
11.461266600911173 2321527930.8943205 -2321503540.9219303
11.461271400243083 2334815279.5287824 -2334790833.81286
11.461276199574991 2348201664.4841332 -2348177162.8013411
11.461280998906899 2361687995.8315024 -2361663437.9572229
11.461285798238807 2375275193.590085 -2375250579.2984104
11.461290597570715 2388964187.8532696 -2388939516.9169922
11.461295396902624 2402755918.9165921 -2402731191.1071949
11.461300196234532 2416651337.4075389 -2416626552.4951854
11.46130499556644 2430651404.4172277 -2430626562.170752
11.461309794898348 2444757091.6340017 -2444732191.8208995
11.461314594230256 2458969381.4789605 -2458944423.8653774
11.461319393562166 2473289267.2434645 -2473264251.5941873
11.461324192894073 2487717753.2286453 -2487692679.3070908
11.461328992225981 2502255854.8869586 -2502230722.455163
11.461333791557889 2516904598.965807 -2516879407.7844157
11.461338590889797 2531665023.6532702 -2531639773.4815283
11.461343390221707 2546538178.7259703 -2546512869.3217106
11.461348189553615 2561525125.6991038 -2561499756.8187361
11.461352988885523 2576626937.9787059 -2576601509.3772063
11.46135778821743 2591844701.0161595 -2591819212.4470606
11.461362587549338 2607179512.4649715 -2607153963.6803489
11.461367386881248 2622632482.3398862 -2622606873.0903492
11.461372186213156 2638204733.1783662 -2638179063.2130456
11.461376985545064 2653897400.2044649 -2653871669.2710028
11.461381784876972 2669711631.4951367 -2669685839.339673
11.46138658420888 2685648588.1490331 -2685622734.5161958
11.461391383540789 2701709444.4578357 -2701683529.0907278
11.461396182872697 2717895388.0801349 -2717869410.7203231
11.461400982204605 2734207620.2179265 -2734181580.6054296
11.461405781536513 2750647355.7957687 -2750621253.6690445
11.461410580868421 2767215823.6426249 -2767189658.7385592
11.46141538020033 2783914266.6764526 -2783888038.7303467
11.461420179532238 2800743942.0915823 -2800717650.8371391
11.461424978864146 2817706121.5489378 -2817679766.7182512
11.461429778196054 2834802091.3691401 -2834775672.6926813
11.461434577527962 2852033152.7285395 -2852006669.9351439
11.461439376859872 2869400621.8582406 -2869374074.6750956
11.46144417619178 2886905830.2461629 -2886879218.3987947
11.461448975523687 2904550124.8421884 -2904523448.0544491
11.461453774855595 2922334868.2664342 -2922308126.2604876
11.461458574187503 2940261439.0207305 -2940234631.5170388
11.461463373519413 2958331231.7033653 -2958304358.4206767
11.461468172851321 2976545657.2271109 -2976518717.8824444
11.461472972183229 2994906143.0406137 -2994879137.3492465
11.461477771515137 3013414133.3532171 -3013387061.0286698
11.461482570847044 3032071089.3632579 -3032043950.117281
11.461487370178954 3050878489.4898982 -3050851283.0324574
11.461492169510862 3069837829.6085634 -3069810555.6478252
11.46149696884277 3088950623.2900424 -3088923281.5323601
11.461501768174678 3108218402.0433264 -3108190992.1932249
11.461506567506586 3127642715.5622258 -3127615237.3223867
11.461511366838494 3147225131.9758573 -3147197585.0471039
11.461516166170403 3166967238.1030669 -3166939622.1843495
11.461520965502311 3186870639.7108383 -3186842954.4992194
11.461525764834219 3206936961.776763 -3206909206.9674006
11.461530564166127 3227167848.7556586 -3227140024.0417914
11.461535363498035 3247564964.8504047 -3247537069.923336
11.461540162829944 3268129994.2870603 -3268102028.8361421
11.461544962161852 3288864641.5943489 -3288836605.3069668
11.46154976149376 3309770631.8875842 -3309742524.4491396
11.461554560825668 3330849711.1571093 -3330821532.2510042
11.461559360157576 3352103646.5613441 -3352075395.8689642
11.461564159489486 3373534226.7245135 -3373505903.9252114
11.461568958821394 3395143262.0391436 -3395114866.8102217
11.461573758153301 3416932584.9734159 -3416904116.9901099
11.461578557485209 3438904050.3834591 -3438875509.3189197
11.461583356817117 3461059535.8306684 -3461030921.3559456
11.461588156149027 3483400941.9041481 -3483372253.6881719
11.461592955480935 3505930192.5483651 -3505901430.2579284
11.461597754812843 3528649235.3961215 -3528620398.6958623
11.461602554144751 3551560042.1069212 -3551531130.6593041
11.461607353476658 3574664608.7108378 -3574635622.176136
11.461612152808568 3597964955.9579935 -3597935893.9942708
11.461616952140476 3621463129.6737313 -3621433991.9368215
11.461621751472384 3645161201.1196094 -3645131987.2630987
11.461626550804292 3669061267.3603225 -3669031977.035531
11.4616313501362 3693165451.6366291 -3693136084.4925904
11.461636149468109 3717475903.7444215 -3717446459.4278631
11.461640948800017 3741994800.420053 -3741965278.5753775
11.461645748131925 3766724345.7320228 -3766694746.001287
11.461650547463833 3791666771.4791489 -3791637093.5020442
11.461655346795741 3816824337.5953546 -3816794581.0091863
11.461660146127651 3842199332.5611744 -3842169497.0008411
11.461664945459558 3867794073.8221083 -3867764158.9200821
11.461669744791466 3893610908.213964 -3893580913.6002684
11.461674544123374 3919652212.3953018 -3919622137.6974902
11.461679343455282 3945920393.287137 -3945890238.1302724
11.461684142787192 3972417888.5200319 -3972387652.5266643
11.4616889421191 3999147166.8886824 -3999116849.6788268
11.461693741451008 4026110728.8141851 -4026080330.0053005
11.461698540782916 4053311106.8141007 -4053280626.0210667
11.461703340114823 4080750865.9804783 -4080720302.8155718
11.461708139446733 4108432604.4659948 -4108401958.5388689
11.461712938778641 4136358953.9783435 -4136328224.8960028
11.461717738110549 4164532580.2830486 -4164501767.6498265
11.461722537442457 4192956183.7148547 -4192925287.1323895
11.461727336774365 4221632499.6978679 -4221601518.765079
11.461732136106274 4250564299.2746 -4250533233.5876641
11.461736935438182 4279754389.6440945 -4279723238.7964201
11.46174173477009 4309205614.7093172 -4309174378.2915211
11.461746534101998 4338920855.6339874 -4338889533.2338696
11.461751333433906 4368903031.4089994 -4368871622.611516
11.461756132765816 4399155099.4286823 -4399123603.8159227
11.461760932097723 4429680056.0770702 -4429648473.2282295
11.461765731429631 4460480937.3243074 -4460449266.8156605
11.461770530761539 4491560819.3334808 -4491529060.7383566
11.461775330093447 4522922819.0780458 -4522890971.9668007
11.461780129425355 4554570094.9700432 -4554538158.9100332
11.461784928757265 4586505847.4993277 -4586473822.0548811
11.461789728089173 4618733319.8840256 -4618701204.616416
11.46179452742108 4651255798.7324667 -4651223593.1998854
11.461799326752988 4684076614.7167463 -4684044318.4742737
11.461804126084896 4717199143.2582226 -4717166755.8577986
11.461808925416806 4750626805.2251692 -4750594326.2155657
11.461813724748714 4784363067.6428013 -4784330496.5695944
11.461818524080622 4818411444.4159136 -4818378780.8214502
11.46182332341253 4852775497.0644054 -4852742740.4877768
11.461828122744437 4887458835.4719715 -4887425985.4489803
11.461832922076347 4922465118.6482334 -4922432174.7113657
11.461837721408255 4957798055.5045061 -4957765017.1828985
11.461842520740163 4993461405.6434841 -4993428272.4628935
11.461847320072071 5029458980.1632166 -5029425751.6459885
11.461852119403979 5065794642.4755764 -5065761318.1406136
11.461856918735888 5102472309.1395321 -5102438888.5022612
11.461861718067796 5139495950.709549 -5139462433.281888
11.461866517399704 5176869592.5994043 -5176835977.8897305
11.461871316731612 5214597315.9617643 -5214563603.4748793
11.46187611606352 5252683258.5837927 -5252649447.8208885
11.46188091539543 5291131615.7991705 -5291097706.2577972
11.461885714727337 5329946641.4168491 -5329912632.5908785
11.461890514059245 5369132648.6668453 -5369098540.0464354
11.461895313391153 5408694011.163476 -5408659802.2350378
11.461900112723061 5448635163.8863688 -5448600854.1325283
11.461904912054971 5488960604.1796179 -5488926193.0791798
11.461909711386879 5529674892.7695074 -5529640379.7974195
11.461914510718787 5570782654.8011141 -5570748039.4284306
11.461919310050694 5612288580.8942032 -5612253862.5880451
11.461924109382602 5654197428.2188492 -5654162606.4423666
11.461928908714512 5696514021.5912237 -5696479095.8035593
11.46193370804642 5739243254.5898685 -5739208224.2461166
11.461938507378328 5782390090.6929626 -5782354955.2441292
11.461943306710236 5825959564.4370708 -5825924323.3300362
11.461948106042144 5869956782.5976992 -5869921435.2751741
11.461952905374053 5914386925.3922195 -5914351471.2927084
11.461957704705961 5959255247.7056007 -5959219686.2633553
11.461962504037869 6004567080.339447 -6004531410.9844294
11.461967303369777 6050327831.284833 -6050292053.4426689
11.461972102701685 6096542987.019434 -6096507100.1113729
11.461976902033594 6143218113.8295317 -6143182117.2724028
11.461981701365502 6190358859.1573048 -6190322752.363471
11.46198650069741 6237970952.9740667 -6237934735.3513832
11.461991300029318 6286060209.179944 -6286023880.131711
11.461996099361226 6334632527.0306196 -6334596085.9555368
11.462000898693136 6383693892.5917168 -6383657338.8838377
11.462005698025044 6433250380.2213869 -6433213713.2700729
11.462010497356951 6483308154.0817175 -6483271373.2715874
11.462015296688859 6533873469.6796675 -6533836574.3905535
11.462020096020767 6584952675.4380751 -6584915665.0449724
11.462024895352677 6636552214.2974062 -6636515088.1704235
11.462029694684585 6688678625.3490152 -6688641382.8533249
11.462034494016493 6741338545.5005703 -6741301185.9963598
11.462039293348401 6794538711.174283 -6794501234.0167017
11.462044092680308 6848285960.0386868 -6848248364.5777941
11.462048892012216 6902587232.7748785 -6902549518.3555946
11.462053691344126 6957449574.8777208 -6957411740.8397703
11.462058490676034 7012880138.4929543 -7012842184.1708136
11.462063290007942 7068886184.2910843 -7068848109.0139284
11.46206808933985 7125475083.3786287 -7125436886.4702749
11.462072888671758 7182654319.2477751 -7182616000.0266275
11.462077688003667 7240431489.7652493 -7240393047.5442429
11.462082487335575 7298814309.2012444 -7298775743.2877855
11.462087286667483 7357810610.2994623 -7357771919.9953747
11.462092085999391 7417428346.3889561 -7417389530.9904194
11.462096885331299 7477675593.5388536 -7477636652.3363447
11.462101684663208 7538560552.7570066 -7538521485.0352392
11.462106483995116 7600091552.2335052 -7600052357.271368
11.462111283327024 7662277049.6300869 -7662237726.7005844
11.462116082658932 7725125634.4164515 -7725086182.7866392
11.46212088199084 7788646030.2545395 -7788606449.185461
11.46212568132275 7852847097.4320793 -7852807386.1787014
11.462130480654658 7917737835.3463573 -7917697993.157505
11.462135279986565 7983327385.0394859 -7983287411.1577778
11.462140079318473 8049625031.7862186 -8049584925.448
11.462144878650381 8116640207.7355719 -8116599968.170845
11.462149677982291 8184382494.607667 -8184342121.0400238
11.462154477314199 8252861626.4470062 -8252821118.0935593
11.462159276646107 8322087492.4333858 -8322046848.5046968
11.462164075978015 8392070139.7519608 -8392029359.4519691
11.462168875309922 8462819776.5238237 -8462778859.0497751
11.462173674641832 8534346774.7984352 -8534305719.340807
11.46217847397374 8606661673.6095276 -8606620479.3519554
11.462183273305648 8679775182.0958443 -8679733848.2150459
11.462188072637556 8753698182.6883621 -8753656708.3540611
11.462192871969464 8828441734.365551 -8828400118.7404022
11.462197671301373 8904017075.9781914 -8903975318.2176971
11.462202470633281 8980435629.6456833 -8980393728.8981171
11.462207269965189 9057709004.2254066 -9057666959.6317329
11.462212069297097 9135848998.8567638 -9135806809.5505562
11.462216868629005 9214867606.5819225 -9214825271.6892776
11.462221667960915 9294777018.0450821 -9294734536.6845379
11.462226467292822 9375589625.2722797 -9375546996.5547314
11.46223126662473 9457318025.5333214 -9457275248.5619335
11.462236065956638 9539975025.2882347 -9539932099.1583538
11.462240865288546 9623573644.2201405 -9623530568.019207
11.462245664620456 9708127119.3565998 -9708083892.1640568
11.462250463952364 9793648909.2819862 -9793605530.1691895
11.462255263284272 9880152698.4426498 -9880109166.4727726
11.462260062616179 9967652401.5474796 -9967608715.7754211
11.462264861948087 10056162168.066261 -10056118327.538551
11.462269661279997 10145696386.827957 -10145652390.582659
11.462274460611905 10236269690.721676 -10236225537.788288
11.462279259943813 10327896961.502861 -10327852650.90222
11.462284059275721 10420593334.707239 -10420548865.451412
11.462288858607629 10514374204.675596 -10514329575.767786
11.462293657939538 10609255229.691837 -10609210440.126274
11.462298457271446 10705252337.236967 -10705207385.998808
11.462303256603354 10802381729.362446 -10802336615.427664
11.462308055935262 10900659888.185852 -10900614610.521128
11.46231285526717 11000103581.511698 -11000058139.074312
11.462317654599078 11100729868.580967 -11100684260.318687
11.462322453930987 11202556105.952473 -11202510330.803442
11.462327253262895 11305599953.519238 -11305554010.411858
11.462332052594803 11409879380.663866 -11409833268.516682
11.462336851926711 11515412672.556171 -11515366390.277754
11.462341651258619 11622218436.596693 -11622171983.085516
11.462346450590529 11730315609.010277 -11730268983.154598
11.462351249922436 11839723461.593256 -11839676662.270994
11.462356049254344 11950461608.618458 -11950414634.697065
11.462360848586252 12062550013.901989 -12062502864.238325
11.46236564791816 12176008998.036293 -12175961671.476496
11.46237044725007 12290859245.79384 -12290811741.173193
11.462375246581978 12407121813.705877 -12407074129.848677
11.462380045913886 12524818137.820889 -12524770273.540312
11.462384845245793 12643970041.647503 -12643921995.745468
11.462389644577701 12764599744.286709 -12764551515.553736
11.462394443909611 12886729868.75894 -12886681455.97401
11.462399243241519 13010383450.530691 -13010334852.461103
11.462404042573427 13135583946.246447 -13135535161.647671
11.462408841905335 13262355242.671183 -13262306270.286711
11.462413641237243 13390721665.849117 -13390672504.410316
11.462418440569152 13520707990.484859 -13520658638.710817
11.46242323990106 13652339449.552963 -13652289906.150333
11.462428039232968 13785641744.141909 -13785592007.804752
11.462432838564876 13920641053.539118 -13920591122.948746
11.462437637896784 14057364045.563696 -14057313919.388504
11.462442437228693 14195837887.153469 -14195787564.048777
11.462447236560601 14336090255.213619 -14336039733.821499
11.462452035892509 14478149347.733799 -14478098626.682905
11.462456835224417 14622043895.182011 -14621992973.087412
11.462461634556325 14767803172.181993 -14767752047.644993
11.462466433888235 14915457009.48247 -14915405681.090424
11.462471233220143 15065035806.227032 -15064984272.553177
11.46247603255205 15216570542.532154 -15216518802.135416
11.462480831883958 15370092792.382286 -15370040843.807096
11.462485631215866 15525634736.85145 -15525582578.627556
11.462490430547776 15683229177.66 -15683176808.302269
11.462495229879684 15842909551.076767 -15842856969.084988
11.462500029211592 16004709942.176668 -16004657146.03536
11.4625048285435 16168665099.462622 -16168612087.640823
11.462509627875408 16334810449.863276 -16334757220.814344
11.462514427207317 16503182114.117304 -16503128666.278702
11.462519226539225 16673816922.555243 -16673763254.348326
11.462524025871133 16846752431.291142 -16846698541.120945
11.462528825203041 17022026938.834641 -17021972825.089657
11.462533624534949 17199679503.136356 -17199625164.188309
11.462538423866858 17379749959.080128 -17379695393.283749
11.462543223198766 17562278936.434395 -17562224142.127193
11.462548022530674 17747307878.275497 -17747252853.777515
11.462552821862582 17934879059.898872 -17934823803.512455
11.46255762119449 18125035608.231617 -18124980118.241173
11.4625624205264 18317821521.759651 -18317765796.431393
11.462567219858308 18513281690.987766 -18513225728.569466
11.462572019190215 18711461919.447395 -18711405718.168125
11.462576818522123 18912408945.267849 -18912352503.33773
11.462581617854031 19116170463.32869 -19116113778.938618
11.462586417185939 19322795148.010246 -19322738219.331623
11.462591216517849 19532332676.561882 -19532275501.746349
11.462596015849757 19744833753.104954 -19744776330.284107
11.462600815181665 19960350133.290977 -19960292460.576084
11.462605614513572 20178934649.635406 -20178876725.117115
11.46261041384548 20400641237.546902 -20400583059.294956
11.46261521317739 20625524962.073708 -20625466528.136642
11.462620012509298 20853642045.389713 -20853583353.794548
11.462624811841206 21085049895.043304 -21084990943.795238
11.462629611173114 21319807132.992294 -21319747920.074394
11.462634410505022 21557973625.449421 -21557914148.822296
11.462639209836931 21799610513.564156 -21799550771.16563
11.462644009168839 22044780244.967773 -22044720234.712559
11.462648808500747 22293546606.208 -22293486325.987358
11.462653607832655 22545974756.10128 -22545914203.782673
11.462658407164563 22802131260.032604 -22802070433.459347
11.462663206496472 23062084125.233875 -23062023022.224781
11.46266800582838 23325902837.070236 -23325841455.41925
11.462672805160288 23593658396.3675 -23593596733.84333
11.462677604492196 23865423357.816158 -23865361412.1619
11.462682403824104 24141271869.483574 -24141209638.416328
11.462687203156014 24421279713.471172 -24421217194.681648
11.462692002487922 24705524347.756268 -24705461538.908398
11.462696801819829 24994084949.255196 -24994021847.985714
11.462701601151737 25287042458.147507 -25286979062.065548
11.462706400483645 25584479623.50452 -25584415930.191196
11.462711199815555 25886481050.264126 -25886417057.272091
11.462715999147463 26193133247.597057 -26193068952.450081
11.462720798479371 26504524678.710167 -26504460078.902683
11.462725597811279 26820745812.134617 -26820680905.131275
11.462730397143186 27141889174.550072 -27141823957.785267
11.462735196475096 27468049405.196468 -27467983876.073883
11.462739995807004 27799323311.924858 -27799257467.816967
11.462744795138912 28135809928.945126 -28135743767.192719
11.46274959447082 28477610576.327671 -28477544094.239349
11.462754393802728 28824828921.318512 -28824762116.170181
11.462759193134637 29177571041.530491 -29177503910.564842
11.462763992466545 29535945490.073959 -29535878030.499939
11.462768791798453 29900063362.695808 -29899995571.688084
11.462773591130361 30270038366.995255 -30269970241.693661
11.462778390462269 30645986893.787815 -30645918431.296799
11.462783189794179 31028028090.693733 -31027959288.081772
11.462787989126086 31416283938.029816 -31416214792.32885
11.462792788457994 31810879327.082291 -31810809835.287113
11.462797587789902 32211942140.847427 -32211872299.915089
11.46280238712181 32619603337.328098 -32619533144.17728
11.46280718645372 33033997035.473854 -33033926486.984249
11.462811985785628 33455260603.860111 -33455189696.871765
11.462816785117536 33883534752.208549 -33883463483.521214
11.462821584449443 34318963625.844818 -34318891992.217274
11.462826383781351 34761694903.203888 -34761622901.353264
11.462831183113261 35211879896.492622 -35211807523.093697
11.462835982445169 35669673655.624481 -35669600907.308968
11.462840781777077 36135235075.541893 -36135161948.897713
11.462845581108985 36608727007.059006 -36608653498.629547
11.462850380440893 37090316371.346672 -37090242477.630028
11.4628551797728 37580174278.198868 -37580099995.647064
11.46285997910471 38078476148.220428 -38078401473.238632
11.462864778436618 38585401839.077354 -38585326768.023056
11.462869577768526 39101135775.970726 -39101060305.152931
11.462874377100434 39625867086.487602 -39625791212.165985
11.462879176432342 40159789739.990799 -40159713458.37484
11.462883975764251 40703102691.720627 -40703025998.968727
11.462888775096159 41256010031.796112 -41255932924.014694
11.462893574428067 41818721139.298569 -41818643612.541183
11.462898373759975 42391450841.62178 -42391372891.888138
11.462903173091883 42974419579.306091 -42974341202.541107
11.462907972423793 43567853576.568405 -43567774768.66124
11.4629127717557 44171985017.734764 -44171905774.517807
11.462917571087608 44787052229.817039 -44786972547.064888
11.462922370419516 45413299871.473457 -45413219744.901871
11.462927169751424 46050979128.603882 -46050898553.868713
11.462931969083334 46700347916.835861 -46700266889.531975
11.462936768415242 47361671091.179703 -47361589606.839828
11.46294156774715 48035220663.142365 -48035138717.235977
11.462946367079057 48721276025.588531 -48721193613.520683
11.462951166410965 49420124185.662796 -49420041302.772896
11.462955965742875 50132060006.108215 -50131976647.668839
11.462960765074783 50857386455.304985 -50857302616.520584
11.462965564406691 51596414866.398537 -51596330542.404198
11.462970363738599 52349465205.882858 -52349380391.742958
11.462975163070507 53116866352.020958 -53116781042.727837
11.462979962402416 53898956383.52063 -53898870573.993233
11.462984761734324 54696082878.877518 -54695996563.959961
11.462989561066232 55508603226.837502 -55508516401.297653
11.46299436039814 56336884948.442009 -56336797606.970016
11.462999159730048 57181306031.133186 -57181218168.339958
11.463003959061957 58042255275.444557 -58042166885.860222
11.463008758393865 58920132654.799324 -58920043732.871658
11.463013557725773 59815349688.970818 -59815260229.063622
11.463018357057681 60728329831.791588 -60728239828.183029
11.463023156389589 61659508873.725952 -61659418320.60685
11.463027955721499 62609335359.950447 -62609244251.422546
11.463032755053407 63578271024.610298 -63578179354.684494
11.463037554385314 64566791241.951035 -64566699004.545525
11.463042353717222 65575385495.062309 -65575292684.000732
11.46304715304913 66604557863.021393 -66604464472.030907
11.46305195238104 67654827527.236717 -67654733549.946022
11.463056751712948 68726729297.853546 -68726634727.790894
11.463061551044856 69820814161.092453 -69820718991.683533
11.463066350376764 70937649848.489975 -70937554073.055817
11.463071149708671 72077821429.019562 -72077725040.774368
11.463075949040581 73241931925.100616 -73241834917.149521
11.463080748372489 74430602953.609756 -74430505318.946533
11.463085547704397 75644475393.027924 -75644377124.532639
11.463090347036305 76884210077.905762 -76884111168.342346
11.463095146368213 78150488521.952469 -78150388963.966278
11.463099945700122 79444013671.031494 -79443913457.146744
11.46310474503203 80765510687.45694 -80765409810.074112
11.463109544363938 82115727767.076721 -82115626218.469879
11.463114343695846 83495436990.681381 -83495334762.995422
11.463119143027754 84905435211.355865 -84905332296.603714
11.463123942359662 86346544979.478561 -86346441369.538239
11.463128741691571 87819615507.166183 -87819511193.777878
11.463133541023479 89325523674.086853 -89325418648.849823
11.463138340355387 90865175076.580353 -90865069330.949799
11.463143139687295 92439505122.242004 -92439398647.525848
11.463147939019203 94049480172.160065 -94049372959.515625
11.463152738351113 95696098733.145981 -95695990773.576553
11.463157537683021 97380392702.433441 -97380283986.784821
11.463162337014928 99103428667.407852 -99103319186.364716
11.463167136346836 100866309263.14417 -100866199007.22635
11.463171935678744 102670174590.66153 -102670063550.22023
11.463176735010654 104516203698.90547 -104516091864.11932
11.463181534342562 106405616133.71393 -106405503494.58499
11.46318633367447 108339673557.16223 -108339560103.51181
11.463191133006378 110319681440.86528 -110319567162.32965
11.463195932338285 112346990837.14253 -112346875723.16858
11.463200731670195 114423000231.94937 -114422884271.79004
11.463205531002103 116549157483.87508 -116549040666.5847
11.463210330334011 118726961853.75687 -118726844168.1864
11.463215129665919 120957966129.63049 -120957847564.42258
11.463219928997827 123243778852.00905 -123243659395.59286
11.463224728329736 125586066644.94827 -125585946285.53436
11.463229527661644 127986556658.51022 -127986435384.08505
11.463234326993552 130447039128.56454 -130446916926.88495
11.46323912632546 132969370060.34375 -132969246918.93118
11.463243925657368 135555474042.48561 -135555349948.62024
11.463248724989278 138207347198.69955 -138207222139.41415
11.463253524321185 140927060284.62842 -140926934246.70209
11.463258323653093 143716761937.96786 -143716634907.91949
11.463263122985001 146578682090.38834 -146578554054.46997
11.463267922316909 149515135550.36182 -149515006494.55173
11.463272721648819 152528525766.41724 -152528395676.41278
11.463277520980727 155621348781.24393 -155621217642.45419
11.463282320312635 158796197387.45465 -158796065184.99286
11.463287119644542 162055765496.4986 -162055632215.17422
11.46329191897645 165402852733.32437 -165402718357.63513
11.46329671830836 168840369269.6427 -168840233783.76605
11.463301517640268 172371340909.85962 -172371204297.6442
11.463306316972176 175998914444.70917 -175998776689.66583
11.463311116304084 179726363288.20718 -179726224373.49979
11.463315915635992 183557093414.98822 -183556953323.42401
11.463320714967901 187494649616.04352 -187494508330.06329
11.463325514299809 191542722092.12268 -191542579593.79059
11.463330313631717 195705153405.26849 -195705009676.26135
11.463335112963625 199985945810.59302 -199985800832.18951
11.463339912295533 204389268991.61469 -204389122744.68396
11.463344711627443 208919468224.09473 -208919320689.08469
11.46334951095935 213581072995.26627 -213580924152.19144
11.463354310291258 218378806107.20255 -218378655935.63153
11.463359109623166 223317593294.65115 -223317441773.69357
11.463363908955074 228402573390.44666 -228402420498.73965
11.463368708286984 233639109073.67465 -233638954789.36893
11.463373507618892 239032798238.04764 -239032642538.79291
11.4633783069508 244589486020.85739 -244589328883.78741
11.463383106282707 250315277536.00464 -250315118937.72159
11.463387905614615 256216551357.36346 -256216391273.92175
11.463392704946523 262299973802.5239 -262299812209.41339
11.463397504278433 268572514070.30966 -268572350942.43826
11.463402303610341 275041460289.92883 -275041295601.60437
11.463407102942249 281714436543.45923 -281714270268.37067
11.463411902274157 288599420928.31879 -288599253039.51672
11.463416701606064 295704764731.60974 -295704595201.48615
11.463421500937974 303039212793.00305 -303039041593.27008
11.463426300269882 310611925139.84723 -310611752241.5155
11.46343109960179 318432499984.29614 -318432325357.65173
11.463435898933698 326510998178.4054 -326510821792.98627
11.463440698265606 334857969232.44885 -334857791057.02002
11.463445497597515 343484479008.84973 -343484299011.37775
11.463450296929423 352402139213.73138 -352401957361.3576
11.463455096261331 361623138816.74542 -361622955075.75793
11.463459895593239 371160277543.27948 -371160091879.08435
11.463464694925147 381027001591.78796 -381026813968.87885
11.463469494257057 391237441743.58679 -391237252125.51331
11.463474293588964 401806454047.29016 -401806262396.62518
11.463479092920872 412749663272.55719 -412749469550.86249
11.46348389225278 424083509346.53333 -424083313514.32379
11.463488691584688 435825297004.16687 -435825099020.87305
11.463493490916598 447993248904.53143 -447993048728.46057
11.463498290248506 460606562485.06982 -460606360073.36505
11.463503089580414 473685470851.79681 -473685266160.39465
11.463507888912321 487251308028.4306 -487251101012.01624
11.463512688244229 501326578917.65399 -501326369529.61475
11.463517487576139 515935034358.86395 -515934822551.24066
11.463522286908047 531101751701.07477 -531101537424.51062
11.463527086239955 546853221349.6062 -546853004553.2934
11.463531885571863 563217439787.40625 -563217220419.03003
11.463536684903771 580224009617.52747 -580223787623.20752
11.46354148423568 597904247226.32397 -597904022550.55298
11.463546283567588 616291298722.37415 -616291071307.95325
11.463551082899496 635420264871.4104 -635420034659.38159
11.463555882231404 655328335818.32422 -655328102747.89954
11.463560681563312 676054936457.74548 -676054700466.23218
11.463565480895221 697641883410.15942 -697641644432.88184
11.463570280227129 720133554648.34521 -720133312618.56238
11.463575079559037 743577072927.20312 -743576827776.02234
11.463579878890945 768022504289.03833 -768022255945.32385
11.463584678222853 793523073043.20972 -793522821433.48706
11.463589477554763 820135394771.94104 -820135139820.29602
11.463594276886671 847919729064.71399 -847919470692.68616
11.463599076218578 876940253877.84912 -876939992004.31995
11.463603875550486 907265363610.69409 -907265098151.76843
11.463608674882394 938967993216.2832 -938967724085.16455
11.463613474214304 972125970924.03735 -972125698030.89612
11.463618273546212 1006822402430.3958 -1006822125682.2299
11.46362307287812 1043146089739.4016 -1043145809039.8894
11.463627872210028 1081191988187.3629 -1081191703436.7073
11.463632671541935 1121061705598.3909 -1121061416693.1545
11.463637470873845 1162864047968.0244 -1162863754800.9556
11.463642270205753 1206715616577.188 -1206715319037.0354
11.463647069537661 1252741462039.6724 -1252741160010.9888
11.463651868869569 1301075801432.9465 -1301075494795.8813
11.463656668201477 1351862805399.9595 -1351862494030.0371
11.463661467533385 1405257462963.6772 -1405257146731.5627
11.463666266865294 1461426532750.8167 -1461426211522.0664
11.463671066197202 1520549590402.4375 -1520549264037.2336
11.46367586552911 1582820183203.1802 -1582819851556.0479
11.463680664861018 1648447104380.4426 -1648446767299.9485
11.463685464192926 1717655801143.0325 -1717655458471.4636
11.463690263524835 1790689932370.6399 -1790689583943.6619
11.463695062856743 1867813093984.4956 -1867812739630.7852
11.463699862188651 1949310732495.6331 -1949310372036.4875
11.463704661520559 2035492270044.3633 -2035491903293.2817
11.463709460852467 2126693467418.2983 -2126693094180.5334
11.463714260184377 2223279055313.5586 -2223278675385.6362
11.463719059516285 2325645668430.728 -2325645281599.9316
11.463723858848192 2434225121985.6099 -2434224728029.4277
11.4637286581801 2549488076011.0977 -2549487674696.6279
11.463733457512008 2671948139590.1313 -2671947730673.4424
11.463738256843918 2802166475044.1079 -2802166058269.5498
11.463743056175826 2940756971317.6064 -2940756546417.0679
11.463747855507734 3088392066522.1221 -3088391633214.2295
11.463752654839642 3245809312264.5508 -3245808870253.8027
11.463757454171549 3413818787256.0493 -3413818336231.8799
11.463762253503459 3593311485166.5957 -3593311024802.3604
11.463767052835367 3785268822523.3149 -3785268352475.1919
11.463771852167275 3990773436724.3228 -3990772956630.1201
11.463776651499183 4211021473474.5142 -4211020982952.3726
11.463781450831091 4447336597720.6426 -4447336096367.623
11.463786250163 4701186003492.0449 -4701185490882.5938
11.463791049494908 4974198747266.0479 -4974198222950.3145
11.463795848826816 5268186789585.9248 -5268186253087.9307
11.463800648158724 5585169200923.9424 -5585168651739.5693
11.463805447490632 5927400074436.0693 -5927399512030.8604
11.463810246822542 6297400793474.0518 -6297400217280.793
11.463815046154449 6697997428861.9375 -6697996838278
11.463819845486357 7132364197387.3945 -7132363591771.8057
11.463824644818265 7604074103187.0234 -7604073481857.2314
11.463829444150173 8117158118587.043 -8117157480815.3418
11.463834243482083 8676174550598.6699 -8676173895608.2383
11.463839042813991 9286290597552.3828 -9286289924512.8848
11.463843842145899 9953378546603.8828 -9953377854626.5742
11.463848641477806 10684129620349.299 -10684128908481.57
11.463853440809714 11486189180043.781 -11486188447263.064
11.463858240141624 12368317876533.652 -12368317121740.586
11.463863039473532 13340584454933.885 -13340583676944.646
11.46386783880544 14414597346652.236 -14414596544189.906
11.463872638137348 15603784002621.324 -15603783174306.143
11.463877437469256 16923729266003.504 -16923728410341.834
11.463882236801165 18392587124126.984 -18392586239498.781
