# serie phase 2 p5_w2.80_c1.20_dt2_k4 : t x1 x2 (dt2=8.0080094523370541e-06, depart t=5.5979999999999999 etat bascule x1 x2 v1 v2 = 3730.1259022513646 -3589.0026604081604 90296.534367174987 -88897.249449732437)
5.7288508744511875 978818332.07564807 -978797252.45071244
5.7288588824606395 987212925.08512402 -987191773.33136129
5.7288668904700923 995701351.25323427 -995680126.93762362
5.7288748984795443 1004284904.8222736 -1004263607.5080708
5.7288829064889972 1012964901.288136 -1012943530.5348316
5.7288909144984492 1021742677.8054945 -1021721233.168772
5.7288989225079012 1030619593.6017795 -1030598074.6334716
5.7289069305173541 1039597030.4001721 -1039575436.6482183
5.7289149385268061 1048676392.8518339 -1048654723.8602356
5.7289229465362581 1057859108.9775977 -1057837364.2863737
5.728930954545711 1067146630.6193551 -1067124809.7644963
5.728938962555163 1076540433.9013751 -1076518536.4147987
5.7289469705646159 1086042019.7018039 -1086020045.1113064
5.7289549785740679 1095652914.1345935 -1095630861.9638038
5.7289629865835199 1105374669.0421257 -1105352538.810457
5.7289709945929728 1115208862.4987848 -1115186653.7213857
5.7289790026024248 1125157099.3257689 -1125134811.5134749
5.7289870106118768 1135221011.6174064 -1135198644.2766888
5.7289950186213296 1145402259.2792757 -1145379811.9121916
5.7290030266307816 1155702530.5784256 -1155680002.6825662
5.7290110346402345 1166123542.7059987 -1166100933.7744367
5.7290190426496865 1176667042.3525679 -1176644351.8738053
5.7290270506591385 1187334806.2965169 -1187312033.754431
5.7290350586685914 1198128642.0057929 -1198105786.8795815
5.7290430666780434 1209050388.2533665 -1209027450.017493
5.7290510746874963 1220101915.7467613 -1220078893.8708982
5.7290590826969483 1231285127.7720087 -1231262021.7209809
5.7290670907064003 1242601960.8524024 -1242578770.0861297
5.7290750987158532 1254054385.4224246 -1254031109.3958621
5.7290831067253052 1265644406.5172472 -1265621044.6803272
5.7290911147347572 1277374064.4782095 -1277350616.2757802
5.7290991227442101 1289245435.6746824 -1289221900.5464468
5.7291071307536621 1301260633.2427547 -1301237010.6232088
5.729115138763115 1313421807.841177 -1313398097.1595459
5.729123146772567 1325731148.4250238 -1325707349.1051989
5.729131154782019 1338190883.0375211 -1338166994.4979939
5.7291391627914718 1350803279.6205416 -1350779301.2743385
5.7291471708009238 1363570646.8442509 -1363546578.0988662
5.7291551788103758 1376495334.9564021 -1376471175.2137294
5.7291631868198287 1389579736.651823 -1389555485.3080869
5.7291711948292807 1402826287.9626288 -1402801944.4083145
5.7291792028387336 1416237469.1696985 -1416213032.7894807
5.7291872108481856 1429815805.7360036 -1429791275.9086745
5.7291952188576376 1443563869.262378 -1443539245.3607736
5.7292032268670905 1457484278.4663234 -1457459559.8572493
5.7292112348765425 1471579700.1844845 -1471554886.2286401
5.7292192428859954 1485852850.3994293 -1485827940.4513314
5.7292272508954474 1500306495.2913983 -1500281488.6993027
5.7292352589048994 1514943452.3157089 -1514918348.4215317
5.7292432669143523 1529766591.3065126 -1529741389.4457493
5.7292512749238043 1544778835.6076291 -1544753535.109273
5.7292592829332563 1559983163.2312152 -1559957763.417675
5.7292672909427091 1575382608.0450201 -1575357108.2320352
5.7292752989521611 1590980260.9890268 -1590954660.4855814
5.729283306961614 1606779271.3223028 -1606753569.4305398
5.729291314971066 1622782847.9008925 -1622757043.9160244
5.729299322980518 1638994260.4876285 -1638968353.6978481
5.7293073309899709 1655416841.0947537 -1655390830.781143
5.7293153389994229 1672053985.3602693 -1672027870.7967064
5.7293233470088749 1688909153.958977 -1688882934.4120424
5.7293313550183278 1705985874.0491896 -1705959548.7780702
5.7293393630277798 1723287740.7561193 -1723261309.0125117
5.7293473710372327 1740818418.6929898 -1740791879.7210011
5.7293553790466847 1758581643.5209606 -1758554996.5570083
5.7293633870561367 1776581223.5489585 -1776554467.8216686
5.7293713950655896 1794821041.3745654 -1794794176.1046681
5.7293794030750416 1813305055.5671659 -1813278079.967391
5.7293874110844945 1832037302.3945663 -1832010215.6695356
5.7293954190939465 1851021897.5943298 -1850994698.9404485
5.7294034271033984 1870263038.1911547 -1870235726.7965002
5.7294114351128513 1889765004.3616233 -1889737579.4058332
5.7294194431223033 1909532161.3477225 -1909504622.0018802
5.7294274511317553 1929568961.4205513 -1929541306.847069
5.7294354591412082 1949879945.8957143 -1949852175.2482159
5.7294434671506602 1970469747.2019002 -1970441859.6251001
5.7294514751601131 1991343091.0042527 -1991315085.6338334
5.7294594831695651 2012504798.3841653 -2012476674.3466537
5.7294674911790171 2033959788.0771623 -2033931544.4898028
5.72947549918847 2055713078.7706103 -2055684714.7412362
5.729483507197922 2077769791.4630659 -2077741306.0899684
5.729491515207374 2100135151.8871212 -2100106544.2589169
5.7294995232168269 2122814492.9976521 -2122785762.1931467
5.7295075312262789 2145813257.5274589 -2145784402.6155105
5.7295155392357318 2169137000.61236 -2169108020.6517382
5.7295235472451838 2192791392.4878464 -2192762286.5270896
5.7295315552546358 2216782221.2594948 -2216752988.3367658
5.7295395632640886 2241115395.7494249 -2241086034.8923635
5.7295475712735406 2265796948.4211078 -2265767458.6466799
5.7295555792829935 2290833038.3849545 -2290803418.6992993
5.7295635872924455 2316229954.487237 -2316200203.8855124
5.7295715953018975 2341994118.4848967 -2341964235.9511199
5.7295796033113504 2368132088.3089247 -2368102072.8158121
5.7295876113208024 2394650561.4191012 -2394620411.9279032
5.7295956193302544 2421556378.2529893 -2421526093.7133245
5.7296036273397073 2448856525.7721233 -2448826105.1218085
5.7296116353491593 2476558141.1084738 -2476527583.2733507
5.7296196433586122 2504668515.3143773 -2504637819.2081361
5.7296276513680642 2533195097.219275 -2533164261.7432756
5.7296356593775162 2562145497.3966212 -2562114521.4397106
5.7296436673869691 2591527492.2445278 -2591496374.6828542
5.7296516753964211 2621349028.1837859 -2621317767.880609
5.7296596834058731 2651618225.9770737 -2651586821.7825718
5.7296676914153259 2682343385.173316 -2682311835.9243908
5.7296756994247779 2713532988.6812167 -2713501293.201292
5.7296837074342308 2745195707.4761896 -2745163864.5750084
5.7296917154436828 2777340405.445087 -2777308413.9185028
5.7296997234531348 2809976144.3732896 -2809944003.0030565
5.7297077314625877 2843112189.0787644 -2843079896.6323209
5.7297157394720397 2876758012.6980381 -2876725567.9282875
5.7297237474814926 2910923302.1291361 -2910890703.7742233
5.7297317554909446 2945617963.6366591 -2945585210.4197426
5.7297397635003966 2980852128.6244926 -2980819219.2535119
5.7297477715098495 3016636159.581799 -3016603092.7492385
5.7297557795193015 3052980656.208045 -3052947430.590693
5.7297637875287535 3089896461.7231903 -3089863075.9818921
5.7297717955382064 3127394669.369359 -3127361122.148767
5.7297798035476584 3165486629.1104994 -3165452919.0388184
5.7297878115571113 3204183954.5367193 -3204150080.2254443
5.7297958195665633 3243498529.980443 -3243464490.0240946
5.7298038275760153 3283442517.8517246 -3283408310.827579
5.7298118355854681 3324028366.2001557 -3323993990.6679668
5.7298198435949201 3365268816.5113196 -3365234271.0130391
5.7298278516043721 3407176911.746027 -3407142194.8055162
5.729835859613825 3449766004.630734 -3449731114.7534719
5.729843867623277 3493049766.2079973 -3493014701.8807812
5.7298518756327299 3537042194.656146 -3537006954.346787
5.7298598836421819 3581757624.3876948 -3581722206.5447059
5.7298678916516339 3627210735.4364796 -3627175138.48876
5.7298758996610868 3673416563.1436634 -3673380785.5001755
5.7298839076705388 3720390508.1533661 -3720354548.2028031
5.7298919156799917 3768148346.7291226 -3768112202.8395729
5.7298999236894437 3816706241.4027195 -3816669911.9213228
5.7299079316988957 3866080751.96736 -3866044235.2199564
5.7299159397083486 3916288846.8277769 -3916252141.1185479
5.7299239477178006 3967347914.7202907 -3967311018.3313947
5.7299319557272526 4019275776.8163624 -4019238688.0075607
5.7299399637367054 4072090699.223731 -4072053416.232007
5.7299479717461574 4125811405.8998604 -4125773926.9390302
5.7299559797556103 4180457091.9930081 -4180419415.2533226
5.7299639877650623 4236047437.626822 -4236009561.2745628
5.7299719957745143 4292602622.144949 -4292564544.3220129
5.7299800037839672 4350143338.8329802 -4350105057.656455
5.7299880117934192 4408690810.1359196 -4408652323.6976547
5.7299960198028721 4468266803.3895636 -4468228109.7557259
5.7300040278123241 4528893647.0854702 -4528854744.2960939
5.7300120358217761 4590594247.6900368 -4590555133.7585621
5.730020043831229 4653392107.0387039 -4653352779.9515057
5.730028051840681 4717311340.3274584 -4717271798.0433655
5.730036059850133 4782376694.7248058 -4782336935.1746092
5.7300440678595859 4848613568.6280556 -4848573589.7140045
5.7300520758690379 4916048031.5892677 -4916007831.1845579
5.7300600838784908 4984706844.936841 -4984666420.885087
5.7300680918879427 5054617483.1200905 -5054576833.2347898
5.7300760998973947 5125808155.8055515 -5125767277.8695364
5.7300841079068476 5198307830.7543459 -5198266722.5192194
5.7300921159162996 5272146257.5121326 -5272104916.6976967
5.7301001239257516 5347353991.9439125 -5347312416.2375793
5.7301081319352045 5423962421.6474113 -5423920608.7036037
5.7301161399446565 5502003792.2806721 -5501961739.7202082
5.7301241479541094 5581511234.840785 -5581468940.2502489
5.7301321559635614 5662518793.9324341 -5662476254.8635349
5.7301401639730134 5745061457.0664902 -5745018671.0354033
5.7301481719824663 5829175185.0309668 -5829132149.5176601
5.7301561799919183 5914896943.3785934 -5914853655.8261385
5.7301641880013712 6002264735.0770693 -6002221192.890934
5.7301721960108232 6091317634.370532 -6091273834.917861
5.7301802040202752 6182095821.9024754 -6182051762.5113516
5.7301882120297281 6274640621.1529102 -6274596299.1115952
5.7301962200391801 6368994536.2454576 -6368949948.8016176
5.7302042280486321 6465201291.1823416 -6465156435.5422554
5.7302122360580849 6563305870.5674019 -6563260743.8951454
5.7302202440675369 6663354561.881402 -6663309161.2980185
5.7302282520769898 6765394999.3755512 -6765349321.9581966
5.7302362600864418 6869476209.6531343 -6869430252.4342041
5.7302442680958938 6975648659.0125723 -6975602418.9788065
5.7302522761053467 7083964302.6279745 -7083917776.7195415
5.7302602841147987 7194476635.647954 -7194429820.7575083
5.7302682921242507 7307240746.2965508 -7307193639.2682695
5.7302763001337036 7422313371.0648355 -7422265968.6934319
5.7302843081431556 7539752952.0856791 -7539705251.1153889
5.7302923161526085 7659619696.7885771 -7659571693.9121218
5.7303003241620605 7781975639.9369678 -7781927331.794487
5.7303083321715125 7906884708.1548862 -7906836091.3328495
5.7303163401809654 8034412787.055438 -8034363858.0855217
5.7303243481904174 8164627791.0888958 -8164578546.4468355
5.7303323561998702 8297599736.2351456 -8297550172.3395576
5.7303403642093222 8433400815.6699171 -8433350928.8810883
5.7303483722187742 8572105478.542387 -8572055265.1610346
5.7303563802282271 8713790512.0078392 -8713739968.273838
5.7303643882376791 8858535126.6667519 -8858484248.7578239
5.7303723962471311 9006421045.5700035 -9006369829.600378
5.730380404256584 9157532596.9571571 -9157481038.9761925
5.730388412266036 9311956810.9041729 -9311904906.8949432
5.7303964202754889 9469783520.0661583 -9469731265.9439945
5.7304044282849409 9631105464.7110634 -9631052856.3220673
5.7304124362943929 9796018402.2493763 -9795965435.368885
5.7304204443038458 9964621221.4754238 -9964567891.8064308
5.7304284523132978 10137016061.751499 -10136962364.923042
5.7304364603227498 10313308437.372869 -10313254368.938364
5.7304444683322027 10493607367.36734 -10493552922.802868
5.7304524763416547 10678025510.998486 -10677970685.701038
5.7304604843511076 10866679309.253645 -10866624098.539318
5.7304684923605596 11059689132.614647 -11059633531.716782
5.7304765003700115 11257179435.424612 -11257123439.491884
5.7304845083794644 11459278917.182976 -11459222521.27743
5.7304925163889164 11666120691.118599 -11666063890.213627
5.7305005243983693 11877842460.411676 -11877785249.389935
5.7305085324078213 12094586702.454426 -12094529076.1057
5.7305165404172733 12316500861.56398 -12316442814.582977
5.7305245484267262 12543737550.582624 -12543679077.566706
5.7305325564361782 12776454761.8291 -12776395857.275946
5.7305405644456302 13014816087.889711 -13014756746.194921
5.7305485724550831 13258990952.762867 -13258931168.217478
5.7305565804645351 13509154853.907063 -13509094620.695002
5.730564588473988 13765489615.771145 -13765428927.966602
5.73057259648344 14028183655.41865 -14028122506.98337
5.730580604492892 14297432260.898396 -14297370645.678888
5.7305886125023449 14573437883.049356 -14573375794.774025
5.7305966205117969 14856410441.469542 -14856347873.745712
5.7306046285212489 15146567645.423622 -15146504591.734493
5.7306126365307017 15444135330.511812 -15444071784.213299
5.7306206445401537 15749347811.972212 -15749283766.289698
5.7306286525496066 16062448255.541452 -16062383703.566435
5.7306366605590586 16383689066.856604 -16383624001.543236
5.7306446685685106 16713332300.444199 -16713266714.605713
5.7306526765779635 17051650089.406258 -17051583975.711285
5.7306606845874155 17398925096.982468 -17398858447.951229
5.7306686925968684 17755450991.245342 -17755383799.24572
5.7306767006063204 18121532944.262573 -18121465201.506054
5.7306847086157724 18497488157.146317 -18497419855.6838
5.7306927166252253 18883646412.506092 -18883577544.223557
5.7307007246346773 19280350655.913692 -19280281212.527721
5.7307087326441293 19687957608.099819 -19687887581.152973
5.7307167406535822 20106838409.714153 -20106767790.57019
5.7307247486630342 20537379300.594879 -20537308080.433807
5.730732756672487 20979982335.636524 -20979910505.449482
5.730740764681939 21435066139.478313 -21434993690.062286
5.730748772691391 21903066702.383301 -21902993624.33564
5.7307567807008439 22384438219.844288 -22384364503.557045
5.7307647887102959 22879653978.624619 -22879579614.278683
5.7307727967197479 23389207292.127682 -23389132269.686699
5.7307808047292008 23913612488.199291 -23913536797.403389
5.7307888127386528 24453405952.665459 -24453329583.024715
5.7307968207481057 25009147232.158188 -25009070172.945892
5.7308048287575577 25581420200.030285 -25581342440.275936
5.7308128367670097 26170834289.423687 -26170755817.905739
5.7308208447764626 26778025797.855671 -26777946603.094017
5.7308288527859146 27403659268.005714 -27403579338.253887
5.7308368607953675 28048428949.714424 -28048348272.951504
5.7308448688048195 28713060348.590057 -28712978912.512283
5.7308528768142715 29398311867.00135 -29398229659.013401
5.7308608848237244 30104976543.681076 -30104893550.88702
5.7308688928331764 30833883898.630802 -30833800107.824715
5.7308769008426284 31585901890.500473 -31585817288.15667
5.7308849088520812 32361938994.19532 -32361853566.458221
5.7308929168615332 33162946407.035507 -33162860139.709099
5.7309009248709861 33989920392.443092 -33989833270.979973
5.7309089328804381 34843904770.834831 -34843816780.324821
5.7309169408898901 35725993568.152588 -35725904693.310883
5.730924948899343 36637333833.277992 -36637244058.432816
5.730932956908795 37579128636.515701 -37579037945.595505
5.730940964918247 38552640262.252777 -38552548638.77285
5.7309489729276999 39559193609.985336 -39559101037.033905
5.7309569809371519 40600179819.084122 -40600086279.307838
5.7309649889466048 41677060133.913353 -41676965609.50222
5.7309729969560568 42791370027.278572 -42791274499.950172
5.7309810049655088 43944723601.685272 -43944627052.66835
5.7309890129749617 45138818289.592354 -45138720699.60968
5.7309970209844137 46375439875.566162 -46375341224.816681
5.7310050289938665 47656467865.221222 -47656368133.361374
5.7310130370033185 48983881227.995377 -48983780394.119629
5.7310210450127705 50359764543.165405 -50359662585.785889
5.7310290530222234 51786314581.095215 -51786211478.120476
5.7310370610316754 53265847354.50811 -53265743083.220871
5.7310450690411274 54800805677.705353 -54800700214.739273
5.7310530770505803 56393767275.086632 -56393660596.401985
5.7310610850600323 58047453484.073334 -58047345564.931557
5.7310690930694852 59764738601.649597 -59764629416.58667
5.7310771010789372 61548659928.308952 -61548549451.107468
5.7310851090883892 63402428568.221817 -63402316771.88176
5.7310931170978421 65329441050.001335 -65329327906.709435
5.7311011251072941 67333291838.487427 -67333177319.585022
5.7311091331167461 69417786814.805771 -69417670890.755096
5.731117141126199 71586957809.414505 -71586840449.763321
5.731125149135651 73845078281.09375 -73844959454.438171
5.7311331571451039 76196680244.116409 -76196559918.061905
5.7311411651545558 78646572555.890656 -78646450697.011002
5.7311491731640078 81199860688.792206 -81199737262.586395
5.7311571811734607 83861968122.370651 -83861843093.217514
5.7311651891829127 86638659506.099411 -86638532837.209854
5.7311731971923656 89536065758.599274 -89535937411.966034
5.7311812052018176 92560711286.320511 -92560581222.665161
5.7311892132112696 95719543524.223328 -95719411702.940491
5.7311972212207225 99019965022.643875 -99019831401.74231
5.7312052292301745 102469868328.68456 -102469732864.72505
5.7312132372396265 106077673937.59943 -106077536585.6292
5.7312212452490794 109852371620.04652 -109852232333.52997
5.7312292532585314 113803565465.06137 -113803424195.80679
5.7312372612679843 117941523017.07181 -117941379715.15401
5.7312452692774363 122277228928.28712 -122277083541.96544
5.7312532772868883 126822443596.41699 -126822296072.04852
5.7312612852963412 131589767312.24355 -131589617594.19122
5.7312692933057932 136592710503.69778 -136592558534.23294
5.7312773013152452 141845770732.6088 -141845616451.80777
5.731285309324698 147364517179.70572 -147364360525.34009
5.73129331733415 153165683443.13025 -153165524350.55023
5.7313013253436029 159267269578.02667 -159267107980.03723
5.7313093333530549 165688654419.70633 -165688490246.43536
5.7313173413625069 172450719365.57919 -172450552544.33716
5.7313253493719598 179575984941.23514 -179575815396.36557
5.7313333573814118 187088761648.13596 -187088589300.85614
5.7313413653908647 195015316786.38879 -195015141554.61963
5.7313493734003167 203384059172.64713 -203383880970.83163
5.7313573814097687 212225743930.17697 -212225562669.08621
5.7313653894192216 221573699826.39804 -221573515412.92355
5.7313733974286736 231464081975.71271 -231463894312.64435
5.7313814054381256 241936153120.31329 -241935962106.1012
5.7313894134475785 253032597157.4281 -253032402685.92743
5.7313974214570305 264799869111.88745 -264799671072.08432
5.7314054294664833 277288586365.83533 -277288384641.55249
5.7314134374759353 290553966670.8136 -290553761140.3938
5.7314214454853873 304656319296.78699 -304656109832.75201
5.7314294534948402 319661596647.93152 -319661383116.61499
5.7314374615042922 335642014804.23926 -335641797065.39032
5.7314454695137442 352676752781.61829 -352676530687.97351
5.7314534775231971 370852741869.04932 -370852515265.87012
5.7314614855326491 390265558241.12146 -390265326965.69305
5.731469493542102 411020434217.64404 -411020198098.7326
5.731477501551554 433233406124.37268 -433233164981.63635
5.731485509561006 457032619755.33752 -457032373398.68634
5.7314935175704589 482559818078.96313 -482559566307.86273
5.7315015255799109 509972040166.25446 -509971782768.96759
5.7315095335893638 539443565511.19287 -539443302263.9519
5.7315175415988158 571168144132.65186 -571167874798.75476
5.7315255496082678 605361560352.90283 -605361284681.72424
5.7315335576177207 642264587181.33813 -642264304907.24524
5.7315415656271727 682146399197.00903 -682146110038.17224
5.7315495736366247 725308525130.69324 -725308228787.77844
5.7315575816460775 772089437564.62793 -772089133719.35608
5.7315655896555295 822869897045.72827 -822869585359.28662
5.7315735976649824 878079192280.55444 -878078872391.84045
5.7315816056744344 938202448124.24805 -938202119647.92456
5.7315896136838864 1003789210279.5303 -1003788872803.8679
5.7315976216933393 1075463561843.3376 -1075463214927.8156
5.7316056297027913 1153936084509.7051 -1153935727682.3374
5.7316136377122433 1240018049544.498 -1240017682298.8484
5.7316216457216962 1334638314686.1077 -1334637936477.9473
5.7316296537311482 1438863518288.8018 -1438863128532.3586
5.7316376617406011 1553922308584.3323 -1553921906648.0732
5.7316456697500531 1681234533136.1731 -1681234118338.0439
5.7316536777595051 1822446554273.0486 -1822446125875.0913
5.731661685768958 1979474167524.5537 -1979473724726.7998
5.73166969377841 2154555004594.4905 -2154554546528.012
5.7316777017878628 2350312831980.999 -2350312357699.9756
5.7316857097973148 2569836853896.4092 -2569836362369.0415
5.7316937178067668 2816780053234.8569 -2816779543332.9214
5.7317017258162197 3095481840364.874 -3095481310851.6709
5.7317097338256717 3411121943621.9023 -3411121393138.2944
5.7317177418351237 3769914733784.2446 -3769914160832.4185
5.7317257498445766 4179356265679.3076 -4179355668603.7974
5.7317337578540286 4648540590255.8477 -4648539967221.2607
5.7317417658634815 5188567843418.0664 -5188567192382.8066
5.7317497738729335 5813075002870.334 -5813074321555.4346
5.7317577818823855 6538932144996.3662 -6538931430848.3164
5.7317657898918384 7387164230493.8711 -7387163480640.0107
5.7317737979012904 8384183516562.2148 -8384182727756.8633
5.7317818059107424 9563454731193.6172 -9563453899752.5527
5.7317898139201953 10967770630197.322 -10967769751917.502
5.7317978219296473 12652399949859.596 -12652399019920
5.7318058299391001 14689500223054.877 -14689499235892.939
5.7318138379485521 17174393206153.262 -17174392155309.434
5.7318218459580041 20234629918388.637 -20234628796308.816
