# serie phase 2 p5_w2.27_c1.05_dt2s2_k2 : t x1 x2 (dt2=5.5992205596119375e-06, depart t=22.890000000000001 etat bascule x1 x2 v1 v2 = 38908.663240615831 -38609.854481839931 1691158.1057320507 -1685934.4746310581)
22.961782007574225 506046289.88635075 -506033028.92285222
22.961787606794786 508183748.09321469 -508170464.75282425
22.961793206015344 510332958.09641689 -510319652.31297177
22.961798805235905 512493999.51929355 -512480671.22635102
22.961804404456462 514666952.62663037 -514653601.75746644
22.961810003677023 516851898.33065397 -516838524.81826168
22.961815602897584 519048918.19708645 -519035521.97417438
22.961821202118141 521258094.4512645 -521244675.45025522
22.961826801338702 523479509.98432404 -523466068.13735247
22.961832400559263 525713248.35945034 -525699783.59836215
22.961837999779821 527959393.81819528 -527945906.07454538
22.961843599000382 530218031.28686202 -530204520.49191278
22.961849198220939 532489246.38295794 -532475712.46767777
22.9618547974415 534773125.42171723 -534759568.31677872
22.961860396662061 537069755.42269289 -537056175.05847132
22.961865995882619 539379224.11642027 -539365620.42299187
22.96187159510318 541701619.95115173 -541687992.8582921
22.961877194323737 544037032.09966397 -544023381.5368464
22.961882793544298 546385550.46613896 -546371876.36253262
22.961888392764859 548747265.69311941 -548733567.97758758
22.961893991985416 551122269.16853929 -551108547.76963782
22.961899591205977 553510653.03283072 -553496907.87880635
22.961905190426538 555912510.18610775 -555898741.20489621
22.961910789647096 558327934.29542804 -558314141.41465235
22.961916388867657 560757019.80213356 -560743202.94910228
22.961921988088214 563199861.92927146 -563186021.03097677
22.961927587308775 565656556.68909597 -565642691.672212
22.961933186529336 568127200.8906523 -568113311.68153346
22.961938785749894 570611892.14744306 -570597978.67212212
22.961944384970455 573110728.88517845 -573096791.06936455
22.961949984191012 575623810.3496114 -575609848.11868834
22.961955583411573 578151236.61445951 -578137249.89348388
22.961961182632134 580693108.58941412 -580679097.30311346
22.961966781852691 583249528.02823663 -583235492.10100758
22.961972381073252 585820597.53694427 -585806536.89285064
22.961977980293813 588406420.58208621 -588392335.14485705
22.961983579514371 591007101.49911118 -590992991.19213891
22.961989178734932 593622745.50082791 -593608610.24716628
22.961994777955489 596253458.68595922 -596239298.40832138
22.96200037717605 598899348.04779088 -598885162.66854763
22.962005976396611 601560521.48291683 -601546310.92409432
22.962011575617169 604237087.8000809 -604222851.98335886
22.96201717483773 606929156.72911799 -606914895.5758276
22.962022774058287 609636838.92999482 -609622552.36111689
22.962028373278848 612360246.00195098 -612345933.93811369
22.962033972499409 615099490.49274278 -615085152.85421991
22.962039571719966 617854685.90799022 -617840322.61469865
22.962045170940527 620625946.72062862 -620611557.69212663
22.962050770161088 623413388.38046753 -623398973.53595257
22.962056369381646 626217127.32385612 -626202686.58216274
22.962061968602207 629037280.98345768 -629022814.26305532
22.962067567822764 631873967.79813397 -631859475.01712501
22.962073167043325 634727307.22294164 -634712788.29905915
22.962078766263886 637597419.739241 -637582874.58984649
22.962084365484444 640484426.86492002 -640469855.40700114
22.962089964705005 643388451.16473401 -643373853.3149029
22.962095563925562 646309616.26076257 -646294991.9352529
22.962101163146123 649248046.84298491 -649233395.95765018
22.962106762366684 652203868.6799767 -652189191.15028799
22.962112361587241 655177208.62972748 -655162504.37077081
22.962117960807802 658168194.65058208 -658153463.57705641
22.96212356002836 661176955.8123076 -661162197.83852243
22.962129159248921 664203622.3072865 -664188837.34715974
22.962134758469482 667248325.46183836 -667233513.42889369
22.962140357690039 670311197.74767065 -670296358.55503535
22.9621459569106 673392372.79346251 -673377506.35386527
22.962151556131161 676491985.3965807 -676477091.62234879
22.962157155351719 679610171.53493035 -679595250.33798766
22.96216275457228 682747068.3789438 -682732119.6708082
22.962168353792837 685902814.303707 -685887837.99548793
22.962173953013398 689077548.90122628 -689062544.90362227
22.962179552233959 692271412.99283731 -692256381.21613359
22.962185151454516 695484548.64175856 -695469488.99582446
22.962190750675077 698717099.1657902 -698702011.56007683
22.962196349895635 701969209.15016055 -701954093.49369812
22.962201949116196 705241024.46052217 -705225880.66191745
22.962207548336757 708532692.25610018 -708517520.22353387
22.962213147557314 711844361.00299418 -711829160.64421844
22.962218746777875 715176180.48763561 -715160951.70997155
22.962224345998436 718528301.83040273 -718513044.54073751
22.962229945218994 721900877.49939477 -721885591.60417926
22.962235544439555 725294061.32436955 -725278746.72961545
22.962241143660112 728708008.51084304 -728692665.12212026
22.962246742880673 732142875.65435672 -732127503.37679064
22.962252342101234 735598820.75491297 -735583419.49318194
22.962257941321791 739076003.23158062 -739060572.88991284
22.962263540542352 742574583.93727314 -742559124.41944408
22.96226913976291 746094725.17370319 -746079236.3830328
22.962274738983471 749636590.70651376 -749621072.54586387
22.962280338204032 753200345.7805891 -753184798.15236032
22.962285937424589 756786157.1355474 -756770579.94167614
22.96229153664515 760394193.02141941 -760378586.16337538
22.962297135865711 764024623.21451414 -764008986.59329736
22.962302735086269 767677619.03347278 -767661952.54961061
22.962308334306829 771353353.35551536 -771337656.90905929
22.962313933527387 775052000.63288283 -775036274.12340605
22.962319532747948 778773736.90947664 -778757980.23607063
22.962325131968509 782518739.83769679 -782502952.89896858
22.962330731189066 786287188.69548464 -786271371.38955355
22.962336330409627 790079264.40357006 -790063416.62806487
22.962341929630185 793895149.54292643 -793879271.19498217
22.962347528850746 797735028.37243783 -797719119.34869266
22.962353128071307 801599086.84677947 -801583147.04337168
22.962358727291864 805487512.63451481 -805471541.94707954
22.962364326512425 809400495.13641322 -809384493.46007931
22.962369925732986 813338225.50399017 -813322192.7333771
22.962375524953544 817300896.65827274 -817284832.68748724
22.962381124174104 821288703.30879438 -821272608.03142726
22.962386723394662 825301841.97282147 -825285715.28194439
22.962392322615223 829340510.99481571 -829324352.7829777
22.962397921835784 833404910.56613445 -833388720.72535884
22.962403521056341 837495242.74497283 -837479021.16675365
22.962409120276902 841611711.47655118 -841595458.05184996
22.96241471949746 845754522.61355102 -845738237.23279345
22.962420318718021 849923883.93680203 -849907566.48987436
22.962425917938582 854120005.17622435 -854103655.55246985
22.962431517159139 858343098.03203106 -858326716.12024689
22.9624371163797 862593376.19619226 -862576961.88462555
22.962442715600261 866871055.37416565 -866854608.55051017
22.962448314820818 871176353.30689657 -871159873.85828924
22.962453914041379 875509489.79309189 -875492977.60610902
22.962459513261937 879870686.71177065 -879854141.67242444
22.962465112482498 884260168.04509676 -884243590.03883159
22.962470711703059 888678159.90149593 -888661548.81318462
22.962476310923616 893124890.53906286 -893108246.25300312
22.962481910144177 897600590.38926101 -897583912.78917146
22.962487509364735 902105492.0809201 -902088781.04993665
22.962493108585296 906639830.46453571 -906623085.88520777
22.962498707805857 911203842.63687313 -911187064.39115977
22.962504307026414 915797767.96588242 -915780955.93514848
22.962509906246975 920421848.1159277 -920405002.18094003
22.962515505467536 925076327.07333505 -925059447.11425829
22.962521104688093 929761451.17226422 -929744537.06865704
22.962526703908654 934477469.12090886 -934460520.75171995
22.962532303129212 939224632.0280292 -939207649.27159309
22.962537902349773 944003193.42982221 -943986176.16385555
22.962543501570334 948813409.31713426 -948796357.41873145
22.962549100790891 953655538.16302025 -953638451.50864935
22.962554700011452 958529840.95065582 -958512719.41615462
22.96256029923201 963436581.20160556 -963419424.66217721
22.962565898452571 968376025.0044539 -968358833.33466256
22.962571497673132 973348441.04380476 -973331214.11757147
22.962577096893689 978354100.62965333 -978336838.32025194
22.96258269611425 983393277.72713578 -983375979.90718818
22.962588295334811 988466248.98666203 -988448915.52813411
22.962593894555368 993573293.77443969 -993555924.54863703
22.962599493775929 998714694.20339072 -998697289.08095384
22.962605092996487 1003890735.1644689 -1003873294.0153688
22.962610692217048 1009101704.3583856 -1009084227.0519195
22.962616291437609 1014347892.3277471 -1014330378.7325337
22.962621890658166 1019629592.4896091 -1019612042.4735841
22.962627489878727 1024947101.1684572 -1024929514.5988685
22.962633089099285 1030300717.6296166 -1030283094.3730199
22.962638688319846 1035690744.1131006 -1035673084.0353546
22.962644287540407 1041117485.867901 -1041099788.8341625
22.962649886760964 1046581251.1867278 -1046563517.0614471
22.962655485981525 1052082351.4412071 -1052064580.0881233
22.962661085202082 1057621101.117541 -1057603292.3996768
22.962666684422643 1063197817.8526386 -1063179971.6322956
22.962672283643204 1068812822.4707239 -1068794938.6094775
22.962677882863762 1074466439.0204275 -1074448517.379122
22.962683482084323 1080158994.8123698 -1080141035.2511139
22.962689081304884 1085890820.457242 -1085872822.8354027
22.962694680525441 1091662249.9043922 -1091644214.0805905
22.962700279746002 1097473620.4809289 -1097455546.3130341
22.96270587896656 1103325272.9313421 -1103307160.2764673
22.962711478187121 1109217551.4576554 -1109199400.1721513
22.962717077407682 1115150803.760114 -1115132613.6995645
22.962722676628239 1121125381.0784185 -1121107152.097635
22.9627282758488 1127141638.2335093 -1127123370.1865253
22.962733875069357 1133199933.6699162 -1133181626.4099815
22.962739474289918 1139300629.498677 -1139282282.878253
22.962745073510479 1145444091.5408344 -1145425705.4115882
22.962750672731037 1151630689.3715181 -1151612263.584317
22.962756271951598 1157860796.3646238 -1157842330.7695293
22.962761871172159 1164134789.7380991 -1164116284.1843619
22.962767470392716 1170453050.5998449 -1170434504.9358988
22.962773069613277 1176815963.9942384 -1176797378.0676942
22.962778668833835 1183223918.9492893 -1183205292.6069298
22.962784268054396 1189677308.5244403 -1189658641.6122136
22.962789867274957 1196176529.859019 -1196157822.2220335
22.962795466495514 1202721984.2213547 -1202703235.7038722
22.962801065716075 1209314077.0585647 -1209295287.5039947
22.962806664936632 1215953218.0470288 -1215934387.2979228
22.962812264157193 1222639821.1435533 -1222620949.0415986
22.962817863377754 1229374304.6372423 -1229355391.0232551
22.962823462598312 1236157091.2020831 -1236138135.916003
22.962829061818873 1242988607.9502585 -1242969610.8311419
22.962834661039434 1249869286.4861989 -1249850247.3722131
22.962840260259991 1256799562.9613788 -1256780481.6897948
22.962845859480552 1263779878.1298788 -1263760754.5370655
22.96285145870111 1270810677.4047191 -1270791511.3261366
22.962857057921671 1277892410.9149764 -1277873202.1851692
22.962862657142232 1285025533.5636983 -1285006282.0162892
22.962868256362789 1292210505.0866282 -1292191210.5543113
22.96287385558335 1299447790.1117523 -1299428452.4262857
22.962879454803907 1306737858.2196815 -1306718477.2118816
22.962885054024468 1314081184.0048831 -1314061759.5046165
22.962890653245029 1321478247.1377709 -1321458778.9739487
22.962896252465587 1328929532.4276752 -1328910020.4282453
22.962901851686148 1336435529.8866956 -1336415973.8786356
22.962907450906709 1343996734.7944613 -1343977134.6037714
22.962913050127266 1351613647.763809 -1351594003.2155056
22.962918649347827 1359286774.8073919 -1359267085.7254989
22.962924248568385 1367016627.4052346 -1366996893.6127772
22.962929847788946 1374803722.5732558 -1374783943.8922529
22.962935447009507 1382648582.9327602 -1382628759.1842167
22.962941046230064 1390551736.7809286 -1390531867.7848279
22.962946645450625 1398513718.1623144 -1398493803.7376113
22.962952244671182 1406535066.9413676 -1406515106.9059799
22.962957843891743 1414616328.8759992 -1414596323.0468004
22.962963443112304 1422758055.692205 -1422738003.8850164
22.962969042332862 1430960805.1597643 -1430940707.1893473
22.962974641553423 1439225141.1690328 -1439204996.8490808
22.962980240773984 1447551633.808845 -1447531442.9519753
22.962985839994541 1455940859.4455423 -1455920621.8632884
22.962991439215102 1464393400.8031528 -1464373116.3059554
22.96299703843566 1472909847.0447371 -1472889515.4419367
22.963002637656221 1481490793.8549173 -1481470414.9547455
22.963008236876782 1490136843.5236077 -1490116417.1331789
22.963013836097339 1498848605.0309737 -1498828130.9562767
22.9630194353179 1507626694.1336317 -1507606172.1795208
22.963025034538457 1516471733.4521141 -1516451163.4223011
22.963030633759018 1525384352.559618 -1525363734.2566628
22.963036232979579 1534365188.0720606 -1534344521.2973628
22.963041832200137 1543414883.7394664 -1543394168.2932563
22.963047431420698 1552534090.5386999 -1552513326.2200294
22.963053030641259 1561723466.767571 -1561702653.3743048
22.963058629861816 1570983678.1403391 -1570962815.4691455
22.963064229082377 1580315397.8846314 -1580294485.730973
22.963069828302935 1589719306.8398044 -1589698344.9979289
22.963075427523496 1599196093.5567701 -1599175081.8197005
22.963081026744057 1608746454.3993149 -1608725392.5588405
22.963086625964614 1618371093.6469347 -1618349981.4936016
22.963092225185175 1628070723.5992079 -1628049560.9223089
22.963097824405732 1637846064.6817331 -1637824851.2692983
22.963103423626293 1647697845.5536642 -1647676581.1924505
22.963109022846854 1657626803.216866 -1657605487.692348
22.963114622067412 1667633683.1267154 -1667612316.2230747
22.963120221287973 1677719239.3045771 -1677697820.8046925
22.963125820508534 1687884234.4519866 -1687862764.137424
22.963131419729091 1698129440.0665596 -1698107917.7175612
22.963137018949652 1708455636.5596669 -1708434061.9551411
22.96314261817021 1718863613.3759038 -1718841986.2934146
22.963148217390771 1729354169.1143799 -1729332489.3301358
22.963153816611332 1739928111.6518607 -1739906378.9407051
22.963159415831889 1750586258.2678008 -1750564472.4031997
22.96316501505245 1761329435.7712879 -1761307596.5253198
22.963170614273007 1772158480.6299467 -1772136587.7732913
22.963176213493568 1783074239.1008234 -1783052292.402751
22.963181812714129 1794077567.3632846 -1794055566.5916436
22.963187411934687 1805169331.6539774 -1805147276.5751839
22.963193011155248 1816350408.4038799 -1816328298.7829056
22.963198610375805 1827621684.3774726 -1827599519.9778337
22.963204209596366 1838984056.8140774 -1838961837.3978226
22.963209808816927 1850438433.5713918 -1850416158.8990905
22.963215408037485 1861985733.2712662 -1861963403.1019962
22.963221007258046 1873626885.447763 -1873604499.5390987
22.963226606478607 1885362830.6975279 -1885340388.8055284
22.963232205699164 1897194520.8325236 -1897172022.7117195
22.963237804919725 1909122919.0351636 -1909100364.4385455
22.963243404140282 1921149000.0158899 -1921126388.6948946
22.963249003360843 1933273750.173238 -1933251081.8777373
22.963254602581404 1945498167.756428 -1945475442.2347147
22.963260201801962 1957823263.0305336 -1957800480.029309
22.963265801022523 1970250058.4442701 -1970227217.7086308
22.96327140024308 1982779588.800456 -1982756690.0738807
22.963276999463641 1995412901.4291821 -1995389944.4535177
22.963282598684202 2008151056.36375 -2008128040.879199
22.96328819790476 2020995126.5194244 -2020972052.2645309
22.963293797125321 2033946197.875041 -2033923064.5866764
22.963299396345882 2047005369.6575358 -2046982177.0708857
22.963304995566439 2060173754.529443 -2060150502.3779924
22.963310594787 2073452478.7794101 -2073429166.7949297
22.963316194007557 2086842682.5157926 -2086819310.4283245
22.963321793228118 2100345519.8633747 -2100322087.401217
22.963327392448679 2113962159.1632867 -2113938666.0529795
22.963332991669237 2127693783.1761677 -2127670229.1424787
22.963338590889798 2141541589.2886262 -2141517974.0545349
22.963344190110355 2155506789.7230716 -2155483113.0097547
22.963349789330916 2169590611.7509737 -2169566873.2777896
22.963355388551477 2183794297.9096112 -2183770497.3940849
22.963360987772035 2198119106.2223725 -2198095243.3801794
22.963366586992596 2212566310.4226809 -2212542384.9676304
22.963372186213157 2227137200.1816125 -2227113211.8256345
22.963377785433714 2241833081.3392596 -2241809029.7923861
22.963383384654275 2256655276.1399126 -2256631161.1102624
22.963388983874832 2271605123.471149 -2271580944.6649113
22.963394583095393 2286683979.1068778 -2286659736.2282948
22.963400182315954 2301893215.9544435 -2301868908.7057943
22.963405781536512 2317234224.3058357 -2317209852.3874197
22.963411380757073 2332708412.0930891 -2332683975.2032075
22.96341697997763 2348317205.1479616 -2348292702.9829016
22.963422579198191 2364062047.4659634 -2364037479.7199793
22.963428178418752 2379944401.4748201 -2379919767.8401165
22.96343377763931 2395965748.3074651 -2395941048.4741788
22.963439376859871 2412127588.0796161 -2412102821.7357984
22.963444976080432 2428431440.1720448 -2428406607.0036421
22.963450575300989 2444878843.5176382 -2444853943.2084742
22.96345617452155 2461471356.893333 -2461446389.1250901
22.963461773742107 2478210559.2169962 -2478185523.6691971
22.963467372962668 2495098049.8493662 -2495072946.1993532
22.963472972183229 2512135448.9011617 -2512110276.824079
22.963478571403787 2529324397.5454373 -2529299156.7142105
22.963484170624348 2546666558.3352923 -2546641248.420609
22.963489769844905 2564163615.5270367 -2564138236.1973267
22.963495369065466 2581817275.4089212 -2581791826.3303361
22.963500968286027 2599629266.6355333 -2599603747.4719262
22.963506567506585 2617601340.5679779 -2617575750.9808826
22.963512166727146 2635735271.619947 -2635709611.2685575
22.963517765947707 2654032857.6097951 -2654007126.1509452
22.963523365168264 2672495920.1187325 -2672470117.2068725
22.963528964388825 2691126304.8552656 -2691100430.1424427
22.963534563609382 2709925882.02601 -2709899935.1618452
22.963540162829943 2728896546.7129869 -2728870527.3446536
22.963545762050504 2748040219.2575345 -2748014127.0297365
22.963551361271062 2767358845.6509619 -2767332680.2059102
22.963556960491623 2786854397.9320922 -2786828158.9094825
22.96356255971218 2806528874.5918245 -2806502561.6288142
22.963568158932741 2826384300.9848428 -2826357913.7160277
22.963573758153302 2846422729.7486258 -2846396267.8060169
22.96357935737386 2866646241.2298942 -2866619704.2428932
22.963584956594421 2887056943.9186602 -2887030331.5140362
22.963590555814982 2907656974.8900018 -2907630286.6918659
22.963596155035539 2928448500.2537456 -2928421735.8835268
22.9636017542561 2949433715.6122146 -2949406874.6886349
22.963607353476657 2970614846.5261936 -2970587928.6652422
22.963612952697218 2991994148.9892759 -2991967153.8041854
22.963618551917779 3013573909.9107327 -3013546837.0119514
22.963624151138337 3035356447.6071353 -3035329296.6023021
22.963629750358898 3057344112.3028917 -3057316882.7968092
22.963635349579455 3079539286.6398458 -3079511978.2344542
22.963640948800016 3101944386.1961527 -3101916998.4905019
22.963646548020577 3124561860.0146122 -3124534392.604835
22.963652147241135 3147394191.1406708 -3147366643.6199555
22.963657746461696 3170443897.1702456 -3170416269.128808
22.963663345682257 3193713530.8076077 -3193685821.8326616
22.963668944902814 3217205680.4335365 -3217177890.1092672
22.963674544123375 3240922970.683939 -3240895098.5914726
22.963680143343932 3264868063.0391407 -3264840108.7565155
22.963685742564493 3289043656.4241095 -3289015619.5262456
22.963691341785054 3313452487.8198147 -3313424367.8784852
22.963696941005612 3338097332.8859377 -3338069129.4697371
22.963702540226173 3362981006.5952134 -3362952719.2695279
22.96370813944673 3388106363.8795819 -3388077992.2065573
22.963713738667291 3413476300.2884669 -3413447843.8269787
22.963719337887852 3439093752.6593962 -3439065210.9650154
22.96372493710841 3464961699.801218 -3464933072.4261818
22.963730536328971 3491083163.190218 -3491054449.6833944
22.963736135549528 3517461207.6793642 -3517432407.5862207
22.963741734770089 3544098942.2210035 -3544070055.0835733
22.96374733399065 3570999520.6032457 -3570970545.9600935
22.963752933211207 3598166142.2003684 -3598137079.586556
22.963758532431768 3625602052.7375312 -3625572901.6845841
22.963764131652329 3653310545.0700989 -3653281305.1059704
22.963769730872887 3681294959.97786 -3681265630.6268954
22.963775330093448 3709558686.9745283 -3709529267.7574296
22.963780929314005 3738105165.132791 -3738075655.5665803
22.963786528534566 3766937883.9252925 -3766908283.5232749
22.963792127755127 3796060384.0818415 -3796030692.3535681
22.963797726975685 3825476258.4632497 -3825446474.9144802
22.963803326196246 3855189152.9521317 -3855159277.0847955
22.963808925416803 3885202767.3610277 -3885172798.6731858
22.963814524637364 3915520856.3582668 -3915490794.3440723
22.963820123857925 3946147230.4119234 -3946117074.5615826
22.963825723078482 3977085756.7522621 -3977055506.5519929
22.963831322299043 4008340360.3531084 -4008310015.2851009
22.963836921519604 4039915024.9325442 -4039884584.4749193
22.963842520740162 4071813793.9733605 -4071783257.6001282
22.963848119960723 4104040771.7636862 -4104010138.9447031
22.96385371918128 4136600124.4582548 -4136569394.6591811
22.963859318401841 4169496081.1608062 -4169465253.8430634
22.963864917622402 4202732935.0280328 -4202702009.6487589
22.96387051684296 4236315044.3955736 -4236284020.4075799
22.963876116063521 4270246833.9265542 -4270215710.7782788
22.963881715284078 4304532795.7831984 -4304501572.918663
22.963887314504639 4339177490.82197 -4339146167.6807308
22.9638929137252 4374185549.8128748 -4374154125.829978
22.963898512945757 4409561674.683403 -4409530149.2893353
22.963904112166318 4445310639.7877111 -4445279012.4083557
22.963909711386879 4481437293.2015018 -4481405563.2580853
22.963915310607437 4517946558.0433245 -4517914724.9523706
22.963920909827998 4554843433.8228874 -4554811496.9961672
22.963926509048555 4592132997.8169079 -4592100956.6613865
22.963932108269116 4629820406.4732523 -4629788260.3910408
22.963937707489677 4667910896.8439331 -4667878645.2322369
22.963943306710235 4706409788.0475893 -4706377430.2986526
22.963948905930796 4745322482.7622547 -4745290018.2633104
22.963954505151353 4784654468.7490749 -4784621896.882288
22.963960104371914 4824411320.4076815 -4824378640.5500965
22.963965703592475 4864598700.3639231 -4864565911.8874092
22.963971302813032 4905222361.0907183 -4905189463.3619118
22.963976902033593 4946288146.5628653 -4946255138.9431124
22.963982501254154 4987801993.946599 -4987768875.7918997
22.963988100474712 5029769935.3246851 -5029736705.9856358
22.963993699695273 5072198099.4578085 -5072164758.2795401
22.96399929891583 5115092713.583251 -5115059259.9053698
22.964004898136391 5158460105.2517834 -5158426538.4083118
22.964010497356952 5202306704.2034569 -5202273023.5227699
22.96401609657751 5246639044.2833977 -5246605249.0881615
22.964021695798071 5291463765.3986244 -5291429855.0057344
22.964027295018628 5336787615.5166359 -5336753589.2371502
22.964032894239189 5382617452.7069159 -5382583309.8459911
22.96403849345975 5428960247.2264662 -5428925987.083293
22.964044092680307 5475823083.650259 -5475788705.5179939
22.964049691900868 5523213163.0478277 -5523178666.2135258
22.964055291121429 5571137805.2070608 -5571103188.9516068
22.964060890341987 5619604450.9063463 -5619569714.504385
22.964066489562548 5668620664.23629 -5668585806.9561558
22.964072088783105 5718194134.9721861 -5718159156.0758314
22.964077688003666 5768332680.9985294 -5768297579.7414522
22.964083287224227 5819044250.7867422 -5819009026.4179125
22.964088886444785 5870336925.9275408 -5870301577.6893263
22.964094485665346 5922218923.7192707 -5922183450.8473597
22.964100084885903 5974698599.8135424 -5974663001.53687
22.964105684106464 6027784450.9196272 -6027748726.4602938
22.964111283327025 6081485117.5691385 -6081449266.142334
22.964116882547582 6135809386.9424295 -6135773407.7563515
22.964122481768143 6190766195.7582502 -6190730088.0140228
22.964128080988704 6246364633.2283382 -6246328396.1199303
22.964133680209262 6302613944.0785141 -6302577576.7926569
22.964139279429823 6359523531.6379118 -6359487033.3540115
22.96414487865038 6417102960.9981508 -6417066330.8882046
22.964150477870941 6475361962.2442865 -6475325199.4727945
22.964156077091502 6534310433.7592211 -6534273537.483098
22.96416167631206 6593958445.6035805 -6593921414.9720659
22.96416727553262 6654316242.972887 -6654279077.1274548
22.964172874753178 6715394249.7340631 -6715356947.8083286
22.964178473973739 6777203072.0433159 -6777165633.162941
22.9641840731943 6839753502.0475502 -6839715925.3301506
22.964189672414857 6903056521.6713552 -6903018806.2264013
22.964195271635418 6967123306.4918861 -6967085451.4206066
22.964200870855979 7031965229.7039509 -7031927234.0992336
22.964206470076537 7097593866.1774836 -7097555729.1237726
22.964212069297098 7164020996.6101112 -7163982717.1833067
22.964217668517655 7231258611.7770844 -7231220189.0444384
22.964223267738216 7299318916.8811111 -7299280349.9011202
22.964228866958777 7368214336.0049248 -7368175623.8272238
22.964234466179335 7437957516.6693153 -7437918658.3345699
22.964240065399895 7508561334.4991446 -7508522329.0389395
22.964245664620453 7580038898.0004263 -7579999744.4371529
22.964251263841014 7652403553.4515877 -7652364250.7983313
22.964256863061575 7725668889.9116993 -7725629437.1721239
22.964262462282132 7799848744.3488216 -7799809140.5170517
22.964268061502693 7874957206.8919468 -7874917450.9524488
22.964273660723251 7951008626.2097216 -7950968717.1371822
22.964279259943812 8028017615.019351 -8027977551.7785559
22.964284859164373 8105999055.7293072 -8105958837.2750139
22.96429045838493 8184968106.2194719 -8184927731.4962864
22.964296057605491 8264940205.7625561 -8264899673.7048016
22.964301656826052 8345931081.0904045 -8345890390.6219921
22.964307256046609 8427956752.6094713 -8427915902.6437674
22.96431285526717 8511033540.7693758 -8510992530.2090664
22.964318454487728 8595178072.5889969 -8595136900.3259506
22.964324053708289 8680407288.3443165 -8680365953.2594471
22.96432965292885 8766738448.4224529 -8766696949.3855782
22.964335252149407 8854189140.3467979 -8854147476.2164955
22.964340851369968 8942777285.9774303 -8942735455.6008911
22.964346450590526 9032521148.8925896 -9032479151.1054688
22.964352049811087 9123439341.955965 -9123397175.5822334
22.964357649031648 9215550835.0749187 -9215508498.926712
22.964363248252205 9308874963.154747 -9308832456.0322056
22.964368847472766 9403431434.2552738 -9403388754.9463882
22.964374446693327 9499240337.9552174 -9499197485.2356663
22.964380045913884 9596322153.9301262 -9596279126.5631123
22.964385645134445 9694697760.7503757 -9694654557.4864655
22.964391244355003 9794388444.9051018 -9794345064.4820518
22.964396843575564 9895415910.0587177 -9895372351.2013016
22.964402442796125 9997802286.5472279 -9997758547.9670677
22.964408042016682 10101570141.120897 -10101526221.516285
22.964413641237243 10206742486.940241 -10206698384.995956
22.964419240457801 10313342793.833216 -10313298508.220346
22.964424839678362 10421394998.820898 -10421350528.196651
22.964430438898923 10530923516.920017 -10530878859.927532
22.96443603811948 10641953252.230021 -10641908407.498177
22.964441637340041 10754509609.313227 -10754464575.456446
22.964447236560602 10868618504.87694 -10868573280.494989
22.964452835781159 10984306379.766361 -10984260963.444153
22.96445843500172 11101600211.277716 -11101554601.585096
22.964464034222278 11220527525.801331 -11220481721.292875
22.964469633442839 11341116411.804234 -11341070411.019035
22.9644752326634 11463395533.16246 -11463349334.623909
22.964480831883957 11587394142.854094 -11587347745.069658
22.964486431104518 11713142097.02422 -11713095498.485226
22.964492030325076 11840669869.432074 -11840623068.613472
22.964497629545637 11970008566.293022 -11969961561.653162
22.964503228766198 12101189941.527037 -12101142731.507425
22.964508827986755 12234246412.426476 -12234198995.451542
22.964514427207316 12369211075.755733 -12369163450.232582
22.964520026427877 12506117724.296526 -12506069888.614689
22.964525625648434 12645000863.852488 -12644952816.383669
22.964531224868995 12785895730.727684 -12785847469.82551
22.964536824089553 12928838309.693291 -12928789833.693039
22.964542423310114 13073865352.458153 -13073816659.676491
22.964548022530675 13221014396.659369 -13220965485.394079
22.964553621751232 13370323785.388927 -13370274653.918638
22.964559220971793 13521832687.273184 -13521783333.85708
22.964564820192351 13675581117.123213 -13675531540.000753
22.964570419412912 13831609957.174595 -13831560154.56522
22.964576018633473 13989960978.934847 -13989910949.037682
22.96458161785403 14150676865.65801 -14150626606.651562
22.964587217074591 14313801235.467459 -14313750745.50931
22.964592816295152 14479378665.146866 -14479327942.37336
22.964598415515709 14647454714.621984 -14647403757.147905
22.96460401473627 14818075952.155245 -14818024758.073494
22.964609613956828 14991289980.276791 -14991238547.658054
22.964615213177389 15167145462.475412 -15167093789.367825
22.96462081239795 15345692150.675316 -15345640235.104113
22.964626411618507 15526980913.524513 -15526928753.491684
22.964632010839068 15711063765.52157 -15711011359.005501
22.964637610059626 15897993897.00864 -15897941241.963747
22.964643209280187 16087825705.060143 -16087772799.416506
22.964648808500748 16280614825.296316 -16280561666.959299
22.964654407721305 16476418164.653399 -16476364751.503262
22.964660006941866 16675293935.143003 -16675240265.034513
22.964665606162427 16877301688.633785 -16877247759.395815
22.964671205382984 17082502352.690287 -17082448162.125408
22.964676804603545 17290958267.504829 -17290903813.388897
22.964682403824103 17502733223.960529 -17502678504.042255
22.964688003044664 17717892502.863884 -17717837514.86441
22.964693602265225 17936502915.387642 -17936447657.000092
22.964699201485782 18158632844.765999 -18158577313.655033
22.964704800706343 18384352289.285229 -18384296483.086586
22.964710399926901 18613732906.615482 -18613676822.935513
22.964715999147462 18846848059.53054 -18846791695.945732
22.964721598368023 19083772863.063953 -19083716217.120438
22.96472719758858 19324584233.152802 -19324527302.365864
22.964732796809141 19569360936.822803 -19569303718.676376
22.964738396029702 19818183643.966732 -19818126135.912872
22.964743995250259 20071134980.778038 -20071077180.236408
22.96474959447082 20328299584.893917 -20328241489.251244
22.964755193691378 20589764162.311569 -20589705768.921097
22.964760792911939 20855617546.142277 -20855558852.323208
22.9647663921325 21125950757.268501 -21125891760.305424
22.964771991353057 21400857066.974472 -21400797764.116776
22.964777590573618 21680432061.6227 -21680372450.083977
22.964783189794176 21964773709.451771 -21964713786.409218
22.964788789014737 22253982429.571461 -22253922192.165249
22.964794388235298 22548161163.237907 -22548100608.570553
22.964799987455855 22847415447.495777 -22847354572.631496
22.964805586676416 23151853491.271034 -23151792293.235077
22.964811185896973 23461586254.008755 -23461524729.786732
22.964816785117534 23776727526.953663 -23776665673.490856
22.964822384338095 24097394017.171078 -24097331831.371738
22.964827983558653 24423705434.411369 -24423642913.137997
22.964833582779214 24755784580.925037 -24755721720.997643
22.964839181999775 25093757444.345524 -25093694242.540882
22.964844781220332 25437753293.755569 -25437689746.806454
22.964850380440893 25787904779.057255 -25787840883.651646
22.964855979661451 26144348033.777298 -26144283786.557587
22.964861578882012 26507222781.4389 -26507158179.001068
22.964867178102573 26876672445.640083 -26876607484.532864
22.96487277732313 27252844263.984665 -27252778940.708687
22.964878376543691 27635889406.015804 -27635823717.02272
22.964883975764248 28025963095.310547 -28025897037.002132
22.964889574984809 28423224735.901585 -28423158304.62883
22.96489517420537 28827838043.197098 -28827771235.259266
22.964900773425928 29239971179.581661 -29239903991.225334
22.964906372646489 29659796894.882832 -29659729322.30093
22.96491197186705 30087492671.901772 -30087424711.232555
22.964917571087607 30523240877.212795 -30523172524.538837
22.964923170308168 30967228917.44545 -30967160168.792583
22.964928769528726 31419649401.277905 -31419580252.614159
22.964934368749287 31880700307.371849 -31880630754.606342
22.964939967969848 32350585158.492344 -32350515197.474171
22.964945567190405 32829513202.073914 -32829442828.590981
22.964951166410966 33317699597.499817 -33317628807.277672
22.964956765631523 33815365610.375988 -33815294399.076618
22.964962364852084 34322738814.090794 -34322667177.311394
22.964967964072645 34840053298.965065 -34839981232.236763
22.964973563293203 35367549889.322388 -35367477388.108955
22.964979162513764 35905476368.81456 -35905403428.511086
22.964984761734325 36454087714.35569 -36454014330.287224
22.964990360954882 37013646339.027161 -37013572506.447319
22.964995960175443 37584422344.351242 -37584348058.440788
22.965001559396001 38166693782.332123 -38166619038.197502
22.965007158616562 38760746927.695877 -38760671720.367722
22.965012757837123 39366876560.769783 -39366800885.20137
22.96501835705768 39985386261.479584 -39985310112.54528
22.965023956278241 40616588714.942558 -40616512087.436188
22.965029555498798 41260806029.179726 -41260728917.812943
22.965035154719359 41918370065.482719 -41918292464.883278
22.96504075393992 42589622782.012451 -42589544686.722504
22.965046353160478 43274916591.217682 -43274837995.691971
22.965051952381039 43974614731.696419 -43974535630.300468
22.9650575516016 44689091655.166283 -44689012042.174507
22.965063150822157 45418733429.225822 -45418653298.819611
22.965068750042718 46163938156.637672 -46163857502.903412
22.965074349263276 46925116411.895844 -46925035228.822884
22.965079948483837 47702691695.881363 -47702609977.359947
22.965085547704398 48497100909.442482 -48497018649.261612
22.965091146924955 49308794846.788956 -49308712038.634209
22.965096746145516 50138238709.630524 -50138155347.081772
22.965102345366073 50985912643.055664 -50985828719.584793
22.965107944586634 51852312294.172165 -51852227803.140686
22.965113543807195 52737949394.597855 -52737864329.254463
22.965119143027753 53643352367.957458 -53643266721.435547
22.965124742248314 54569066963.581459 -54568980728.89653
22.965130341468875 55515656917.679321 -55515570087.726334
22.965135940689432 56483704643.350815 -56483617210.901482
22.965141539909993 57473811950.832611 -57473723908.532616
22.965147139130551 58486600799.455399 -58486512139.821487
22.965152738351112 59522714082.917542 -59522624798.334595
22.965158337571673 60582816449.529037 -60582726532.247032
22.96516393679223 61667595159.165031 -61667504601.295914
22.965169536012791 62777760978.775131 -62777669772.289597
22.965175135233348 63914049118.426773 -63913957255.15097
22.965180734453909 65077220209.938087 -65077127681.550217
22.96518633367447 66268061330.270195 -66267968128.297005
22.965191932895028 67487387071.993813 -67487293187.806992
22.965197532115589 68736040663.274185 -68735946088.086655
22.96520313133615 70014895139.95665 -70014799864.818756
22.965208730556707 71324854572.465286 -71324758588.260864
22.965214329777268 72666855350.384583 -72666758647.826904
22.965219928997826 74041867527.851822 -74041770097.479416
22.965225528218387 75450896232.923004 -75450798065.095367
22.965231127438948 76894983144.393417 -76894884229.28656
22.965236726659505 78375208039.69957 -78375108367.301483
22.965242325880066 79892690417.725189 -79892589977.831146
22.965247925100623 81448591200.589828 -81448489982.797516
22.965253524321184 83044114518.792694 -83044012512.497192
22.965259123541745 84680509584.313828 -84680406778.702469
22.965264722762303 86359072656.552795 -86358969040.599854
22.965270321982864 88081149106.216599 -88081044668.677765
22.965275921203425 89848135582.750275 -89848030312.157028
22.965281520423982 91661482291.11821 -91661376175.771957
22.965287119644543 93522695384.142136 -93522588412.10817
22.965292718865101 95433339477.021408 -95433231636.122696
22.965298318085662 97395040291.082306 -97394931568.893005
22.965303917306223 99409487434.21962 -99409377818.058456
22.96530951652678 101478437326.02563 -101478326802.94907
22.965315115747341 103603716276.04668 -103603604832.84174
22.965320714967898 105787223724.20915 -105787111347.38615
22.965326314188459 108030935653.09412 -108030822328.87909
22.96533191340902 110336908182.23264 -110336793896.55942
22.965337512629578 112707281355.50798 -112707166094.01018
22.965343111850139 115144283133.27454 -115144166881.2771
22.965348711070696 117650233601.63054 -117650116344.1411
22.965354310291257 120227549412.25046 -120227431133.95036
22.965359909511818 122878748466.92831 -122878629152.16331
22.965365508732376 125606454862.08597 -125606334494.8566
22.965371107952937 128413404109.57204 -128413282673.52367
22.965376707173498 131302448651.04047 -131302326129.45296
22.965382306394055 134276563684.5867 -134276440060.36374
22.965387905614616 137338853323.59492 -137338728579.25296
22.965393504835173 140492557109.07739 -140492431226.7341
22.965399104055734 143741056898.48264 -143740929859.84506
22.965404703276295 147087884155.5293 -147087755941.8815
22.965410302496853 150536727667.24307 -150536598259.43332
22.965415901717414 154091441716.5878 -154091311095.01529
22.965421500937971 157756054741.00693 -157755922885.60797
22.965427100158532 161534778509.35419 -161534645399.58792
22.965432699379093 165432017852.47043 -165431883467.30399
22.965438298599651 169452380984.75894 -169452245302.65198
22.965443897820212 173600690457.45068 -173600553456.33936
22.965449497040773 177881994787.19861 -177881856444.47891
22.96545509626133 182301580806.89032 -182301441099.40076
22.965460695481891 186864986789.47769 -186864845693.48129
22.965466294702448 191578016399.10709 -191577873890.27267
22.965471893923009 196446753528.63297 -196446609582.01569
22.96547749314357 201477578086.96652 -201477432676.98755
22.965483092364128 206677182804.93634 -206677035905.36172
22.965488691584689 212052591134.01797 -212052442717.93674
22.965494290805246 217611176317.88589 -217611026357.6871
22.965499890025807 223360681723.50162 -223360530190.85052
22.965505489246368 229309242525.80331 -229309089391.61655
22.965511088466926 235465408847.70898 -235465254082.12854
22.965516687687487 241838170465.76089 -241838014038.12717
22.965522286908048 248436983201.01459 -248436825079.83813
22.965527886128605 255271797124.86917 -255271637277.80127
22.965533485349166 262353086720.86646 -262352925114.66843
22.965539084569723 269691883155.54089 -269691719756.05194
22.965544683790284 277299808825.06207 -277299643597.16577
22.965550283010845 285189114358.98163 -285188947266.57086
22.965555882231403 293372718278.32806 -293372549284.26837
22.965561481451964 301864249523.52026 -301864078589.61163
22.965567080672521 310678093085.73798 -310677920172.67462
22.965572679893082 319829438998.36157 -319829264065.69
22.965578279113643 329334334968.33057 -329334157974.40558
22.965583878334201 339209742953.19794 -339209563855.13666
22.965589477554762 349473600017.30768 -349473418770.94128
22.965595076775323 360144883832.71204 -360144700392.5351
22.96560067599588 371243683226.78186 -371243497545.89941
22.965606275216441 382791274215.16809 -382791086245.23981
22.965611874436998 394810202002.7959 -394810011693.97778
22.965617473657559 407324369481.92108 -407324176782.80402
22.96562307287812 420359132809.81146 -420358937667.35675
22.965628672098678 433941404705.5542 -433941207065.0257
22.965634271319239 448099766172.87671 -448099565977.76959
22.965639870539796 462864587425.36835 -462864384617.33411
22.965645469760357 478268158869.88422 -478267953388.65155
22.965651068980918 494344833097.75317 -494344624881.04492
22.965656668201476 511131178928.90826 -511130967912.35376
22.965662267422037 528666148665.06592 -528665934782.10846
22.965667866642598 546991259835.71527 -546991043017.51465
22.965673465863155 566150792858.34338 -566150573033.67297
22.965679065083716 586192006189.39441 -586191783284.53271
22.965684664304273 607165370716.22241 -607165144654.83789
22.965690263524834 629124825340.77014 -629124596043.80005
22.965695862745395 652128055923.79517 -652127823309.31689
22.965701461965953 676236800008.98792 -676236563992.08337
22.965707061186514 701517180020.88306 -701516940513.49438
22.965712660407071 728040067952.79797 -728039824863.57507
22.965718259627632 755881484918.29919 -755881238152.43799
22.965723858848193 785123039337.3324 -785122788796.40295
22.965729458068751 815852407995.41907 -815852153577.18323
22.965735057289312 848163864726.26746 -848163606324.48523
22.965740656509873 882158862060.69885 -882158599564.92224
22.96574625573043 917946671860.01843 -917946405155.37207
22.965751854950991 955645091717.79175 -955644820684.7395
22.965757454171548 995381224778.45154 -995380949292.54773
22.965763053392109 1037292341629.4523 -1037292061561.0759
22.96576865261267 1081526834073.25 -1081526549287.3219
22.965774251833228 1128245271881.3125 -1128244982236.9924
22.965779851053789 1177621575141.9348 -1177621280492.2979
22.965785450274346 1229844316569.7117 -1229844016761.4023
22.965791049494907 1285118170111.0273 -1285117864983.8884
22.965796648715468 1343665524514.2888 -1343665213900.9641
22.965802247936026 1405728283191.0469 -1405727966916.5549
22.965807847156587 1471569874795.7202 -1471569552676.9961
22.965813446377147 1541477502541.6345 -1541477174387.0378
22.965819045597705 1615764664463.1235 -1615764330071.9084
22.965824644818266 1694773981726.7996 -1694773640888.5444
22.965830244038823 1778880377772.6489 -1778880030266.6411
22.965835843259384 1868494657754.6943 -1868494303349.2664
22.965841442479945 1964067545604.3333 -1964067184056.1453
22.965847041700503 2066094245243.478 -2066093876296.7412
22.965852640921064 2175119603411.4744 -2175119226797.1101
22.965858240141621 2291743964368.4443 -2291743579803.1729
22.965863839362182 2416629822049.0459 -2416629429234.3955
22.965869438582743 2550509393267.0742 -2550508991888.3052
22.965875037803301 2694193257303.2026 -2694192847028.1362
22.965880637023862 2848580232804.6016 -2848579813282.3408
22.965886236244419 3014668694033.8662 -3014668264893.4033
22.96589183546498 3193569565510.6333 -3193569126359.3237
22.965897434685541 3386521278853.0303 -3386520829274.9229
22.965903033906098 3594907029877.7129 -3594906569431.7202
22.965908633126659 3820274739519.5952 -3820274267737.4814
22.96591423234722 4064360202019.2891 -4064359718403.4565
22.965919831567778 4329114001628.3252 -4329113505649.376
22.965925430788339 4616732898548.2969 -4616732389642.3389
22.965931030008896 4929696531912.6123 -4929696009478.2773
22.965936629229457 5270810469824.2686 -5270809933219.4121
22.965942228450018 5643256861536.0156 -5643256310074.0459
22.965947827670576 6050654227143.665 -6050653660089.46
22.965953426891137 6497128272595.4219 -6497127689160.7715
22.965959026111694 6987396057893.127 -6987395457231.6396
22.965964625332255 7526866403934.9717 -7526865785136.3652
22.965970224552816 8121760128962.7168 -8121759491046.4043
22.965975823773373 8779254607249.042 -8779253949156.9023
22.965981422993934 9507658296816.8242 -9507657617405.043
22.965987022214495 10316622371815.896 -10316621669845.717
22.965992621435053 11217398522750.359 -11217397796877.58
