# serie phase 2 p5_w1.73_c1.05_dt2_k2 : t x1 x2 (dt2=1.3901231711593138e-05, depart t=26.634 etat bascule x1 x2 v1 v2 = 37565.146812540552 -37345.358914594173 1298925.2372673866 -1295876.7375935011)
26.724636030759587 568173308.68712831 -568162953.78636229
26.724649931991298 573137102.05184329 -573126711.05943227
26.724663833223012 578157418.60704648 -578146991.30227005
26.724677734454723 583235052.6142447 -583224588.77444923
26.724691635686433 588370811.62353909 -588360311.02411532
26.724705536918144 593565516.73174024 -593554979.14610112
26.724719438149858 598820002.84619594 -598809428.04575384
26.724733339381569 604135118.95447135 -604124506.70861483
26.724747240613279 609511728.40003335 -609501078.47610438
26.72476114184499 614950709.16408026 -614940021.3273499
26.724775043076704 620452954.15367734 -620442228.16732216
26.724788944308415 626019371.49635673 -626008607.12143421
26.724802845540125 631650884.84133923 -631640081.83676314
26.72481674677184 637348433.66755331 -637337591.79006863
26.72483064800355 643112973.59861362 -643102092.60277104
26.724844549235261 648945476.72494602 -648934556.36307633
26.724858450466972 654846931.93323398 -654835971.95542169
26.724872351698686 660818345.24337196 -660807345.39742887
26.724886252930396 666860740.15312624 -666849700.18456435
26.724900154162107 672975157.990695 -672964077.64269936
26.724914055393818 679162658.27537131 -679151537.28877223
26.724927956625532 685424319.08651912 -685413157.19976389
26.724941857857242 691761237.44107842 -691750034.390203
26.724955759088953 698174529.67981863 -698163285.19841826
26.724969660320664 704665331.86257052 -704654045.6817708
26.724983561552378 711234800.17267179 -711223472.02109849
26.724997462784088 717884111.33086097 -717872740.93460989
26.725011364015799 724614463.01887476 -724603050.10148084
26.725025265247513 731427074.3130008 -731415618.59540701
26.725039166479224 738323186.12785208 -738311687.32837784
26.725053067710935 745304061.67062891 -745292519.50493777
26.725066968942645 752370986.906147 -752359401.08721399
26.725080870174359 759525271.03292584 -759513641.27100444
26.72509477140607 766768246.9706223 -766756572.97321069
26.725108672637781 774101271.85912216 -774089553.33092916
26.725122573869491 781525727.56959689 -781513964.21250725
26.725136475101205 789043021.22784758 -789031212.74088657
26.725150376332916 796654585.7502749 -796642731.82957292
26.725164277564627 804361880.39281046 -804349980.73156655
26.725178178796341 812166391.31315994 -812154445.60160482
26.725192080028052 820069632.14672863 -820057640.07208741
26.725205981259762 828073144.59659648 -828061105.8430506
26.725219882491473 836178499.03793132 -836166413.28657985
26.725233783723187 844387295.13723564 -844375162.06605625
26.725247684954898 852701162.48683488 -852688981.77064371
26.725261586186608 861121761.2550323 -861109532.56544375
26.725275487418319 869650782.85236359 -869638505.8577491
26.725289388650033 878289950.61439466 -878277624.97984099
26.725303289881744 887041020.50152946 -887028645.88879621
26.725317191113454 895905781.81630111 -895893357.88377774
26.725331092345169 904886057.93863809 -904873584.34130001
26.725344993576879 913983707.07961082 -913971183.46897495
26.72535889480859 923200623.05418229 -923188049.07826185
26.7253727960403 932538736.07349849 -932526111.37675703
26.725386697272015 942000013.55727673 -941987337.78058159
26.725400598503725 951586460.96686101 -951573733.74743593
26.725414499735436 961300122.65953064 -961287343.63090718
26.725428400967147 971143082.76468587 -971130251.55665493
26.725442302198861 981117466.08252835 -981104582.32108986
26.725456203430571 991225439.00588596 -991212502.31319869
26.725470104662282 1001469210.4658613 -1001456220.4601911
26.725484005893993 1011851032.9019817 -1011837989.1976494
26.725497907125707 1022373203.2575709 -1022360105.4648989
26.725511808357417 1033038064.0010831 -1033024911.726342
26.725525709589128 1043848004.1741488 -1043834797.0195013
26.725539610820842 1054805460.4671291 -1054792198.0305752
26.725553512052553 1065912918.3229862 -1065899600.1983057
26.725567413284264 1077172913.0703027 -1077159538.8469977
26.725581314515974 1088588031.0863259 -1088574600.3495624
26.725595215747688 1100160910.9909043 -1100147423.3214517
26.725609116979399 1111894244.8722804 -1111880699.8464513
26.72562301821111 1123790779.5456603 -1123777176.7352486
26.72563691944282 1135853317.8455482 -1135839656.817766
26.725650820674534 1148084719.9528935 -1148071000.2703075
26.725664721906245 1160487904.7580624 -1160474125.978529
26.725678623137956 1173065851.2607424 -1173052012.937341
26.72569252436967 1185821600.0079136 -1185807701.6888793
26.725706425601381 1198758254.5710456 -1198744295.7997012
26.725720326833091 1211878983.0637007 -1211864963.378387
26.725734228064802 1225187019.7007883 -1225172938.6347928
26.725748129296516 1238685666.4007902 -1238671523.4822752
26.725762030528227 1252378294.432256 -1252364089.1841853
26.725775931759937 1266268346.1059544 -1266254078.0460184
26.725789832991648 1280359336.5140963 -1280345005.1546357
26.725803734223362 1294654855.3181045 -1294640460.1660337
26.725817635455073 1309158568.5864632 -1309144109.1431911
26.725831536686783 1323874220.6841855 -1323859696.4455349
26.725845437918494 1338805636.2155809 -1338791046.6717079
26.725859339150208 1353956722.0219955 -1353942066.6573052
26.725873240381919 1369331469.236237 -1369316747.5292997
26.725887141613629 1384933955.3955402 -1384919166.8190053
26.725901042845344 1400768346.6149247 -1400753490.635432
26.725914944077054 1416838899.82289 -1416823975.9009819
26.725928845308765 1433149965.0614562 -1433134972.6514857
26.725942746540476 1449705987.8526216 -1449690926.4026597
26.72595664777219 1466511511.6334064 -1466496380.5851483
26.7259705490039 1483571180.2617252 -1483555979.0503936
26.725984450235611 1500889740.5953753 -1500874468.6496232
26.725998351467322 1518472045.146554 -1518456701.8883643
26.726012252699036 1536323054.814394 -1536307639.6589785
26.726026153930746 1554447841.6980939 -1554432354.0537894
26.726040055162457 1572851591.9933209 -1572836031.2614839
26.726053956394171 1591539608.9746337 -1591523974.5495331
26.726067857625882 1610517316.0668168 -1610501607.3355243
26.726081758857593 1629790260.0080988 -1629774476.3503773
26.726095660089303 1649364114.1083479 -1649348254.8965378
26.726109561321017 1669244681.6054511 -1669228746.2043545
26.726123462552728 1689437899.123204 -1689421886.8899665
26.726137363784439 1709949840.2341411 -1709933750.5181313
26.726151265016149 1730786719.1309359 -1730770551.2736228
26.726165166247863 1751954894.4100306 -1751938647.7448585
26.726179067479574 1773460872.9713781 -1773444546.8236392
26.726192968711285 1795311314.0383024 -1795294907.7250059
26.726206869942999 1817513033.3016503 -1817496546.1313903
26.72622077117471 1840073007.1925628 -1840056438.4653835
26.72623467240642 1862998377.2882745 -1862981726.2955313
26.726248573638131 1886296454.855685 -1886279720.879904
26.726262474869845 1909974725.5375457 -1909957907.8522809
26.726276376101556 1934040854.1862237 -1934023952.0559094
26.726290277333266 1958502689.850318 -1958485702.5301204
26.726304178564977 1983368270.9195559 -1983351197.6552205
26.726318079796691 2008645830.4336028 -2008628670.4612982
26.726331981028402 2034343801.5606923 -2034326554.1068528
26.726345882260112 2060470823.2521427 -2060453487.5333049
26.726359783491823 2087035746.0791326 -2087018321.3017714
26.726373684723537 2114047638.258342 -2114030123.6187015
26.726387585955248 2141515791.8733165 -2141498186.5572376
26.726401487186958 2169449729.298686 -2169432032.4814305
26.726415388418673 2197859209.8347526 -2197841420.6808252
26.726429289650383 2226754236.5601015 -2226736354.2230654
26.726443190882094 2256145063.4102654 -2256127087.0325551
26.726457092113804 2286042202.4910064 -2286024131.2037373
26.726470993345519 2316456431.6348267 -2316438264.5576
26.726484894577229 2347398802.2097778 -2347380538.4504819
26.72649879580894 2378880647.1900654 -2378862285.8446717
26.726512697040651 2410913589.4983625 -2410895129.6507177
26.726526598272365 2443509550.6301193 -2443490991.3517337
26.726540499504075 2476680759.5705247 -2476662099.9203544
26.726554400735786 2510439762.0153928 -2510421001.0396194
26.7265683019675 2544799429.907517 -2544780566.6393204
26.726582203199211 2579772971.3006225 -2579754004.7599497
26.726596104430921 2615373940.5636625 -2615354869.7569914
26.726610005662632 2651616248.9386148 -2651597072.8587127
26.726623906894346 2688514175.4655738 -2688494893.0912495
26.726637808126057 2726082378.2895041 -2726062988.5853558
26.726651709357768 2764335906.3636403 -2764316408.2797985
26.726665610589478 2803290211.5651822 -2803270604.037044
26.726679511821192 2842961161.2396092 -2842941443.1875701
26.726693413052903 2883365051.1906967 -2883345221.5198736
26.726707314284614 2924518619.1340337 -2924498676.7339826
26.726721215516328 2966439058.6326323 -2966419002.3770599
26.726735116748038 3009144033.5340986 -3009123862.2805672
26.726749017979749 3052651692.9296527 -3052631405.5192766
26.72676291921146 3096980686.6562319 -3096960281.9133706
26.726776820443174 3142150181.3637824 -3142129658.0957222
26.726790721674885 3188179877.1709781 -3188159234.1676097
26.726804622906595 3235090024.9336109 -3235069260.9670973
26.726818524138306 3282901444.1509709 -3282880557.975409
26.72683242537002 3331635541.536859 -3331614531.8879318
26.726846326601731 3381314330.2827697 -3381293195.8773913
26.726860227833441 3431960450.0424771 -3431939189.5784292
26.726874129065152 3483597187.6681862 -3483575799.8237448
26.726888030296866 3536248498.7303238 -3536226982.163878
26.726901931528577 3589939029.8541379 -3589917383.2037992
26.726915832760287 3644694141.9079676 -3644672363.7911701
26.726929733992002 3700539934.0797338 -3700518023.092823
26.726943635223712 3757503268.8800602 -3757481223.5978742
26.726957536455423 3815611798.1118793 -3815589617.0873179
26.726971437687133 3874893989.8488307 -3874871671.6124139
26.726985338918848 3935379156.466455 -3935356699.5258718
26.726999240150558 3997097483.7723465 -3997074886.6119909
26.727013141382269 4060080061.2838545 -4060057322.3643517
26.72702704261398 4124358913.7040315 -4124336031.4617491
26.727040943845694 4189967033.6494441 -4189944006.4959941
26.727054845077404 4256938415.6858311 -4256915242.0075579
26.727068746309115 4325308091.7301235 -4325284769.887578
26.727082647540829 4395112167.8809357 -4395088696.2083387
26.72709654877254 4466387862.7421169 -4466364239.5468044
26.72711045000425 4539173547.3076334 -4539149770.8694916
26.727124351235961 4613508786.4794607 -4613484855.0503435
26.727138252467675 4689434382.2933702 -4689410294.0965014
26.727152153699386 4766992418.9323282 -4766968172.1616917
26.727166054931097 4846226309.6100702 -4846201902.4297791
26.727179956162807 4927180845.4123583 -4927156275.9560099
26.727193857394521 5009902246.1886072 -5009877512.5586205
26.727207758626232 5094438213.5902338 -5094413313.8571692
26.727221659857943 5180837986.3575268 -5180812918.5593872
26.727235561089657 5269152397.9624567 -5269127160.1039686
26.727249462321367 5359433936.7209778 -5359408526.7728558
26.727263363553078 5451736808.4933014 -5451711224.391489
26.727277264784789 5546117002.097681 -5546091241.7425728
26.727291166016503 5642632357.5700455 -5642606418.8256865
26.727305067248214 5741342637.4090652 -5741316518.1023302
26.727318968479924 5842309600.9528236 -5842283298.8725691
26.727332869711635 5945597082.0433788 -5945570594.9395761
26.727346770943349 6051271070.1422005 -6051244395.7250414
26.72736067217506 6159399795.0686245 -6159372931.0076017
26.72737457340677 6270053815.5439119 -6270026759.4668732
26.727388474638481 6383306111.734314 -6383278861.226491
26.727402375870195 6499232181.9952135 -6499204734.5982208
26.727416277101906 6617910144.0312061 -6617882497.2420092
26.727430178333616 6739420840.7003937 -6739392991.9702511
26.727444079565331 6863847950.701807 -6863819897.4351797
26.727457980797041 6991278104.3995819 -6991249843.9530087
26.727471882028752 7121801005.0533428 -7121772534.7342854
26.727485783260462 7255509555.7384596 -7255480872.8041096
26.727499684492177 7392499992.2568455 -7392471093.9128971
26.727513585723887 7532872022.3576794 -7532842905.7570686
26.727527486955598 7676728971.6043749 -7676699633.845973
26.727541388187309 7824177936.2452612 -7824148374.3725357
26.727555289419023 7975329943.4678364 -7975300154.4674664
26.727569190650733 8130300119.4368439 -8130270100.2372932
26.727583091882444 8289207865.5435896 -8289177613.0136356
26.727596993114158 8452177043.3178415 -8452146554.2650623
26.727610894345869 8619336168.4818954 -8619305439.6511002
26.727624795577579 8790818614.655838 -8790787642.727459
26.72763869680929 8966762827.2550831 -8966731608.8435059
26.727652598041004 9147312548.1553154 -9147281079.8071613
26.727666499272715 9332617051.7350445 -9332585329.9274006
26.727680400504426 9522831392.944561 -9522799414.0831413
26.727694301736136 9718116668.0938702 -9718084428.5111332
26.72770820296785 9918640289.0912552 -9918607785.044445
26.727722104199561 10124576271.916149 -10124543499.585279
26.727736005431272 10336105540.159872 -10336072495.645641
26.727749906662986 10553416244.520836 -10553382923.842474
26.727763807894696 10776704099.196644 -10776670498.289682
26.727777709126407 11006172736.1845 -11006138850.898476
26.727791610358118 11242034078.562086 -11241999904.658155
26.727805511589832 11484508733.894007 -11484474267.042484
26.727819412821542 11733826408.990484 -11733791644.768297
26.727833314053253 11990226347.322157 -11990191281.210207
26.727847215284964 12253957790.48794 -12253922417.86838
26.727861116516678 12525280465.223339 -12525244781.376745
26.727875017748389 12804465097.547518 -12804429097.649967
26.727888918980099 13091793955.753397 -13091757634.87344
26.72790282021181 13387561424.062698 -13387524777.158218
26.727916721443524 13692074608.901705 -13692037630.816671
26.727930622675235 14005653979.888704 -14005616665.349806
26.727944523906945 14328634047.77207 -14328596391.38522
26.727958425138659 14661364081.72406 -14661326077.970774
26.72797232637037 15004208868.565678 -15004170511.79932
26.727986227602081 15357549516.689535 -15357510801.131424
26.728000128833791 15721784307.646505 -15721745227.381868
26.728014030065506 16097329598.584209 -16097290147.557989
26.728027931297216 16484620778.962217 -16484580950.974712
26.728041832528927 16884113285.229969 -16884073073.932312
26.728055733760637 17296283677.424908 -17296243076.314365
26.728069634992352 17721630781.957085 -17721589784.372177
26.728083536224062 18160676905.167618 -18160635504.283035
26.728097437455773 18613969122.613491 -18613927311.434826
26.728111338687487 19082080649.405628 -19082038420.763885
26.728125239919198 19565612297.351002 -19565569643.896885
26.728139141150908 20065194025.108646 -20065150939.306625
26.728153042382619 20581486588.05484 -20581443062.176968
26.728166943614333 21115183295.096493 -21115139321.215969
26.728180844846044 21667011880.258774 -21666967450.243237
26.728194746077754 22237736497.520729 -22237691603.025276
26.728208647309465 22828159848.048012 -22828114480.507915
26.728222548541179 23439125449.753609 -23439079600.37674
26.72823644977289 24071520059.926689 -24071473719.685593
26.728250351004601 24726276262.59383 -24726229422.217476
26.728264252236311 25404375233.265114 -25404327883.230286
26.728278153468025 26106849694.7882 -26106801825.310501
26.728292054699736 26834787079.237461 -26834738680.261921
26.728305955931447 27589332912.056068 -27589283973.247345
26.728319857163161 28371694436.100731 -28371644946.832855
26.728333758394871 29183144494.780384 -29183094444.126045
26.728347659626582 30025025695.237633 -30024975071.956974
26.728361560858293 30898754874.382755 -30898703666.911655
26.728375462090007 31805827892.667416 -31805776089.105213
26.728389363321718 32747824782.7887 -32747772370.885357
26.728403264553428 33726415282.989502 -33726362250.132149
26.728417165785139 34743364787.448723 -34743311120.64756
26.728431067016853 35800540749.293373 -35800486435.166901
26.728444968248564 36899919575.132553 -36899864599.892075
26.728458869480274 38043594053.752289 -38043538403.185646
26.728472770711988 39233781365.807381 -39233725025.261902
26.728486671943699 40472831725.840759 -40472774680.20533
26.72850057317541 41763237713.095016 -41763179946.781273
26.72851447440712 43107644353.164658 -43107585850.087196
26.728528375638835 44508860018.820732 -44508800762.376297
26.728542276870545 45969868225.362663 -45969808198.408279
26.728556178102256 47493840403.459862 -47493779588.289787
26.728570079333966 49084149741.094162 -49084088119.415649
26.728583980565681 50744386195.892258 -50744323748.799988
26.728597881797391 52478372789.784203 -52478309497.733337
26.728611783029102 54290183310.024117 -54290119152.801918
26.728625684260816 56184161553.785553 -56184096510.481384
26.728639585492527 58164942268.748367 -58164876317.722031
26.728653486724237 60237473958.949883 -60237407077.798203
26.728667387955948 62407043743.909126 -62406975909.43058
26.728681289187662 64679304480.283424 -64679235668.440781
26.728695190419373 67060304379.295052 -67060234565.175797
26.728709091651083 69556519380.007019 -69556448537.781479
26.728722992882794 72174888568.874924 -72174816671.751862
26.728736894114508 74922852970.265976 -74922779990.445541
26.728750795346219 77808398071.503677 -77808323980.127472
26.72876469657793 80840100489.673248 -80840025256.771347
26.72877859780964 84027179237.365753 -84027102831.800354
26.728792499041354 87379552101.103149 -87379474490.508743
26.728806400273065 90907897710.397003 -90907818861.116684
26.728820301504776 94623723948.481369 -94623643825.499039
26.72883420273649 98539443439.487045 -98539362006.355194
26.7288481039682 102668456942.22055 -102668374160.98322
26.728862005199911 107025245589.80716 -107025161420.91779
26.728875906431622 111625473039.49632 -111625387441.72998
26.728889807663336 116486098740.84521 -116486011671.20479
26.728903708895047 121625503695.68535 -121625415109.30122
26.728917610126757 127063630273.5477 -127063540123.57037
26.728931511358468 132822137864.81647 -132822046102.30142
26.728945412590182 138924576409.64798 -138924482983.43225
26.728959313821893 145396580133.892 -145396484990.46167
26.728973215053603 152266084163.70969 -152265987247.05743
26.728987116285317 159563567089.89645 -159563468341.36844
26.729001017517028 167322323012.74963 -167322222370.88058
26.729014918748739 175578767140.06033 -175578664540.39578
26.729028819980449 184372779642.96838 -184372675017.87289
26.729042721212164 193748093215.20331 -193747986493.65332
26.729056622443874 203752730653.5159 -203752621760.8757
26.729070523675585 214439499802.82312 -214439388660.60239
26.729084424907295 225866554422.62613 -225866440948.21701
26.72909832613901 238098030968.38211 -238097915074.77396
26.72911222737072 251204772985.12991 -251204654580.59927
26.729126128602431 265265156840.02161 -265265035827.79492
26.729140029834145 280366034940.55621 -280365911218.4422
26.729153931065856 296603815489.04779 -296603688949.0365
26.729167832297566 314085701294.93207 -314085571822.75677
26.729181733529277 332931114356.19861 -332930981830.85608
26.729195634760991 353273337985.93341 -353273202279.15857
26.729209535992702 375261414379.68713 -375261275355.37598
26.729223437224412 399062342970.46399 -399062200484.03912
26.729237338456123 424863634005.12158 -424863487902.83356
26.729251239687837 452876282891.94562 -452876133010.10168
26.729265140919548 483338244531.5011 -483338090695.61285
26.729279042151258 516518503694.96094 -516518345718.79987
26.729292943382969 552721858375.66101 -552721696060.21069
26.729306844614683 592294558972.70117 -592294392104.99146
26.729320745846394 635630978561.18872 -635630806912.99695
26.729334647078105 683181530102.89539 -683181353429.29468
26.729348548309819 735462097638.93591 -735461915676.67065
26.729362449541529 793065313307.12451 -793065125772.78589
26.72937635077324 856674094457.82056 -856673901045.79395
26.729390252004951 927077960658.73645 -927077761038.88525
26.729404153236665 1005192785985.6873 -1005192579800.7319
26.729418054468375 1092084817521.8629 -1092084604384.4065
26.729431955700086 1189000019438.093 -1188999798927.2354
26.729445856931797 1297400101033.2295 -1297399872690.6997
26.729459758163511 1419006981692.124 -1419006745017.8501
26.729473659395222 1555857969072.051 -1555857723519.0627
26.729487560626932 1710374626943.7849 -1710374371912.3313
26.729501461858646 1885449252983.5344 -1885448987814.2656
26.729515363090357 2084554168006.4092 -2084553891972.4402
26.729529264322068 2311880775168.061 -2311880487465.6948
26.729543165553778 2572517776315.0767 -2572517476052.9067
26.729557066785492 2872681323382.7061 -2872681009568.752
26.729570968017203 3220014665242.3555 -3220014336768.7959
26.729584869248914 3623981670160.2266 -3623981325785.1753
26.729598770480624 4096388438333.4688 -4096388076659.0898
26.729612671712339 4652081584054.3682 -4652081203500.4229
26.729626572944049 5309893019074.0908 -5309892617845.7344
26.72964047417576 6093932970612.502 -6093932546660.791
26.729654375407474 7035381579479.3574 -7035381130452.4141
26.729668276639185 8175004736198.6777 -8175004259380.7646
26.729682177870895 9566738598070.8887 -9566738090305.6738
26.729696079102606 11282878219729.652 -11282877677322.543
