# serie phase 2 p7_w2.80_c1.05_dt2_k4 : t x1 x2 (dt2=9.3426776943932292e-06, depart t=11.442 etat bascule x1 x2 v1 v2 = 212.80543023077723 -196.77886430018833 4286.6239119851462 -4189.230743611759)
11.569434123751524 4719771.7514648344 -4719486.4144441746
11.569443466429219 4754550.0199527815 -4754264.0837533083
11.569452809106913 4789677.0092851017 -4789390.4710683664
11.569462151784608 4825157.1479799831 -4824870.0048865667
11.569471494462302 4860994.9326915704 -4860707.1818408696
11.569480837139995 4897194.929442293 -4896906.5679323096
11.56949017981769 4933761.7748808423 -4933472.7997879637
11.569499522495384 4970700.1775663774 -4970410.585945162
11.569508865173079 5008014.9192795912 -5007724.7081625424
11.569518207850773 5045710.8563612541 -5045420.0227585975
11.569527550528468 5083792.9210789278 -5083501.4619783852
11.569536893206163 5122266.1230224706 -5121974.0353890257
11.569546235883857 5161135.5505290478 -5160842.831304715
11.569555578561552 5200406.3721383605 -5200113.0182419484
11.569564921239245 5240083.838078795 -5239789.8464056663
11.569574263916939 5280173.2817852451 -5279878.6492070742
11.569583606594634 5320680.1214493802 -5320384.8448139066
11.569592949272328 5361609.8616031194 -5361313.9377338989
11.569602291950023 5402968.0947361533 -5402671.5204323055
11.569611634627718 5444760.502948313 -5444463.2749842657
11.569620977305412 5486992.8596376376 -5486694.9747628663
11.569630319983107 5529671.0312250303 -5529372.4861637978
11.569639662660801 5572800.9789163852 -5572501.7703674724
11.569649005338494 5616388.7605031049 -5616088.8851395436
11.569658348016189 5660440.5322019672 -5660139.986670767
11.569667690693883 5704962.5505352998 -5704661.3314571697
11.569677033371578 5749961.1742524663 -5749659.2782215336
11.569686376049273 5795442.8662937013 -5795140.2898772275
11.569695718726967 5841414.1957973437 -5841110.9355354365
11.569705061404662 5887881.8401515521 -5887577.8925568741
11.569714404082356 5934852.587091607 -5934547.9486490777
11.569723746760051 5982333.3368439581 -5982028.0040104538
11.569733089437744 6030331.104318195 -6030025.0735222446
11.569742432115438 6078853.0213481598 -6078546.2889896352
11.569751774793133 6127906.3389834389 -6127598.9014332434
11.569761117470827 6177498.4298325162 -6177190.2834322667
11.569770460148522 6227636.7904589018 -6227327.9315206083
11.569779802826217 6278329.0438315934 -6278019.4686373295
11.569789145503911 6329582.9418312619 -6329272.646632839
11.569798488181606 6381406.367813617 -6381095.3488322441
11.5698078308593 6433807.3392314008 -6433495.5926573472
11.569817173536993 6486794.010316547 -6486481.5323087983
11.569826516214688 6540374.6748240413 -6540061.4615099467
11.569835858892382 6594557.7688391134 -6594243.8163140332
11.569845201570077 6649351.8736494202 -6649037.1779763661
11.569854544247772 6704765.7186838966 -6704450.2758931657
11.569863886925466 6760808.1845200416 -6760491.9906088477
11.569873229603161 6817488.3059614422 -6817171.3568935394
11.569882572280855 6874815.2751873853 -6874497.5668926882
11.56989191495855 6932798.444976476 -6932479.973350673
11.569901257636243 6991447.332006231 -6991128.0929103922
11.569910600313937 7050771.620230657 -7050451.6094908379
11.569919942991632 7110781.1643379182 -7110460.3777447557
11.569929285669327 7171485.9932902306 -7171164.426598534
11.569938628347021 7232896.3139482085 -7232573.9628765443
11.569947971024716 7295022.514781923 -7294699.3750121929
11.56995731370241 7357875.1696710521 -7357551.2368480675
11.569966656380105 7421465.0417965101 -7421140.3115275558
11.569975999057799 7485803.0876260642 -7485477.5554804606
11.569985341735492 7550900.4609965142 -7550574.1225051703
11.569994684413187 7616768.5172950551 -7616441.3679500138
11.570004027090881 7683418.8177425787 -7683090.852996558
11.570013369768576 7750863.1337817162 -7750534.3490476413
11.570022712446271 7819113.4515725188 -7818783.8422230473
11.570032055123965 7888181.9765987806 -7887851.537965823
11.57004139780166 7958081.1383880628 -7957749.8657622943
11.570050740479354 8028823.5953485854 -8028491.4839789476
11.570060083157049 8100422.2397262994 -8100089.2848194987
11.570069425834742 8172890.202685507 -8172556.3994055036
11.570078768512436 8246240.8595164884 -8245906.2029839763
11.570088111190131 8320487.8349737562 -8320152.3202656358
11.570097453867826 8395645.0087486506 -8395308.6308974959
11.57010679654552 8471726.521080073 -8471389.2750735842
11.570116139223215 8548746.7785073239 -8548408.6592877787
11.570125481900909 8626720.459769154 -8626381.4622328468
11.570134824578604 8705662.5218531247 -8705322.6408497971
11.570144167256299 8785588.2061997317 -8785247.4365319926
11.570153509933991 8866513.0450657327 -8866171.3814884741
11.570162852611686 8948452.8680512849 -8948110.3052710816
11.570172195289381 9031423.8087956849 -9031080.3414701931
11.570181537967075 9115442.3118466176 -9115097.9345839564
11.57019088064477 9200525.1397080217 -9200179.8470661473
11.570200223322464 9286689.380071843 -9286343.1665579155
11.570209566000159 9373952.4532390852 -9373605.3133088201
11.570218908677854 9462332.1197357625 -9461984.0477927774
11.570228251355548 9551846.4881295916 -9551497.4785247371
11.570237594033241 9642514.0230533667 -9642164.0700840484
11.570246936710936 9734353.5534412283 -9734002.6513507236
11.57025627938863 9827384.2809841521 -9827032.4239609037
11.570265622066325 9921625.7888114024 -9921272.9709883109
11.570274964744019 10017098.050404681 -10016744.265858382
11.570284307421714 10113821.438752031 -10113466.68150216
11.570293650099408 10211816.735748818 -10211460.999757262
11.570302992777103 10311105.141853372 -10310748.421023512
11.570312335454798 10411708.286005059 -10411350.574180998
11.57032167813249 10513648.235812869 -10513289.526778642
11.570331020810185 10616947.508022901 -10616587.795501685
11.57034036348788 10721629.079273365 -10721268.356926663
11.570349706165574 10827716.397145944 -10827354.658572758
11.570359048843269 10935233.391522963 -10934870.630258957
11.570368391520963 11044204.486259816 -11043840.695776464
11.570377734198658 11154654.611182576 -11154289.784886293
11.570387076876353 11266609.214421021 -11266243.345652277
11.570396419554047 11380094.275087735 -11379727.357120156
11.57040576223174 11495136.31631434 -11494768.342353802
11.570415104909435 11611762.418656124 -11611393.381839816
11.570424447587129 11730000.23387689 -11729630.127272369
11.570433790264824 11849877.999126306 -11849506.81573054
11.570443132942518 11971424.551522307 -11971052.284260692
11.570452475620213 12094669.343151705 -12094295.984877067
11.570461818297908 12219642.456502629 -12219267.999994213
11.570471160975602 12346374.620342845 -12345999.05830528
11.570480503653297 12474897.226058489 -12474520.551120741
11.57048984633099 12605242.344468432 -12604864.549182735
11.570499189008684 12737442.743129857 -12737063.819970625
11.570508531686379 12871531.9041513 -12871151.845514014
11.570517874364073 13007544.042530095 -13007162.840730183
11.570527217041768 13145514.12503171 -13145131.772303391
11.570536559719462 13285477.889628975 -13285094.378124097
11.570545902397157 13427471.865520153 -13427087.187307002
11.570555245074852 13571533.393745245 -13571147.540807327
11.570564587752546 13717700.648420874 -13717313.612655684
11.570573930430239 13866012.658614766 -13865624.431832535
11.570583273107934 14016509.330881545 -14016119.904803954
11.570592615785628 14169231.472482646 -14168840.838741522
11.570601958463323 14324220.815313714 -14323828.965449702
11.570611301141017 14481520.040564027 -14481126.966025239
11.570620643818712 14641172.804133238 -14640778.49627387
11.570629986496407 14803223.762831762 -14802828.212910691
11.570639329174101 14967718.601392219 -14967321.80057157
11.570648671851796 15134704.06032034 -15134305.999664031
11.570658014529489 15304227.964614969 -15303828.635087216
11.570667357207183 15476339.253387759 -15475938.645851567
11.570676699884878 15651088.010414585 -15650686.115630202
11.570686042562572 15828525.495651841 -15828122.304275181
11.570695385240267 16008704.177752113 -16008299.680333152
11.570704727917962 16191677.767615126 -16191271.954596268
11.570714070595656 16377501.253011378 -16377094.11472578
11.570723413273351 16566230.934317233 -16565822.46098711
11.570732755951045 16757924.461402003 -16757514.643136889
11.570742098628738 16952640.87170887 -16952229.698503848
11.570751441306433 17150440.629573639 -17150028.091307543
11.570760783984127 17351385.666826878 -17350971.753260441
11.570770126661822 17555539.424726728 -17555124.125500713
11.570779469339517 17762966.897272065 -17762550.201905344
11.570788812017211 17973734.675947338 -17973316.573834941
11.570798154694906 18187910.995952554 -18187491.476363674
11.5708074973726 18405565.783974491 -18405144.836050443
11.570816840050295 18626770.707557462 -18626348.320309617
11.570826182727988 18851599.22613408 -18851175.388441734
11.570835525405682 19080126.643779125 -19079701.344387345
11.570844868083377 19312430.163752723 -19312003.391270135
11.570854210761071 19548588.944901619 -19548160.687798154
11.570863553438766 19788684.15998996 -19788254.406594548
11.570872896116461 20032799.056034908 -20032367.794533134
11.570882238794155 20281019.016724791 -20280586.235156488
11.57089158147185 20533431.627001207 -20532997.313258011
11.570900924149544 20790126.739890255 -20789690.8817131
11.570910266827237 21051196.545671578 -21050759.130648136
11.570919609504932 21316735.643478148 -21316296.659040224
11.570928952182626 21586841.115423158 -21586400.548844017
11.570938294860321 21861612.603355214 -21861170.441746853
11.570947637538016 22141152.388347961 -22140708.618658327
11.57095698021571 22425565.473033819 -22425120.082043961
11.570966322893405 22714959.666897651 -22714512.641218808
11.570975665571099 23009445.674650799 -23008997.000721429
11.570985008248794 23309137.187811565 -23308686.851894297
11.570994350926487 23614150.979624305 -23613698.967802845
11.571003693604181 23924607.003454719 -23924153.301630661
11.571013036281876 24240628.494805325 -24240173.088694908
11.571022378959571 24562342.077103011 -24561884.952233791
11.571031721637265 24889877.871416248 -24889419.013123702
11.57104106431496 25223369.610267479 -25222909.003691528
11.571050406992654 25562954.755713906 -25562492.385795362
11.571059749670349 25908774.621878039 -25908310.473354962
11.571069092348043 26260974.502118528 -26260508.55952251
11.571078435025736 26619703.801040065 -26619236.048692413
11.571087777703431 26985116.171551436 -26984646.593559276
11.571097120381125 27357369.657190658 -27356898.237442948
11.57110646305882 27736626.839946218 -27736153.56210966
11.571115805736515 28123054.9938154 -28122579.84133026
11.571125148414209 28516826.24435211 -28516349.200427935
11.571134491091904 28918117.734469194 -28917638.782080431
11.571143833769598 29327111.796772797 -29326630.918654304
11.571153176447293 29743996.13272104 -29743513.311363477
11.571162519124986 30168963.998913661 -30168479.216558792
11.57117186180268 30602214.400833841 -30601727.639469694
11.571181204480375 31043952.294380784 -31043463.535736721
11.57119054715807 31494388.795548048 -31493898.021089684
11.571199889835764 31953741.398620803 -31953248.589544818
11.571209232513459 32422234.203285765 -32421739.340514582
11.571218575191153 32900098.151064821 -32899601.215241145
11.571227917868848 33387571.271507755 -33387072.242988985
11.571237260546543 33884898.938600466 -33884397.797452949
11.571246603224235 34392334.137869589 -34391830.863862731
11.57125594590193 34910137.7446905 -34909632.317290753
11.571265288579625 35438578.814330235 -35438071.212694891
11.571274631257319 35977934.884285994 -35977425.087256834
11.571283973935014 36528492.289513767 -36527980.275610536
11.571293316612708 37090546.491168194 -37090032.238581933
11.571302659290403 37664402.419510946 -37663885.906097114
11.571312001968098 38250374.831679076 -38249856.03495051
11.571321344645792 38848788.68504633 -38848267.582165994
11.571330687323485 39459979.526947461 -39459456.094721042
11.571340030001179 40084293.901579536 -40083768.116447806
11.571349372678874 40722089.774936646 -40721561.612967625
11.571358715356569 41373736.978687629 -41373206.415568523
11.571368058034263 42039617.673956811 -42039084.684985764
11.571377400711958 42720126.836015895 -42719591.396093473
11.571386743389652 43415672.760958537 -43415134.844579004
11.571396086067347 44126677.595490791 -44126137.176733129
11.571405428745042 44853577.891031213 -44853034.943549886
11.571414771422734 45596825.183390468 -45596279.680405945
11.571424114100429 46356886.599365652 -46356338.513654627
11.571433456778124 47134245.491671339 -47133694.795556702
11.571442799455818 47929402.103711039 -47928848.769051544
11.571452142133513 48742874.265776597 -48742318.263956249
11.571461484811207 49575198.124362499 -49574639.426279597
11.571470827488902 50426928.90638724 -50426367.482443146
11.571480170166597 51298641.720214278 -51298077.5403018
11.571489512844291 52190932.395485461 -52190365.428976953
11.571498855521984 53104418.363902569 -53103848.579637617
11.571508198199679 54039739.583222389 -54039166.949495167
11.571517540877373 54997559.50687553 -54996983.991421767
11.571526883555068 55978566.101760976 -55977987.671744511
11.571536226232762 56983472.916939236 -56982891.538938187
11.571545568910457 58013020.206112504 -58012435.846104994
11.571554911588152 59067976.106963485 -59067388.730312921
11.571564254265846 60149137.880628459 -60148547.452068374
11.571573596943541 61257333.214784123 -61256739.698402517
11.571582939621234 62393421.594053134 -62392824.953276329
11.571592282298928 63558295.741685584 -63557695.939261585
11.571601624976623 64752883.136718921 -64752280.134700216
11.571610967654317 65978147.611108497 -65977541.370834313
11.571620310332012 67235091.031616151 -67234481.513694152
11.571629653009706 68524755.071567848 -68524142.235855222
11.571638995687401 69848223.077927873 -69847606.883511752
11.571648338365096 71206622.039529383 -71206002.444706723
11.57165768104279 72601124.662678108 -72600501.624934793
11.571667023720483 74032951.560772732 -74032325.036761999
11.571676366398178 75503373.565088153 -75502743.510608345
11.571685709075872 77013714.164315909 -77013080.534287423
11.571695051753567 78565352.08101432 -78564714.829455748
11.571704394431261 80159723.993709505 -80159083.07371299
11.571713737108956 81798327.414011061 -81797682.777716801
11.571723079786651 83482723.728748009 -83482075.327317804
11.571732422464345 85214541.417906195 -85213889.201496124
11.57174176514204 86995479.459913835 -86994823.377645954
11.571751107819733 88827310.936656684 -88826650.936589673
11.571760450497427 90711886.851554096 -90711222.88065289
11.571769793175122 92651140.175010502 -92650472.179114789
11.571779135852816 94647090.132625937 -94646418.05641751
11.571788478530511 96701846.752728447 -96701170.539697334
11.571797821208206 98817615.691083506 -98816935.283492878
11.5718071638859 100996703.35195801 -100996018.69080773
11.571816506563595 103241522.32626148 -103240833.35125031
11.571825849241289 105554597.16907592 -105553903.81856228
11.571835191918982 107938570.54066779 -107937872.75162897
11.571844534596677 110396209.73699564 -110395507.44498548
11.571853877274371 112930413.63781933 -112929706.77692427
11.571863219952066 115544220.10275227 -115543508.60554557
11.57187256262976 118240813.84815067 -118240097.64564489
11.571881905307455 121023534.84039348 -121022813.86199109
11.57189124798515 123895887.24406356 -123895161.41750547
11.571900590662844 126861548.96675767 -126860818.21806973
11.571909933340539 129924381.8458221 -129923646.09925935
11.571919276018232 133088442.52612484 -133087701.7041135
11.571928618695926 136357994.08223003 -136357248.1053071
11.571937961373621 139737518.44293758 -139736767.22968778
11.571947304051315 143231729.6812475 -143230973.14823762
11.57195664672901 146845588.23838225 -146844826.3000927
11.571965989406705 150584316.15658343 -150583548.72533676
11.571975332084399 154453413.40212312 -154452640.38800946
11.571984674762094 158458675.36744359 -158457896.6782428
11.571994017439788 162606211.64936733 -162605427.19046772
11.572003360117481 166902466.20932156 -166901675.88363487
11.572012702795176 171354239.0314382 -171353442.73931083
11.57202204547287 175968709.40531266 -175967907.04443282
11.572031388150565 180753460.97220004 -180752652.43750057
11.57204073082826 185716508.68686858 -185715693.87042525
11.572050073505954 190866327.8619985 -190865506.65292355
11.572059416183649 196211885.47848931 -196211057.76281998
11.572068758861343 201762673.96300709 -201761839.62358862
11.572078101539038 207528747.65444478 -207527906.57080793
11.572087444216731 213520762.20328867 -213519914.25152111
11.572096786894425 219750017.17271376 -219749162.2253252
11.57210612957212 226228502.13813668 -226227640.06391716
11.572115472249815 232968946.61264938 -232968077.2765204
11.572124814927509 239984874.16054195 -239983997.4234001
11.572134157605204 247290661.09958166 -247289776.81813407
11.572143500282898 254901600.23572528 -254900708.26231655
11.572152842960593 262833970.12252808 -262833070.30495796
11.572162185638287 271105110.39162421 -271104202.57295573
11.57217152831598 279733503.7614705 -279732587.77982765
11.572180870993675 288738865.39976841 -288737941.08812279
11.572190213671369 298142240.3923257 -298141307.57827127
11.572199556349064 307966110.15795451 -307965168.66347003
11.572208899026759 318234508.74651557 -318233558.38771343
11.572218241704453 328973150.06791383 -328972190.65477461
11.572227584382148 340209567.2257086 -340208598.56180012
11.572236927059842 351973265.27055657 -351972287.15273672
11.572246269737537 364295888.8496626 -364294901.0677644
11.57225561241523 377211406.41207778 -377210408.74857545
11.572264955092924 390756312.83786875 -390755305.06752384
11.572274297770619 404969852.59698838 -404968834.48647362
11.572283640448314 419894265.81543702 -419893237.12293714
11.572292983126008 435575059.9370513 -435574020.41183835
11.572302325803703 452061310.02496397 -452060259.40694571
11.572311668481397 469405991.15577322 -469404929.17501175
11.572321011159092 487666346.82976544 -487665273.20596486
11.572330353836787 506904297.86140132 -506903212.30336052
11.572339696514479 527186896.83952039 -527185799.04454923
11.572349039192174 548586833.9713589 -548585723.62465429
11.572358381869869 571183000.95889223 -571181877.73287058
11.572367724547563 595061120.53293443 -595059984.08651733
11.572377067225258 620314450.39858294 -620313300.37643123
11.572386409902952 647044571.66910923 -647043407.70080173
11.572395752580647 675362273.40633309 -675361095.10548425
11.572405095258341 705388546.69333661 -705387353.65664828
11.572414437936036 737255703.78928077 -737254495.59552157
11.572423780613729 771108640.41206837 -771107416.62097394
11.572433123291423 807106262.14367306 -807105022.29475987
11.572442465969118 845423099.44089866 -845421843.05218267
11.572451808646813 886251139.87044263 -886249866.43705392
11.572461151324507 929801911.10874736 -929800620.10142958
11.572470494002202 976308854.11734891 -976307544.98083305
11.572479836679896 1026030032.9238011 -1026028705.075039
11.572489179357591 1079251235.8688898 -1079249888.6951342
11.572498522035286 1136289533.3251975 -1136288166.1819103
11.572507864712978 1197497369.1404231 -1197495981.348995
11.572517207390673 1263267277.9040542 -1263265868.7493131
11.572526550068368 1334037338.2009311 -1334035906.9284165
11.572535892746062 1410297494.0173397 -1410296039.8303146
11.572545235423757 1492596903.4789155 -1492595425.5350859
11.572554578101451 1581552507.2776704 -1581551004.6855762
11.572563920779146 1677859050.1212387 -1677857521.9362757
11.572573263456841 1782300839.3560302 -1782299284.5760572
11.572582606134535 1895765588.2016771 -1895764005.7621534
11.572591948812228 2019260770.1964927 -2019259158.9650855
11.572601291489923 2153933010.9952002 -2153931369.7657895
11.572610634167617 2301091169.4004059 -2301089496.8864021
11.572619976845312 2462233919.2111554 -2462232214.0380368
11.572629319523006 2639082847.3462319 -2639081108.0431838
11.572638662200701 2833622345.5250878 -2833620570.5156121
11.572648004878396 3048147911.0699463 -3048146098.6612849
11.57265734755609 3285324911.9636512 -3285323060.3348346
11.572666690233785 3548260446.7005148 -3548258553.8888173
11.572676032911478 3840591687.2976503 -3840589751.1831846
11.572685375589172 4166595099.7150822 -4166593118.0032177
11.572694718266867 4531322281.1098614 -4531320251.3110828
11.572704060944561 4940769966.7543364 -4940767886.1610765
11.572713403622256 5402094225.6635666 -5402092091.323451
11.57272274629995 5923882246.934124 -5923880055.618926
11.572732088977645 6516499807.0014973 -6516497555.1709547
11.57274143165534 7192539068.2214203 -7192536751.9808359
11.572750774333034 7967400642.4529686 -7967398257.5032654
11.572760117010727 8860057143.0989075 -8860054684.677454
11.572769459688422 9894064708.911602 -9894062171.7216587
11.572778802366116 11098917275.170633 -11098914653.296669
11.572788145043811 12511880527.597891 -12511877814.403202
11.572797487721505 14180506273.63732 -14180503461.639277
11.5728068303992 16166126146.964895 -16166123227.681625
11.572816173076895 18548777421.400505 -18548774385.160721
