# serie phase 2 p7_w2.27_c1.20_dt2_k4 : t x1 x2 (dt2=1.1198441119223875e-05, depart t=9.4260000000000002 etat bascule x1 x2 v1 v2 = 202.32532507563982 -188.55443525678106 3426.2635332362106 -3357.6709971640676)
9.580314518622906 4230060.7645032899 -4229820.9642286962
9.5803257170640244 4260118.429616672 -4259878.1437035333
9.5803369155051445 4290466.7038232051 -4290225.9300530162
9.580348113946263 4321109.1453407435 -4320867.8814791944
9.5803593123873831 4352049.3651649533 -4351807.6089617759
9.5803705108285016 4383291.0279894704 -4383048.7771782838
9.5803817092696217 4414837.8531445069 -4414595.105442659
9.5803929077107401 4446693.6155543253 -4446450.3686627345
9.5804041061518603 4478862.1467140159 -4478618.398317012
9.5804153045929787 4511347.3356859991 -4511103.0834511574
9.5804265030340989 4544153.1301167188 -4543908.371694698
9.5804377014752173 4577283.5372739919 -4577038.2702983636
9.5804488999163375 4610742.625105476 -4610496.8471925594
9.5804600983574559 4644534.5233187564 -4644288.2320674453
9.5804712967985743 4678663.4244835302 -4678416.6174751204
9.5804824952396945 4713133.5851564193 -4712886.2599544311
9.5804936936808129 4747949.327028932 -4747701.4811789356
9.5805048921219331 4783115.0380991129 -4782866.6691285465
9.5805160905630515 4818635.1738674184 -4818386.2792854048
9.5805272890041717 4854514.2585574174 -4854264.8358545825
9.5805384874452901 4890756.8863618756 -4890506.9330101591
9.5805496858864103 4927367.7227148106 -4927117.2361672772
9.5805608843275287 4964351.5055901641 -4964100.4832808124
9.5805720827686489 5001713.046827687 -5001461.486171254
9.5805832812097673 5039457.233486711 -5039205.1318784775
9.5805944796508857 5077589.0292284517 -5077336.38404404
9.5806056780920059 5116113.4757275209 -5115860.2843226958
9.5806168765331243 5155035.6941133756 -5154781.9538238375
9.5806280749742445 5194360.8864423791 -5194106.5945835588
9.5806392734153629 5234094.3372012377 -5233839.4910680866
9.5806504718564831 5274241.4148425581 -5273986.0117093334
9.5806616702976015 5314807.5733533185 -5314551.6104733702
9.5806728687387217 5355798.3538570339 -5355541.8284625849
9.5806840671798401 5397219.3862504344 -5396962.2955523599
9.5806952656209603 5439076.3908755118 -5438818.7320631156
9.5807064640620787 5481375.1802277919 -5481116.9504685784
9.5807176625031989 5524121.6607017098 -5523862.8571411548
9.5807288609443173 5567321.8343740227 -5567062.4541353406
9.5807400593854357 5610981.8008261742 -5610721.8410100807
9.5807512578265559 5655107.7590065822 -5654847.2166910553
9.5807624562676743 5699706.0091338437 -5699444.8813738804
9.5807736547087945 5744782.9546418786 -5744521.2384692496
9.5807848531499129 5790345.1041680509 -5790082.7965910519
9.5807960515910331 5836399.0735853296 -5836136.1715885261
9.5808072500321515 5882951.5880796071 -5882688.0886235824
9.5808184484732717 5930009.4842733182 -5929745.3842944093
9.5808296469143901 5977579.7123964978 -5977315.008806536
9.5808408453555103 6025669.3385065179 -6025404.0281925593
9.5808520437966287 6074285.5467577027 -6074019.6265817592
9.5808632422377471 6123435.6417221064 -6123169.1085208692
9.5808744406788673 6173127.0507627605 -6172859.9013473261
9.5808856391199857 6223367.3264607284 -6223099.557616313
9.5808968375611059 6274164.1490973327 -6273895.7575829886
9.5809080360022243 6325525.3291930119 -6325256.3117413353
9.5809192344433445 6377458.8101042276 -6377189.1634210674
9.5809304328844629 6429972.6706799576 -6429702.3914441159
9.5809416313255831 6483075.1279792916 -6482804.2128422204
9.5809528297667015 6536774.5400517508 -6536502.9856372485
9.5809640282078217 6591079.4087819401 -6590807.2116858372
9.5809752266489401 6645998.3828002252 -6645725.5395900719
9.5809864250900603 6701540.2604611972 -6701266.7676759409
9.5809976235311787 6757713.9928916702 -6757439.8470413331
9.5810088219722971 6814528.6871100748 -6814253.8846754245
9.5810200204134173 6871993.609219119 -6871718.1466513332
9.5810312188545357 6930118.1876736991 -6929842.0613940302
9.5810424172956559 6988912.0166260237 -6988635.2230254505
9.5810536157367743 7048384.8593500415 -7048107.3947889255
9.5810648141778945 7108546.6517473124 -7108268.5125550404
9.5810760126190129 7169407.5059364764 -7169128.6884111045
9.5810872110601331 7230977.7139286101 -7230698.2143364968
9.5810984095012515 7293267.7513907813 -7292987.5659662215
9.5811096079423717 7356288.2815001998 -7356007.4064450469
9.5811208063834901 7420050.1588914199 -7419768.5903747072
9.5811320048246085 7484564.433699158 -7484282.167856711
9.5811432032657287 7549842.3556993408 -7549559.3886333862
9.5811544017068471 7615895.3785510901 -7615611.7063298598
9.5811656001479673 7682735.1641423963 -7682450.7827997208
9.5811767985890857 7750373.5870423848 -7750088.4925772846
9.5811879970302058 7818822.7390631363 -7818536.9274394056
9.5811991954713243 7888094.9339340832 -7887808.4010798698
9.5812103939124444 7958202.7120921444 -7957915.4538995177
9.5812215923535629 8029158.8455908382 -8028870.8579153577
9.581232790794683 8100976.343131721 -8100687.6217919914
9.5812439892358015 8173668.4552215748 -8173378.9959987989
9.5812551876769216 8247248.6794589749 -8246958.4780964963
9.58126638611804 8321730.7659538342 -8321439.8181566773
9.5812775845591585 8397128.7228837423 -8396837.0243181419
9.5812887830002786 8473456.822191 -8473164.3684839234
9.5812999814413971 8550729.6054243706 -8550436.3921630345
9.5813111798825172 8628961.8897297364 -8628667.9124611132
9.5813223783236356 8708168.7739939447 -8707874.0282242633
9.5813335767647558 8788365.6451462861 -8788070.1263405271
9.5813447752058742 8869568.184622163 -8869271.8882035371
9.5813559736469944 8951792.3749936912 -8951495.2963431217
9.5813671720881128 9035054.5067720897 -9034756.6412276756
9.581378370529233 9119371.1853869222 -9119072.528243402
9.5813895689703514 9204759.3383473866 -9204459.8848555852
9.5814007674114698 9291236.2225910295 -9290935.9679573029
9.58141196585259 9378819.4320254419 -9378518.3714111093
9.5814231642937084 9467526.905268658 -9467225.0337894242
9.5814343627348286 9557376.9335941952 -9557074.2463195678
9.581445561175947 9648388.1690868642 -9648084.6610395573
9.5814567596170672 9740579.6330156699 -9740275.299170997
9.5814679580581856 9833970.7244303524 -9833665.5597156156
9.5814791564993058 9928581.2289883383 -9928275.2282822002
9.5814903549404242 10024431.328019047 -10024124.486150898
9.5815015533815444 10121541.607832845 -10121233.91958216
9.5815127518226628 10219933.069282051 -10219624.529377725
9.581523950263783 10319627.137581784 -10319317.740701474
9.5815351487049014 10420645.67239866 -10420335.413168101
9.5815463471460198 10523010.978215484 -10522699.851207798
9.58155754558714 10626745.814980665 -10626433.814715665
9.5815687440282584 10731873.409051102 -10731560.529994575
9.5815799424693786 10838417.464437643 -10838103.701000627
9.581591140910497 10946402.1743627 -10946087.520900745
9.5816023393516172 11055852.233139813 -11055536.683952227
9.5816135377927356 11166792.848385271 -11166476.397714365
9.5816247362338558 11279249.75357233 -11278932.395602636
9.5816359346749742 11393249.220938871 -11392930.949796351
9.5816471331160944 11508818.074759886 -11508498.884511134
9.5816583315572128 11625983.704996271 -11625663.589647692
9.5816695299983312 11744774.081332168 -11744453.034829145
9.5816807284394514 11865217.767613327 -11864895.783839382
9.5816919268805698 11987343.936699456 -11987021.009475378
9.58170312532169 12111182.385744011 -12110858.508826992
9.5817143237628084 12236763.551915335 -12236438.718998065
9.5817255222039286 12364118.528573612 -12363792.733283384
9.581736720645047 12493279.081918601 -12492952.317816377
9.5817479190861672 12624277.668123672 -12623949.92870315
9.5817591175272856 12757147.450972117 -12756818.729658769
9.5817703159684058 12891922.320012566 -12891592.610162664
9.5817815144095242 13028636.909250837 -13028306.204150468
9.5817927128506444 13167326.616395876 -13166994.909259919
9.5818039112917628 13308027.622678719 -13307694.906649828
9.5818151097328812 13450776.913263749 -13450443.181411298
9.5818263081740014 13595612.298272053 -13595277.543591073
9.5818375066151198 13742572.434437919 -13742236.649848012
9.58184870505624 13891696.84741997 -13891360.025764197
9.5818599034973584 14043025.954789409 -14042688.08883317
9.5818711019384786 14196601.089718593 -14196262.172148474
9.581882300379597 14352464.525394052 -14352124.548816657
9.5818934988207172 14510659.500179108 -14510318.457119867
9.5819046972618356 14671230.243552206 -14670888.12645416
9.5819158957029558 14834222.002847973 -14833878.804070538
9.5819270941440742 14999681.070829229 -14999336.782646935
9.5819382925851926 15167654.814118993 -15167309.428720199
9.5819494910263128 15338191.702523062 -15337845.212008644
9.5819606894674312 15511341.339274865 -15510993.735656882
9.5819718879085514 15687154.49223518 -15686805.767435517
9.5819830863496698 15865683.126080951 -15865333.271929927
9.58199428479079 16046980.43551877 -16046629.443753725
9.5820054832319084 16231100.879560087 -16230748.741823943
9.5820166816730286 16418100.216896266 -16417746.924736055
9.582027880114147 16608035.542413762 -16607681.087279122
9.5820390785552672 16800965.324891016 -16800609.698132671
9.5820502769963856 16996949.445920259 -16996592.638788451
9.5820614754375057 17196049.240099449 -17195691.24374235
9.5820726738786242 17398327.536541235 -17397968.342003327
9.5820838723197426 17603848.701748006 -17603488.299968418
9.5820950707608628 17812678.683903638 -17812317.065714471
9.5821062692019812 18024885.058634963 -18024522.214759551
9.5821174676431013 18240537.076298691 -18240172.997349855
9.5821286660842198 18459705.710851111 -18459340.387329355
9.5821398645253399 18682463.710360389 -18682097.132652078
9.5821510629664584 18908885.649224434 -18908517.807599917
9.5821622614075785 19139047.982159153 -19138678.866770856
9.582173459848697 19373029.100025628 -19372658.700906105
9.5821846582898171 19610909.387566991 -19610537.694626942
9.5821958567309355 19852771.283128567 -19852398.286154799
9.582207055172054 20098699.340438936 -20098325.029092293
9.5822182536131741 20348780.292532545 -20348404.656345792
9.5822294520542926 20603103.117897846 -20602726.146273505
9.5822406504954127 20861759.108938757 -20861380.791146897
9.5822518489365311 21124841.942841038 -21124462.268017013
9.5822630473776513 21392447.754939884 -21392066.712082036
9.5822742458187697 21664675.214688096 -21664292.792655397
9.5822854442598899 21941625.604329567 -21941241.791839212
9.5822966427010083 22223402.900387019 -22223017.686011959
9.5823078411421285 22510113.858078796 -22509727.230245236
9.5823190395832469 22801868.098783568 -22801480.045768388
9.5823302380243671 23098778.200677324 -23098388.710605457
9.5823414364654855 23400959.792673647 -23400568.853515394
9.5823526349066039 23708531.65180371 -23708139.251371991
9.5823638333477241 24021615.804178201 -24021221.930125751
9.5823750317888425 24340337.629681185 -24339942.269497681
9.5823862302299627 24664825.970551886 -24664429.111561015
9.5823974286710811 24995213.244018186 -24994814.873374637
9.5824086271122013 25331635.559153151 -25331235.663839541
9.5824198255533197 25674232.838134278 -25673831.404958017
9.5824310239944399 26023148.942093227 -26022745.957683295
9.5824422224355583 26378531.801753275 -26378127.252556928
9.5824534208766785 26740533.553061288 -26740127.425340697
9.5824646193177969 27109310.678030167 -27108902.957858972
9.5824758177589153 27485024.151018228 -27484614.824278004
9.5824870162000355 27867839.590684652 -27867428.643061303
9.5824982146411539 28257927.417870134 -28257514.834850181
9.5825094130822741 28655463.019665036 -28655048.78653184
9.5825206115233925 29060626.919939801 -29060211.021769684
9.5825318099645127 29473604.956626005 -29473187.378284276
9.5825430084056311 29894588.466050811 -29894169.192187689
9.5825542068467513 30323774.474644333 -30323353.489690792
9.5825654052878697 30761365.898353081 -30760943.186516561
9.5825766037289899 31207571.750111435 -31207147.295371477
9.5825878021701083 31662607.355740014 -31662181.14184377
9.5825990006112285 32126694.578659188 -32126266.589116819
9.5826101990523469 32600062.053826161 -32599632.27190613
9.5826213974934653 33082945.431325044 -33082513.840049274
9.5826325959345855 33575587.630061261 -33575154.21220018
9.5826437943757039 34078239.102036394 -34077803.840103857
9.5826549928168241 34591158.107703291 -34590720.983951367
9.5826661912579425 35114611.00292851 -35114171.999342129
9.5826773896990627 35648872.538117811 -35648431.636409283
9.5826885881401811 36194226.170087375 -36193783.351690762
9.5826997865813013 36750964.387299806 -36750519.633365132
9.5827109850224197 37319389.049114086 -37318942.34050142
9.5827221834635399 37899811.739732169 -37899363.05700554
9.5827333819046583 38492554.137565464 -38492103.460986599
9.5827445803457767 39097948.400786079 -39097495.710308008
9.5827557787868969 39716337.5698632 -39715882.845123634
9.5827669772280153 40348075.987937249 -40347619.208251841
9.5827781756691355 40993529.739927366 -40993070.884282753
9.5827893741102539 41653077.111315705 -41652616.158362359
9.5828005725513741 42327109.067616381 -42326645.995661266
9.5828117709924925 43016029.755582355 -43015564.542581387
9.5828229694336127 43720257.027270414 -43719789.650820702
9.5828341678747311 44440222.988145642 -44439753.425477527
9.5828453663158513 45176374.570479006 -45175902.798447855
9.5828565647569697 45929174.133359812 -45928700.128437586
9.5828677631980899 46699100.090728708 -46698623.828995295
9.5828789616392083 47486647.568913974 -47486169.026048273
9.5828901600803267 48292329.095244937 -48291848.246515669
9.5829013585214469 49116675.319408849 -49116192.139665127
9.5829125569625653 49960235.769322172 -49959750.232983761
9.5829237554036855 50823579.643383972 -50823091.724431299
9.5829349538448039 51707296.641106658 -51706806.313070498
9.5829461522859241 52611997.834228866 -52611505.070179738
9.5829573507270425 53538316.580554835 -53537821.353092067
9.5829685491681627 54486909.482897379 -54486411.764137849
9.5829797476092811 55458457.395649761 -55457957.157216296
9.5829909460504012 56453666.481677525 -56453163.694686949
9.5830021444915197 57473269.322383568 -57472763.957434371
9.5830133429326381 58518026.083983757 -58517518.111143395
9.5830245413737583 59588725.743227437 -59588215.132019237
9.5830357398148767 60686187.375999041 -60685674.095388673
9.5830469382559968 61811261.51247026 -61810745.530851804
9.5830581366971153 62964831.56270612 -62964312.847887687
9.5830693351382354 64147815.316880487 -64147293.83606939
9.5830805335793539 65361166.52453424 -65360642.244321644
9.583091732020474 66605876.557616867 -66605349.443961993
9.5831029304615925 67882976.162351608 -67882446.180565417
9.5831141289027126 69193537.305311412 -69193004.420039684
9.583125327343831 70538675.119472638 -70538139.294678584
9.5831365257849512 71919549.956391588 -71919011.155337825
9.5831477242260696 73337369.551073298 -73336827.736303255
9.5831589226671881 74793391.306571126 -74792846.439889774
9.5831701211083082 76288924.705832466 -76288376.748286441
9.5831813195494266 77825333.858862683 -77824782.770719677
9.5831925179905468 79404040.193814874 -79403485.934542388
9.5832037164316652 81026525.301257655 -81025967.829500943
9.5832149148727854 82694333.941518947 -82693773.21507822
9.5832261133139038 84409077.225748733 -84408513.201555535
9.583237311755024 86172435.982099041 -86171868.616191819
9.5832485101961424 87986164.319263175 -87985593.566761956
9.5832597086372626 89852093.400530145 -89851519.215610296
9.583270907078381 91772135.442493886 -91771557.778358921
9.5832821055194994 93748287.953615025 -93747706.762468442
9.5832933039606196 95782638.228994757 -95782053.462010786
9.583304502401738 97877368.11897175 -97876779.726265058
9.5833157008428582 100034759.09051344 -100034167.02110766
9.5833268992839766 102257197.60183235 -102256601.80362746
9.5833380977250968 104547180.81228399 -104546581.23202245
9.5833492961662152 106907322.65133713 -106906719.23456864
9.5833604946073354 109340360.27227791 -109339752.96332292
9.5833716930484538 111849160.91841105 -111848549.66032279
9.583382891489574 114436729.23173708 -114436113.96626206
9.5833940899306924 117106215.03655191 -117105595.70408893
9.5834052883718126 119860921.63305958 -119860298.17261703
9.583416486812931 122704314.63904278 -122703686.98819429
9.5834276852540494 125640031.42079549 -125639399.51563369
9.5834388836951696 128671891.15798315 -128671254.9330716
9.583450082136288 131803905.59095743 -131803264.97928053
9.5834612805774082 135040290.50318268 -135039645.43609354
9.5834724790185266 138385477.99594814 -138384828.40311417
9.5834836774596468 141844129.61766446 -141843475.42701074
9.5834948759007652 145421150.4154388 -145420491.55308893
9.5835060743418854 149121703.98269132 -149121040.37290579
9.5835172727830038 152951228.58321032 -152950560.14832217
9.583528471224124 156915454.43927419 -156914781.0996218
9.5835396696652424 161020422.2796104 -161019743.95346734
9.5835508681063608 165272503.25171518 -165271819.85521692
9.583562066547481 169678420.31280413 -169677731.75987139
9.5835732649885994 174245271.22447845 -174244577.42673707
9.5835844634297196 178980553.28810674 -178979854.15480381
9.583595661870838 183892189.97102994 -183891485.40894613
9.5836068603119582 188988559.58821309 -188987849.50157076
9.5836180587530766 194278526.22020024 -194277810.51056722
9.5836292571941968 199771473.06607282 -199770751.63226151
9.5836404556353152 205477338.44995996 -205476611.18792167
9.5836516540764354 211406654.72174463 -211405921.52445859
9.5836628525175538 217570590.31715918 -217569851.07451621
9.583674050958674 223980995.26975289 -223980249.86843315
9.5836852493997924 230650450.49782369 -230649698.82116827
9.5836964478409108 237592321.22330236 -237591563.15117842
9.583707646282031 244820814.91757247 -244820050.32623118
9.5837188447231494 252351044.21201676 -252350272.97394416
9.5837300431642696 260199095.25824797 -260198317.24200764
9.583741241605388 268382102.07674238 -268381317.14681
9.5837524400465082 276918327.49239212 -276917535.50898087
9.5837636384876266 285827251.32298076 -285826452.14185739
9.5837748369287468 295129666.56230515 -295128860.03459573
9.5837860353698652 304847784.38530123 -304846970.35728627
9.5837972338109854 315005348.8987388 -315004527.21163666
9.5838084322521038 325627762.67025274 -325626933.15999061
9.5838196306932222 336742224.19201666 -336741386.68898851
9.5838308291343424 348377878.57485443 -348377032.90366459
9.5838420275754608 360565982.9268539 -360565128.90604556
9.583853226016581 373340088.05226177 -373339225.49402922
9.5838644244576994 386736238.31009358 -386735367.01997685
9.5838756228988196 400793191.70671993 -400792311.48328078
9.583886821339938 415552662.56427324 -415551773.19875067
9.5838980197810582 431059589.4125306 -431058690.68847513
9.5839092182221766 447362431.10132521 -447361522.79420936
9.5839204166632967 464513494.53273469 -464512576.40953827
9.5839316151044152 482569297.87653923 -482568369.69530737
9.5839428135455353 501590973.66348261 -501590035.17285448
9.5839540119866538 521644716.76622188 -521643767.70492733
9.5839652104277722 542802282.98918343 -542801323.08550537
9.5839764088688923 565141544.81127739 -565140573.78247654
9.5839876073100108 588747111.78393912 -588746129.33563852
9.5839988057511309 613711024.1984092 -613710030.02393413
9.5840100041922494 640133529.93420577 -640132523.71387613
9.5840212026333695 668123955.91948831 -668122937.31985867
9.584032401074488 697801687.40571904 -697800656.07876134
9.5840435995156081 729297270.35034144 -729296225.93256617
9.5840547979567265 762753654.65186596 -762752596.76337445
9.5840659963978467 798327598.87754965 -798326527.12101281
9.5840771948389651 836191260.55296576 -836190174.51252019
9.5840883932800836 876534000.13872218 -876532899.37877703
9.5840995917212037 919564431.66333628 -919563315.72728145
9.5841107901623221 965512758.73086023 -965511627.13966572
9.5841219886034423 1014633441.5201893 -1014632293.7708843
9.5841331870445607 1067208248.6690395 -1067207084.2330593
9.5841443854856809 1123549757.8817539 -1123548576.2031395
9.5841555839267993 1184005381.1219735 -1184004181.6154084
9.5841667823679195 1248962004.8157692 -1248960786.8644354
9.5841779808090379 1318851353.1885836 -1318850116.1418154
9.5841891792501581 1394156204.4553397 -1394154947.6260521
9.5842003776912765 1475417616.0554857 -1475416338.7173524
9.5842115761323967 1563243347.6323972 -1563242049.0167449
9.5842227745735151 1658317710.6131065 -1658316389.905493
9.5842339730146335 1761413123.0231957 -1761411779.3596313
9.5842451714557537 1873403710.1318936 -1873402342.5946591
9.5842563698968721 1995281369.0597193 -1995279976.6727288
9.5842675683379923 2128174812.8894737 -2128173394.6131189
9.5842787667791107 2273372232.8643627 -2273370787.5897694
9.5842899652202309 2432348373.4802599 -2432346900.0228724
9.5843011636613493 2606797014.6184597 -2606795511.7108545
9.5843123621024695 2798670110.9063268 -2798668577.1901445
9.5843235605435879 3010225168.9582543 -3010223602.9751115
9.5843347589847081 3244082872.6857719 -3244081272.8669949
9.5843459574258265 3503297528.6332803 -3503295893.2882719
9.5843571558669449 3791443643.1390028 -3791441970.4420137
9.5843683543080651 4112722924.5200939 -4112721212.4951282
9.5843795527491835 4472097315.433075 -4472095561.9366016
9.5843907511903037 4875455428.3680096 -4875453631.0690842
9.5844019496314221 5329822159.7634287 -5329820316.1207352
9.5844131480725423 5843624553.4446983 -5843622660.6799269
9.5844243465136607 6427031546.1596308 -6427029601.2264471
9.5844355449547809 7092391609.2974386 -7092389608.8451414
9.5844467433958993 7854801325.6622734 -7854799265.9929943
9.5844579418370195 8732850848.2220497 -8732848725.2400608
9.5844691402781379 9749610885.7065678 -9749608694.8578663
9.5844803387192581 10933953300.209303 -10933951036.409119
9.5844915371603765 12322338261.030619 -12322335918.575817
9.5845027356014949 13961262672.68215 -13961260245.144537
9.5845139340426151 15910659562.343407 -15910657042.438673
9.5845251324837335 18248686786.570507 -18248684165.995758
