# serie phase 2 p4_w2.27_c1.20_dt2_k2 : t x1 x2 (dt2=9.5986638164776064e-06, depart t=44.033999999999999 etat bascule x1 x2 v1 v2 = 1926074.3211511692 -1918008.8099415423 98574270.394488052 -98367484.712414443)
44.108293657939534 391744147222.5238 -391740502600.7561
44.108303256603349 395873658196.27032 -395869994415.41815
44.108312855267165 400057724695.34833 -400054041603.94061
44.108322453930981 404297213913.05225 -404293511358.01703
44.108332052594797 408593009167.33533 -408589286993.97852
44.108341651258613 412946010244.37836 -412942268296.36206
44.108351249922435 417357133750.41425 -417353371869.73505
44.108360848586251 421827313472.03516 -421823531499.00177
44.108370447250067 426357500745.20221 -426353698518.41296
44.108380045913883 430948664833.19592 -430944842189.51575
44.108389644577699 435601793313.7489 -435597950088.28601
44.108399243241514 440317892475.60938 -440314028501.69159
44.10840884190533 445097987724.78864 -445094102833.93921
44.108418440569146 449943124000.76196 -449939218022.67517
44.108428039232962 454854366202.8905 -454850438965.40674
44.108437637896778 459832799627.34033 -459828850956.42084
44.1084472365606 464879530414.79352 -464875560134.49457
44.108456835224416 469995686009.24445 -469991693941.69128
44.108466433888232 475182415628.19299 -475178401593.55334
44.108476032552048 480440890744.53973 -480436854560.99664
44.108485631215864 485772305580.51105 -485768247064.23547
44.108495229879679 491177877613.95898 -491173796579.08203
44.108504828543495 496658848097.36438 -496654744355.94879
44.108514427207311 502216482589.90894 -502212355951.92023
44.108524025871127 507852071502.98419 -507847921776.26141
44.108533624534942 513566930659.51093 -513562757649.73676
44.108543223198765 519362401867.45837 -519358205378.12885
44.108552821862581 525239853507.96674 -525235633340.36029
44.108562420526397 531200681138.48846 -531196437091.6347
44.108572019190213 537246308111.37421 -537242039982.02191
44.108581617854028 543378186208.34369 -543373893790.92841
44.108591216517844 549597796291.29742 -549593479377.90851
44.10860081518166 555906648969.93274 -555902307350.27966
44.108610413845476 562306285286.6571 -562301918748.0354
44.108620012509292 568798277419.29541 -568793885746.55188
44.108629611173107 575384229402.09949 -575379812377.59705
44.10863920983693 582065777865.59204 -582061335269.17334
44.108648808500746 588844592795.80566 -588840124404.75696
44.108658407164562 595722378313.47925 -595717883902.49316
44.108668005828378 602700873473.76819 -602696352814.90552
44.108677604492193 609781853087.1084 -609777305949.75964
44.108687203156009 616967128561.86011 -616962554712.70654
44.108696801819825 624258548769.33911 -624253947972.31262
44.108706400483641 631658000931.91309 -631653372948.15564
44.108715999147456 639167411534.86816 -639162756122.69043
44.108725597811272 646788747262.73682 -646784064177.57617
44.108735196475095 654524015960.81091 -654519304955.18872
44.108744795138911 662375267622.60352 -662370528446.08118
44.108754393802727 670344595404.05688 -670339827803.19177
44.108763992466542 678434136665.28333 -678429340383.58337
44.108773591130358 686646074040.67615 -686641248818.55408
44.108783189794174 694982636538.25439 -694977782112.98083
44.10879278845799 703446100669.11389 -703441216774.76953
44.108802387121806 712038791607.93884 -712033877975.36597
44.108811985785621 720763084385.50916 -720758140742.26221
44.108821584449437 729621405114.17236 -729616431184.46765
44.10883118311326 738616232247.30457 -738611227751.96899
44.108840781777076 747750097873.82312 -747745062530.2417
44.108850380440892 757025589048.82739 -757020522570.89038
44.108859979104707 766445349161.49255 -766440251259.54102
44.108869577768523 776012079341.37048 -776006949722.14124
44.108879176432339 785728539904.32446 -785723378270.8938
44.108888775096155 795597551839.32104 -795592357891.04724
44.10889837375997 805621998337.36768 -805616771769.83301
44.108907972423786 815804826363.94104 -815799566868.89197
44.108917571087602 826149048276.25793 -826143755541.54468
44.108927169751418 836657743486.85889 -836652417196.37366
44.108936768415241 847334060174.92981 -847328700008.54395
44.108946367079056 858181217046.91821 -858175822680.41785
44.108955965742872 869202505148.03516 -869197076253.05603
44.108965564406688 880401289726.25903 -880395825970.2196
44.108975163070504 891781012150.56592 -891775513196.59973
44.10898476173432 903345191885.11938 -903339657392.00562
44.108994360398135 915097428521.24292 -915091858143.33606
44.109003959061951 927041403869.06531 -927035797256.22302
44.109013557725767 939180884110.78796 -939175240908.29773
44.109023156389583 951519722017.61682 -951514041866.12109
44.109032755053406 964061859232.43628 -964056141767.85632
44.109042353717221 976811328620.40369 -976805573473.86169
44.109051952381037 989772256689.71948 -989766463487.45923
44.109061551044853 1002948866084.9061 -1002943034448.212
44.109071149708669 1016345478155.0303 -1016339607700.1451
44.109080748372484 1029966515599.3477 -1029960605937.3882
44.1090903470363 1043816505193.0002 -1043810555929.8713
44.109099945700116 1057900080595.4592 -1057894091331.7662
44.109109544363932 1072221985244.5229 -1072215955575.4823
44.109119143027748 1086787075338.7605 -1086781004854.1086
44.10912874169157 1101600322911.4197 -1101594211195.3201
44.109138340355386 1116666818998.9177 -1116660665629.8657
44.109147939019202 1131991776907.1755 -1131985581457.9016
44.109157537683018 1147580535579.1582 -1147574297616.5288
44.109167136346834 1163438563067.1404 -1163432282152.0571
44.109176735010649 1179571460113.2852 -1179565135800.5818
44.109186333674465 1195984963842.3159 -1195978595680.6533
44.109195932338281 1212684951570.2251 -1212678539101.9836
44.109205531002097 1229677444733.0452 -1229670987494.2153
44.109215129665913 1246968612939.9172 -1246962110459.9875
44.109224728329735 1264564778154.8286 -1264558229956.6714
44.109234326993551 1282472419011.6187 -1282465824611.3733
44.109243925657367 1300698175266.9514 -1300691534173.9055
44.109253524321183 1319248852396.145 -1319242164112.6121
44.109263122984999 1338131426337.043 -1338124690358.238
44.109272721648814 1357353048387.2397 -1357346264201.1533
44.10928232031263 1376921050260.0986 -1376914217347.366
44.109291918976446 1396842949305.3564 -1396836067139.1255
44.109301517640262 1417126453900.3433 -1417119521946.1392
44.109311116304077 1437779469017.9329 -1437772486733.5193
44.1093207149679 1458810101977.7722 -1458803068813.0105
44.109330313631716 1480226668387.4976 -1480219583784.2021
44.109339912295532 1502037698280.8516 -1502030561672.6418
44.109349510959348 1524251942460.1086 -1524244753272.2581
44.109359109623163 1546878379050.3564 -1546871136699.6389
44.109368708286979 1569926220273.4597 -1569918924167.9915
44.109378306950795 1593404919449.9075 -1593397568988.9854
44.109387905614611 1617324178237.2429 -1617316772811.1804
44.109397504278427 1641693954113.8657 -1641686493103.824
44.109407102942242 1666524468117.4524 -1666516950895.2673
44.109416701606058 1691826212847.8179 -1691818638775.8247
44.109426300269881 1717609960744.1365 -1717602329174.9888
44.109435898933697 1743886772647.0981 -1743879082923.5837
44.109445497597513 1770668006656.9016 -1770660258111.7539
44.109455096261328 1797965327298.4912 -1797957519254.196
44.109464694925144 1825790715005.9426 -1825782846774.541
44.10947429358896 1854156475938.3625 -1854148546821.2483
44.109483892252776 1883075252140.2827 -1883067261427.9958
44.109493490916591 1912560032060.0078 -1912551979032.0229
44.109503089580407 1942624161439.9009 -1942616045364.4104
44.109512688244223 1973281354593.4602 -1973273174727.1531
44.109522286908046 2004545706084.365 -2004537461672.1995
44.109531885571862 2036431702823.4614 -2036423393098.4329
44.109541484235677 2068954236600.4561 -2068945860783.3589
44.109551082899493 2102128617067.7363 -2102120174366.9209
44.109560681563309 2135970585194.4226 -2135962074805.5452
44.109570280227125 2170496327209.7856 -2170487748315.5532
44.109579878890941 2205722489055.8779 -2205713840825.7866
44.109589477554756 2241666191369.9194 -2241657472959.9868
44.109599076218572 2278345045018.3145 -2278336255570.8037
44.109608674882388 2315777167205.0083 -2315768305848.1489
44.109618273546211 2353981198177.6265 -2353972264025.3242
44.109627872210027 2392976318556.1958 -2392967310707.7388
44.109637470873842 2432782267310.6064 -2432773184850.3608
44.109647069537658 2473419360413.6167 -2473410202410.7178
44.109656668201474 2514908510197.979 -2514899275706.0122
44.10966626686529 2557271245447.124 -2557261933503.7998
44.109675865529105 2600529732250.4844 -2600520341877.3032
44.109685464192921 2644706795655.873 -2644697325857.7837
44.109695062856737 2689825942152.9336 -2689816391917.98
44.109704661520553 2735911383023.5361 -2735901751322.498
44.109714260184376 2782988058596.1128 -2782978344382.1357
44.109723858848191 2831081663442.9062 -2831071865651.1221
44.109733457512007 2880218672561.3706 -2880208790108.5088
44.109743056175823 2930426368582.3818 -2930416400366.3701
44.109752654839639 2981732870050.0586 -2981722814949.6133
44.109762253503455 3034167160820.7988 -3034157017695.0039
44.10977185216727 3087759120630.2671 -3087748888318.1431
44.109781450831086 3142539556880.959 -3142529234201.02
44.109791049494902 3198540237703.9985 -3198529823453.7974
44.109800648158718 3255793926352.5664 -3255783419308.2275
44.109810246822541 3314334416986.6538 -3314323815902.394
44.109819845486356 3374196571912.0259 -3374185875519.6616
44.109829444150172 3435416360339.5073 -3435405567347.9492
44.109839042813988 3498030898733.5547 -3498020007828.2881
44.109848641477804 3562078492823.0181 -3562067502665.5693
44.109858240141619 3627598681350.6924 -3627587590578.0806
44.109867838805435 3694632281641.4946 -3694621088865.668
44.109877437469251 3763221437074.1646 -3763210140881.4209
44.109887036133067 3833409666545.2163 -3833398265495.6084
44.109896634796883 3905241916018.1519 -3905230408644.8755
44.109906233460705 3978764612256.1216 -3978752997064.8857
44.109915832124521 4054025718841.7759 -4054013994310.1572
44.109925430788337 4131074794592.3438 -4131062959169.1206
44.109935029452153 4209963054484.2231 -4209951106588.6909
44.109944628115969 4290743433208.521 -4290731371229.7891
44.109954226779784 4373470651483.2803 -4373458473779.5474
44.1099638254436 4458201285256.1562 -4458188990153.9668
44.109973424107416 4544993837938.3828 -4544981423731.8594
44.109983022771232 4633908815817.7969 -4633896280767.8496
44.109992621435048 4725008806808.3545 -4724996149141.8721
44.110002220098863 4818358562699.7861 -4818345780608.7979
44.110011818762686 4914025085081.334 -4914012176722.1484
44.110021417426502 5012077715123.0166 -5012064678615.3359
44.110031016090318 5112588227408.2939 -5112575060834.3018
44.110040614754134 5215630928020.7832 -5215617629424.2021
44.110050213417949 5321282757101.7832 -5321269324486.9072
44.110059812081765 5429623396106.4834 -5429609827437.1787
44.110069410745581 5540735379997.5762 -5540721673196.2529
44.110079009409397 5654704214631.4287 -5654690367577.9795
44.110088608073212 5771618499605.5918 -5771604510136.2998
44.110098206737028 5891570056849.7363 -5891555922756.1475
44.110107805400851 6014654065260.9932 -6014639784288.7539
44.110117404064667 6140969201701.791 -6140954771549.4502
44.110127002728483 6270617788694.4961 -6270603207012.2676
44.110136601392298 6403705949169.0566 -6403691213557.5439
44.110146200056114 6540343768639.9053 -6540328876648.7852
44.11015579871993 6680645465210.1475 -6680630414336.8135
44.110165397383746 6824729567825.1465 -6824714355513.3057
44.110174996047562 6972719103221.7842 -6972703726860.0078
44.110184594711377 7124741792050.501 -7124726248970.7334
44.110194193375193 7280930254669.2168 -7280914542145.2305
44.110203792039016 7441422227142.958 -7441406342388.7588
44.110213390702832 7606360788016.1299 -7606344728184.3115
44.110222989366648 7775894596457.2207 -7775878358637.2627
44.110232588030463 7950178142411.3477 -7950161723627.8564
44.110242186694279 8129372009439.4766 -8129355406650.3691
44.110251785358095 8313643150962.4141 -8313626361057.0371
44.110261384021911 8503165180672.5479 -8503148200469.7373
44.110270982685726 8698118677927.3594 -8698101504173.4287
44.110280581349542 8898691508986.6426 -8898674138353.3047
44.110290180013358 9105079165013.1816 -9105061594095.4004
44.110299778677181 9317485117812.2656 -9317467343126.0293
44.110309377340997 9536121194353.9531 -9536103212333.9707
44.110318976004812 9761207971184.8184 -9761189778182.1387
44.110328574668628 9992975189907.2305 -9992956782186.7676
44.110338173332444 10231662194990.113 -10231643568728.098
44.11034777199626 10477518395246.691 -10477499546528.016
44.110357370660076 10730803750410.479 -10730784675225.957
44.110366969323891 10991789284341.031 -10991769978584.557
44.110376567987707 11260757626480.496 -11260738085946.092
44.110386166651523 11538003583305.379 -11537983803684.146
44.110395765315346 11823834741628.977 -11823814718505.928
44.110405363979162 12118572105737.225 -12118551834587.992
44.110414962642977 12422550770483.996 -12422530246671.43
44.110424561306793 12736120632613.475 -12736099851384.104
44.110434159970609 13059647142734.326 -13059626099214.688
44.110443758634425 13393512100547.697 -13393490789740.527
44.11045335729824 13738114496107.32 -13738092912887.598
44.110462955962056 14093871400093.105 -14093849539203.945
44.110472554625872 14461218906290.174 -14461196762338.551
44.110482153289688 14840613129704.783 -14840590697157.104
44.110491751953504 15232531263983.988 -15232508537161.479
44.110501350617326 15637472702073.352 -15637449675147.264
44.110510949281142 16055960224354.805 -16055936891341.436
44.110520547944958 16488541258805.471 -16488517613560.975
44.110530146608774 16935789218060.102 -16935765254275.098
44.11053974527259 17398304918630.461 -17398280629824.422
44.110549343936405 17876718087924.742 -17876693467440.152
44.110558942600221 18371688965145.547 -18371664006141.816
44.110568541264037 18883910002604.449 -18883884698051.578
44.110578139927853 19414107674517.289 -19414082017189.262
44.110587738591668 19963044400867.262 -19963018383335.176
44.110597337255491 20531520594517.105 -20531494209141.996
44.110606935919307 21120376840417.828 -21120350079343.195
44.110616534583123 21730496216451.812 -21730469071595.809
44.110626133246939 22362806766216.32 -22362779229263.629
44.110635731910754 23018284134877.785 -23018256197271.117
44.11064533057457 23697954380119.723 -23697926033050.953
44.110654929238386 24402896971236.852 -24402868205637.766
44.110664527902202 25134247990443.355 -25134218796975.973
44.110674126566018 25893203551655.441 -25893173920701.914
44.110683725229833 26681023453307.246 -26680993374959.285
44.110693323893656 27499035083136.195 -27499004547184.031
44.110702922557472 28348637594399.055 -28348606590319.887
44.110712521221288 29231306374615.469 -29231274891561.367
44.110722119885104 30148597829815.34 -30148565856600.594
44.110731718548919 31102154509242.902 -31102122034330.773
44.110741317212735 32093710597627.625 -32093677609116.465
44.110750915876551 33125097804548.141 -33125064290156.848
44.110760514540367 34198251683066.457 -34198217630119.238
44.110770113204183 35315218412666.32 -35315183808076.695
44.110779711867998 36478162084743.953 -36478126914998
44.110789310531821 37689372532317.867 -37689336783456.617
44.110798909195637 38951273749528.18 -38951237407129.148
44.110808507859453 40266432950735.516 -40266395999893.305
44.110818106523269 41637570323597.453 -41637532748903.359
44.110827705187084 43067569535780.383 -43067531321300.984
44.1108373038509 44559489060492.016 -44559450189746.641
44.110846902514716 46116574392401.398 -46116534848338.422
44.110856501178532 47742271232420.148 -47742230997392.07
44.110866099842347 49440239727386.727 -49440198783123.883
44.110875698506163 51214369859434.391 -51214328187017.32
44.110885297169986 53068798088968.555 -53068755668798.836
44.110894895833802 55007925365804.578 -55007882177574.094
44.110904494497618 57036436634642.664 -57036392657301.188
44.110914093161433 59159321973863.414 -59159277185584.406
44.110923691825249 61381899520956.523 -61381853899101.016
44.110933290489065 63709840353978.531 -63709793875056.953
44.110942889152881 66149195516391.258 -66149148156023.117
44.110952487816697 68706425392347.867 -68706377125219.117
44.110962086480512 71388431661639.422 -71388382461457.328
44.110971685144328 74202592088607.891 -74202541928053.281
44.110981283808151 77156798427116.391 -77156747277793.094
44.110990882471967 80259497754598.109 -80259445586979.312
44.111000481135783 83519737583529.531 -83519684366900.969
44.111010079799598 86947215137969.938 -86947160840369.594
44.111019678463414 90552331226332.5 -90552275814486.594
44.11102927712723 94346249192207.656 -94346192631462.625
44.111038875791046 98340959480625.203 -98340901734875.469
44.111048474454861 102549350420292.02 -102549291451903.12
44.111058073118677 106985285893793.91 -106985225663520.72
44.111067671782493 111663690648942.94 -111663629115842.53
44.111077270446309 116600644095616.75 -116600581216955.64
44.111086869110132 121813483536057.66 -121813419267212.8
44.111096467773947 127320917895080.92 -127320852189434.09
44.111106066437763 133143153150345.31 -133143085959170.39
44.111115665101579 139302030815188.25 -139301962087530.69
44.111125263765395 145821181000788.56 -145821110683336.5
44.111134862429211 152726191783772.59 -152726119820719
44.111144461093026 160044796831676.62 -160044723164571.53
44.111154059756842 167807083500276.38 -167807008067868.56
44.111163658420658 176045723914147.19 -176045646652214.41
44.111173257084474 184796231886440.88 -184796152727607.41
44.111182855748297 194097248927726.81 -194097167801267.56
44.111192454412112 203990863051703 -203990779883332.69
44.111202053075928 214522964608135.12 -214522879319781.5
44.111211651739744 225743643984946.78 -225743556494506.19
44.11122125040356 237707636723906.81 -237707546944980.5
44.111230849067375 250474822416849.19 -250474730258458.84
44.111240447731191 264110784699135.78 -264110690065415.91
44.111250046395007 278687440768272.75 -278687343558138.09
44.111259645058823 294283750153311.88 -294283650260097.31
44.111269243722639 310986513976123.88 -310986411287193.94
44.111278842386461 328891277725334.62 -328891172121660
44.111288441050277 348103352654587.19 -348103244010284.38
44.111298039714093 368738973381483.75 -368738861563314.5
44.111307638377909 390926612172793.25 -390926497039619.56
44.111317237041725 414808473832651.5 -414808355234841.31
44.11132683570554 440542199195796.69 -440542076974575.12
44.111336434369356 468302810081876.62 -468302684068616.88
44.111346033033172 498284934342730.31 -498284804358177.5
44.111355631696988 530705356544947.19 -530705222398367.62
44.111365230360803 565805948115901 -565805809604148.38
44.111374829024626 603857040725239 -603856897631728.25
44.111384427688442 645161318656611.62 -645161170750188.62
44.111394026352258 690058320439512.25 -690058167473208
44.111403625016074 738929657574491.75 -738929499284146.5
44.111413223679889 792205079525321.5 -792204915628062.5
44.111422822343705 850369540253252 -850369370445806.5
44.111432421007521 913971453486729.88 -913971277443552.5
44.111442019671337 983632363133969.5 -983632180505159.62
44.111451618335153 1060058303543507.1 -1060058113952487.5
44.111461216998968 1144053184232907 -1144052987273832.5
44.111470815662791 1236534607959380.5 -1236534403194238.2
44.111480414326607 1338552623774258.8 -1338552410729617
44.111490012990423 1451312032786026.5 -1451311810949380.5
44.111499611654239 1576199010498652.5 -1576198779314308.8
44.111509210318054 1714812994107840 -1714812752972269.8
44.11151880898187 1869005017539647.5 -1869004765796226
44.111528407645686 2040923975928763.5 -2040923712861799.8
44.111538006309502 2233072684641717.2 -2233072409469660.8
44.111547604973318 2448376091860415 -2448375803728101
44.111557203637133 2690264644287358 -2690264342257133
44.111566802300949 2962776640136482 -2962776323178012
44.111576400964772 3270684498219336 -3270684165197866
44.111585999628588 3619651317062133.5 -3619650966724915
44.111595598292404 4016426017122999 -4016425648083546.5
44.111605196956219 4469087925937716.5 -4469087536657473
44.111614795620035 4987355125752554 -4987354714519456
44.111624394283851 5582975579778823 -5582975144682131
44.111633992947667 6270226483337458 -6270226022238082
44.111643591611482 7066556158324804 -7066555668820143
44.111653190275298 7993415170470093 -7993414649852173
44.111662788939114 9077340727689914 -9077340172895282
44.111672387602937 10351383102371364 -10351382509920788
44.111681986266753 11856998250851444 -11856997616776902
44.111691584930568 13646582241497688 -13646581561253416
44.111701183594384 15786898696898902 -15786897965252294
44.1117107822582 18363762948118528 -18363762159015336
44.111720380922016 21488516393914760 -21488515540311260
44.111729979585832 25307084596483712 -25307083670135980
44.111739578249647 30012817261687408 -30012816252884368
44.111749176913463 35864948798472248 -35864947695694164
44.111758775577279 43215551003098008 -43215549792574936
44.111768374241102 52549548890558352 -52549547555692656
