# serie phase 2 p5_w1.73_c1.05_dt2_k2 : t x1 x2 (dt2=1.1915341467079832e-05, depart t=26.634 etat bascule x1 x2 v1 v2 = 37565.146812540552 -37345.358914594173 1298925.2372673866 -1295876.7375935011)
26.725271515637832 867202718.08269131 -867190454.91376972
26.725283430979299 874573853.50622237 -874561548.74873698
26.725295346320767 882026646.59503448 -882014300.00153434
26.725307261662234 889562213.57401741 -889549824.89494276
26.725319177003701 897181688.83383787 -897169257.8174969
26.725331092345169 904886225.27413428 -904873751.66667914
26.725343007686636 912676994.65410364 -912664478.19950664
26.725354923028103 920555187.95064998 -920542628.39067924
26.72536683836957 928522015.72427762 -928509412.79847193
26.725378753711038 936578708.49292791 -936566061.93857193
26.725390669052501 944726517.1139487 -944713826.66604757
26.725402584393969 952966713.17438602 -952953978.56563962
26.725414499735436 961300589.38981068 -961287810.35058713
26.725426415076903 969729460.0118885 -969716636.27019799
26.72543833041837 978254661.24491084 -978241792.52637875
26.725450245759838 986877551.67149794 -986864637.69933736
26.725462161101305 995599512.68771231 -995586553.18269658
26.725474076442772 1004421948.9478122 -1004408943.6282468
26.72548599178424 1013346288.8188825 -1013333237.4005767
26.725497907125707 1022373984.8455877 -1022360887.0418258
26.725509822467174 1031506514.2253095 -1031493369.7468212
26.725521737808641 1040745379.2939217 -1040732187.848853
26.725533653150109 1050092108.0224662 -1050078869.3163488
26.725545568491576 1059548254.5250186 -1059534968.2607396
26.725557483833043 1069115399.578017 -1069102065.4557879
26.72556939917451 1078795151.1513426 -1078781768.8686683
26.725581314515978 1088589144.9514527 -1088575714.2030988
26.725593229857445 1098499044.9768775 -1098485565.4548385
26.725605145198909 1108526544.0863948 -1108513015.4798615
26.725617060540376 1118673364.5802069 -1118659786.5755327
26.725628975881843 1128941258.794452 -1128927631.0751195
26.725640891223311 1139332009.7093878 -1139318331.9559741
26.725652806564778 1149847431.5716202 -1149833703.4617627
26.725664721906245 1160489370.5307236 -1160475591.739084
26.725676637247712 1171259705.2906311 -1171245875.4888601
26.72568855258918 1182160347.7761874 -1182146466.6328886
26.725700467930647 1193193243.8152509 -1193179310.9959433
26.725712383272114 1204360373.8367436 -1204346389.0038247
26.725724298613581 1215663753.5850885 -1215649716.3977959
26.725736213955049 1227105434.8514652 -1227091344.9658387
26.725748129296516 1238687506.2223113 -1238673363.2911527
26.725760044637983 1250412093.8455329 -1250397897.5183675
26.725771959979451 1262281362.2149074 -1262267112.1379428
26.725783875320918 1274297514.9731464 -1274283210.789232
26.725795790662385 1286462795.7341268 -1286448437.0827119
26.725807706003852 1298779488.924799 -1298765075.441891
26.72581962134532 1311249920.6473162 -1311235451.9654372
26.725831536686783 1323876459.5619128 -1323861935.3100567
26.725843452028251 1336661517.7910862 -1336646937.5946743
26.725855367369718 1349607551.8456881 -1349592915.3265243
26.725867282711185 1362717063.573494 -1362702370.3497188
26.725879198052652 1375992601.1308837 -1375977850.8169289
26.72589111339412 1389436759.97825 -1389421952.1847908
26.725903028735587 1403052183.8997872 -1403037318.2336948
26.725914944077054 1416841566.0483489 -1416826642.112642
26.725926859418522 1430807650.016058 -1430792667.4098539
26.725938774759989 1444953230.9313605 -1444938189.249825
26.725950690101456 1459281156.5832815 -1459266055.4175775
26.725962605442923 1473794328.5736392 -1473779167.5108757
26.725974520784391 1488495703.4979925 -1488480482.1211722
26.725986436125858 1503388294.1561291 -1503373012.044095
26.725998351467325 1518475170.7929082 -1518459827.5202894
26.726010266808792 1533759462.3703356 -1533744057.5074925
26.72602218215026 1549244357.8717566 -1549228890.984725
26.726034097491727 1564933107.6390476 -1564917578.2894821
26.726046012833191 1580829024.7437768 -1580813432.4888926
26.726057928174658 1596935486.3932941 -1596919830.7858088
26.726069843516125 1613255935.3727384 -1613240215.9608123
26.726081758857593 1629793881.5239973 -1629778097.8511732
26.72609367419906 1646552903.2626922 -1646537054.8678331
26.726105589540527 1663536649.1342862 -1663520735.5515134
26.726117504881994 1680748839.4104428 -1680732860.1690722
26.726129420223462 1698193267.7267997 -1698177222.3512769
26.726141335564929 1715873802.763366 -1715857690.7732008
26.726153250906396 1733794389.9688094 -1733778210.8785093
26.726165166247863 1751959053.3298895 -1751942806.648891
26.726177081589331 1770371897.187392 -1770355582.419992
26.726188996930798 1789037108.0999446 -1789020724.7452302
26.726200912272265 1807958956.7570796 -1807942504.308857
26.726212827613733 1827141799.9430513 -1827125277.8897724
26.7262247429552 1846590082.5529265 -1846573490.3776157
26.726236658296667 1866308339.6624897 -1866291676.8426685
26.726248573638134 1886301198.6535616 -1886284464.6611724
26.726260488979602 1906573381.3964558 -1906556575.6977837
26.726272404321065 1927129706.4912465 -1927112828.5468411
26.726284319662533 1947975091.5696306 -1947958140.8342252
26.726296235004 1969114555.6592531 -1969097531.5816824
26.726308150345467 1990553221.6123846 -1990536123.6355021
26.726320065686934 2012296318.6009216 -2012279146.1615152
26.726331981028402 2034349184.6797447 -2034331937.2084498
26.726343896369869 2056717269.4205236 -2056699946.3417358
26.726355811711336 2079406136.6181836 -2079388737.3499694
26.726367727052804 2102421467.0722537 -2102403991.0262601
26.726379642394271 2125769061.4454167 -2125751508.0267785
26.726391557735738 2149454843.2016954 -2149437211.8089414
26.726403473077205 2173484861.62676 -2173467151.6517167
26.726415388418673 2197865294.9329405 -2197847505.7606359
26.72642730376014 2222602453.4515829 -2222584584.460146
26.726439219101607 2247702782.9155788 -2247684833.4761395
26.726451134443074 2273172867.8348279 -2273154837.3114142
26.726463049784542 2299019434.9676733 -2299001322.7171063
26.726474965126009 2325249356.8913774 -2325231162.2631645
26.726486880467473 2351869655.6748033 -2351851378.0110307
26.72649879580894 2378887506.6565208 -2378869145.2917428
26.726510711150407 2406310242.3317657 -2406291796.5928917
26.726522626491874 2434145356.3518624 -2434126825.558043
26.726534541833342 2462400507.6397204 -2462381891.1022296
26.726546457174809 2491083524.6251221 -2491064821.6472392
26.726558372516276 2520202409.6038432 -2520183619.4807324
26.726570287857744 2549765343.2245522 -2549746465.2431378
26.726582203199211 2579780689.1077709 -2579761722.5466127
26.726594118540678 2610256998.6012816 -2610237942.7304468
26.726606033882145 2641203015.6764569 -2641183869.7573891
26.726617949223613 2672627681.9702172 -2672608445.2556043
26.72662986456508 2704540141.9774866 -2704520813.7111249
26.726641779906547 2736949748.3991861 -2736930327.8158422
26.726653695248014 2769866067.6511059 -2769846553.9763761
26.726665610589482 2803298885.5389509 -2803279277.9891181
26.726677525930949 2837258213.1052547 -2837238510.8871417
26.726689441272416 2871754292.6540551 -2871734494.9648762
26.72670135661388 2906797603.9593306 -2906777709.9865394
26.726713271955347 2942398870.6635051 -2942378879.5846395
26.726725187296815 2978569066.8726211 -2978548977.8551464
26.726737102638282 3015319423.9549379 -3015299236.1560845
26.726749017979749 3052661437.5499911 -3052641150.116591
26.726760933321216 3090606874.7955756 -3090586486.8638949
26.726772848662684 3129167781.7799864 -3129147292.4755545
26.726784764004151 3168356491.2276525 -3168335899.6650882
26.726796679345618 3208185630.4263725 -3208164935.7092056
26.726808594687085 3248668129.4045606 -3248647330.625052
26.726820510028553 3289817229.3674107 -3289796325.6063671
26.72683242537002 3331646491.4012141 -3331625481.7277985
26.726844340711487 3374169805.4554529 -3374148688.9269929
26.726856256052955 3417401399.6126041 -3417380175.274395
26.726868171394422 3461355849.6560178 -3461334516.5411229
26.726880086735889 3506048088.9465985 -3506026646.075644
26.726892002077356 3551493418.6195717 -3551471865.0005383
26.726903917418824 3597707518.1129875 -3597685852.7409968
26.726915832760291 3644706456.04001 -3644684677.8971076
26.726927748101755 3692506701.4176974 -3692484809.472631
26.726939663443222 3741125135.265357 -3741103128.4733481
26.726951578784689 3790579062.5862961 -3790556939.8888111
26.726963494126156 3840886224.7470298 -3840863985.0715413
26.726975409467624 3892064812.2688065 -3892042454.5285525
26.726987324809091 3944133478.047111 -3944111001.1408486
26.726999240150558 3997111351.015017 -3997088753.8267703
26.727011155492026 4051018050.2671423 -4050995331.665946
26.727023070833493 4105873699.6617608 -4105850858.5013962
26.72703498617496 4161698942.9192195 -4161675978.0379462
26.727046901516427 4218514959.2357492 -4218491869.4560313
26.727058816857895 4276343479.4323473 -4276320263.5605726
26.727070732199362 4335206802.6593771 -4335183459.4855709
26.727082647540829 4395127813.6783428 -4395104341.9758749
26.727094562882296 4456130000.7432652 -4456106399.2685509
26.727106478223764 4518237474.1051865 -4518213741.5973806
26.727118393565231 4581474985.1641588 -4581451120.3448429
26.727130308906698 4645867946.2940903 -4645843947.866951
26.727142224248162 4711442451.3673592 -4711418318.0178642
26.727154139589629 4778225297.0065498 -4778201027.4016142
26.727166054931097 4846244004.5922451 -4846219597.3798857
26.727177970272564 4915526843.0577545 -4915502296.8667431
26.727189885614031 4986102852.5019646 -4986078165.9414673
26.727201800955498 5058001868.6533995 -5057977040.3126144
26.727213716296966 5131254548.2201567 -5131229576.6679382
26.727225631638433 5205892395.1611605 -5205867278.9456348
26.7272375469799 5281947787.9174585 -5281922525.5656347
26.727249462321367 5359454007.6422548 -5359428597.6596203
26.727261377662835 5438445267.4710503 -5438419708.3411627
26.727273293004302 5518956742.8752546 -5518931033.0593204
26.727285208345769 5601024603.1440859 -5600998741.0805311
26.727297123687237 5684686044.0419531 -5684660028.1459818
26.727309039028704 5769979321.6909266 -5769953150.3540716
26.727320954370171 5856943787.7298698 -5856917459.3195286
26.727332869711638 5945619925.8044262 -5945593438.6633902
26.727344785053106 6036049389.444418 -6036022741.8903875
26.727356700394573 6128275041.3878307 -6128248231.7129192
26.727368615736037 6222340994.4139299 -6222314020.8841543
26.727380531077504 6318292653.7506161 -6318265514.6053772
26.727392446418971 6416176761.1242428 -6416149454.5757914
26.727404361760438 6516041440.5232983 -6516013964.7561893
26.727416277101906 6617936245.751256 -6617908598.9217873
26.727428192443373 6721912209.8468876 -6721884390.0825243
26.72744010778484 6828021896.4551945 -6827993901.8539829
26.727452023126308 6936319453.2352486 -6936291281.8652105
26.727463938467775 7046860667.3955069 -7046832317.2940197
26.727475853809242 7159703023.4527693 -7159674492.6259327
26.727487769150709 7274905763.3143358 -7274877049.7363214
26.727499684492177 7392529948.7885628 -7392501050.4009428
26.727511599833644 7512638526.6347466 -7512609441.3458138
26.727523515175111 7635296396.2676668 -7635267121.9517269
26.727535430516578 7760570480.2392931 -7760541014.7359457
26.727547345858046 7888529797.6262331 -7888500138.7396307
26.727559261199513 8019245540.4568701 -8019215685.954958
26.72757117654098 8152791153.320159 -8152761100.9338961
26.727583091882444 8289242416.3059769 -8289212163.7285347
26.727595007223911 8428677531.4327908 -8428647076.3187313
26.727606922565379 8571177212.7281609 -8571146552.6925917
26.727618837906846 8716824780.1359787 -8716793912.7536869
26.727630753248313 8865706257.4338646 -8865675180.2384243
26.72764266858978 9017910474.3526058 -9017879184.8354645
26.727654583931248 9173529173.1011066 -9173497668.7106476
26.727666499272715 9332657119.5105534 -9332625397.651123
26.727678414614182 9495392219.0240479 -9495360277.0549679
26.727690329955649 9661835637.7690525 -9661803473.0035973
26.727702245297117 9832091928.962822 -9832059538.6671677
26.727714160638584 10006269164.917288 -10006236546.309437
26.727726075980051 10184479074.920626 -10184446225.169298
26.727737991321519 10366837189.288797 -10366804105.512285
26.727749906662986 10553462989.90197 -10553429669.166964
26.727761822004453 10744480067.553724 -10744446506.874109
26.72777373734592 10940016286.456984 -10939982482.792597
26.727785652687388 11140203956.275129 -11140169906.530478
26.727797568028855 11345180012.067427 -11345145713.090372
26.727809483370319 11555086202.556835 -11555051651.137241
26.727821398711786 11770069287.154499 -11770034480.022833
26.727833314053253 11990281242.200331 -11990246176.02623
26.72784522939472 12215879476.903746 -12215844148.294535
26.727857144736188 12447027059.498402 -12446991464.99757
26.727869060077655 12683892954.157692 -12683857090.243324
26.727880975419122 12926652269.244616 -12926616132.327774
26.727892890760589 13175486517.508436 -13175450103.931492
26.727904806102057 13430583888.874517 -13430547194.90943
26.727916721443524 13692139536.51582 -13692102558.362366
26.727928636784991 13960355876.935575 -13960318610.719524
26.727940552126459 14235442904.828278 -14235405346.599501
26.727952467467926 14517618523.546774 -14517580669.277306
26.727964382809393 14807108892.041624 -14807070737.623653
26.72797629815086 15104148789.198814 -15104110330.442617
26.727988213492328 15408981996.559406 -15408943229.191206
26.728000128833795 15721861700.468987 -15721822620.128752
26.728012044175262 16043050914.762815 -16043011517.001982
26.728023959516726 16372822925.171331 -16372783205.450447
26.728035874858193 16711461756.707731 -16711421710.394033
26.72804779019966 17059262665.370846 -17059222287.73575
26.728059705541128 17416532655.588768 -17416491941.805275
26.728071620882595 17783591024.92778 -17783549970.067795
26.728083536224062 18160769937.680775 -18160728536.712341
26.72809545156553 18548415029.06448 -18548373276.848911
26.728107366906997 18946886041.86414 -18946843933.153061
26.728119282248464 19356557497.490948 -19356515026.923225
26.728131197589931 19777819403.552662 -19777776565.651245
26.728143112931399 20211078000.169376 -20211034789.338009
26.728155028272866 20656756547.429699 -20656712957.949535
26.728166943614333 21115296156.544117 -21115252182.57019
26.7281788589558 21587156667.431778 -21587112302.989376
26.728190774297268 22072817575.671394 -22072772814.652279
26.728202689638735 22572779011.936401 -22572733848.094913
26.728214604980202 23087562777.264801 -23087517204.213806
26.72822652032167 23617713437.755375 -23617667448.962074
26.728238435663137 24163799482.547314 -24163753071.328892
26.728250351004601 24726414549.198116 -24726367708.717232
26.728262266346068 25306178720.888645 -25306131444.148758
26.728274181687535 25903739900.197281 -25903692180.037788
26.728286097029002 26519775264.555862 -26519727093.647079
26.72829801237047 27154992808.851036 -27154944179.688953
26.728309927711937 27810132981.060345 -27810083885.961208
26.728321843053404 28485970417.262947 -28485920848.357613
26.728333758394871 29183315782.826527 -29183265732.054611
26.728345673736339 29903017727.103622 -29902967186.207413
26.728357589077806 30645964959.535763 -30645913920.053894
26.728369504419273 31413088455.666298 -31413036908.92717
26.728381419760741 32205363802.246361 -32205311739.361298
26.728393335102208 33023813691.329369 -33023761103.185501
26.728405250443675 33869510574.025864 -33869457451.278728
26.728417165785142 34743579485.468704 -34743525818.534523
26.72842908112661 35647201053.446014 -35647146832.493668
26.728440996468077 36581614704.191269 -36581559919.133942
26.728452911809544 37548122079.899467 -37548066720.385933
26.728464827151008 38548090683.757584 -38548034739.163101
26.728476742492475 39582957769.621849 -39582901229.038727
26.728488657833942 40654234494.842354 -40654177347.070045
26.72850057317541 41763510356.347916 -41763452589.882729
26.728512488516877 42912457931.830551 -42912399534.854889
26.728524403858344 44102837949.692558 -44102778910.063713
26.728536319199812 45336504713.503845 -45336445018.742241
26.728548234541279 46615411909.003258 -46615351546.28022
26.728560149882746 47941618824.10778 -47941557780.232727
26.728572065224213 49317297015.076294 -49317235276.48336
26.728583980565681 50744737454.993919 -50744675007.727936
26.728595895907148 52226358204.03553 -52226295033.737396
26.728607811248615 53764712644.53215 -53764648736.423485
26.728619726590082 55362498327.779999 -55362433666.647102
26.72863164193155 57022566484.019005 -57022501054.196022
26.728643557273017 58747932251.695824 -58747866037.047119
26.728655472614484 60541785687.60408 -60541718671.505768
26.728667387955952 62407503625.150146 -62407435790.470711
26.728679303297419 64348662454.664093 -64348593783.744034
26.728691218638883 66369051906.831764 -66368982381.462257
26.72870313398035 68472689928.234726 -68472619529.635201
26.728715049321817 70663838746.819977 -70663767455.614563
26.728726964663284 72947022234.970367 -72946950031.163101
26.728738880004752 75327044688.74881 -75326971551.697617
26.728750795346219 77809011153.848724 -77808937062.238007
26.728762710687686 80398349442.413559 -80398274374.225311
26.728774626029153 83100833999.971329 -83100757932.454788
26.728786541370621 85922611798.117477 -85922534707.757095
26.728798456712088 88870230447.685898 -88870152310.167572
26.728810372053555 91950668747.790146 -91950589537.965576
26.728822287395023 95171369909.791199 -95171289601.64035
26.72883420273649 98540277721.070663 -98540196287.662033
26.728846118077957 102065875942.96399 -102065793356.41267
26.728858033419424 105757231270.78047 -105757147502.20381
26.728869948760892 109624040220.15721 -109623955239.62787
26.728881864102359 113676680346.30597 -113676594122.80228
26.728893779443826 117926266249.53107 -117926178750.88445
26.72890569478529 122384710873.49728 -122384622066.33646
26.728917610126757 127064792663.27133 -127064702512.96326
26.728929525468224 131980229217.45001 -131980137688.03712
26.728941440809692 137145758145.82288 -137145665199.95648
26.728953356151159 142577225931.75717 -142577131530.62665
26.728965271492626 148291685697.41171 -148291589800.66925
26.728977186834094 154307504882.99237 -154307407448.67285
26.728989102175561 160644483979.33261 -160644384963.76834
26.729001017517028 167323987601.10831 -167323886958.83807
26.729012932858495 174369089354.94705 -174368987038.61917
26.729024848199963 181804732149.4856 -181804628109.75449
26.72903676354143 189657905814.32379 -189657799999.73929
26.729048678882897 197957844148.73557 -197957736505.62491
26.729060594224364 206736243812.35138 -206736134284.6926
26.729072509565832 216027507805.27954 -216027396334.5661
26.729084424907299 225869016674.35486 -225868903199.45041
26.729096340248766 236301431029.90475 -236301315486.88745
26.729108255590234 247369029479.07816 -247368911801.07333
26.729120170931697 259120086683.81131 -259119966800.81165
26.729132086273165 271607296958.36636 -271607174797.03845
26.729144001614632 284888249639.5014 -284888125122.97729
26.729155916956099 299025963420.89795 -299025836468.55048
26.729167832297566 314089487967.3382 -314089358494.53839
26.729179747639034 330154582441.14569 -330154450359.00067
26.729191662980501 347304482125.5354 -347304347340.60486
26.729203578321968 365630766155.83765 -365630628569.82666
26.729215493663435 385234341535.42981 -385234201044.85583
26.729227409004903 406226561171.73877 -406226417667.56995
26.72923932434637 428730496714.64368 -428730350081.90564
26.729251239687837 452882390612.50287 -452882240729.85071
26.729263155029304 478833316124.69373 -478833162863.94531
26.729275070370772 506751079234.3266 -506750922459.95337
26.729286985712239 536822402632.06018 -536822242200.63
26.729298901053706 569255439480.85522 -569255275240.42261
26.729310816395174 604282673758.40955 -604282505547.8468
26.729322731736641 642164275004.8479 -642164102653.11047
26.729334647078108 683191988735.97607 -683191812061.29431
26.729346562419572 727693660178.30078 -727693478987.28894
26.729358477761039 776038509076.08594 -776038323162.75806
26.729370393102506 828643298096.5719 -828643107241.2533
26.729382308443974 885979567871.45129 -885979371839.57227
26.729394223785441 948582149572.38965 -948581948113.1449
26.729406139126908 1017059213172.4312 -1017059006017.2882
26.729418054468375 1092104168493.1964 -1092103955354.2313
26.729429969809843 1174509810268.0132 -1174509590836.05
26.72944188515131 1265185192053.3044 -1265184965995.8301
26.729453800492777 1365175832500.0757 -1365175599458.896
26.729465715834245 1475688008913.6897 -1475687768502.2908
26.729477631175712 1598118086959.4099 -1598117838759.9766
26.729489546517179 1734088085442.0566 -1734087829002.095
26.729501461858646 1885488999394.4238 -1885488734222.9238
26.729513377200114 2054533827753.9033 -2054533553316.9651
26.729525292541581 2243822807153.4092 -2243822522869.2422
26.729537207883048 2456424087600.8398 -2456423792834.0229
26.729549123224515 2695974062920.1094 -2695973756974.9834
26.729561038565979 2966802879610.3418 -2966802561723.3657
26.729572953907446 3274092419407.0288 -3274092088737.9121
26.729584869248914 3624076465476.2109 -3624076121097.5713
26.729596784590381 4024296081873.0112 -4024295722758.2642
26.729608699931848 4483927844488.9004 -4483927469498.0078
26.729620615273316 5014209017891.5732 -5014208625754.1855
26.729632530614783 5628992916592.1328 -5628992505887.5352
26.72964444595625 6345480788168.5 -6345480357301.6279
26.729656361297717 7185195527461.6182 -7185195074634.1797
26.729668276639185 8175290379650.2363 -8175289902825.7139
26.729680191980652 9350327220805.9199 -9350326717666.8496
26.729692107322119 10754721536663.102 -10754721004558.518
26.729704022663586 12446147102555.082 -12446146538435.312
26.729715938005054 14500342908692.086 -14500342309027.119
26.729727853346521 17018002440474.941 -17018001801151.207
26.729739768687988 20134810389809.297 -20134809705997.723
