# serie phase 2 p4_w1.73_c1.05_dt2_k2 : t x1 x2 (dt2=1.1915341467079832e-05, depart t=120.498 etat bascule x1 x2 v1 v2 = -1619894.0717007094 1614768.9517646823 -66097783.110165134 65993041.736715235)
120.59117797027257 -323205701361.60742 323203408077.1488
120.59118988561403 -326560215780.11377 326557910625.60962
120.5912018009555 -329958362416.99268 329956045300.0451
120.59121371629696 -333400824088.37518 333398494915.62476
120.59122563163844 -336888296109.52936 336885954786.6427
120.5912375469799 -340421486557.03052 340419132988.6875
120.59124946232137 -344001116537.13397 343998750627.01471
120.59126137766283 -347627920460.51288 347625542111.28467
120.59127329300431 -351302646323.53815 351300255436.84204
120.59128520834577 -355026055996.26068 355023652472.69812
120.59129712368724 -358798925517.27563 358796509256.39441
120.5913090390287 -362622045395.66193 362619616295.94238
120.59132095437018 -366496220920.17932 366493778879.01996
120.59133286971164 -370422272475.91766 370419817389.62085
120.59134478505311 -374401035868.59753 374398567632.35486
120.59135670039457 -378433362656.72498 378430881164.60217
120.59136861573604 -382520120491.8244 382517625636.74622
120.5913805310775 -386662193466.95886 386659685140.69379
120.59139244641898 -390860482473.76752 390857960566.91211
120.59140436176044 -395115905568.23553 395113369970.19836
120.59141627710191 -399429398345.461 399426848944.44659
120.59142819244337 -403801914323.65155 403799351006.64404
120.59144010778485 -408234425337.6015 408231847990.34772
120.59145202312631 -412727921941.91418 412725330448.9068
120.59146393846778 -417283413824.24274 417280808068.70306
120.59147585380924 -421901930228.81708 421899310092.67743
120.59148776915072 -426584520390.54468 426581885754.4306
120.59149968449218 -431332253979.9845 431329604723.19659
120.59151159983365 -436146221559.49719 436143557559.99268
120.59152351517511 -441027535050.88232 441024856185.25641
120.59153543051659 -445977328214.81989 445974634358.2865
120.59154734585805 -450996757142.4538 450994048168.82648
120.59155926119952 -456087000759.46198 456084276541.13397
120.59157117654098 -461249261342.95966 461246521750.88397
120.59158309188246 -466484765051.60437 466482009955.27332
120.59159500722392 -471794762469.28387 471791991736.70837
120.59160692256539 -477180529162.76508 477177742660.45361
120.59161883790685 -482643366253.70166 482640563846.63892
120.59163075324831 -488184601005.42175 488181782557.04663
120.59164266858978 -493805587424.91882 493802752797.10236
120.59165458393124 -499507706880.48248 499504855933.50531
120.59166649927272 -505292368735.41876 505289501327.94812
120.59167841461418 -511161010998.33179 511158126987.39807
120.59169032995565 -517115100990.4516 517112200231.42474
120.59170224529711 -523156136030.50623 523153218377.07147
120.59171416063859 -529285644137.63928 529282709441.77252
120.59172607598005 -535505184752.91608 535502232864.85895
120.59173799132152 -541816349479.95917 541813380248.19348
120.59174990666298 -548220762845.28296 548217776116.50482
120.59176182200446 -554720083078.90991 554717078698.0033
120.59177373734592 -561316002915.87024 561312980725.88013
120.59178565268739 -568010250419.20935 568007210261.31445
120.59179756802885 -574804589825.14526 574801531538.63013
120.59180948337033 -581700822411.04431 581697745833.27112
120.59182139871179 -588700787386.88977 588697692353.26941
120.59183331405326 -595806362810.96106 595803249154.92371
120.59184522939472 -603019466530.46497 603016334083.43042
120.5918571447362 -610342057147.85669 610338905739.20361
120.59186906007766 -617776135013.64343 617772964470.67871
120.59188097541913 -625323743246.49329 625320553394.42041
120.59189289076059 -632986968781.45056 632983759443.33728
120.59190480610206 -640767943447.15735 640764714443.90332
120.59191672144352 -648668845072.948 648665596223.25122
120.591928636785 -656691898626.75964 656688629747.0824
120.59194055212646 -664839377384.81226 664836088289.3468
120.59195246746793 -673113604134.04761 673110294634.68103
120.59196438280939 -681516952408.31909 681513622314.59705
120.59197629815087 -690051847759.43787 690048496878.52844
120.59198821349233 -698720769064.14001 698717397200.79639
120.5920001288338 -707526249868.10339 707522856824.62573
120.59201204417526 -716470879768.20935 716467465344.40649
120.59202395951674 -725557305834.23608 725553869827.38599
120.5920358748582 -734788234071.24268 734784776276.05225
120.59204779019967 -744166430923.96313 744162951132.52734
120.59205970554113 -753694724824.53809 753691222826.29846
120.59207162088259 -763376007784.9668 763372483366.66882
120.59208353622407 -773213237035.74011 773209689981.38989
120.59209545156553 -783209436712.14429 783205866802.96448
120.592107366907 -793367699589.75867 793364106604.14355
120.59211928224846 -803691188870.78076 803687572584.25049
120.59213119758994 -814183140022.7981 814179500207.95166
120.5921431129314 -824846862671.75525 824843199098.22302
120.59215502827287 -835685742550.89636 835682054985.29138
120.59216694361433 -846703243507.52856 846699531713.39697
120.5921788589558 -857902909569.49426 857899173307.26477
120.59219077429726 -869288367073.34717 869284606100.27966
120.59220268963874 -880863326856.3075 880859540926.44031
120.5922146049802 -892631586514.06824 892627775378.16455
120.59222652032167 -904597032726.73047 904593196132.22375
120.59223843566313 -916763643655.10144 916759781346.03943
120.59225035100461 -929135491409.76721 929131603126.755
120.59226226634607 -941716744595.41284 941712830075.55518
120.59227418168754 -954511670932.88196 954507729909.72351
120.592286097029 -967524639961.68359 967520672165.1488
120.59229801237048 -980760125825.67041 980756130982.00171
120.59230992771194 -994222710144.76697 994218687976.46179
120.59232184305341 -1007917084975.6753 1007913035201.4218
120.59233375839487 -1021848055864.6863 1021843978199.2979
120.59234567373635 -1036020544995.7186 1036016439150.0669
120.59235758907781 -1050439594436.9452 1050435460117.8916
120.59236950441928 -1065110369489.4738 1065106206399.7999
120.59238141976074 -1080038162141.6018 1080033969979.9382
120.59239333510222 -1095228394632.3729 1095224173093.1263
120.59240525044368 -1110686623128.3081 1110682371901.5869
120.59241716578515 -1126418541517.3252 1126414260288.864
120.59242908112661 -1142429985323.9761 1142425673775.0583
120.59244099646808 -1158726935750.3413 1158722593557.72
120.59245291180954 -1175315523847.0828 1175311150682.8994
120.59246482715102 -1192202034819.3459 1192197630351.0486
120.59247674249248 -1209392912472.3845 1209388476362.6428
120.59248865783395 -1226894763801.9133 1226890295708.533
120.59250057317541 -1244714363734.4988 1244709863310.3333
120.59251248851687 -1262858660023.3499 1262854126916.2107
120.59252440385835 -1281334778305.3062 1281330212157.8706
120.59253631919981 -1300150027324.947 1300145427774.6648
120.59254823454128 -1319311904331.9033 1319307271010.9004
120.59256014988274 -1338828100657.7871 1338823433192.7673
120.59257206522422 -1358706507479.4214 1358701805491.5667
120.59258398056568 -1378955221775.3855 1378950484880.2529
120.59259589590715 -1399582552482.9895 1399577780290.4067
120.59260781124861 -1420597026863.2661 1420592218977.2246
120.59261972659009 -1442007397081.7417 1442002553100.2866
120.59263164193155 -1463822647013.2524 1463817766528.3708
120.59264355727302 -1486051999279.3047 1486047081876.8108
120.59265547261448 -1508704922526.7739 1508699967786.1924
120.59266738795596 -1531791138957.1528 1531786146451.5986
120.59267930329742 -1555320632116.0647 1555315601412.1204
120.59269121863889 -1579303654952.9839 1579298585610.574
120.59270313398035 -1603750738161.8027 1603745629734.0659
120.59271504932182 -1628672698812.918 1628667550846.0759
120.59272696466329 -1654080649288.2478 1654075461321.4702
120.59273888000476 -1679986006531.1147 1679980778096.3821
120.59275079534622 -1706400501623.4414 1706395232245.4041
120.59276271068769 -1733336189703.0754 1733330878898.9097
120.59277462602915 -1760805460234.7004 1760800107513.9612
120.59278654137063 -1788821047648.4353 1788815652512.905
120.59279845671209 -1817396042360.7522 1817390604304.2859
120.59281037205356 -1846543902193.2129 1846538420701.5806
120.59282228739502 -1876278464204.7954 1876272938755.5195
120.5928342027365 -1906613956954.6208 1906608387016.8103
120.59284611807796 -1937565013212.7324 1937559398246.9124
120.59285803341943 -1969146683136.9421 1969141022594.8801
120.59286994876089 -2001374447934.9014 2001368741259.429
120.59288186410237 -2034264234031.2471 2034258480656.0767
120.59289377944383 -2067832427760.8486 2067826627110.3867
120.5929056947853 -2102095890609.7375 2102090042098.8921
120.59291761012676 -2137071975026.6758 2137066078060.6597
120.59292952546824 -2172778540829.1348 2172772594803.2646
120.5929414408097 -2209233972228.5654 2209227976528.0542
120.59295335615116 -2246457195501.0659 2246451149500.8115
120.59296527149263 -2284467697330.8335 2284461600395.2012
120.59297718683409 -2323285543854.8525 2323279395337.4521
120.59298910217557 -2362931400438.9121 2362925199682.3701
120.59300101751703 -2403426552216.0864 2403420298551.811
120.5930129328585 -2444792925420.4302 2444786618168.3721
120.59302484819996 -2487053109550.5479 2487046748018.9521
120.59303676354143 -2530230380398.7788 2530223963883.9331
120.59304867888289 -2574348723984.0547 2574342251770.0293
120.59306059422437 -2619432861427.6499 2619426332786.0317
120.59307250956583 -2665508274813.4062 2665501689003.0249
120.5930844249073 -2712601234075.9199 2712594590342.5684
120.59309634024876 -2760738824962.4224 2760732122538.5679
120.59310825559024 -2809948978116.0718 2809942216220.561
120.5931201709317 -2860260499330.6895 2860253677168.4453
120.59313208627317 -2911703101029.7139 2911696217791.4224
120.59314400161463 -2964307435025.0327 2964300489886.8242
120.59315591695611 -3018105126613.4971 3018098118736.6172
120.59316783229757 -3073128810071.8623 3073121738602.3345
120.59317974763904 -3129412165614.25 3129405029682.5278
120.5931916629805 -3186989957879.6929 3186982756600.3047
120.59320357832198 -3245898076020.4175 3245890808491.5996
120.59321549366344 -3306173575464.8218 3306166240768.1416
120.59322740900491 -3367854721433.4854 3367847318633.4556
120.59323932434637 -3430981034290.458 3430973562434.1377
120.59325123968785 -3495593336816.1372 3495585794932.7231
120.59326315502931 -3561733803492.6484 3561726190593.0557
120.59327507037078 -3629446011897.2871 3629438326973.7153
120.59328698571224 -3698774996304.5923 3698767238330.0811
120.59329890105371 -3769767303603.522 3769759471531.4941
120.59331081639517 -3842471051640.8433 3842463144404.6338
120.59332273173665 -3916935990108.1851 3916928006620.5566
120.59333464707811 -3993213564097.2593 3993205503249.9043
120.59334656241958 -4071356980453.1348 4071348841116.1616
120.59335847776104 -4151421277063.5723 4151413058084.9785
120.59337039310252 -4233463395229.1812 4233455095434.3096
120.59338230844398 -4317542255267.0469 4317533873458.0254
120.59339422378544 -4403718835509.876 4403710370465.041
120.59340613912691 -4492056254870.833 4492047705344.1377
120.59341805446837 -4582619859153.4053 4582611223873.8057
120.59342996980985 -4675477311295.9092 4675468588966.7363
120.59344188515131 -4770698685751.375 4770689875049.6846
120.59345380049278 -4868356567214.3799 4868347666790.2842
120.59346571583424 -4968526153917.6064 4968517162393.584
120.59347763117572 -5071285365736.5879 5071276281706.7734
120.59348954651718 -5176714957350.0547 5176705779379.5059
120.59350146185865 -5284898636720.8994 5284889363344.8418
120.59351337720011 -5395923189177.4375 5395913818900.4844
120.59352529254159 -5509878607390.998 5509869138686.3467
120.59353720788305 -5626858227562.3594 5626848658870.9629
120.59354912322452 -5746958872146.9893 5746949201876.6992
120.59356103856598 -5870280999472.0371 5870271225996.7217
120.59357295390745 -5996928860616.3926 5996918982275.0254
120.59358486924891 -6127010663944.8906 6127000679040.6074
120.59359678459039 -6260638747717.9854 6260628654517.1133
120.59360869993185 -6397929761218.9043 6397919557949.96
120.59362061527332 -6539004854864.4033 6538994539717.0537
120.59363253061478 -6683989879800.8281 6683979450924.8223
120.59364444595626 -6833015597512.2422 6833005053016.3027
120.59365636129772 -6986217900002.1777 6986207237952.8584
120.59366827663919 -7143738041145.5264 7143727259566.0312
120.59368019198065 -7305722879842.6855 7305711976711.6445
120.59369210732213 -7472325135649.4658 7472314108899.6738
120.59370402266359 -7643703657599.2412 7643692505116.3506
120.59371593800506 -7820023706974.7705 7820012426595.9404
120.59372785334652 -8001457254841.5283 8001445844354.0234
120.593739768688 -8188183295204.2959 8188171752344.043
120.59375168402946 -8380388174702.0029 8380376497152.0908
120.59376359937093 -8578265939816.041 8578254125205.1719
120.59377551471239 -8782018702635.4268 8782006748536.3096
120.59378743005387 -8991857026283.5898 8991844930211.2773
120.59379934539533 -9208000331192.6094 9207988090602.7773
120.5938112607368 -9430677323481.6895 9430664935768.8535
120.59382317607826 -9660126446782.998 9660113909278.6621
120.59383509141972 -9896596358952.2051 9896583668922.9473
120.59384700676119 -10140346435197.865 10140333589843.35
120.59385892210265 -10391647299262.406 10391634295713.322
120.59387083744413 -10650781384407.727 10650768219723.654
120.59388275278559 -10918043526069.543 10918030197236.736
120.59389466812706 -11193741588184 11193728092113.086
120.59390658346852 -11478197125317.932 11478183458841.521
120.59391849881 -11771746082906.562 11771732242776.775
120.59393041415146 -12074739538041.975 12074725520927.865
120.59394232949293 -12387544483433.041 12387530285917.922
120.59395424483439 -12710544657359.377 12710530275938.049
120.59396616017587 -13044141422635.617 13044126853711.48
120.59397807551733 -13388754697815.877 13388739937697.936
120.5939899908588 -13744823944115.574 13744808989015.312
120.59400190620026 -14112809211785.873 14112794057814.021
120.59401382154174 -14493192249940.049 14493176893103.203
120.5940257368832 -14886477684138.84 14886462120335.961
120.59403765222467 -15293194266361.52 15293178491380.277
120.59404956756613 -15713896202335.008 15713880211847.98
120.59406148290761 -16149164561587.912 16149148351148.631
120.59407339824907 -16599608775991.789 16599592341030.613
120.59408531359054 -17065868233003.512 17065851568823.34
120.594097228932 -17548613970304.27 17548597072076.057
120.59410914427347 -18048550479052.551 18048533341810.645
120.59412105961493 -18566417623559.996 18566400242197.277
120.59413297495641 -19102992685778.211 19102975055041.012
120.59414489029787 -19659092543688.129 19659074658170.949
120.59415680563934 -20235575993400.625 20235557847540.59
120.5941687209808 -20833346225614.609 20833327813685.719
120.59418063632228 -21453353467873.797 21453334783980.891
120.59419255166374 -22096597805056.863 22096578843129.332
120.59420446700521 -22764132191581.664 22764112945366.875
120.59421638234667 -23457065669887.5 23457046132943.918
120.59422829768815 -24176566811030.211 24176546976720.211
120.59424021302961 -24923867394560.438 24923847256042.789
120.59425212837108 -25700266346287.453 25700245896509.453
120.59426404371254 -26507133954185.895 26507113185875.133
120.594275959054 -27345916384444.379 27345895290100.113
120.59428787439548 -28218140521583.77 28218119093467.891
120.59429978973694 -29125419158725.562 29125397388853.133
120.59431170507841 -30069456566334.758 30069434446464.098
120.59432362041987 -31052054470340.164 31052031991962.441
120.59433553576135 -32075118473403.18 32075095627731.496
120.59434745110281 -33140664956129.148 33140641734087.094
120.59435936644428 -34250828498356.219 34250804890565.844
120.59437128178574 -35407869864481.578 35407845861250.766
120.59438319712721 -36614184600879.07 36614160192188.273
120.59439511246867 -37872312297935.797 37872287473424.086
120.59440702781015 -39184946574340.938 39184921323291.344
120.59441894315161 -40554945846705.32 40554920158029.414
120.59443085849308 -41985344953732.961 41985318815954.602
120.59444277383454 -43479367711072.672 43479341112310.914
120.59445468917602 -45040440480271.211 45040413408222.32
120.59446660451748 -46672206843668.25 46672179285586.711
120.59447851985895 -48378543486290.336 48378515428968.844
120.59449043520041 -50163577396157.656 50163548825906.016
120.59450235054189 -52031704505695.508 52031675408318.352
120.59451426588335 -53987609909682.414 53987580270455.695
120.59452618122482 -56036289809194.93 56036259612841.07
120.59453809656628 -58183075346915.25 58183044577576.891
120.59455001190776 -60433658516705.398 60433627157917.641
120.59456192724922 -62794120349723.578 62794088384384.578
120.59457384259069 -65270961601955.047 65270929012294.938
120.59458575793215 -67871136191992.438 67871102959540.391
120.59459767327363 -70602087665542.219 70602053771091.516
120.59460958861509 -73471788994563.562 73471754418134.609
120.59462150395656 -76488786053049.5 76488750773850.547
120.59463341929802 -79662245150524.359 79662209146909.781
120.59464533463949 -83002005049037.109 83001968298463.156
120.59465724998095 -86518633938375.516 86518596417353.219
120.59466916532243 -90223491899657.359 90223453583702.484
120.59468108066389 -94128799451551.344 94128760315131.109
120.59469299600536 -98247712844441.281 98247672860917.609
120.59470491134682 -102594406848480.89 102594365990049.95
120.59471682668828 -107184165874151.91 107184124111779.66
120.59472874202976 -112033484366841.72 112033441670195.09
120.59474065737122 -117160177536429.5 117160133873802.92
120.59475257271269 -122583503618157.64 122583458956394.52
120.59476448805415 -128324299014218.12 128324253318626.89
120.59477640339563 -134405127841581.91 134405081075846.16
120.59478831873709 -140850447612950.78 140850399739033
120.59480023407856 -147686793007962.09 147686743986000.47
120.59481214942002 -154942979957205.28 154942929745403.03
120.5948240647615 -162650332562891.81 162650281117398.38
120.59483598010296 -170842935731711.06 170842883006494.31
120.59484789544443 -179557916798652.72 179557862745361.59
120.59485981078589 -188835759886581.06 188835704454397.75
120.59487172612737 -198720657283125 198720600418605.5
120.59488364146883 -209260902743280.28 209260844390182.66
120.5948955568103 -220509332349119.28 220509272448218.03
120.59490747215176 -232523819403679.59 232523757892565.19
120.59491938749323 -245367830820743.25 245367767633605.25
120.59493130283469 -259111053615929.72 259110988683321.94
120.59494321817617 -273830101454475.56 273830034703061.47
120.59495513351763 -289609312782806.5 289609244135082.94
120.5949670488591 -306541653928257.69 306541583302254.75
120.59497896420056 -324729742730419.25 324729670039373.62
120.59499087954204 -344287010854712.25 344286936006711.81
120.5950027948835 -365339025969350.94 365338948866947.06
120.59501471022497 -388024998600772.88 388024919140557.12
120.59502662556643 -412499502778675.5 412499420850816.94
120.59503854090791 -438934444714354.25 438934360202093.06
120.59505045624937 -467521319873244.25 467521232652336.5
120.59506237159084 -498473806167413.81 498473716105522.12
120.5950742869323 -532030749809607.88 532030656765631.44
120.59508620227378 -568459611015704.5 568459514839041.5
120.59509811761524 -608060449619175.75 608060350148910.12
120.59511003295671 -651170546247233 651170443311236
120.59512194829817 -698169773671853.62 698169667085789.88
120.59513386363965 -749486856164871 749486745731096.88
120.59514577898111 -805606682983108.38 805606568489449.12
120.59515769432257 -867078876982991 867078758201380.12
120.59516960966404 -934527862325116.38 934527739010079.75
120.5951815250055 -1008664728431184.5 1008664600318147.1
120.59519344034697 -1090301253433910.5 1090301120237301.6
120.59520535568844 -1180366532876358.2 1180366394287487
120.59521727102991 -1279926762658612.5 1279926618343279.8
120.59522918637137 -1390208855289588.8 1390208704885396.5
120.59524110171284 -1512628732840433.5 1512628575953747
120.5952530170543 -1648825348572355.8 1648825184774864
120.59526493239578 -1800701755596273 1800701584421084.5
120.59527684773724 -1970474882327856.2 1970474703265055.2
120.59528876307871 -2160736114951914.2 2160735927443488
120.59530067842017 -2374525358020019 2374525161454050
120.59531259376165 -2615421988956353 2615421782660350.5
120.59532450910311 -2887657098291665.5 2887656881524879
120.59533642444458 -3196252698124067.5 3196252470068602.5
120.59534833978604 -3547195293901582 3547195053652088
120.59536025512752 -3947653508958935 3947653255510597
120.59537217046898 -4406252542406247.5 4406252274640742.5
120.59538408581045 -4933422439922220 4933422156591222
120.59539600115191 -5541842909583004 5541842609288733
120.59540791649339 -6247015356070502 6247015037242667
120.59541983183485 -7068003877083276 7068003537951616
120.59543174717632 -8028402538720336 8028402177281747
120.59544366251778 -9157608378278726 9157607992257678
120.59545557785925 -10492511372116810 10492510958917412
120.59546749320072 -12079758792752388 12079758349399960
120.59547940854219 -13978819299951220 13978818823020594
120.59549132388365 -16266173278780608 16266172764307508
120.59550323922512 -19041108756386352 19041108199757000
120.59551515456658 -22433836480155704 22433835875968152
120.59552706990806 -26617002624774224 26617001966662560
120.59553898524952 -31822255833229120 31822255113638464
120.59555090059099 -38364458821453904 38364458031349288
120.59556281593245 -46677672653454256 46677671781939608
