# serie phase 2 p4_w2.80_c1.20_dt2_k2 : t x1 x2 (dt2=8.0080094523370541e-06, depart t=10.056000000000001 etat bascule x1 x2 v1 v2 = -2775342.5827526031 2762917.4448665073 -176319350.01618227 175923928.81926894)
10.115739750514436 -483908322811.18097 483903124229.16486
10.115747758523888 -488990837618.89307 488985611807.9198
10.11575576653334 -494140253693.28082 494135000438.86108
10.115763774542794 -499357630587.69684 499352349673.08264
10.115771782552246 -504644047484.78497 504638738690.93964
10.115779790561698 -510000603613.18799 509995266718.7561
10.11578779857115 -515428418674.23187 515423053455.50842
10.115795806580602 -520928633278.85333 520923239509.75232
10.115803814590056 -526502409395.04889 526496986847.07184
10.115811822599508 -532150930806.12317 532145479248.3266
10.11581983060896 -537875403580.02789 537869922778.99072
10.115827838618412 -543677056550.09125 543671546269.88135
10.115835846627864 -549557141807.44598 549551601809.58636
10.115843854637316 -555516935205.47595 555511365248.91052
10.115851862646769 -561557736876.59729 561552136717.65552
10.115859870656221 -567680871761.72229 567675241154.08398
10.115867878665673 -573887690152.75146 573882028847.41052
10.115875886675125 -580179568248.44836 580173875993.67615
10.115883894684577 -586557908724.05432 586552185265.36243
10.115891902694031 -593024141315.03796 593018386395.13989
10.115899910703483 -599579723415.3667 599573936774.13977
10.115907918712935 -606226140690.70068 606220322065.14673
10.115915926722387 -612964907706.9115 612959056831.11682
10.115923934731839 -619797568574.37366 619791685179.46875
10.115931942741293 -626725697608.46021 626719781422.57825
10.115939950750745 -633750900006.69873 633744950754.9342
10.115947958760197 -640874812543.04907 640868829947.41467
10.115955966769649 -648099104279.78918 648093088059.17285
10.115963974779101 -655425477297.51306 655419427167.63391
10.115971982788555 -662855667443.73853 662849583117.10193
10.115979990798007 -670391445100.67322 670385326286.52539
10.115987998807459 -678034615972.67297 678028462376.95459
10.115996006816911 -685787021893.95752 685780833219.25659
10.116004014826363 -693650541657.16345 693644317602.66748
10.116012022835815 -701627091863.34058 701620832124.78772
10.116020030845268 -709718627793.99609 709712332063.62561
10.11602803885472 -717927144305.83728 717920812272.33936
10.116036046864172 -726254676748.85815 726248308097.32214
10.116044054873624 -734703301908.46191 734696896320.32446
10.116052062883076 -743275138972.31775 743268696125.30957
10.11606007089253 -751972350522.66431 751965870090.7561
10.116068078901982 -760797143554.8208 760790625208.16821
10.116076086911434 -769751770522.67163 769745213927.55945
10.116084094920886 -778838530411.91565 778831935230.70068
10.116092102930338 -788059769841.91064 788053135732.96399
10.116100110939792 -797417884196.95068 797411210814.59851
10.116108118949244 -806915318787.86157 806908605782.3252
10.116116126958696 -816554570044.81787 816547817062.15247
10.116124134968148 -826338186742.32056 826331393424.35327
10.1161321429776 -836268771257.29248 836261937241.55884
10.116140150987054 -846348980861.29077 846342105780.97021
10.116148158996506 -856581529047.88818 856574612531.73865
10.116156167005958 -866969186896.25293 866962228568.54395
10.11616417501541 -877514784472.04932 877507783952.4939
10.116172183024862 -888221212266.79907 888214169170.48438
10.116180191034314 -899091422676.88245 899084336614.19934
10.116188199043767 -910128431523.38354 910121302099.95471
10.116196207053219 -921335319614.04553 921328146430.65234
10.116204215062671 -932715234348.63428 932708017001.14221
10.116212223072123 -944271391369.04907 944264129448.33203
10.116220231081575 -956007076255.57654 955999769347.43921
10.116228239091029 -967925646270.73145 967918293955.83081
10.116236247100481 -980030532152.16162 980023134005.92651
10.116244255109933 -992325239956.16626 992317795548.71582
10.116252263119385 -1004813352953.4111 1004805861849.4714
10.116260271128837 -1017498533578.4872 1017490995337.3065
10.116268279138291 -1030384525435.0234 1030376939610.2856
10.116276287147743 -1043475155358.1187 1043467521497.8555
10.116284295157195 -1056774335535.907 1056766653182.4077
10.116292303166647 -1070286065692.1653 1070278334381.8857
10.116300311176099 -1084014435331.9099 1084006654595.379
10.116308319185553 -1097963626052.0057 1097955795413.7305
10.116316327195005 -1112137913918.8958 1112130032897.2644
10.116324335204457 -1126541671915.6157 1126533740022.7991
10.116332343213909 -1141179372460.3416 1141171389202.1921
10.116340351223361 -1156055589998.8167 1156047554874.7661
10.116348359232813 -1171175003673.0713 1171166916176.0261
10.116356367242267 -1186542400068.9058 1186534259685.1404
10.116364375251718 -1202162676044.7656 1202154482253.8135
10.11637238326117 -1218040841644.6948 1218032593919.2375
10.116380391270622 -1234182023098.1284 1234173720903.8826
10.116388399280074 -1250591465909.4331 1250583108705.0354
10.116396407289528 -1267274538040.166 1267266125277.0552
10.11640441529898 -1284236733187.1765 1284228264309.4729
10.116412423308432 -1301483674159.7766 1301475148604.1604
10.116420431317884 -1319021116359.2908 1319012533554.8767
10.116428439327336 -1336854951364.4473 1336846310732.6572
10.11643644733679 -1354991210626.2285 1354982511580.6619
10.116444455346242 -1373436069275.8774 1373427311222.178
10.116452463355694 -1392195850049.9131 1392187032385.634
10.116460471365146 -1411277027336.2124 1411268149450.6777
10.116468479374598 -1430686231345.2876 1430677292619.4514
10.116476487384052 -1450430252411.0847 1450421252217.3872
10.116484495393504 -1470516045425.79 1470506983128.011
10.116492503402956 -1490950734413.2788 1490941609366.3875
10.116500511412408 -1511741617246.0596 1511732428796.0613
10.11650851942186 -1532896170510.7341 1532886917994.5142
10.116516527431312 -1554422054527.2231 1554412737272.3877
10.116524535440766 -1576327118527.0986 1576317735851.8115
10.116532543450218 -1598619405996.6641 1598609957209.4805
10.11654055145967 -1621307160190.6841 1621297644590.3806
10.116548559469122 -1644398829822.7925 1644389246698.1938
10.116556567478574 -1667903074938.9163 1667893423568.7183
10.116564575488027 -1691828772980.2327 1691819052632.8206
10.116572583497479 -1716185025042.5574 1716175234975.8218
10.116580591506931 -1740981162339.1968 1740971301800.3442
10.116588599516383 -1766226752874.6614 1766216821100.0217
10.116596607525835 -1791931608336.908 1791921604551.7371
10.116604615535289 -1818105791216.0845 1818095714634.3628
10.116612623544741 -1844759622158.0916 1844749471982.3179
10.116620631554193 -1871903687561.624 1871893462982.606
10.116628639563645 -1899548847427.635 1899538547624.2732
10.116636647573097 -1927706243470.5557 1927695867609.624
10.116644655582551 -1956387307501.0981 1956376854737.0195
10.116652663592003 -1985603770090.6941 1985593239565.3105
10.116660671601455 -2015367669528.1589 2015357060370.4963
10.116668679610907 -2045691361079.5825 2045680672405.6108
10.116676687620359 -2076587526562.9106 2076576757475.2986
10.116684695629811 -2108069184249.0449 2108058333836.9082
10.116692703639265 -2140149699102.0295 2140138766440.6748
10.116700711648717 -2172842793371.1729 2172831777521.8342
10.116708719658169 -2206162557548.5859 2206151457558.1567
10.116716727667621 -2240123461706.3003 2240112276607.0586
10.116724735677073 -2274740367227.5225 2274729096036.8486
10.116732743686526 -2310028538947.3452 2310017180667.4351
10.116740751695978 -2346003657718.9385 2345992211336.5083
10.11674875970543 -2382681833421.7471 2382670297907.7334
10.116756767714882 -2420079618429.0107 2420067992738.2607
10.116764775724334 -2458214021552.7598 2458202304623.7158
10.116772783733788 -2497102522485.2773 2497090713239.6543
10.11678079174324 -2536763086756.542 2536751184098.9956
10.116788799752692 -2577214181228.3276 2577202184046.1167
10.116796807762144 -2618474790146.4897 2618462697309.1294
10.116804815771596 -2660564431773.6963 2660552242132.6025
10.11681282378105 -2703503175626.1831 2703490888014.3091
10.116820831790502 -2747311660338.8936 2747299273570.3574
10.116828839799954 -2792011112184.6328 2791998625054.3354
10.116836847809406 -2837623364274.0269 2837610775557.2617
10.116844855818858 -2884170876464.04 2884158184916.0928
10.11685286382831 -2931676756004.2515 2931663960359.9893
10.116860871837764 -2980164778951.5181 2980151877924.9697
10.116868879847216 -3029659412384.8081 3029646404668.7329
10.116876887856668 -3080185837453.561 3080172721719.0068
10.11688489586612 -3131769973294.5879 3131756748190.439
10.116892903875572 -3184438501853.9966 3184425166006.5103
10.116900911885025 -3238218893652.1362 3238205445664.4658
10.116908919894477 -3293139434531.7881 3293125872983.4961
10.116916927903929 -3349229253431.5776 3349215576878.1353
10.116924935913381 -3406518351228.1392 3406504558200.4136
10.116932943922833 -3465037630692.9331 3465023719696.6616
10.116940951932287 -3524818927612.0767 3524804897127.3262
10.116948959941739 -3585895043119.3999 3585880891600.0142
10.116956967951191 -3648299777295.5669 3648285503168.5981
10.116964975960643 -3712067964088.4028 3712053565753.5293
10.116972983970095 -3777235507612.6631 3777220983441.5903
10.116980991979549 -3843839419889.8877 3843824768225.7354
10.116988999989001 -3911917860092.0962 3911903079248.7681
10.116997007998453 -3981510175356.3062 3981495263617.8423
10.117005016007905 -4052656943240.0581 4052641898859.9717
10.117013024017357 -4125400015891.4805 4125384837092.0752
10.117021032026809 -4199782566011.2603 4199767250982.9307
10.117029040036263 -4275849134687.6904 4275833681588.2031
10.117037048045715 -4353645681189.5967 4353630088143.3506
10.117045056055167 -4433219634807.2207 4433203899904.4883
10.117053064064619 -4514619948834.7773 4514604070130.9258
10.117061072074071 -4597897156793.2812 4597881132307.9707
10.117069080083525 -4683103430997.5762 4683087258713.9365
10.117077088092977 -4770292643576.9824 4770276321440.7666
10.117085096102429 -4859520430063.5117 4859503955982.2266
10.117093104111881 -4950844255669.21 4950827627511.2217
10.117101112121333 -5044323484379.0615 5044306699972.6768
10.117109120130786 -5140019450992.6836 5140002508125.2031
10.117117128140238 -5237995536255.8262 5237978432672.5713
10.11712513614969 -5338317245229.9375 5338299978633.2529
10.117133144159142 -5441052289054.4561 5441034857102.6797
10.117141152168594 -5546270670266.6104 5546253070573.0127
10.117149160178048 -5654044771851.7852 5654027001983.4824
10.1171571681875 -5764449450206.252 5764431507683.083
10.117165176196952 -5877562132203.793 5877544014497.168
10.117173184206404 -5993462916568.918 5993444621100.6279
10.117181192215856 -6112234679769.8076 6112216203910.8018
10.117189200225308 -6233963186656.8701 6233944527725.9971
10.117197208234762 -6358737206083.4062 6358718361346.1172
10.117205216244214 -6486648631758.9736 6486629598425.9863
10.117213224253666 -6617792608599.9023 6617773383825.8252
10.117221232263118 -6752267664856.5371 6752248245738.4482
10.11722924027257 -6890175850312.7461 6890156233888.7354
10.117237248282024 -7031622880868.5791 7031603064116.2412
10.117245256291476 -7176718289834.1953 7176698269669.0771
10.117253264300928 -7325575586285.4541 7325555359559.4541
10.11726127231038 -7478312420847.6895 7478291984347.4082
10.117269280319832 -7635050759297.3359 7635030109742.3721
10.117277288329285 -7795917064392.7832 7795896198433.9805
10.117285296338737 -7961042486371.7031 7961021400589.3389
10.117293304348189 -8130563062573.2969 8130541753475.2139
10.117301312357641 -8304619926675.9658 8304598390695.6436
10.117309320367093 -8483359528068.1143 8483337761562.6787
10.117317328376547 -8666933861898.7344 8666911861146.9043
10.117325336385999 -8855500710389.7559 8855478471589.7207
10.117333344395451 -9049223896025.7266 9049201415292.959
10.117341352404903 -9248273547273.9375 9248250820638.9297
10.117349360414355 -9452826377526.9102 9452803400932.8398
10.117357368423807 -9663065978001.6934 9663042747302.0039
10.117365376433261 -9879183125381.5273 9879159636337.4355
10.117373384442713 -10101376105024.709 10101352353302.631
10.117381392452165 -10329851050618.596 10329827031787.477
10.117389400461617 -10564822301217.592 10564798010746.15
10.117397408471069 -10806512776659.672 10806488209913.555
10.117405416480523 -11055154372414.773 11055129524653.602
10.117413424489975 -11310988374993.811 11310963241368.135
10.117421432499427 -11574265899111.654 11574240474659.797
10.117429440508879 -11845248347876.732 11845222627521.523
10.117437448518331 -12124207897366.504 12124181875911.9
10.117445456527784 -12411428007031.154 12411401679158.742
10.117453464537236 -12707203957460.205 12707177317725.572
10.117461472546688 -13011843417158.793 13011816459987.781
10.11746948055614 -13325667040078.242 13325639759763.051
10.117477488565592 -13649009095768.492 13648981486463.658
10.117485496575046 -13982218134141.842 13982190189860.059
10.117493504584498 -14325657686971.191 14325629401578.98
10.11750151259395 -14679707008398.92 14679678375612.145
10.117509520603402 -15044761856877.566 15044732870256.775
10.117517528612854 -15421235321131.324 15421205974076.928
10.117525536622306 -15809558692912.344 15809528978659.598
10.11753354463176 -16210182389518.561 16210152301132.373
10.117541552641212 -16623576929242.158 16623546459611.691
10.117549560650664 -17050233963143.842 17050203104976.91
10.117557568660116 -17490667366794.209 17490636112611.461
10.117565576669568 -17945414395876.484 17945382738005.359
10.117573584679022 -18415036909827.59 18415004840396.039
10.117581592688474 -18900122667997.23 18900090178927.191
10.117589600697926 -19401286703138.414 19401253786139.02
10.117597608707378 -19919172777389.746 19919139423950.281
10.11760561671683 -20454454926283.219 20454421127665.777
10.117613624726284 -21007839096731.652 21007804843963.512
10.117621632735736 -21580064885400.023 21580030169265.695
10.117629640745188 -22171907384340.906 22171872195373.875
10.11763764875464 -22784179141299.293 22784143469773.41
10.117645656764092 -23417732242664.355 23417696078584.879
10.117653664773545 -24073460527632.191 24073423860726.445
10.117661672782997 -24752301942844.062 24752264762551.711
10.117669680792449 -25455241047480.754 25455203342943.66
10.117677688801901 -26183311679558.012 26183273439609.664
10.117685696811353 -26937599795032.328 26937561008186.816
10.117693704820805 -27719246492261.664 27719207146702.184
10.117701712830259 -28529451235349.383 28529411318916.223
10.117709720839711 -29369475291016.637 29369434791194.652
10.117717728849163 -30240645394854.82 30240604298760.355
10.117725736858615 -31144357664062.27 31144315958429.492
10.117733744868067 -32082081775231.578 32082039446398.199
10.117741752877521 -33055365427292.855 33055322461185.211
10.117749760886973 -34065839111402.613 34065795493520.055
10.117757768896425 -35115221211411.004 35115176926809.598
10.117765776905877 -36205323460562.414 36205278493837.859
10.117773784915329 -37338056782284.195 37338011117553.969
10.117781792924783 -38515437545326.75 38515391166211.383
10.117789800934235 -39739594266244.102 39739547155847.609
10.117797808943687 -41012774794963.688 41012726935853.047
10.117805816953139 -42337354022462.25 42337305396645.891
10.117813824962591 -43715842153037.633 43715792741942.875
10.117821832972044 -45150893587593.109 45150843372042.531
10.117829840981496 -46645316468358.383 46645265428544.984
10.117837848990948 -48202082940303.906 48202031055765.078
10.1178458570004 -49824340189555.461 49824287439145.617
10.117853865009852 -51515422324685.242 51515368686547.102
10.117861873019306 -53278863173012.867 53278808624547.242
10.117869881028758 -55118410070938.086 55118354588772.141
10.11787788903821 -57038038734805.398 57037982294759.266
10.117885897047662 -59041969307173.633 59041911884225.266
10.117893905057114 -61134683682676.852 61134625250925.039
10.117901913066566 -63320944227874.266 63320884760499.688
10.11790992107602 -65605814020756.945 65605753489981.125
10.117917929085472 -67994678748266.648 67994617125308.68
10.117925937094924 -70493270414153.172 70493207669184.094
10.117933945104376 -73107693025020.031 73107629127114.688
10.117941953113828 -75844450439573.344 75844385356659.562
10.117949961123282 -78710476585440.422 78710410284245.328
10.117957969132734 -81713168269451.562 81713100715444.875
10.117965977142186 -84860420830898.969 84860351988233.016
10.117973985151638 -88160666914271.5 88160596745717.797
10.11798199316109 -91622918667654.422 91622847134536.562
10.117990001170543 -95256813706282.453 95256740768405
10.117998009179995 -99072665218510.141 99072590834083.328
10.118006017189447 -103081516632938.73 103081440758498.61
10.118014025198899 -107295201313026 107295123903349.77
10.118022033208351 -111726407797924.44 111726328805940.53
10.118030041217805 -116388751168167.11 116388670544859.8
10.118038049227257 -121296851181887.89 121296768876195.81
10.118046057236709 -126466417902781.39 126466333861489.77
10.118054065246161 -131914345626383.2 131914259794009.06
10.118062073255613 -137658816008029.97 137658728326700
10.118070081265065 -143719411405258.78 143719321814579.22
10.118078089274519 -150117239571186.72 150117148008104.66
10.118086097283971 -156875070975795.16 156874977374450.53
10.118094105293423 -164017490192265.31 164017394483832.91
10.118102113302875 -171571062967994.59 171570965080515.28
10.118110121312327 -179564520806638.66 179564420664839.03
10.118118129321781 -188028965123279.47 188028862648378.75
10.118126137331233 -196998093307997.88 196997988417501.22
10.118134145340685 -206508449340590.66 206508341948067.69
10.118142153350137 -216599701955717.72 216599591970565.03
10.118150161359589 -227314953764359.25 227314841091545.5
10.118158169369043 -238701085206804.97 238700969746596.97
10.118166177378495 -250809137754712.69 250809019402381
10.118174185387947 -263694741401848.62 263694620047350.72
10.118182193397399 -277418592204223.03 277418467731862.12
10.118190201406851 -292046986465508.56 292046858753565.62
10.118198209416304 -307652419132511.94 307652288052848.75
10.118206217425756 -324314255094995.19 324314120512625.56
10.118214225435208 -342119483390057 342119345162683
10.11822223344466 -361163565848571.38 361163423826081.56
10.118230241454112 -381551393506206.62 381551247530132.31
10.118238249463564 -403398366201244.38 403398216104169.88
10.118246257473018 -426831613241601.62 426831458846523.69
10.11825426548247 -451991375926688.19 451991217046319.62
10.118262273491922 -479032576127285.94 479032412563298.12
10.118270281501374 -508126599159118.62 508126430701315.25
10.118278289510826 -539463323978779.88 539463150404196.06
10.11828629752028 -573253439424163 573253260496080.75
10.118294305529732 -609731091985218.88 609730907452090
10.118302313539184 -649156918672019.62 649156728266286
10.118310321548636 -691821528249964 691821331686763.38
10.118318329558088 -738049505692956.62 738049302668700.62
10.118326337567542 -788204028716990.62 788203818907800.25
10.118334345576994 -842692202145588.5 842691985205570.38
10.118342353586446 -901971236280964.75 901971011840308.12
10.118350361595898 -966555620311168.5 966555387974042.12
10.11835836960535 -1037025472021608.5 1037025231363830.6
10.118366377614803 -1114036282119380.9 1114036032685835.4
10.118374385624255 -1198330316849000.2 1198330058150764.2
10.118382393633707 -1290749998449992.2 1290749729961137.5
10.118390401643159 -1392253652144070.8 1392253373298095.2
10.118398409652611 -1503934093972745.8 1503933804158584.8
10.118406417662063 -1627040640488295.5 1627040339045851.5
10.118414425671517 -1763005254780547.8 1763004940995672.2
10.118422433680969 -1913473710888771.2 1913473383987616.2
10.118430441690421 -2080342870082135.2 2080342529224783
10.118438449699873 -2265805430234004 2265805074507261.5
10.118446457709325 -2472403850704947 2472403479114178.5
10.118454465718779 -2703095591576774 2703095203036614
10.118462473728231 -2961332367500660 2961331960824428
10.118470481737683 -3251156842502998.5 3251156416390594.5
10.118478489747135 -3577321136733624 3577320689757647.5
10.118486497756587 -3945432751569740 3945432282159519
10.118494505766041 -4362135146213664.5 4362134652636817.5
10.118502513775493 -4835332354757705 4835331835098783
10.118510521784945 -5374469907486631 5374469359622280
10.118518529794397 -5990888184843664 5990887606413632
10.118526537803849 -6698269562228064 6698268950601218
10.118534545813302 -7513207840951719 7513207193186041
10.118542553822754 -8455938278565656 8455937591360932
10.118550561832206 -9551280160638976 9551279430280576
10.118558569841658 -10829862948093528 10829862170385252
10.11856657785111 -12329734041751824 12329733211935260
10.118574585860562 -14098484817815840 14098483930472958
10.118582593870016 -16196087387188098 16196086436122856
10.118590601879468 -18698716154415440 18698715132508952
10.11859860988892 -21703949130693912 21703948029726028
10.118606617898372 -25337925357650044 25337924168077848
10.118614625907824 -29765311085875432 29765309796556072
10.118622633917278 -35203354575259844 35203353173100632
10.11863064192673 -41941981088040552 41941979557553032
10.118638649936182 -50372955054433560 50372953377159384
10.118646657945634 -61032891813673416 61032889967436848
10.118654665955086 -74667828003419296 74667825961342016
