# serie phase 2 p7_w1.73_c1.20_dt2s2_k2 : t x1 x2 (dt2=5.9576707335399159e-06, depart t=12.222 etat bascule x1 x2 v1 v2 = 1572.4013732844148 -1552.1655072542242 43949.286764076533 -43781.746340422367)
12.314701356613881 7467141.1771860095 -7466912.4770243187
12.314707314284615 7493682.6940438971 -7493453.7619177904
12.314713271955348 7520352.4081372926 -7520123.2435167227
12.314719229626082 7547151.1026064744 -7546921.7049595071
12.314725187296816 7574079.5663798945 -7573849.9351727013
12.314731144967549 7601138.5942243999 -7600908.7289212467
12.314737102638283 7628328.9867959488 -7628098.8868591879
12.314743060309016 7655651.5506908391 -7655421.2155808983
12.31474901797975 7683107.0984974485 -7682876.5276728244
12.314754975650484 7710696.4488484915 -7710465.6417657379
12.314760933321216 7738420.4264737982 -7738189.3825875176
12.314766890991949 7766279.8622536222 -7766048.5810164558
12.314772848662683 7794275.593272483 -7794044.0741351014
12.314778806333416 7822408.4628735567 -7822176.7052846504
12.31478476400415 7850679.3207136067 -7850447.3241198761
12.314790721674884 7879089.0228184722 -7878856.7866646182
12.314796679345617 7907638.4316391125 -7907405.9553678259
12.314802637016351 7936328.4161082217 -7936095.6991601745
12.314808594687085 7965159.851697417 -7964926.8935112515
12.314814552357818 7994133.6204750016 -7993900.4204873219
12.314820510028552 8023250.6111643175 -8023017.1688096765
12.314826467699286 8052511.7192026908 -8052278.0339135816
12.314832425370019 8081917.8468009774 -8081683.9180078246
12.314838383040753 8111469.9030037168 -8111235.7301348643
12.314844340711486 8141168.8037498929 -8140934.3862315938
12.31485029838222 8171015.4719343204 -8170780.8091907278
12.314856256052954 8201010.8374696597 -8200775.9289228152
12.314862213723687 8231155.8373490619 -8230920.6824188866
12.314868171394419 8261451.4157094592 -8261216.0138137406
12.314874129065153 8291898.5238955049 -8291662.8744498882
12.314880086735887 8322498.1205241717 -8322262.2229421474
12.31488604440662 8353251.1715500131 -8353015.0252429079
12.314892002077354 8384158.6503311032 -8383922.2547080684
12.314897959748087 8415221.5376956463 -8414984.8921636473
12.314903917418821 8446440.822009284 -8446203.9259730875
12.314909875089555 8477817.4992430992 -8477580.3521052655
12.314915832760288 8509352.5730423145 -8509115.1742031835
12.314921790431022 8541047.054795716 -8540809.4036533982
12.314927748101756 8572901.9637057874 -8572664.0596561506
12.314933705772489 8604918.3268595785 -8604680.1692962367
12.314939663443223 8637097.1793003175 -8636858.7676146198
12.314945621113957 8669439.5640997645 -8669200.8976807836
12.31495157878469 8701946.5324313231 -8701707.6106658448
12.314957536455424 8734619.1436439138 -8734379.965916425
12.314963494126157 8767458.4653366189 -8767219.0310292952
12.314969451796891 8800465.5734341182 -8800225.8819268104
12.314975409467625 8833641.5522629116 -8833401.6029331386
12.314981367138357 8866987.4946283437 -8866747.2868512757
12.31498732480909 8900504.5018924382 -8900264.0350408871
12.314993282479824 8934193.6840525605 -8933952.9574969672
12.314999240150557 8968056.1598208975 -8967815.1729293223
12.315005197821291 9002093.0567047913 -9001851.8088428974
12.315011155492025 9036305.5110879112 -9036064.0016189534
12.315017113162758 9070694.6683122907 -9070452.8965971041
12.315023070833492 9105261.6827612519 -9105019.6481582392
12.315029028504226 9140007.7179431841 -9139765.4198083021
12.315034986174959 9174933.9465762377 -9174691.3842629865
12.315040943845693 9210041.5506739058 -9209798.7235333156
12.315046901516427 9245331.7216315176 -9245088.6290121358
12.31505285918716 9280805.660313664 -9280562.3015615419
12.315058816857894 9316464.5771425553 -9316220.9516012315
12.315064774528627 9352309.692187326 -9352065.7991978209
12.315070732199361 9388342.2352543138 -9388098.074155109
12.315076689870095 9424563.4459782839 -9424319.0161053129
12.315082647540828 9460974.5739146508 -9460729.8746012859
12.31508860521156 9497576.8786326926 -9497331.9092097301
12.315094562882294 9534371.6298097596 -9534126.3896054067
12.315100520553028 9571360.1073265187 -9571114.5956663806
12.315106478223761 9608543.6013632156 -9608297.8175702803
12.315112435894495 9645923.4124969821 -9645677.3558916077
12.315118393565228 9683500.8518002033 -9683254.5217001047
12.315124351235962 9721277.2409399524 -9721030.6366601847
12.315130308906696 9759253.912278505 -9759007.0331314523
12.315136266577429 9797432.2089749556 -9797185.0542703159
12.315142224248163 9835813.4850879293 -9835566.0541327
12.315148181918897 9874399.1056794357 -9874151.3977778982
12.31515413958963 9913190.4469198436 -9912942.4613735508
12.315160097260364 9952188.8961940184 -9951940.6323017795
12.315166054931098 9991395.8522086032 -9991147.3092664685
12.315172012601831 10030812.725100504 -10030563.902401749
12.315177970272565 10070440.936546557 -10070191.833381671
12.315183927943298 10110281.919874405 -10110032.535531076
12.315189885614032 10150337.120174596 -10150087.453937689
12.315195843284766 10190607.99441392 -10190358.045565471
12.315201800955498 10231096.011550006 -10230845.7793692
12.315207758626231 10271802.65264718 -10271552.136410339
12.315213716296965 10312729.410993632 -10312478.609974198
12.315219673967698 10353877.792219853 -10353626.705688374
12.315225631638432 10395249.314418403 -10394997.941642517
12.315231589309166 10436845.508265026 -10436593.848509442
12.315237546979899 10478667.9171411 -10478415.969667586
12.315243504650633 10520718.097257476 -10520465.861324841
12.315249462321367 10562997.617779685 -10562745.092643766
12.3152554199921 10605508.06095455 -10605255.245868191
12.315261377662834 10648251.022238225 -10647997.916451264
12.315267335333568 10691228.11042567 -10690974.713184921
12.315273293004301 10734440.947781596 -10734187.258330833
12.315279250675035 10777891.170172876 -10777637.187752817
12.315285208345768 10821580.427202445 -10821326.151050733
12.315291166016502 10865510.382344725 -10865255.811695917
12.315297123687236 10909682.713082587 -10909427.847168127
12.315303081357969 10954099.111045849 -10953843.949094059
12.315309039028701 10998761.28215136 -10998505.823387422
12.315314996699435 11043670.94674468 -11043415.190390613
12.315320954370168 11088829.839743365 -11088573.785018012
12.315326912040902 11134239.710781895 -11133983.356900906
12.315332869711636 11179902.324358255 -11179645.670534071
12.315338827382369 11225819.459982185 -11225562.505424011
12.315344785053103 11271992.912325131 -11271735.656238928
12.315350742723837 11318424.491371932 -11318166.932960395
12.31535670039457 11365116.022574231 -11364858.161036769
12.315362658065304 11412069.347005663 -11411811.181538383
12.315368615736038 11459286.321518831 -11459027.851314517
12.315374573406771 11506768.818904085 -11506510.043152183
12.315380531077505 11554518.728050146 -11554259.645936744
12.315386488748238 11602537.95410659 -11602278.564814396
12.315392446418972 11650828.418648206 -11650568.721356532
12.315398404089706 11699392.059841281 -11699132.053726023
12.315404361760439 11748230.832611803 -11747970.516845424
12.315410319431173 11797346.708815619 -11797086.082567126
12.315416277101905 11846741.67741058 -11846480.739845505
12.315422234772639 11896417.744630713 -11896156.494911095
12.315428192443372 11946376.934162412 -11946115.371446777
12.315434150114106 11996621.287322704 -11996359.410766041
12.315440107784839 12047152.863239611 -12046890.671993356
12.315446065455573 12097973.739034627 -12097711.232246645
12.315452023126307 12149086.010007329 -12148823.186821887
12.31545798079704 12200491.789822176 -12200228.649379928
12.315463938467774 12252193.210697506 -12251929.752135467
12.315469896138508 12304192.423596773 -12303928.646048304
12.315475853809241 12356491.59842206 -12356227.50101684
12.315481811479975 12409092.924209867 -12408828.506073879
12.315487769150709 12461998.609329244 -12461733.869584749
12.315493726821442 12515210.881682269 -12514945.819447784
12.315499684492176 12568731.988906905 -12568466.603297183
12.315505642162909 12622564.198582303 -12622298.488708315
12.315511599833643 12676709.798436534 -12676443.76340544
12.315517557504377 12731171.096556805 -12730904.735471938
12.31552351517511 12785950.421602223 -12785683.733563058
12.315529472845842 12841050.123019094 -12840783.107121235
12.315535430516576 12896472.571258815 -12896205.226593969
12.315541388187309 12952220.157998383 -12951952.483654337
12.315547345858043 13008295.296363557 -13008027.291424152
12.315553303528777 13064700.421154736 -13064432.084699847
12.31555926119951 13121437.989075569 -13121169.320181085
12.315565218870244 13178510.478964319 -13178241.476702111
12.315571176540978 13235920.392028032 -13235651.055465935
12.315577134211711 13293670.252079582 -13293400.580281371
12.315583091882445 13351762.605777577 -13351492.597802943
12.315589049553179 13410200.022869183 -13409929.677773707
12.315595007223912 13468985.096435932 -13468714.41327106
12.315600964894646 13528120.443142537 -13527849.420955557
12.315606922565379 13587608.703488743 -13587337.341322763
12.315612880236113 13647452.542064266 -13647180.838958183
12.315618837906847 13707654.647806881 -13707382.602795361
12.31562479557758 13768217.734263672 -13767945.346377121
12.315630753248314 13829144.539855504 -13828871.808120046
12.315636710919046 13890437.828144763 -13890164.751582209
12.31564266858978 13952100.388106424 -13951826.965734251
12.315648626260513 14014135.034402456 -14013861.265233779
12.315654583931247 14076544.607659638 -14076270.490703186
12.31566054160198 14139331.974750813 -14139057.5090109
12.315666499272714 14202500.029079651 -14202225.213556148
12.315672456943448 14266051.690868972 -14265776.524557281
12.315678414614181 14329989.907452667 -14329714.389343698
12.315684372284915 14394317.653571263 -14394041.7826514
12.315690329955649 14459037.931671187 -14458761.706922267
12.315696287626382 14524153.772207793 -14523877.192607071
12.315702245297116 14589668.23395218 -14589391.298472309
12.31570820296785 14655584.4043019 -14655307.111910896
12.315714160638583 14721905.399595562 -14721627.74925678
12.315720118309317 14788634.365431421 -14788356.356103523
12.31572607598005 14855774.476989979 -14855496.107626909
12.315732033650784 14923328.939360682 -14923050.208911633
12.315737991321518 14991300.987872757 -14991021.895282146
12.315743948992251 15059693.888430279 -15059414.432637712
12.315749906662983 15128510.937851461 -15128231.117791709
12.315755864333717 15197755.464212304 -15197475.278815268
12.31576182200445 15267430.827194626 -15267150.275385309
12.315767779675184 15337540.418438541 -15337259.499137018
12.315773737345918 15408087.661899453 -15407806.374020841
12.315779695016651 15479076.014209639 -15478794.356664065
12.315785652687385 15550508.965044461 -15550226.936737029
12.315791610358119 15622390.037493315 -15622107.637324074
12.315797568028852 15694722.788435375 -15694440.015299296
12.315803525699586 15767510.808920156 -15767227.661707086
12.31580948337032 15840757.724553019 -15840474.202147661
12.315815441041053 15914467.19588569 -15914183.297167566
12.315821398711787 15988642.918811817 -15988358.642655233
12.31582735638252 16063288.624967691 -16063003.970241707
12.315833314053254 16138408.082138194 -16138123.047706589
12.315839271723988 16214005.094668033 -16213719.679389274
12.315845229394721 16290083.503878353 -16289797.706605559
12.315851187065455 16366647.188488791 -16366361.0080697
12.315857144736187 16443700.065045081 -16443413.500322014
12.315863102406921 16521246.088352276 -16520959.138162104
12.315869060077654 16599289.251913667 -16599001.915087778
12.315875017748388 16677833.588375485 -16677545.863739744
12.315880975419121 16756883.169977482 -16756595.056352198
12.315886933089855 16836442.109009475 -16836153.605209365
12.315892890760589 16916514.558273915 -16916225.663108073
12.315898848431322 16997104.711554632 -16996815.423826482
12.315904806102056 17078216.804091755 -17077927.122599024
12.31591076377279 17159855.113063034 -17159565.03659771
12.315916721443523 17242023.958071515 -17241733.48541981
12.315922679114257 17324727.701639779 -17324436.831582095
12.315928636784991 17407970.749710761 -17407679.48102165
12.315934594455724 17491757.552155301 -17491465.883603428
12.315940552126458 17576092.60328649 -17575800.533634588
12.315946509797191 17660980.442380976 -17660687.97038582
12.315952467467925 17746425.654207248 -17746132.778619602
12.315958425138659 17832432.869561087 -17832139.589125674
12.315964382809392 17919006.765808277 -17918713.079263736
12.315970340480124 18006152.067434631 -18005857.973513477
12.315976298150858 18093873.546603486 -18093579.044032067
12.315982255821591 18182176.023720797 -18181881.111219257
12.315988213492325 18271064.368007917 -18270769.044290159
12.315994171163059 18360543.498082161 -18360247.761855796
12.316000128833792 18450618.382545326 -18450322.23251164
12.316006086504526 18541294.040580288 -18540997.475434188
12.31601204417526 18632575.542555761 -18632278.560985744
12.316018001845993 18724468.010639399 -18724170.611327507
12.316023959516727 18816976.619419299 -18816678.80104107
12.316029917187461 18910106.596534047 -18909808.357758481
12.316035874858194 19003863.22331154 -19003564.562801044
12.316041832528928 19098251.835416578 -19097952.751826927
12.316047790199661 19193277.823507477 -19192978.315487772
12.316053747870395 19288946.633901816 -19288646.700094435
12.316059705541129 19385263.769251365 -19384963.408291921
12.316065663211862 19482234.789226484 -19481933.999743775
12.316071620882596 19579865.311210036 -19579564.091826003
12.316077578553328 19678161.011001054 -19677859.360330727
12.316083536224061 19777127.623528231 -19776825.540179688
12.316089493894795 19876770.94357346 -19876468.426147785
12.316095451565529 19977096.826505478 -19976793.873596702
12.316101409236262 20078111.189023871 -20077807.799218927
12.316107366906996 20179820.009913642 -20179516.181792319
12.31611332457773 20282229.330810398 -20281925.062945291
12.316119282248463 20385345.256976362 -20385040.547932822
12.316125239919197 20489173.958087392 -20488868.806423478
12.316131197589931 20593721.669031221 -20593416.073297646
12.316137155260664 20698994.690717004 -20698688.649457082
12.316143112931398 20804999.390896488 -20804692.902646091
12.316149070602131 20911742.204996921 -20911435.268284425
12.316155028272865 21019229.636965804 -21018922.250312027
12.316160985943599 21127468.260127801 -21127160.422045965
12.316166943614332 21236464.71805403 -21236156.427049696
12.316172901285066 21346225.725443754 -21345916.980014775
12.3161788589558 21456758.069018874 -21456448.867655337
12.316184816626533 21568068.608431369 -21567758.949615546
12.316190774297265 21680164.277183775 -21679854.159390058
12.316196731967999 21793052.083563104 -21792741.505257964
12.316202689638732 21906739.111588288 -21906428.071230207
12.316208647309466 22021232.521971408 -22020921.018010825
12.3162146049802 22136539.553093024 -22136227.583972283
12.316220562650933 22252667.521991614 -22252355.086144898
12.316226520321667 22369623.825367633 -22369310.921220914
12.316232477992401 22487415.940602291 -22487102.566573266
12.316238435663134 22606051.426791251 -22605737.581289284
12.316244393333868 22725537.92579354 -22725223.60721961
12.316250351004602 22845883.163295928 -22845568.370042555
12.316256308675335 22967094.949893136 -22966779.680344328
12.316262266346069 23089181.182183962 -23088865.434715156
12.316268224016802 23212149.843883656 -23211833.616861649
12.316274181687536 23336009.006952841 -23335692.298735734
12.31628013935827 23460766.832743313 -23460449.641680449
12.316286097029003 23586431.573160838 -23586113.897592731
12.316292054699737 23713011.57184539 -23712693.410103664
12.316298012370469 23840515.265369061 -23840196.61577639
12.316303970041202 23968951.184451945 -23968632.045321986
12.316309927711936 24098327.955196265 -24098008.324833583
12.31631588538267 24228654.300339166 -24228334.177039176
12.316321843053403 24359939.04052446 -24359618.422573362
12.316327800724137 24492191.095593445 -24491869.981268149
12.316333758394871 24625419.485895392 -24625097.873463459
12.316339716065604 24759633.333617866 -24759311.221337426
12.316345673736338 24894841.864137352 -24894519.250257045
12.316351631407072 25031054.407390449 -25030731.29014935
12.316357589077805 25168280.399265978 -25167956.776893526
12.316363546748539 25306529.383018445 -25306205.253734373
12.316369504419272 25445811.010703165 -25445486.372717425
12.316375462090006 25586135.04463337 -25585809.896146063
12.31638141976074 25727511.358859815 -25727185.69806112
12.316387377431473 25869949.940673098 -25869623.765743192
12.316393335102207 26013460.892129257 -26013134.201238237
12.316399292772941 26158054.431599066 -26157727.222906884
12.316405250443674 26303740.895341311 -26303413.166997686
12.316411208114406 26450530.739100505 -26450202.489244852
12.31641716578514 26598434.539729539 -26598105.766490892
12.316423123455873 26747462.996837601 -26747133.69833453
12.316429081126607 26897626.934463877 -26897297.108804408
12.316435038797341 27048937.302777492 -27048606.94805903
12.316440996468074 27201405.179804221 -27201074.294113472
12.316446954138808 27355041.773180269 -27354710.35459315
12.316452911809542 27509858.421933684 -27509526.468515247
12.316458869480275 27665866.598293986 -27665534.108098332
12.316464827151009 27823077.909530412 -27822744.880600601
12.316470784821743 27981504.099819303 -27981170.530187283
12.316476742492476 28141157.052141231 -28140822.939827736
12.31648270016321 28302048.790208288 -28301714.133222766
12.316488657833943 28464191.480422109 -28463856.276762623
12.316494615504677 28627597.433863245 -28627261.681516387
12.316500573175411 28792279.108312495 -28791942.805253305
12.316506530846144 28958249.110304542 -28957912.254496403
12.316512488516878 29125520.197214723 -29125182.786609281
12.31651844618761 29294105.279379491 -29293767.311916564
12.316524403858343 29464017.422251012 -29463678.895858489
12.316530361529077 29635269.848586734 -29634930.761180487
12.316536319199811 29807875.940674491 -29807536.290158276
12.316542276870544 29981849.242593743 -29981509.026859108
12.316548234541278 30157203.46251367 -30156862.679439858
12.316554192212012 30333952.475028817 -30333611.122482665
12.316560149882745 30512110.323532879 -30511768.399368726
12.316566107553479 30691691.222631469 -30691348.724691045
12.316572065224213 30872709.560594581 -30872366.486706916
12.316578022894946 31055179.901849311 -31054836.24983063
12.31658398056568 31239116.989513814 -31238772.757167436
12.316589938236413 31424535.747973125 -31424190.933089357
12.316595895907147 31611451.285497557 -31611105.885853592
12.316601853577881 31799878.896904714 -31799532.910264526
12.316607811248614 31989834.06626568 -31989487.490379907
12.316613768919348 32181332.469656467 -32180985.302262317
12.316619726590082 32374389.977955401 -32374042.216776531
12.316625684260814 32569022.65968734 -32568674.302433755
12.316631641931547 32765246.783915624 -32764897.82828356
12.316637599602281 32963078.823182672 -32962729.266854484
12.316643557273014 33162535.456500135 -33162185.297144182
12.316649514943748 33363633.572389629 -33363282.807660166
12.316655472614482 33566390.271974809 -33566038.899511866
12.316661430285215 33770822.87212602 -33770470.889555275
12.316667387955949 33976948.908658519 -33976596.313591205
12.316673345626683 34184786.139584884 -34184432.929617643
12.316679303297416 34394352.548423193 -34393998.721137971
12.31668526096815 34605666.347561739 -34605311.900525659
12.316691218638883 34818745.981681488 -34818390.912446722
12.316697176309617 35033610.131237306 -35033254.437340952
12.316703133980351 35250277.715999395 -35249921.394963354
12.316709091651084 35468767.898655675 -35468410.947986521
12.316715049321818 35689100.088476561 -35688742.505665414
12.316721006992552 35911293.945043296 -35910935.727565691
12.316726964663285 36135369.382040963 -36135010.527356721
12.316732922334019 36361346.571117736 -36360987.076670818
12.316738880004751 36589245.945811562 -36588885.809029952
12.316744837675484 36819088.205545478 -36818727.423841037
12.316750795346218 37050894.319693029 -37050532.890461355
12.316756753016952 37284685.531714931 -37284323.452335238
12.316762710687685 37520483.363368861 -37520120.631203815
12.316768668358419 37758309.618993461 -37757946.231389053
12.316774626029153 37998186.389868274 -37997822.344153672
12.316780583699886 38240136.058650889 -38239771.352138296
12.31678654137062 38484181.303892888 -38483815.933877386
12.316792499041354 38730345.10463658 -38729979.068395987
12.316798456712087 38978650.745093733 -38978284.039888464
12.316804414382821 39229121.819407865 -39228754.442480758
12.316810372053554 39481782.236502193 -39481414.185078382
12.316816329724288 39736656.225014575 -39736287.496301308
12.316822287395022 39993768.338321522 -39993398.92950803
12.316828245065755 40253143.459653027 -40252773.367910355
12.316834202736489 40514806.807299599 -40514436.029780433
12.316840160407223 40778783.939914495 -40778412.47375302
12.316846118077954 41045100.761912048 -41044728.60422378
12.316852075748688 41313783.528964125 -41313410.676845729
12.316858033419422 41584858.853597708 -41584485.304126851
12.316863991090155 41858353.710894935 -41857979.461130112
12.316869948760889 42134295.444297113 -42133920.491277471
12.316875906431623 42412711.771516226 -42412336.112261392
12.316881864102356 42693630.790555224 -42693254.422065131
12.31688782177309 42977080.985839918 -42976703.905094631
12.316893779443824 43263091.234464303 -43262713.438423827
12.316899737114557 43551690.812552229 -43551312.298156351
12.316905694785291 43842909.401737228 -43842530.165905319
12.316911652456024 44136777.095763125 -44136397.13539394
12.316917610126758 44433324.407209098 -44432943.719180621
12.316923567797492 44732582.274340548 -44732200.85550978
12.316929525468225 45034582.068088152 -45034199.915290937
12.316935483138959 45339355.599158831 -45338972.709209636
12.316941440809693 45646935.12528152 -45646551.494973257
12.316947398480426 45957353.358590141 -45956968.984693974
12.31695335615116 46270643.473146178 -46270258.352411307
12.316959313821892 46586839.112605006 -46586453.241758466
12.316965271492625 46905974.398028225 -46905587.773774691
12.316971229163359 47228083.935845792 -47227696.554867357
12.316977186834093 47553202.825970612 -47552814.684926592
12.316983144504826 47881366.670069143 -47880977.765595853
12.31698910217556 48212611.579991199 -48212221.908701748
12.316995059846294 48546974.18636281 -48546583.744846866
12.317001017517027 48884491.647345416 -48884100.432168998
12.317006975187761 49225201.65756546 -49224809.665270709
12.317012932858495 49569142.457217865 -49568749.684322827
12.317018890529228 49916352.841346346 -49915959.28434474
12.317024848199962 50266872.16930566 -50266477.824666642
12.317030805870695 50620740.374409609 -50620345.238577537
12.317036763541429 50977997.973768659 -50977602.043162867
12.317042721212163 51338686.07832142 -51338289.349335961
12.317048678882896 51702846.40306437 -51702448.872067787
12.31705463655363 52070521.277484253 -52070122.940819331
12.317060594224364 52441753.656197518 -52441354.51018104
12.317066551895095 52816587.129801601 -52816187.170724079
12.317072509565829 53195065.935943112 -53194665.160068557
12.317078467236563 53577234.970607117 -53576833.374172762
12.317084424907296 53963139.799633041 -53962737.378849082
12.31709038257803 54352826.670462824 -54352423.421512164
12.317096340248764 54746342.524125218 -54745938.443163186
12.317102297919497 55143735.00746306 -55143330.090617165
12.317108255590231 55545052.485607915 -55544646.728977539
12.317114213260965 55950344.054708518 -55949937.454364665
12.317120170931698 56359659.55491899 -56359252.106903993
12.317126128602432 56773049.583651714 -56772641.283978961
12.317132086273165 57190565.509101734 -57190156.353755362
12.317138043943899 57612259.484049343 -57611849.468983956
12.317144001614633 58038184.459947355 -58037773.581087731
12.317149959285366 58468394.201298565 -58467982.454539351
12.3171559169561 58902943.300330967 -58902530.681536376
12.317161874626834 59341887.191978045 -59341473.696981564
12.317167832297567 59785282.169170029 -59784867.793774091
12.317173789968301 60233185.398444884 -60232770.138420545
12.317179747639033 60685654.935886458 -60685238.786973096
12.317185705309766 61142749.743396647 -61142332.701301649
12.3171916629805 61604529.705309138 -61604111.765707538
12.317197620651234 62071055.645354547 -62070636.803888731
12.317203578321967 62542389.343984179 -62541969.59626352
12.317209535992701 63018593.556060955 -63018172.897661492
12.317215493663435 63499732.028927453 -63499310.455391541
12.317221451334168 63985869.520858169 -63985447.027694121
12.317227409004902 64477071.819907345 -64476648.40258909
12.317233366675636 64973405.763160281 -64972981.417127013
12.317239324346369 65474939.256398663 -65474513.977054462
12.317245282017103 65981741.294190153 -65981315.076903619
12.317251239687836 66493881.980412267 -66493454.820516139
12.31725719735857 67011432.54922206 -67011004.442012869
12.317263155029304 67534465.386480585 -67534036.327218235
12.317269112700037 68063054.05164516 -68062624.035552576
12.317275070370771 68597273.300140232 -68596842.322402939
12.317281028041505 69137199.106217295 -69136767.161983028
12.317286985712236 69682908.686320364 -69682475.770698681
12.31729294338297 70234480.522963762 -70234046.631025597
12.317298901053704 70791994.389139339 -70791559.515916631
12.317304858724437 71355531.373265609 -71355095.513750836
12.317310816395171 71925173.9046904 -71924737.053836197
12.317316774065905 72501005.779763207 -72500567.932481915
12.317322731736638 73083112.188489497 -73082673.339652702
12.317328689407372 73671579.741784647 -73671139.88622278
12.317334647078106 74266496.499340057 -74266055.631841913
12.317340604748839 74867951.998116747 -74867510.113429055
12.317346562419573 75476037.281485498 -75475594.374312416
12.317352520090306 76090844.92902793 -76090400.994030625
12.31735847776104 76712469.087014288 -76712024.11881043
12.317364435431774 77341005.499578327 -77340559.492741629
12.317370393102507 77976551.540605366 -77976104.489665046
12.317376350773241 78619206.246352881 -78618758.145793229
12.317382308443975 79269070.348822221 -79268621.193082049
12.317388266114708 79926246.309900299 -79925796.093372479
12.317394223785442 80590838.356292173 -80590387.073323071
12.317400181456174 81262952.515265271 -81262500.160154223
12.317406139126907 81942696.651228696 -81942243.218227535
12.317412096797641 82630180.503164768 -82629725.986477211
12.317418054468375 83325515.722937763 -83325060.116718918
12.317424012139108 84028815.91450496 -84028359.212860733
12.317429969809842 84740196.674052924 -84739738.871039495
12.317435927480576 85459775.631081 -85459316.720704213
12.317441885151309 86187672.490460783 -86187212.466675565
12.317447842822043 86924009.075497866 -86923547.932207689
12.317453800492776 87668909.37202023 -87668447.103076458
12.31745975816351 88422499.573521107 -88422036.172722414
12.317465715834244 89184908.127388716 -89184443.588480487
12.317471673504977 89956265.782247692 -89955800.098921359
12.317477631175711 90736705.636446059 -90736238.802338511
12.317483588846445 91526363.187717438 -91525895.196410343
12.317489546517178 92325376.384050176 -92324907.229069337
12.317495504187912 93133885.675799668 -93133415.350614399
12.317501461858646 93952034.069073141 -93951562.567095533
12.317507419529377 94779967.180425584 -94779494.495009869
12.317513377200111 95617833.292904466 -95617359.417346314
12.317519334870845 96465783.413477063 -96465308.34101288
12.317525292541578 97323971.331881136 -97323495.055687338
12.317531250212312 98192553.680938825 -98192076.194131136
12.317537207883046 99071689.998376057 -99071211.294008732
12.317543165553779 99961542.79018797 -99961062.861253098
12.317549123224513 100862277.59559512 -100861796.43502185
12.317555080895247 101774063.05363432 -101773580.65428807
12.31756103856598 102697070.97143216 -102696587.32611386
12.317566996236714 103631476.39421126 -103630991.49565655
12.317572953907447 104577457.67707461 -104576971.51795301
12.317578911578181 105535196.55862148 -105534709.13153563
12.317584869248915 106504878.23644735 -106504389.53393213
12.317590826919648 107486691.444583 -107486201.45910469
12.317596784590382 108480828.53292951 -108480337.25688495
12.317602742261116 109487485.54874617 -109486992.97446187
12.317608699931849 110506862.3202502 -110506368.43998148
12.317614657602583 111539162.54239379 -111538667.34832382
12.317620615273315 112584593.8648825 -112584097.34912147
12.317626572944048 113643367.98249759 -113642870.13708173
12.317632530614782 114715700.72778928 -114715201.54467992
12.317638488285516 115801812.166218 -115801311.63730063
12.317644445956249 116901926.69381703 -116901424.8109003
12.317650403626983 118016273.13744223 -118015769.89225696
12.317656361297717 119145084.85769698 -119144580.24189518
12.31766231896845 120288599.85460643 -120288093.85976028
12.317668276639184 121447060.87612756 -121446553.49372831
12.317674234309917 122620715.52958131 -122620206.7510383
12.317680191980651 123809816.39609528 -123809306.2127348
12.317686149651385 125014621.14814684 -125014109.55121109
12.317692107322118 126235392.67030524 -126234879.65095118
12.317698064992852 127472399.18327135 -127471884.73256959
12.317704022663586 128725914.37131029 -128725398.48024395
12.317709980334319 129996217.51319072 -129995700.17265423
12.317715938005053 131283593.61673529 -131283074.81753324
12.317721895675787 132588333.55709772 -132587813.28994362
12.317727853346518 133910734.21888088 -133910212.47439596
12.317733811017252 135251098.64221591 -135250575.41092786
12.317739768687986 136609736.17293167 -136609211.44527337
12.317745726358719 137986962.61693844 -137986436.38324666
12.317751684029453 139383100.3989628 -139382572.64947686
12.317757641700187 140798478.72578377 -140797949.45064425
12.31776359937092 142233433.75408778 -142232902.94333518
12.317769557041654 143688308.76311317 -143687776.40668643
12.317775514712388 145163454.3322345 -145162920.41996968
12.317781472383121 146659228.52364114 -146658693.04526994
12.317787430053855 148175997.07027584 -148175460.01542413
12.317793387724588 149714133.56921744 -149713594.92740384
12.317799345395322 151274019.6806742 -151273479.4413085
12.317805303066056 152856045.33276305 -152855503.4851447
12.317811260736789 154460608.93228585 -154460065.4656024
12.317817218407523 156088117.58169445 -156087572.48501995
12.317823176078257 157738987.30244461 -157738440.56473801
12.31782913374899 159413643.26495045 -159413094.87505385
12.317835091419722 161112520.02537921 -161111969.97201633
12.317841049090456 162836061.76948965 -162835510.041264
12.317847006761189 164584722.56376636 -164584169.14915949
12.317852964431923 166358966.61411157 -166358411.50148138
12.317858922102657 168159268.53232232 -168158711.70990121
12.31786487977339 169986113.61062014 -169985555.06651318
12.317870837444124 171839998.10453969 -171839437.82672268
12.317876795114858 173721429.52444372 -173720867.50076133
12.317882752785591 175630926.935954 -175630363.15411782
12.317888710456325 177569021.2696273 -177568455.71721387
12.317894668127058 179536255.64018613 -179535688.30463487
12.317900625797792 181533185.67563081 -181532616.54424199
12.317906583468526 183560379.85660687 -183559808.91653952
12.317912541139259 185618419.86636075 -185617847.10463044
12.317918498809993 187707900.95167431 -187707326.35515109
12.317924456480727 189829432.29516625 -189828855.85057235
12.31793041415146 191983637.39934626 -191983059.09325385
12.317936371822194 194171154.48287067 -194170574.30169949
12.317942329492928 196392636.88943648 -196392054.81945157
12.317948287163659 198648753.50974986 -198648169.53705913
12.317954244834393 200940189.21705222 -200939603.32760397
12.317960202505127 203267645.31669676 -203267057.49627718
12.31796616017586 205631840.01030245 -205631250.24453315
12.317972117846594 208033508.87499994 -208032917.14933521
12.317978075517328 210473405.35834643 -210472811.65807071
12.317984033188061 212952301.28947482 -212951705.59969997
12.317989990858795 215470987.40706968 -215470389.71273223
12.317995948529529 218030273.9048233 -218029674.19068158
12.318001906200262 220630990.99501082 -220630389.24564213
12.318007863870996 223273989.49088204 -223273385.6906797
12.318013821541729 225960141.40857136 -225959535.54174179
12.318019779212463 228690340.58925182 -228689732.63981134
12.318025736883197 231465503.34233657 -231464893.29410842
12.31803169455393 234286569.11052421 -234285956.94713533
12.318037652224664 237154501.15749648 -237153886.86237422
12.318043609895398 240070287.27918813 -240069670.83555698
12.318049567566131 243034940.53952634 -243034321.93040457
12.318055525236863 246049500.03157422 -246048879.23977035
12.318061482907597 249115031.66510552 -249114408.67321485
12.31806744057833 252232628.98163655 -252232003.77203751
12.318073398249064 255403413.99799919 -255402786.55284968
12.318079355919798 258628538.07957646 -258627908.38081011
12.318085313590531 261909182.84440586 -261908550.87372813
12.318091271261265 265246561.09937832 -265245926.83826262
12.318097228931999 268641917.80980539 -268641281.23948908
12.318103186602732 272096531.10373533 -272095892.20521551
12.318109144273466 275611713.31239051 -275611072.06641996
12.318115101944199 279188812.04827309 -279188168.43535596
12.318121059614933 282829211.32236254 -282828565.32274991
12.318127017285667 286534332.70212454 -286533684.29580998
12.3181329749564 290305636.51195461 -290304985.67866957
12.318138932627134 294144623.07786876 -294143969.79707801
12.318144890297868 298052834.0182423 -298052178.26913893
12.318150847968601 302031853.58256304 -302031195.34406376
12.318156805639335 306083310.04022259 -306082649.29096264
12.318162763310069 310208877.12137198 -310208213.83969998
12.3181687209808 314410275.51223963 -314409609.67621237
12.318174678651534 318689274.40712142 -318688605.99449849
12.318180636322268 323047693.11946255 -323047022.10770082
12.318186593993001 327487402.75464225 -327486729.12089032
12.318192551663735 332010327.94710428 -332009651.66819674
12.318198509334469 336618448.66462106 -336617769.71707243
12.318204467005202 341313802.08272916 -341313120.4427281
12.318210424675936 346098484.53233331 -346097800.17573631
12.318216382346669 350974653.52373266 -350973966.42605776
12.318222340017403 355944529.85047543 -355943839.98689574
12.318228297688137 361010399.77664346 -361009707.12198049
12.31823425535887 366174617.3113367 -366173921.84005362
12.318240213029604 371439606.57422847 -371438908.26042312
12.318246170700338 376807864.25634646 -376807163.0737443
12.318252128371071 382281962.18042445 -382281258.10237116
12.318258086041805 387864549.96544957 -387863842.96490359
12.318264043712539 393558357.80013859 -393557647.8496635
12.318270001383272 399366199.33043998 -399365486.40219659
12.318275959054004 405290974.6663186 -405290258.7320568
12.318281916724738 411335673.51357865 -411334954.54462934
12.318287874395471 417503378.43644416 -417502656.40371054
12.318293832066205 423797268.25706601 -423796543.13101506
12.318299789736939 430220621.59867495 -430219893.3493284
12.318305747407672 436776820.57907462 -436776089.17599976
12.318311705078406 443469354.66183043 -443468620.07413089
12.31831766274914 450301824.67274296 -450301086.86904889
12.318323620419873 457277946.98961258 -457277205.93807077
12.318329578090607 464401557.9138484 -464400813.58211225
12.31833553576134 471676618.23283684 -471675870.58805579
12.318341493432074 479107217.98254526 -479106466.99135405
12.318347451102808 486697581.42032903 -486696827.04883683
12.318353408773541 494452072.21844184 -494451314.43222088
12.318359366444275 502375198.8892954 -502374437.65336937
12.318365324115009 510471620.45432341 -510470855.73315555
12.318371281785742 518746152.3688466 -518745384.12632734
12.318377239456476 527203772.71606898 -527203000.9155035
12.31838319712721 535849628.68396008 -535848853.28805524
12.318389154797941 544689043.33971858 -544688264.31056964
12.318395112468675 553727522.71740556 -553726740.01648247
12.318401070139409 562970763.23542213 -562969976.82355547
12.318407027810142 572424659.46064961 -572423869.29801607
12.318412985480876 582095312.2380228 -582094518.28413033
12.31841894315161 591989037.2051059 -591988239.41877842
12.318424900822343 602112373.71220803 -602111572.05156958
12.318430858493077 612472094.16991031 -612471288.59236872
12.31843681616381 623075213.8477124 -623074404.30994272
12.318442773834544 633929001.1478765 -633928187.60580361
12.318448731505278 645040988.38105702 -645040170.78983808
12.318454689176011 656418983.07138264 -656418161.38538885
12.318460646846745 668071079.82049263 -668070253.99329007
12.318466604517479 680005672.76208305 -680004842.74641383
12.318472562188212 692231468.64003909 -692230634.38780093
12.318478519858946 704757500.54583883 -704756662.00806463
12.31848447752968 717593142.35290658 -717592299.47974312
12.318490435200413 730748123.88825703 -730747276.62894297
12.318496392871145 744232546.88393605 -744231695.18677962
12.318502350541879 758056901.75390363 -758056045.56625915
12.318508308212612 772232085.24446392 -772231224.51270771
12.318514265883346 786769419.01060212 -786768553.68010783
12.31852022355408 801680669.17292845 -801679799.18804121
12.318526181224813 816978066.91439462 -816977192.21840489
12.318532138895547 832674330.17897582 -832673450.7140919
12.318538096566281 848782686.53977704 -848781802.24709678
12.318544054237014 865316897.3081255 -865316008.12760723
12.318550011907748 882291282.96017933 -882290388.83061182
12.318555969578481 899720749.96252298 -899719850.8214941
12.318561927249215 917620819.08448923 -917619914.86835396
12.318567884919949 936007655.29098761 -936006745.9348346
12.318573842590682 954898099.31564391 -954897184.75326121
12.318579800261416 974309701.02200103 -974308781.18584025
12.31858575793215 994260754.66731977 -994259829.48845947
12.318591715602883 1014770336.1929687 -1014769405.601076
12.318597673273617 1035858342.6733885 -1035857406.5966796
12.318603630944351 1057545534.0659132 -1057544592.4311125
12.318609588615082 1079853577.4140415 -1079852630.1463394
12.318615546285816 1102805093.6669655 -1102804140.6899738
12.31862150395655 1126423707.2933595 -1126422748.529067
12.318627461627283 1150734098.8772352 -1150733134.2459595
12.318633419298017 1175762060.8997858 -1175761090.3201249
12.318639376968751 1201534556.9284108 -1201533580.3171921
12.318645334639484 1228079784.4478617 -1228078801.7200892
12.318651292310218 1255427241.5888886 -1255426252.6576886
12.318657249980951 1283607798.0295484 -1283606802.8061125
12.318663207651685 1312653770.3653369 -1312652768.7588634
12.318669165322419 1342599002.2679126 -1342597994.185545
12.318675122993152 1373478949.7803378 -1373477935.1271009
12.318681080663886 1405330772.1229177 -1405329750.801652
12.31868703833462 1438193428.413733 -1438192400.3250256
12.318692996005353 1472107780.7423329 -1472106745.784446
12.318698953676087 1507116704.0705717 -1507115662.1393683
12.318704911346821 1543265203.4788253 -1543264154.4676921
12.318710869017554 1580600539.3104308 -1580599483.1101971
12.318716826688286 1619172360.8227131 -1619171297.3215668
12.31872278435902 1659032849.005991 -1659031778.0893912
12.318728742029753 1700236869.2838514 -1700235790.8344376
12.318734699700487 1742842134.8680897 -1742841048.7655864
12.318740657371221 1786909381.6209936 -1786908287.7421112
12.318746615041954 1832502555.3459196 -1832501453.5642509
12.318752572712688 1879689012.5115819 -1879687902.6974945
12.318758530383422 1928539735.5071425 -1928538617.5276656
12.318764488054155 1979129563.6272397 -1979128437.3459466
12.318770445724889 2031537441.0934241 -2031536306.3703091
12.318776403395622 2085846683.544327 -2085845540.235677
12.318782361066356 2142145264.5624971 -2142144112.5207567
12.31878831873709 2200526123.9553967 -2200524963.0290275
12.318794276407823 2261087499.6656065 -2261086329.6989403
12.318800234078557 2323933285.3797269 -2323932106.2128105
12.318806191749291 2389173416.1006145 -2389172227.5690494
12.318812149420024 2456924284.1792846 -2456923086.1140556
12.318818107090758 2527309188.5464463 -2527307980.773746
12.31882406476149 2600458820.1573539 -2600457602.4983954
12.318830022432223 2676511786.9780655 -2676510559.2488871
12.318835980102957 2755615182.1987042 -2755613944.2099628
12.318841937773691 2837925199.7253008 -2837923951.2820573
12.318847895444424 2923607801.4339571 -2923606542.3354492
12.318853853115158 3012839441.1502438 -3012838171.1896472
12.318859810785892 3105807850.8576617 -3105806569.8218398
12.318865768456625 3202712895.2257833 -3202711602.895021
12.318871726127359 3303767501.2547998 -3303766197.4025269
12.318877683798092 3409198670.5553732 -3409197354.9478698
12.318883641468826 3519248582.6396174 -3519247255.0357046
12.31888959913956 3634175798.5744987 -3634174458.7252116
12.318895556810293 3754256575.4175134 -3754255223.0657558
12.318901514481027 3879786303.0861816 -3879784937.9663615
12.318907472151761 4011081076.6441207 -4011079698.4817653
12.318913429822494 4148479418.6185718 -4148478027.1299186
12.318919387493228 4292344167.6822581 -4292342762.5738239
12.318925345163962 4443064552.0593872 -4443063133.0275097
12.318931302834695 4601058468.3048573 -4601057035.0352097
12.318937260505427 4766774988.7147255 -4766773540.8818045
12.318943218176161 4940697123.5119724 -4940695660.7785482
12.318949175846894 5123344867.441906 -5123343389.4584446
12.318955133517628 5315278564.3567505 -5315277070.7607937
12.318961091188362 5517102627.5676966 -5517101117.9832058
12.318967048859095 5729469659.1265364 -5729468133.1631947
12.318973006529829 5953085016.8549852 -5953083474.1074486
12.318978964200562 6188711884.8959436 -6188710324.9430456
12.318984921871296 6437176911.292449 -6437175333.6963511
12.31899087954203 6699376485.1686344 -6699374889.4739189
12.318996837212763 6976283736.5056009 -6976282122.2382956
12.319002794883497 7268956353.8954258 -7268954720.5619659
12.319008752554231 7578545329.7045527 -7578543676.7906637
12.319014710224964 7906304758.6168127 -7906303085.5863152
12.319020667895698 8253602834.998538 -8253601141.2920589
12.319026625566432 8621934217.1494122 -8621932502.1830044
12.319032583237165 9012933953.3239117 -9012932216.4875622
12.319038540907899 9428393195.7482147 -9428391436.4042435
12.319044498578631 9870276965.6368103 -9870275183.1181393
12.319050456249364 10340744276.689192 -10340742470.297472
12.319056413920098 10842170976.334951 -10842169145.338541
12.319062371590832 11377175726.156834 -11377173869.788607
12.319068329261565 11948649616.745047 -11948647734.200018
12.319074286932299 12559790001.054096 -12559788091.486835
12.319080244603033 13214139237.243286 -13214137299.765114
12.319086202273766 13915629159.488153 -13915627193.164082
12.3190921599445 14668632250.343874 -14668630254.189268
12.319098117615233 15478020676.990143 -15478018649.967075
12.319104075285967 16349234581.930149 -16349232522.943407
12.319110032956701 17288361298.157013 -17288359206.049725
12.319115990627434 18302227501.528786 -18302225375.077606
12.319121948298168 19398506734.916042 -19398504572.825867
12.319127905968902 20585845260.417454 -20585843061.315578
12.319133863639635 21874009842.469734 -21874007604.899418
12.319139821310369 23274061870.871075 -23274059593.284386
12.319145778981103 24798563245.021355 -24798560925.771252
12.319151736651836 26461820712.47673 -26461818349.808254
12.319157694322568 28280176959.606659 -28280174551.647106
12.319163651993302 30272358800.114216 -30272356344.862148
12.319169609664035 32459895425.842541 -32459892921.155472
