# serie phase 2 sous seuil p5_w2.27_c0.95_seuil : t x1 x2 (dt2=9.5986638164902154e-06)
399.9961605344734 -0.76680764579850158 0.79146652737869683
399.99617013313724 -0.76682789587617217 0.79146624983946423
399.99617973180102 -0.7668481458831915 0.79146597192447588
399.99618933046486 -0.76686839581955779 0.79146569363373187
399.9961989291287 -0.76688864568526915 0.79146541496723233
399.99620852779248 -0.7669088954803237 0.79146513592497747
399.99621812645631 -0.76692914520471966 0.7914648565069673
399.99622772512009 -0.76694939485845515 0.79146457671320203
399.99623732378393 -0.76696964444152815 0.79146429654368178
399.99624692244777 -0.76698989395393691 0.79146401599840666
399.99625652111155 -0.76701014339567963 0.79146373507737677
399.99626611977538 -0.76703039276675433 0.79146345378059235
399.99627571843922 -0.76705064206715923 0.79146317210805339
399.996285317103 -0.76707089129689243 0.79146289005976012
399.99629491576684 -0.76709114045595206 0.79146260763571263
399.99630451443068 -0.76711138954433622 0.79146232483591117
399.99631411309446 -0.76713163856204303 0.79146204166035572
399.99632371175829 -0.76715188750907071 0.79146175810904651
399.99633331042207 -0.76717213638541737 0.79146147418198365
399.99634290908591 -0.76719238519108113 0.79146118987916725
399.99635250774975 -0.76721263392606009 0.79146090520059753
399.99636210641353 -0.76723288259035238 0.7914606201462745
399.99637170507737 -0.76725313118395622 0.79146033471619837
399.9963813037412 -0.76727337970686971 0.79146004891036925
399.99639090240498 -0.76729362815909097 0.79145976272878726
399.99640050106882 -0.76731387654061811 0.79145947617145262
399.99641009973266 -0.76733412485144925 0.79145918923836545
399.99641969839644 -0.76735437309158261 0.79145890192952584
399.99642929706027 -0.76737462126101619 0.79145861424493391
399.99643889572405 -0.76739486935974821 0.79145832618458978
399.99644849438789 -0.7674151173877769 0.79145803774849366
399.99645809305173 -0.76743536534510026 0.79145774893664567
399.99646769171551 -0.7674556132317164 0.79145745974904591
399.99647729037935 -0.76747586104762355 0.7914571701856945
399.99648688904318 -0.76749610879281982 0.79145688024659167
399.99649648770696 -0.76751635646730332 0.79145658993173751
399.9965060863708 -0.76753660407107227 0.79145629924113214
399.99651568503464 -0.76755685160412468 0.79145600817477568
399.99652528369842 -0.76757709906645877 0.79145571673266824
399.99653488236225 -0.76759734645807265 0.79145542491481002
399.99654448102604 -0.76761759377896444 0.79145513272120116
399.99655407968987 -0.76763784102913224 0.79145484015184187
399.99656367835371 -0.76765808820857429 0.79145454720673214
399.99657327701749 -0.76767833531728857 0.79145425388587221
399.99658287568133 -0.76769858235527333 0.79145396018926217
399.99659247434516 -0.76771882932252677 0.79145366611690215
399.99660207300894 -0.76773907621904691 0.79145337166879237
399.99661167167278 -0.76775932304483185 0.79145307684493293
399.99662127033662 -0.76777956979987982 0.79145278164532396
399.9966308690004 -0.76779981648418894 0.79145248606996554
399.99664046766424 -0.7678200630977573 0.79145219011885792
399.99665006632807 -0.76784030964058303 0.7914518937920012
399.99665966499185 -0.76786055611266435 0.7914515970893955
399.99666926365569 -0.76788080251399937 0.79145130001104091
399.99667886231947 -0.7679010488445861 0.79145100255693768
399.99668846098331 -0.76792129510442286 0.7914507047270859
399.99669805964714 -0.76794154129350767 0.79145040652148568
399.99670765831092 -0.76796178741183863 0.79145010794013726
399.99671725697476 -0.76798203345941396 0.79144980898304063
399.9967268556386 -0.76800227943623178 0.79144950965019611
399.99673645430238 -0.76802252534229021 0.79144920994160373
399.99674605296622 -0.76804277117758735 0.79144890985726357
399.99675565163005 -0.76806301694212142 0.79144860939717587
399.99676525029383 -0.76808326263589044 0.79144830856134085
399.99677484895767 -0.76810350825889262 0.79144800734975851
399.99678444762145 -0.76812375381112608 0.79144770576242907
399.99679404628529 -0.76814399929258903 0.79144740379935263
399.99680364494913 -0.76816424470327949 0.79144710146052932
399.99681324361291 -0.76818449004319567 0.79144679874595936
399.99682284227674 -0.76820473531233568 0.79144649565564285
399.99683244094058 -0.76822498051069765 0.7914461921895799
399.99684203960436 -0.76824522563827968 0.79144588834777074
399.9968516382682 -0.76826547069508 0.79144558413021537
399.99686123693203 -0.7682857156810966 0.79144527953691413
399.99687083559581 -0.76830596059632772 0.791444974567867
399.99688043425965 -0.76832620544077146 0.79144466922307422
399.99689003292343 -0.76834645021442594 0.79144436350253589
399.99689963158727 -0.76836669491728937 0.79144405740625212
399.99690923025111 -0.76838693954935988 0.79144375093422314
399.99691882891489 -0.76840718411063547 0.79144344408644907
399.99692842757872 -0.76842742860111435 0.79144313686293
399.99693802624256 -0.76844767302079475 0.79144282926366616
399.99694762490634 -0.76846791736967468 0.79144252128865766
399.99695722357018 -0.76848816164775235 0.79144221293790462
399.99696682223401 -0.76850840585502589 0.79144190421140714
399.99697642089779 -0.7685286499914934 0.79144159510916545
399.99698601956163 -0.76854889405715299 0.79144128563117966
399.99699561822541 -0.76856913805200289 0.79144097577744998
399.99700521688925 -0.7685893819760411 0.79144066554797654
399.99701481555309 -0.76860962582926584 0.79144035494275944
399.99702441421687 -0.76862986961167523 0.79144004396179879
399.9970340128807 -0.76865011332326738 0.79143973260509481
399.99704361154454 -0.76867035696404051 0.79143942087264763
399.99705321020832 -0.76869060053399263 0.79143910876445744
399.99706280887216 -0.76871084403312195 0.79143879628052438
399.997072407536 -0.7687310874614266 0.79143848342084855
399.99708200619978 -0.76875133081890479 0.79143817018543006
399.99709160486361 -0.76877157410555452 0.79143785657426913
399.99710120352739 -0.76879181732137403 0.79143754258736587
399.99711080219123 -0.76881206046636141 0.79143722822472051
399.99712040085507 -0.76883230354051479 0.79143691348633316
399.99712999951885 -0.76885254654383228 0.79143659837220393
399.99713959818268 -0.7688727894763121 0.79143628288233292
399.99714919684652 -0.76889303233795225 0.79143596701672037
399.9971587955103 -0.76891327512875096 0.79143565077536648
399.99716839417414 -0.76893351784870634 0.79143533415827128
399.99717799283798 -0.7689537604978165 0.79143501716543496
399.99718759150176 -0.76897400307607966 0.79143469979685777
399.99719719016559 -0.76899424558349394 0.79143438205253969
399.99720678882937 -0.76901448802005734 0.79143406393248095
399.99721638749321 -0.76903473038576819 0.79143374543668177
399.99722598615705 -0.7690549726806245 0.79143342656514215
399.99723558482083 -0.76907521490462438 0.79143310731786243
399.99724518348467 -0.76909545705776605 0.7914327876948426
399.9972547821485 -0.76911569914004763 0.79143246769608289
399.99726438081228 -0.76913594115146722 0.7914321473215834
399.99727397947612 -0.76915618309202294 0.79143182657134437
399.99728357813996 -0.76917642496171301 0.79143150544536589
399.99729317680374 -0.76919666676053544 0.79143118394364809
399.99730277546757 -0.76921690848848845 0.79143086206619118
399.99731237413141 -0.76923715014557015 0.79143053981299527
399.99732197279519 -0.76925739173177876 0.79143021718406048
399.99733157145903 -0.76927763324711229 0.79142989417938703
399.99734117012281 -0.76929787469156896 0.79142957079897502
399.99735076878665 -0.76931811606514688 0.79142924704282469
399.99736036745048 -0.76933835736784417 0.79142892291093614
399.99736996611426 -0.76935859859965894 0.79142859840330948
399.9973795647781 -0.76937883976058941 0.79142827351994494
399.99738916344194 -0.76939908085063369 0.79142794826084262
399.99739876210572 -0.76941932186978979 0.79142762262600275
399.99740836076955 -0.76943956281805603 0.79142729661542544
399.99741795943339 -0.76945980369543043 0.79142697022911079
399.99742755809717 -0.7694800445019111 0.79142664346705904
399.99743715676101 -0.76950028523749625 0.7914263163292703
399.99744675542479 -0.769520525902184 0.79142598881574466
399.99745635408863 -0.76954076649597247 0.79142566092648237
399.99746595275246 -0.76956100701885988 0.79142533266148363
399.99747555141624 -0.76958124747084422 0.79142500402074845
399.99748515008008 -0.76960148785192373 0.79142467500427716
399.99749474874392 -0.76962172816209651 0.79142434561206976
399.9975043474077 -0.76964196840136068 0.79142401584412647
399.99751394607154 -0.76966220856971435 0.79142368570044741
399.99752354473537 -0.76968244866715574 0.79142335518103279
399.99753314339915 -0.76970268869368297 0.79142302428588274
399.99754274206299 -0.76972292864929415 0.79142269301499746
399.99755234072677 -0.76974316853398739 0.79142236136837707
399.99756193939061 -0.7697634083477608 0.79142202934602168
399.99757153805444 -0.76978364809061262 0.79142169694793152
399.99758113671822 -0.76980388776254083 0.7914213641741068
399.99759073538206 -0.76982412736354366 0.79142103102454753
399.9976003340459 -0.76984436689361935 0.79142069749925392
399.99760993270968 -0.76986460635276588 0.79142036359822621
399.99761953137352 -0.76988484574098148 0.79142002932146449
399.99762913003735 -0.76990508505826416 0.79141969466896889
399.99763872870113 -0.76992532430461214 0.79141935964073962
399.99764832736497 -0.76994556348002363 0.79141902423677679
399.99765792602875 -0.76996580258449665 0.79141868845708063
399.99766752469259 -0.76998604161802942 0.79141835230165125
399.99767712335642 -0.77000628058061993 0.79141801577048887
399.99768672202021 -0.77002651947226641 0.7914176788635936
399.99769632068404 -0.77004675829296709 0.79141734158096555
399.99770591934788 -0.77006699704271997 0.79141700392260494
399.99771551801166 -0.77008723572152327 0.79141666588851201
399.9977251166755 -0.7701074743293751 0.79141632747868673
399.99773471533933 -0.77012771286627357 0.79141598869312946
399.99774431400311 -0.77014795133221681 0.79141564953184018
399.99775391266695 -0.77016818972720291 0.79141530999481913
399.99776351133073 -0.77018842805123011 0.79141497008206652
399.99777310999457 -0.77020866630429652 0.79141462979358246
399.99778270865841 -0.77022890448640025 0.79141428912936718
399.99779230732219 -0.7702491425975394 0.79141394808942078
399.99780190598602 -0.77026938063771222 0.79141360667374339
399.99781150464986 -0.77028961860691669 0.79141326488233521
399.99782110331364 -0.77030985650515105 0.79141292271519637
399.99783070197748 -0.7703300943324134 0.79141258017232707
399.99784030064131 -0.77035033208870196 0.79141223725372745
399.99784989930509 -0.77037056977401475 0.79141189395939771
399.99785949796893 -0.77039080738834997 0.79141155028933796
399.99786909663271 -0.77041104493170576 0.79141120624354844
399.99787869529655 -0.77043128240408021 0.79141086182202924
399.99788829396039 -0.77045151980547144 0.7914105170247806
399.99789789262417 -0.77047175713587768 0.79141017185180262
399.997907491288 -0.77049199439529692 0.79140982630309542
399.99791708995184 -0.77051223158372739 0.79140948037865921
399.99792668861562 -0.77053246870116732 0.79140913407849423
399.99793628727946 -0.7705527057476147 0.79140878740260057
399.9979458859433 -0.77057294272306764 0.79140844035097835
399.99795548460708 -0.77059317962752438 0.79140809292362779
399.99796508327091 -0.77061341646098303 0.79140774512054912
399.99797468193469 -0.77063365322344168 0.79140739694174245
399.99798428059853 -0.77065388991489858 0.79140704838720788
399.99799387926237 -0.77067412653535172 0.79140669945694564
399.99800347792615 -0.77069436308479933 0.79140635015095584
399.99801307658998 -0.77071459956323951 0.7914060004692387
399.99802267525382 -0.77073483597067038 0.79140565041179445
399.9980322739176 -0.77075507230709017 0.79140529997862319
399.99804187258144 -0.77077530857249688 0.79140494916972504
399.99805147124528 -0.77079554476688872 0.79140459798510021
399.99806106990906 -0.77081578089026381 0.79140424642474883
399.99807066857289 -0.77083601694262027 0.7914038944886711
399.99808026723667 -0.77085625292395632 0.79140354217686726
399.99808986590051 -0.77087648883427007 0.79140318948933741
399.99809946456435 -0.77089672467355952 0.79140283642608167
399.99810906322813 -0.7709169604418229 0.79140248298710025
399.99811866189197 -0.77093719613905842 0.79140212917239328
399.9981282605558 -0.7709574317652641 0.79140177498196096
399.99813785921958 -0.77097766732043815 0.79140142041580352
399.99814745788342 -0.77099790280457869 0.79140106547392108
399.99815705654726 -0.77101813821768383 0.79140071015631375
399.99816665521104 -0.77103837355975169 0.79140035446298174
399.99817625387487 -0.77105860883078048 0.79139999839392527
399.99818585253871 -0.77107884403076821 0.79139964194914447
399.99819545120249 -0.7710990791597131 0.79139928512863955
399.99820504986633 -0.77111931421761326 0.79139892793241062
399.99821464853011 -0.77113954920446692 0.7913985703604578
399.99822424719395 -0.77115978412027208 0.7913982124127813
399.99823384585778 -0.77118001896502697 0.79139785408938135
399.99824344452156 -0.77120025373872969 0.79139749539025805
399.9982530431854 -0.77122048844137836 0.79139713631541164
399.99826264184924 -0.7712407230729712 0.79139677686484222
399.99827224051302 -0.77126095763350622 0.79139641703855002
399.99828183917685 -0.77128119212298163 0.79139605683653524
399.99829143784069 -0.77130142654139555 0.79139569625879802
399.99830103650447 -0.7713216608887461 0.79139533530533845
399.99831063516831 -0.77134189516503149 0.79139497397615677
399.99832023383209 -0.77136212937024973 0.79139461227125318
399.99832983249593 -0.77138236350439904 0.79139425019062781
399.99833943115976 -0.77140259756747753 0.79139388773428077
399.99834902982354 -0.77142283155948332 0.79139352490221238
399.99835862848738 -0.77144306548041464 0.79139316169442264
399.99836822715122 -0.77146329933026958 0.7913927981109119
399.998377825815 -0.77148353310904627 0.79139243415168026
399.99838742447884 -0.77150376681674282 0.79139206981672783
399.99839702314267 -0.77152400045335734 0.79139170510605483
399.99840662180645 -0.77154423401888794 0.79139134001966138
399.99841622047029 -0.77156446751333285 0.79139097455754781
399.99842581913407 -0.77158470093669018 0.79139060871971412
399.99843541779791 -0.77160493428895804 0.79139024250616052
399.99844501646174 -0.77162516757013466 0.79138987591688725
399.99845461512552 -0.77164540078021804 0.79138950895189453
399.99846421378936 -0.7716656339192064 0.79138914161118235
399.9984738124532 -0.77168586698709785 0.79138877389475104
399.99848341111698 -0.7717060999838905 0.79138840580260073
399.99849300978082 -0.77172633290958248 0.79138803733473162
399.99850260844465 -0.771746565764172 0.79138766849114384
399.99851220710843 -0.77176679854765717 0.7913872992718376
399.99852180577227 -0.77178703126003612 0.79138692967681301
399.99853140443605 -0.77180726390130694 0.7913865597060703
399.99854100309989 -0.77182749647146776 0.79138618935960969
399.99855060176372 -0.77184772897051679 0.79138581863743129
399.99856020042751 -0.77186796139845215 0.79138544753953521
399.99856979909134 -0.77188819375527196 0.79138507606592179
399.99857939775518 -0.77190842604097432 0.79138470421659113
399.99858899641896 -0.77192865825555745 0.79138433199154334
399.9985985950828 -0.77194889039901937 0.79138395939077866
399.99860819374663 -0.77196912247135829 0.79138358641429729
399.99861779241041 -0.77198935447257233 0.79138321306209936
399.99862739107425 -0.77200958640265971 0.79138283933418507
399.99863698973803 -0.77202981826161843 0.79138246523055455
399.99864658840187 -0.77205005004944671 0.79138209075120802
399.99865618706571 -0.77207028176614267 0.7913817158961457
399.99866578572949 -0.77209051341170443 0.79138134066536769
399.99867538439332 -0.77211074498613019 0.79138096505887423
399.99868498305716 -0.77213097648941798 0.79138058907666553
399.99869458172094 -0.772151207921566 0.7913802127187417
399.99870418038478 -0.77217143928257237 0.79137983598510286
399.99871377904861 -0.77219167057243521 0.79137945887574934
399.99872337771239 -0.77221190179115273 0.79137908139068114
399.99873297637623 -0.77223213293872295 0.79137870352989859
399.99874257504001 -0.77225236401514408 0.7913783252934018
399.99875217370385 -0.77227259502041423 0.79137794668119099
399.99876177236769 -0.77229282595453153 0.79137756769326628
399.99877137103147 -0.77231305681749418 0.79137718832962789
399.9987809696953 -0.77233328760930031 0.79137680859027604
399.99879056835914 -0.77235351832994792 0.79137642847521084
399.99880016702292 -0.77237374897943534 0.79137604798443251
399.99880976568676 -0.77239397955776057 0.79137566711794116
399.9988193643506 -0.77241421006492172 0.79137528587573713
399.99882896301438 -0.77243444050091703 0.79137490425782042
399.99883856167821 -0.7724546708657446 0.79137452226419136
399.99884816034205 -0.77247490115940254 0.79137413989485006
399.99885775900583 -0.77249513138188908 0.79137375714979663
399.99886735766967 -0.77251536153320222 0.79137337402903141
399.99887695633345 -0.77253559161334018 0.7913729905325545
399.99888655499728 -0.77255582162230108 0.79137260666036602
399.99889615366112 -0.77257605156008302 0.79137222241246619
399.9989057523249 -0.77259628142668424 0.79137183778885523
399.99891535098874 -0.77261651122210273 0.79137145278953336
399.99892494965258 -0.77263674094633672 0.7913710674145007
399.99893454831636 -0.77265697059938432 0.79137068166375746
399.99894414698019 -0.77267720018124375 0.79137029553730376
399.99895374564403 -0.77269742969191302 0.79136990903513982
399.99896334430781 -0.77271765913139034 0.79136952215726586
399.99897294297165 -0.77273788849967384 0.79136913490368199
399.99898254163543 -0.77275811779676162 0.79136874727438844
399.99899214029926 -0.7727783470226518 0.79136835926938542
399.9990017389631 -0.7727985761773426 0.79136797088867306
399.99901133762688 -0.77281880526083213 0.79136758213225156
399.99902093629072 -0.77283903427311851 0.79136719300012115
399.99903053495456 -0.77285926321419984 0.79136680349228194
399.99904013361834 -0.77287949208407425 0.79136641360873416
399.99904973228217 -0.77289972088273995 0.79136602334947803
399.99905933094601 -0.77291994961019506 0.79136563271451366
399.99906892960979 -0.77294017826643768 0.79136524170384126
399.99907852827363 -0.77296040685146594 0.79136485031746107
399.99908812693741 -0.77298063536527795 0.7913644585553733
399.99909772560125 -0.77300086380787192 0.79136406641757806
399.99910732426508 -0.77302109217924597 0.79136367390407547
399.99911692292886 -0.77304132047939822 0.79136328101486586
399.9991265215927 -0.77306154870832677 0.79136288774994934
399.99913612025654 -0.77308177686602986 0.79136249410932613
399.99914571892032 -0.77310200495250558 0.79136210009299635
399.99915531758415 -0.77312223296775207 0.79136170570096021
399.99916491624799 -0.77314246091176742 0.79136131093321793
399.99917451491177 -0.77316268878454975 0.79136091578976964
399.99918411357561 -0.77318291658609728 0.79136052027061565
399.99919371223939 -0.77320314431640813 0.79136012437575609
399.99920331090323 -0.77322337197548041 0.79135972810519106
399.99921290956706 -0.77324359956331223 0.79135933145892079
399.99922250823084 -0.77326382707990171 0.79135893443694549
399.99923210689468 -0.77328405452524707 0.7913585370392654
399.99924170555852 -0.77330428189934641 0.79135813926588061
399.9992513042223 -0.77332450920219786 0.79135774111679136
399.99926090288614 -0.77334473643379953 0.79135734259199786
399.99927050154997 -0.77336496359414963 0.79135694369150034
399.99928010021375 -0.77338519068324629 0.7913565444152989
399.99928969887759 -0.77340541770108762 0.79135614476339378
399.99929929754137 -0.77342564464767172 0.79135574473578507
399.99930889620521 -0.77344587152299671 0.79135534433247312
399.99931849486904 -0.77346609832706081 0.79135494355345803
399.99932809353282 -0.77348632505986215 0.79135454239873992
399.99933769219666 -0.77350655172139882 0.79135414086831912
399.9993472908605 -0.77352677831166894 0.79135373896219574
399.99935688952428 -0.77354700483067063 0.79135333668037
399.99936648818812 -0.7735672312784021 0.79135293402284212
399.99937608685195 -0.77358745765486148 0.79135253098961222
399.99938568551573 -0.77360768396004687 0.79135212758068052
399.99939528417957 -0.77362791019395638 0.79135172379604724
399.99940488284335 -0.77364813635658825 0.79135131963571248
399.99941448150719 -0.77366836244794057 0.79135091509967648
399.99942408017102 -0.77368858846801147 0.79135051018793945
399.99943367883481 -0.77370881441679906 0.79135010490050162
399.99944327749864 -0.77372904029430145 0.7913496992373632
399.99945287616248 -0.77374926610051686 0.79134929319852432
399.99946247482626 -0.77376949183544341 0.79134888678398518
399.9994720734901 -0.77378971749907921 0.79134847999374591
399.99948167215393 -0.77380994309142237 0.79134807282780684
399.99949127081771 -0.773830168612471 0.79134766528616807
399.99950086948155 -0.77385039406222333 0.79134725736882983
399.99951046814533 -0.77387061944067748 0.79134684907579222
399.99952006680917 -0.77389084474783154 0.7913464404070556
399.99952966547301 -0.77391106998368364 0.79134603136262005
399.99953926413679 -0.773931295148232 0.7913456219424857
399.99954886280062 -0.77395152024147473 0.79134521214665288
399.99955846146446 -0.77397174526340995 0.79134480197512169
399.99956806012824 -0.77399197021403576 0.79134439142789248
399.99957765879208 -0.77401219509335029 0.79134398050496524
399.99958725745591 -0.77403241990135174 0.7913435692063403
399.99959685611969 -0.77405264463803825 0.79134315753201778
399.99960645478353 -0.77407286930340791 0.79134274548199801
399.99961605344731 -0.77409309389745884 0.79134233305628099
399.99962565211115 -0.77411331842018927 0.79134192025486705
399.99963525077499 -0.77413354287159719 0.79134150707775641
399.99964484943877 -0.77415376725168084 0.79134109352494919
399.9996544481026 -0.77417399156043831 0.79134067959644561
399.99966404676644 -0.77419421579786785 0.79134026529224577
399.99967364543022 -0.77421443996396744 0.79133985061235002
399.99968324409406 -0.77423466405873531 0.79133943555675845
399.9996928427579 -0.77425488808216958 0.7913390201254713
399.99970244142168 -0.77427511203426835 0.79133860431848879
399.99971204008551 -0.77429533591502986 0.79133818813581114
399.99972163874935 -0.7743155597244521 0.79133777157743845
399.99973123741313 -0.77433578346253329 0.79133735464337096
399.99974083607697 -0.77435600712927155 0.79133693733360888
399.99975043474075 -0.7743762307246651 0.79133651964815244
399.99976003340458 -0.77439645424871195 0.79133610158700174
399.99976963206842 -0.77441667770141032 0.79133568315015712
399.9997792307322 -0.77443690108275831 0.79133526433761869
399.99978882939604 -0.77445712439275405 0.79133484514938668
399.99979842805988 -0.77447734763139564 0.79133442558546119
399.99980802672366 -0.77449757079868131 0.79133400564584255
399.99981762538749 -0.77451779389460917 0.79133358533053089
399.99982722405133 -0.77453801691917734 0.79133316463952641
399.99983682271511 -0.77455823987238392 0.79133274357282934
399.99984642137895 -0.77457846275422715 0.79133232213043991
399.99985602004273 -0.77459868556470501 0.79133190031235823
399.99986561870656 -0.77461890830381575 0.79133147811858451
399.9998752173704 -0.77463913097155745 0.79133105554911909
399.99988481603418 -0.77465935356792837 0.79133063260396197
399.99989441469802 -0.77467957609292648 0.79133020928311348
399.99990401336186 -0.77469979854655002 0.79132978558657385
399.99991361202564 -0.7747200209287971 0.79132936151434319
399.99992321068947 -0.77474024323966584 0.79132893706642171
399.99993280935331 -0.77476046547915445 0.79132851224280965
399.99994240801709 -0.77478068764726093 0.79132808704350721
399.99995200668093 -0.77480090974398352 0.79132766146851452
399.99996160534471 -0.77482113176932033 0.79132723551783191
399.99997120400855 -0.77484135372326957 0.79132680919145948
399.99998080267238 -0.77486157560582924 0.79132638248939746
399.99999040133616 -0.77488179741699759 0.79132595541164608
400 -0.7749020191567727 0.79132552795820554
