# serie phase 2 p4_w1.73_c1.05_dt2s4_k2 : t x1 x2 (dt2=2.978835366769958e-06, depart t=120.498 etat bascule x1 x2 v1 v2 = -1619894.0717007094 1614768.9517646823 -66097783.110165134 65993041.736715235)
120.5910588168579 -291925582621.28485 291923403134.54175
120.59106179569326 -292660405569.22894 292658223341.14197
120.59106477452863 -293397542062.62958 293395357088.02344
120.591067753364 -294137000847.87262 294134813121.5589
120.59107073219936 -294878790709.94501 294876600226.72229
120.59107371103472 -295622920472.6297 295620727227.28345
120.59107668987009 -296369398998.70154 296367202986.00397
120.59107966870546 -297118235190.12427 297116036404.83447
120.59108264754083 -297869437988.24878 297867236425.11267
120.5910856263762 -298623016374.01227 298620812027.76239
120.59108860521157 -299378979368.13861 299376772233.4942
120.59109158404694 -300137336031.34009 300135126103.00696
120.59109456288229 -300898095464.52008 300895882737.19067
120.59109754171766 -301661266808.97699 301659051277.33032
120.59110052055303 -302426859246.60919 302424640905.31079
120.5911034993884 -303194882000.12134 303192660843.82318
120.59110647822376 -303965344333.23151 303963120356.57196
120.59110945705913 -304738255550.87994 304736028748.48376
120.5911124358945 -305513624999.43884 305511395365.91705
120.59111541472987 -306291462066.92346 306289229596.87347
120.59111839356522 -307071776183.20416 307069540871.20966
120.59112137240059 -307854576820.21979 307852338660.85052
120.59112435123596 -308639873492.1922 308637632480.00421
120.59112733007133 -309427675755.84235 309425431885.37769
120.5911303089067 -310217993210.60706 310215746476.39392
120.59113328774207 -311010835498.85773 311008585895.41028
120.59113626657744 -311806212306.11969 311803959827.93805
120.5911392454128 -312604133361.29321 312601878002.86353
120.59114222424816 -313404608436.87567 313402350192.66992
120.59114520308353 -314207647349.18494 314205386213.66095
120.5911481819189 -315013259958.58392 315010995926.18536
120.59115116075426 -315821456169.70667 315819189234.86285
120.59115413958963 -316632245931.68561 316629976088.81171
120.591157118425 -317445639238.38049 317443366481.8772
120.59116009726037 -318261646128.60797 318259370452.86169
120.59116307609574 -319080276686.37311 319077998085.7558
120.59116605493109 -319901541041.10187 319899259509.97095
120.59116903376646 -320725449367.87506 320723164900.57349
120.59117201260183 -321552011887.66382 321549724478.51996
120.5911749914372 -322381238867.56604 322378948510.89368
120.59117797027257 -323213140621.04486 323210847311.14307
120.59118094910794 -324047727508.16754 324045431239.32074
120.59118392794331 -324885009935.84668 324882710702.32446
120.59118690677866 -325724998358.08221 325722696154.1394
120.59118988561403 -326567703276.20538 326565398096.08197
120.5911928644494 -327413135239.12354 327410827077.04462
120.59119584328477 -328261304843.56659 328258993693.74225
120.59119882212013 -329112222734.33508 329109908590.96039
120.5912018009555 -329965899604.54968 329963582461.80469
120.59120477979087 -330822346195.90198 330820026047.95166
120.59120775862624 -331681573298.90674 331679250139.90094
120.59121073746159 -332543591753.15546 332541265577.22882
120.59121371629696 -333408412447.5719 333406083248.84381
120.59121669513233 -334276046320.6687 334273714093.24323
120.5912196739677 -335146504360.80566 335144169098.77155
120.59122265280307 -336019797606.44971 336017459303.88031
120.59122563163844 -336895937146.4361 336893595797.38928
120.59122861047381 -337774934120.23102 337772589718.74927
120.59123158930917 -338656799718.19629 338654452258.30646
120.59123456814453 -339541545181.8551 339539194657.56848
120.5912375469799 -340429181804.15955 340426828209.47174
120.59124052581527 -341319720929.75958 341317364258.65057
120.59124350465063 -342213173955.27393 342210814201.70782
120.591246483486 -343109552329.56213 343107189487.48743
120.59124946232137 -344008867553.99866 344006501617.34778
120.59125244115674 -344911131182.74799 344908762145.43762
120.59125541999211 -345816354823.04211 345813982678.9729
120.59125839882746 -346724550135.45898 346722174878.51562
120.59126137766283 -347635728834.20306 347633350458.25415
120.5912643564982 -348549902687.38715 348547521186.28522
120.59126733533357 -349467083517.31641 349464698884.89777
120.59127031416894 -350387283200.77338 350384895430.85815
120.59127329300431 -351310513669.3053 351308122755.69733
120.59127627183967 -352236786909.51288 352234392845.99963
120.59127925067503 -353166114963.34082 353163717743.69348
120.5912822295104 -354098509928.37012 354096109546.34338
120.59128520834577 -355033983958.11182 355031580407.44385
120.59128818718114 -355972549262.30273 355970142536.71527
120.5912911660165 -356914218107.20319 356911808200.40125
120.59129414485187 -357859002815.89594 357856589721.56793
120.59129712368724 -358806915768.58746 358804499480.40515
120.59130010252261 -359757969402.91077 359755549914.52905
120.59130308135796 -360712176214.2298 360709753519.2868
120.59130606019333 -361669548755.94604 361667122848.06305
120.5913090390287 -362630099639.80695 362627670512.58826
120.59131201786407 -363593841536.21576 363591409183.24872
120.59131499669944 -364560787174.5437 364558351589.39862
120.59131797553481 -365530949343.44373 365528510519.67383
120.59132095437018 -366504340891.1662 366501898822.3075
120.59132393320554 -367480974725.87665 367478529405.448
120.5913269120409 -368460863815.97522 368458415237.47815
120.59132989087627 -369444021190.41821 369441569347.33691
120.59133286971164 -370430459939.04138 370428004824.84271
120.591335848547 -371420193212.8855 371417734821.01886
120.59133882738237 -372413234224.52325 372410772548.42053
120.59134180621774 -373409596248.38867 373407131281.46423
120.59134478505311 -374409292621.10834 374406824356.75891
120.59134776388848 -375412336741.83472 375409865173.43927
120.59135074272383 -376418742072.58124 376416267193.50116
120.5913537215592 -377428522138.55957 377426043942.13837
120.59135670039457 -378441690528.51886 378439209008.08215
120.59135967922994 -379458260895.08716 379455776043.94269
120.59136265806531 -380478246955.11499 380475758766.55249
120.59136563690068 -381501662490.02063 381499170957.31183
120.59136861573604 -382528521346.13794 382526026462.53638
120.59137159457141 -383558837435.06592 383556339193.80707
120.59137457340677 -384592624734.02075 384590123128.3219
120.59137755224214 -385629897286.18933 385627392309.24945
120.5913805310775 -386670669201.08545 386668160846.08508
120.59138350991287 -387714954654.90814 387712442915.00958
120.59138648874824 -388762767890.90234 388760252759.24927
120.59138946758361 -389814123219.72113 389811604689.43878
120.59139244641898 -390869035019.79077 390866513083.98572
120.59139542525433 -391927517737.67786 391924992389.43811
120.5913984040897 -392989585888.45856 392987057120.85339
120.59140138292507 -394055254056.09003 394052721862.16986
120.59140436176044 -395124536893.78424 395122001266.58075
120.59140734059581 -396197449124.38434 396194910056.91022
120.59141031943118 -397274005540.74268 397271463025.99164
120.59141329826654 -398354221006.10199 398351675037.04871
120.59141627710191 -399438110454.47827 399435561024.07837
120.59141925593727 -400525688891.04608 400523135992.23596
120.59142223477264 -401616971392.52625 401614415018.22314
120.59142521360801 -402711973107.57623 402709413250.6781
120.59142819244337 -403810709257.18243 403808145910.56775
120.59143117127874 -404913195135.05518 404910628291.58301
120.59143415011411 -406019446108.02625 406016875760.53625
120.59143712894948 -407129477616.44879 407126903757.76099
120.59144010778485 -408243305174.59924 408240727797.5141
120.5914430866202 -409360944371.08246 409358363468.38068
120.59144606545557 -410482410869.23846 410479826433.68103
120.59144904429094 -411607720407.55261 411605132431.88062
120.59145202312631 -412736888800.06781 412734297277.0025
120.59145500196168 -413869931936.79932 413867336859.04193
120.59145798079705 -415006865784.15222 415004267144.38403
120.59146095963241 -416147706385.34149 416145104176.22357
120.59146393846778 -417292469860.81421 417289864074.98749
120.59146691730314 -418441172408.67517 418438563038.76038
120.59146989613851 -419593830305.11469 419591217343.71216
120.59147287497387 -420750459904.83887 420747843344.52863
120.59147585380924 -421911077641.50305 421908457474.8446
120.59147883264461 -423075700028.1474 423073076247.67981
120.59148181147998 -424244343657.63574 424241716255.87744
120.59148479031535 -425417025203.0965 425414394172.54529
120.59148776915072 -426593761418.36682 426591126751.49969
120.59149074798607 -427774569138.43945 427771930827.71265
120.59149372682144 -428959465279.91241 428956823317.76123
120.59149670565681 -430148466841.44135 430145821220.28015
120.59149968449218 -431341590904.19476 431338941616.41693
120.59150266332755 -432538854632.31219 432536201670.28992
120.59150564216291 -433740275273.36493 433737618629.44934
120.59150862099828 -434945870158.81995 434943209825.34088
120.59151159983364 -436155656704.50647 436152992673.77246
120.59151457866901 -437369652411.08563 437366984675.38379
120.59151755750437 -438587874864.52301 438585203416.11902
120.59152053633974 -439810341736.56427 439807666567.70221
120.59152351517511 -441037070785.21362 441034391888.11603
120.59152649401048 -442268079855.21539 442265397222.08301
120.59152947284585 -443503386878.53857 443500700501.55042
120.59153245168122 -444743009874.86462 444740319746.17792
120.59153543051657 -445986966952.07776 445984273063.82782
120.59153840935194 -447235276306.75885 447232578651.0589
120.59154138818731 -448487956224.68225 448485254793.62347
120.59154436702268 -449745025081.31598 449742319866.96741
120.59154734585805 -451006501342.32489 451003792336.73334
120.59155032469342 -452272403564.0769 452269690759.26685
120.59155330352878 -453542750394.15247 453540033782.12604
120.59155628236415 -454817560571.85748 454814840144.59436
120.59155926119951 -456096852928.73914 456094128678.19641
120.59156224003488 -457380646389.10522 457377918307.21735
120.59156521887024 -458668959970.54681 458666228049.22565
120.59156819770561 -459961812784.46399 459959077015.59845
120.59157117654098 -461259224036.59497 461256484412.05127
120.59157415537635 -462561213027.54913 462558469539.17047
120.59157713421172 -463867799153.34247 463865051792.94897
120.59158011304709 -465179001905.93707 465176250665.32581
120.59158309188244 -466494840873.7843 466492085744.72919
120.59158607071781 -467815335742.37061 467812576716.62225
120.59158904955318 -469140506294.76733 469137743364.05298
120.59159202838855 -470470372412.18402 470467605568.20752
120.59159500722392 -471804954074.52539 471802183308.96704
120.59159798605928 -473144271360.95148 473141496665.46796
120.59160096489465 -474488344450.44147 474485565816.66583
120.59160394373002 -475837193622.36151 475834411041.90295
120.59160692256538 -477190839257.03558 477188052721.47955
120.59160990140074 -478549301836.32068 478546511337.22858
120.59161288023611 -479912601944.185 479909807473.0943
120.59161585907148 -481280760267.29041 481277961815.71442
120.59161883790685 -482653797595.57794 482650995155.00586
120.59162181674222 -484031734822.85791 484028928384.75458
120.59162479557759 -485414592947.40302 485411782503.20892
120.59162777441294 -486802393072.54602 486799578613.67719
120.59163075324831 -488195156407.28082 488192337925.12878
120.59163373208368 -489592904266.86737 489590081752.79895
120.59163671091905 -490995658073.44061 490992831518.79797
120.59163968975442 -492403439356.62366 492400608752.72412
120.59164266858978 -493816269754.14441 493813435092.28046
120.59164564742515 -495234171012.45636 495231332283.89539
120.59164862626052 -496657164987.36346 496654322183.3479
120.59165160509588 -498085273644.64911 498082426756.39618
120.59165458393124 -499518519060.70856 499515668079.41022
120.59165756276661 -500956923423.18652 500954068340.0094
120.59166054160198 -502400509031.61804 502397649837.70331
120.59166352043735 -503849298298.07391 503846434984.53729
120.59166649927272 -505303313747.81018 505300446305.74164
120.59166947810809 -506762578019.92181 506759706440.38568
120.59167245694346 -508227113868.00098 508224238142.03577
120.59167543577881 -509696944160.79907 509694064279.41742
120.59167841461418 -511172091882.89337 511169207837.08191
120.59168139344955 -512652580135.35779 512649691916.07709
120.59168437228492 -514138432136.43829 514135539734.62268
120.59168735112029 -515629671222.2326 515626774628.79016
120.59169032995565 -517126320847.37445 517123420053.18689
120.59169330879102 -518628404585.72223 518625499581.64478
120.59169628762639 -520135946131.05194 520133036907.91333
120.59169926646175 -521648969297.75482 521646055846.35712
120.59170224529711 -523167498021.53955 523164580332.65796
120.59170522413248 -524691556360.13922 524688634424.52216
120.59170820296785 -526221168494.02295 526218242302.39191
120.59171118180322 -527756358727.11188 527753428270.16125
120.59171416063859 -529297151487.49988 529294216755.89697
120.59171713947396 -530843571328.17914 530840632312.5639
120.59172011830931 -532395642927.77063 532392699618.7558
120.59172309714468 -533953391091.25952 533950443479.4303
120.59172607598005 -535516840750.73468 535513888826.64874
120.59172905481542 -537086016966.13385 537083060720.32129
120.59173203365079 -538660944925.99347 538657984348.95654
120.59173501248615 -540241649948.203 540238685030.41614
120.59173799132152 -541828157480.7652 541825188212.67487
120.59174097015689 -543420493102.56067 543417519474.58533
120.59174394899225 -545018682524.11786 545015704526.64777
120.59174692782761 -546622751588.38757 546619769211.78467
120.59174990666298 -548232726271.52338 548229739506.12134
120.59175288549835 -549848632683.66687 549845641519.77087
120.59175586433372 -551470497069.73779 551467501497.62439
120.59175884316909 -553098345810.2301 553095345820.14734
120.59176182200446 -554732205422.0127 554729201004.17969
120.59176480083983 -556372102559.13513 556369093703.74207
120.59176777967518 -558018064013.64001 558015050710.84802
120.59177075851055 -559670116716.38025 559667098956.32153
120.59177373734592 -561328287737.8418 561325265510.61926
120.59177671618129 -562992604288.97083 562989577584.65808
120.59177969501665 -564663093722.00769 564660062530.64893
120.59178267385202 -566339783531.32556 566336747842.9353
120.59178565268739 -568022701354.27576 568019661158.83899
120.59178863152276 -569711874972.03857 569708830259.5105
120.59179161035811 -571407332310.47852 571404283070.78455
120.59179458919348 -573109101441.00598 573106047664.04138
120.59179756802885 -574817210581.4447 574814152257.07471
120.59180054686422 -576531688096.90625 576528625214.96594
120.59180352569959 -578252562500.66858 578249495050.96265
120.59180650453496 -579979862455.06165 579976790427.3645
120.59180948337033 -581713616772.35779 581710540156.41309
120.5918124622057 -583453854415.66907 583450773201.18994
120.59181544104105 -585200604499.85071 585197518676.51953
120.59181841987642 -586953896292.4104 586950805849.87854
120.59182139871179 -588713759214.42346 588710664142.3114
120.59182437754716 -590480222841.45471 590477123129.35168
120.59182735638252 -592253316904.48572 592250212541.94983
120.59183033521789 -594033071290.84949 594029962267.40747
120.59183331405326 -595819516045.17041 595816402350.3175
120.59183629288862 -597612681370.31128 597609562993.51111
120.59183927172398 -599412597628.32642 599409474559.01099
120.59184225055935 -601219295341.42151 601216167568.99084
120.59184522939472 -603032805192.91907 603029672706.74133
120.59184820823009 -604853158028.23254 604850020817.6438
120.59185118706546 -606680384855.8446 606677242910.1488
120.59185416590083 -608514516848.29309 608511370156.76184
120.5918571447362 -610355585343.16394 610352433895.03638
120.59186012357155 -612203621844.09082 612200465628.57349
120.59186310240692 -614058658021.76074 614055497028.02759
120.59186608124229 -615920725714.92822 615917559932.12036
120.59186906007766 -617789856931.43445 617786686348.66016
120.59187203891302 -619666083849.23474 619662908455.56909
120.59187501774839 -621549438817.43225 621546258601.91711
120.59187799658376 -623439954357.32007 623436769308.96411
120.59188097541913 -625337663163.42871 625334473271.20715
120.59188395425448 -627242598104.58203 627239403357.43652
120.59188693308985 -629154792224.95935 629151592611.79785
120.59188991192522 -631074278745.16602 631071074254.86267
120.59189289076059 -633001091063.31042 632997881684.70544
120.59189586959596 -634935262756.08826 634932048477.98779
120.59189884843133 -636876827579.87537 636873608391.05127
120.5919018272667 -638825819471.82739 638822595361.01733
120.59190480610206 -640782272550.9873 640779043506.89453
120.59190778493742 -642746221119.39978 642742987130.69263
120.59191076377279 -644717699663.23376 644714460718.54614
120.59191374260816 -646696742853.9137 646693498941.84448
120.59191672144352 -648683385549.2572 648680136658.37036
120.59191970027889 -650677662794.62109 650674408913.44543
120.59192267911426 -652679609824.05554 652676350941.08459
120.59192565794963 -654689262061.46582 654685998165.15771
120.591928636785 -656706655121.78296 656703386200.5603
120.59193161562035 -658731824812.14172 658728550854.3916
120.59193459445572 -660764807133.06604 660761528127.13953
120.59193757329109 -662805638279.66382 662802354213.87598
120.59194055212646 -664854354642.83105 664851065505.46106
120.59194353096183 -666910992810.46252 666907698589.75317
120.5919465097972 -668975589568.6709 668972290252.82874
120.59194948863257 -671048181903.0155 671044877480.21033
120.59195246746792 -673128806999.73962 673125497458.10486
120.59195544630329 -675217502247.01599 675214187574.64807
120.59195842513866 -677314305236.20007 677310985421.15857
120.59196140397403 -679419253763.09363 679415928793.40112
120.59196438280939 -681532385829.21558 681529055692.85742
120.59196736164476 -683653739643.08289 683650404328.00684
120.59197034048013 -685783353621.50061 685780013115.61719
120.5919733193155 -687921266390.86096 687917920682.04285
120.59197629815085 -690067516788.45007 690064165864.53223
120.59197927698622 -692222143863.7655 692218787712.54492
120.59198225582159 -694385186879.84229 694381825489.07788
120.59198523465696 -696556685314.58875 696553318672.0011
120.59198821349233 -698736678862.13086 698733306955.4021
120.5919911923277 -700925207434.1676 700921830250.94153
120.59199417116307 -703122311161.33496 703118928689.21655
120.59199714999843 -705328030394.57874 705324642621.13403
120.59200012883379 -707542405706.53796 707539012619.29419
120.59200310766916 -709765477892.93848 709762079479.38354
120.59200608650453 -711997287973.99573 711993884221.57825
120.59200906533989 -714237877195.82788 714234468091.95691
120.59201204417526 -716487287031.87878 716483872563.92395
120.59201502301063 -718745559184.3512 718742139339.64221
120.592018001846 -721012735585.64905 721009310351.47583
120.59202098068137 -723288858399.83191 723285427763.44421
120.59202395951672 -725573970024.07715 725570533972.68445
120.59202693835209 -727868113090.15552 727864671610.92688
120.59202991718746 -730171330465.91528 730167883545.97925
120.59203289602283 -732483665256.77783 732480212883.22217
120.5920358748582 -734805160807.24304 734801702967.11462
120.59203885369357 -737135860702.40662 737132397382.7113
120.59204183252893 -739475808769.48718 739472339957.1897
120.5920448113643 -741825049079.36426 741821574761.38782
120.59204779019966 -744183625948.12756 744180146111.35388
120.59205076903503 -746551583938.63843 746548098569.90747
120.59205374787039 -748928967862.10107 748925476948.21094
120.59205672670576 -751315822779.64587 751312326307.35266
120.59205970554113 -753712194003.92334 753708691959.94092
120.5920626843765 -756118127100.70947 756114619471.70935
120.59206566321187 -758533667890.52405 758530154663.13513
120.59206864204722 -760958862450.25903 760955343611.06763
120.59207162088259 -763393757114.81885 763390232650.36829
120.59207459971796 -765838398478.77319 765834868375.56384
120.59207757855333 -768292833398.02148 768289297642.51025
120.5920805573887 -770757108991.46924 770753567570.06982
120.59208353622407 -773231272642.71704 773227725541.79956
120.59208651505944 -775715372001.76025 775711819207.651
120.5920894938948 -778209454986.70337 778205896485.68469
120.59209247273016 -780713569785.48499 780710005563.79517
120.59209545156553 -783227764857.61536 783224194901.44836
120.5920984304009 -785752088935.92737 785748513231.43286
120.59210140923626 -788286591028.33936 788283009561.62219
120.59210438807163 -790831320419.63086 790827733176.7511
120.592107366907 -793386326673.2323 793382733640.20508
120.59211034574237 -795951659633.02698 795948060795.82227
120.59211332457774 -798527369425.16541 798523764769.70764
120.59211630341309 -801113506459.89417 801109895972.06238
120.59211928224846 -803710121433.39795 803706505099.02539
120.59212226108383 -806317265329.65369 806313643134.52771
120.5921252399192 -808934989422.30005 808931361352.16187
120.59212821875457 -811563345276.52002 811559711317.06458
120.59213119758994 -814202384750.93591 814198744887.81165
120.5921341764253 -816852159999.52002 816848514218.32874
120.59213715526067 -819512723473.51843 819509071759.81506
120.59214013409603 -822184127923.38916 822180470262.68152
120.5921431129314 -824866426400.75488 824862762778.50366
120.59214609176676 -827559672260.36902 827556002661.98743
120.59214907060213 -830263919162.09705 830260243572.95068
120.5921520494375 -832979221072.91199 832975539478.3186
120.59215502827287 -835705632268.90491 835701944654.13428
120.59215800710824 -838443207337.30981 838439513687.58337
120.59216098594359 -841192001178.54431 841188301479.03528
120.59216396477896 -843952069008.26526 843948363244.09814
120.59216694361433 -846723466359.43762 846719754515.68811
120.5921699224497 -849506249084.42065 849502531146.11548
120.59217290128507 -852300473357.06982 852296749309.1864
120.59217588012044 -855106195674.85315 855102465502.31958
120.5921788589558 -857923472860.98389 857919736548.67859
120.59218183779117 -860752362066.56787 860748619599.31946
120.59218481662653 -863592920772.76892 863589172135.35596
120.5921877954619 -866445206792.98853 866441451970.1394
120.59219077429726 -869309278275.06213 869305517251.45483
120.59219375313263 -872185193703.47144 872181426463.73328
120.592196731968 -875073011901.5741 875069238430.28137
120.59219971080337 -877972792033.85022 877969012315.52832
120.59220268963874 -880884593608.16528 880880807627.28833
120.59220566847411 -883808476478.04846 883804684219.03906
120.59220864730946 -886744500844.9895 886740702292.21863
120.59221162614483 -889692727260.75208 889688922398.5387
120.5922146049802 -892653216629.70532 892649405442.31616
120.59221758381557 -895626030211.17285 895622212682.82239
120.59222056265094 -898611229621.79932 898607405736.64941
120.59222354148631 -901608876837.9342 901605046580.09412
120.59222652032167 -904619034198.03308 904615197551.55884
120.59222949915704 -907641764405.07715 907637921353.97168
120.5922324779924 -910677130529.01147 910673281057.22412
120.59223545682777 -913725196009.20227 913721340100.62878
120.59223843566313 -916786024656.91223 916782162295.39441
120.5922414144985 -919859680657.79382 919855811827.11951
120.59224439333387 -922946228574.401 922942353258.30347
120.59224737216924 -926045733348.72119 926041851530.87927
120.59225035100461 -929158260304.72522 929154371968.76282
120.59225332983998 -932283875150.93848 932279980280.42456
120.59225630867533 -935422643983.03015 935418742561.47839
120.5922592875107 -938574633286.42151 938570725297.29004
120.59226226634607 -941739909938.91492 941735995365.60608
120.59226524518144 -944918541213.34314 944914620039.20349
120.59226822401681 -948110594780.23816 948106666988.55786
120.59227120285217 -951316138710.51965 951312204284.53247
120.59227418168754 -954535241478.20544 954531300401.0885
120.5922771605229 -957767971963.14148 957764024218.01489
120.59228013935827 -961014399453.7533 961010445023.68005
120.59228311819363 -964274593649.81921 964270632517.80493
120.592286097029 -967548624665.26147 967544656814.25403
120.59228907586437 -970836563030.96228 970832588443.85181
120.59229205469974 -974138479697.59985 974134498357.21814
120.59229503353511 -977454446038.50635 977450457927.62695
120.59229801237048 -980784533852.54785 980780538953.88562
120.59230099120583 -984128815367.02625 984124813663.23718
120.5923039700412 -987487363240.60327 987483354714.28418
120.59230694887657 -990860250566.24756 990856235199.93579
120.59230992771194 -994247550874.20447 994243528650.37781
120.59231290654731 -997649338134.9884 997645309036.06482
120.59231588538267 -1001065686762.3977 1001061650770.7349
120.59231886421804 -1004496671616.5529 1004492628714.4481
120.59232184305341 -1007942368006.9587 1007938318176.6488
120.59232482188877 -1011402851695.5898 1011398794919.2505
120.59232780072414 -1014878198899.9996 1014874135159.7454
120.5923307795595 -1018368486296.4541 1018364415574.3379
120.59233375839487 -1021873791023.0916 1021869713301.1049
120.59233673723024 -1025394190683.1036 1025390105943.1757
120.59233971606561 -1028929763347.9423 1028925671571.9401
120.59234269490098 -1032480587560.5524 1032476488730.2806
120.59234567373635 -1036046742338.6282 1036042636435.8286
120.5923486525717 -1039628307177.8955 1039624194184.2469
120.59235163140707 -1043225362055.4202 1043221241952.5378
120.59235461024244 -1046837987432.941 1046833860202.3767
120.59235758907781 -1050466264260.2314 1050462129883.4731
120.59236056791318 -1054110273978.483 1054106132436.9545
120.59236354674854 -1057770098523.718 1057765949798.7784
120.59236652558391 -1061445820330.2296 1061441664403.1736
120.59236950441928 -1065137522334.0475 1065133359186.1046
120.59237248325464 -1068845287976.4309 1068841117588.7655
120.59237546209 -1072569201207.3883 1072565023561.099
120.59237844092537 -1076309346489.2268 1076305161565.3464
120.59238141976074 -1080065808800.129 1080061616579.6244
120.59238439859611 -1083838673637.7549 1083834474101.5262
120.59238737743148 -1087628027022.8743 1087623820151.7552
120.59239035626685 -1091433955503.0292 1091429741277.7863
120.5923933351022 -1095256546156.2238 1095252324557.5563
120.59239631393757 -1099095886594.6429 1099091657603.1825
120.59239929277294 -1102952064968.3999 1102947828564.7104
120.59240227160831 -1106825169969.3145 1106820926133.8914
120.59240525044368 -1110715290834.7212 1110711039547.9915
120.59240822927904 -1114622517351.3086 1114618258593.6309
120.59241120811441 -1118546939858.9851 1118542673610.6482
120.59241418694978 -1122488649254.7803 1122484375496.0042
120.59241716578514 -1126447736996.7751 1126443455707.7097
120.5924201446205 -1130424295108.0615 1130420006268.7869
120.59242312345587 -1134418416180.7368 1134414119771.2627
120.59242610229124 -1138430193379.9263 1138425889380.1921
120.59242908112661 -1142459720447.8391 1142455408837.7129
120.59243205996198 -1146507091707.8577 1146502772467.1362
120.59243503879735 -1150572402068.6614 1150568075177.0701
120.59243801763272 -1154655747028.3816 1154651412465.5742
120.59244099646807 -1158757222678.7849 1158752880424.3425
120.59244397530344 -1162876925709.4946 1162872575742.9258
120.59244695413881 -1167014953412.2495 1167010595712.9902
120.59244993297418 -1171171403685.1914 1171167038232.6042
120.59245291180954 -1175346375037.1885 1175342001810.5627
120.59245589064491 -1179539966592.1929 1179535585570.7439
120.59245886948028 -1183752278093.6328 1183747889256.502
120.59246184831565 -1187983409908.8413 1187979013235.0952
120.59246482715101 -1192233463033.5212 1192229058502.1516
120.59246780598637 -1196502539096.2463 1196498126686.1699
120.59247078482174 -1200790740362.9976 1200786320053.0557
120.59247376365711 -1205098169741.7336 1205093741510.6917
120.59247674249248 -1209424930787.0029 1209420494613.55
120.59247972132785 -1213771127704.5896 1213766683567.3386
120.59248270016322 -1218136865356.199 1218132413233.6858
120.59248567899859 -1222522249264.1797 1222517789134.863
120.59248865783394 -1226927385616.2839 1226922917458.5447
120.59249163666931 -1231352381270.4688 1231347905062.6101
120.59249461550468 -1235797343759.7366 1235792859479.9836
120.59249759434005 -1240262381297.0103 1240257888923.5093
120.59250057317541 -1244747602780.0498 1244743102290.8682
120.59250355201078 -1249253117796.4128 1249248609169.5386
120.59250653084615 -1253779036628.4509 1253774519841.7925
120.59250950968151 -1258325470258.3501 1258320945289.7358
120.59251248851687 -1262892530373.2095 1262887997200.3875
120.59251546735224 -1267480329370.1631 1267475787970.8005
120.59251844618761 -1272088980361.5417 1272084430713.2249
120.59252142502298 -1276718597180.0806 1276714039260.3137
120.59252440385835 -1281369294384.1672 1281364728170.3733
120.59252738269372 -1286041187263.1333 1286036612732.6526
120.59253036152909 -1290734391842.5911 1290729808972.6814
120.59253334036444 -1295449024889.811 1295444433657.6472
120.59253631919981 -1300185203919.1448 1300180604301.8184
120.59253929803518 -1304943047197.4924 1304938439172.0112
120.59254227687055 -1309722673749.8154 1309718057293.1028
120.59254525570591 -1314524203364.6943 1314519578453.5896
120.59254823454128 -1319347756599.9348 1319343123211.1919
120.59255121337665 -1324193454788.2156 1324188812898.5034
120.59255419221202 -1329061420042.7896 1329056769628.6914
120.59255717104737 -1333951775263.2214 1333947116301.2344
120.59256014988274 -1338864644141.1833 1338859976607.7178
120.59256312871811 -1343800151166.2971 1343795475037.677
120.59256610755348 -1348758421632.0203 1348753736884.4819
120.59256908638885 -1353739581641.5833 1353734888251.2754
120.59257206522422 -1358743758113.9773 1358739056056.9607
120.59257504405959 -1363771078789.9895 1363766368042.2361
120.59257802289495 -1368821672238.2905 1368816952775.6838
120.59258100173031 -1373895667861.5735 1373890939659.9075
120.59258398056568 -1378993195902.7407 1378988458937.7195
120.59258695940105 -1384114387451.1455 1384109641698.3833
120.59258993823642 -1389259374448.885 1389254619883.9053
120.59259291707178 -1394428289697.1433 1394423526295.3787
120.59259589590715 -1399621266862.5935 1399616494599.385
120.59259887474252 -1404838440483.8494 1404833659334.446
120.59260185357788 -1410079945977.9719 1410075155917.531
120.59260483241324 -1415345919647.0339 1415341120650.6199
120.59260781124861 -1420636498684.7283 1420631690727.3123
120.59261079008398 -1425951821183.0427 1425947004239.5024
120.59261376891935 -1431292026138.9905 1431287200184.1094
120.59261674775472 -1436657253461.3958 1436652418469.8633
120.59261972659009 -1442047643977.7341 1442042799924.1445
120.59262270542546 -1447463339441.0317 1447458486299.884
120.59262568426081 -1452904482536.8276 1452899620282.5251
120.59262866309618 -1458371216890.188 1458366345497.0378
120.59263164193155 -1463863687072.7825 1463858806514.9949
120.59263462076692 -1469382038610.0227 1469377148861.7109
120.59263759960228 -1474926417988.2605 1474921519023.4404
120.59264057843765 -1480496972662.043 1480492064454.6321
120.59264355727302 -1486093851061.4336 1486088933585.2512
120.59264653610839 -1491717202599.397 1491712275828.1631
120.59264951494374 -1497367177679.2429 1497362241586.5781
120.59265249377911 -1503043927702.1387 1503038982261.5637
120.59265547261448 -1508747605074.6802 1508742650259.6155
120.59265845144985 -1514478363216.5305 1514473399000.2957
120.59266143028522 -1520236356568.1226 1520231382923.9358
120.59266440912059 -1526021740598.426 1526016757499.4036
120.59266738795596 -1531834671812.7861 1531829679231.9421
120.59267036679132 -1537675307760.825 1537670305671.0708
120.59267334562668 -1543543807044.4124 1543538795418.5559
120.59267632446205 -1549440329325.7073 1549435308136.4526
120.59267930329742 -1555365035335.2666 1555360004555.2136
120.59268228213278 -1561318086880.2241 1561313046481.8682
120.59268526096815 -1567299646852.5371 1567294596808.2681
120.59268823980352 -1573309879237.3049 1573304819519.4067
120.59269121863889 -1579348949121.165 1579343879701.8154
120.59269419747426 -1585417022700.7566 1585411943552.0266
120.59269717630961 -1591514267291.2588 1591509178385.1123
120.59270015514498 -1597640851334.9985 1597635752643.2913
120.59270313398035 -1603796944410.1411 1603791835904.6206
120.59270611281572 -1609982717239.449 1609977598891.7539
120.59270909165109 -1616198341699.1226 1616193213480.7822
120.59271207048646 -1622443990827.7141 1622438852710.1479
120.59271504932182 -1628719838835.1179 1628714690789.635
120.59271802815718 -1635026061111.6396 1635020903109.4377
120.59272100699255 -1641362834237.1497 1641357666249.3152
120.59272398582792 -1647730335990.314 1647725157987.8213
120.59272696466329 -1654128745357.9016 1654123557311.6125
120.59272994349865 -1660558242544.1765 1660553044424.8396
120.59273292233402 -1667019008980.3718 1667013800758.6218
120.59273590116939 -1673511227334.2495 1673506008980.6072
120.59273888000476 -1680035081519.738 1680029853004.6094
120.59274185884011 -1686590756706.6553 1686585518000.3306
120.59274483767548 -1693178439330.5232 1693173190403.1772
120.59274781651085 -1699798317102.4641 1699793057924.1548
120.59275079534622 -1706450579019.1833 1706445309559.8518
120.59275377418159 -1713135415373.0447 1713130135602.5142
120.59275675301696 -1719853017762.2275 1719847727650.2031
120.59275973185233 -1726603579100.9827 1726598278617.0508
120.59276271068769 -1733387293629.9722 1733381982743.5999
120.59276568952305 -1740204356926.6973 1740199035607.2317
120.59276866835842 -1747054965916.0266 1747049634132.6941
120.59277164719379 -1753939318880.8164 1753933976602.7222
120.59277462602915 -1760857615472.6262 1760852262668.7539
120.59277760486452 -1767810056722.5242 1767804693361.7351
120.59278058369989 -1774796845051.9885 1774791471103.021
120.59278356253526 -1781818184283.9109 1781812799715.3794
120.59278654137063 -1788874279653.7009 1788868884434.0962
120.59278952020598 -1795965337820.4783 1795959931918.166
120.59279249904135 -1803091566878.3728 1803086150261.5933
120.59279547787672 -1810253176367.9258 1810247749004.7935
120.59279845671209 -1817450377287.5896 1817444939146.0923
120.59280143554746 -1824683382105.3313 1824677933153.3293
120.59280441438283 -1831952404770.3403 1831946944975.5664
120.59280739321819 -1839257660724.8433 1839252190054.9014
120.59281037205356 -1846599366916.02 1846593885338.385
120.59281335088892 -1853977741808.033 1853972249290.0496
120.59281632972429 -1861393005394.1641 1861387501903.0469
120.59281930855965 -1868845379209.0598 1868839864711.8921
120.59282228739502 -1876335086341.0815 1876329560804.8149
120.59282526623039 -1883862351444.771 1883856814836.2249
120.59282824506576 -1891427400753.4309 1891421853039.291
120.59283122390113 -1899030462091.8171 1899024903238.636
120.59283420273648 -1906671764888.9473 1906666194863.1426
120.59283718157185 -1914351540191.0205 1914345958958.8748
120.59284016040722 -1922070020674.4646 1922064428202.1248
120.59284313924259 -1929827440659.0908 1929821836912.5674
120.59284611807796 -1937624036121.3704 1937618421066.5364
120.59284909691333 -1945460044707.8379 1945454418310.4287
120.5928520757487 -1953335705748.6106 1953330067974.2229
120.59285505458406 -1961251260271.0352 1961245611085.1265
120.59285803341942 -1969206951013.4573 1969201290381.345
120.59286101225479 -1977203022439.116 1977197350325.9771
120.59286399109016 -1985239720750.1655 1985234037121.0352
120.59286696992552 -1993317293901.8259 1993311598721.5972
120.59286994876089 -2001435991616.6692 2001430284850.0928
120.59287292759626 -2009596065399.0242 2009590347010.7068
120.59287590643163 -2017797768549.519 2017792038503.9233
120.592878885267 -2026041356179.7622 2026035614441.2056
120.59288186410235 -2034327085227.1533 2034321331759.8076
120.59288484293772 -2042655214469.8335 2042649449237.7239
120.59288782177309 -2051026004541.7703 2051020227508.7747
120.59289080060846 -2059439717947.9846 2059433929077.833
120.59289377944383 -2067896619079.917 2067890818336.1904
120.5928967582792 -2076396974230.9363 2076391161577.0667
120.59289973711456 -2084941051611.9868 2084935227011.2551
120.59290271594993 -2093529121367.3921 2093523284782.9285
120.59290569478529 -2102161455590.8018 2102155606985.5845
120.59290867362066 -2110838328341.2793 2110832467678.134
120.59291165245602 -2119560015659.5442 2119554142901.1433
120.59291463129139 -2128326795584.3633 2128320910693.2246
120.59291761012676 -2137138948169.0959 2137133051107.5823
120.59292058896213 -2145996755498.3982 2145990846228.7168
120.5929235677975 -2154900501705.0754 2154894580189.2769
120.59292654663287 -2163850472987.0947 2163844539187.0718
120.59292952546822 -2172846957624.7568 2172841011502.2444
120.59293250430359 -2181890245998.032 2181884287514.6057
120.59293548313896 -2190980630604.053 2190974659721.1284
120.59293846197433 -2200118406074.7769 2200112422753.6089
120.5929414408097 -2209303869194.8149 2209297873396.4971
120.59294441964506 -2218537318919.4214 2218531310604.8843
120.59294739848043 -2227819056392.6558 2227813035522.6675
120.59295037731579 -2237149384965.7178 2237143351500.8818
120.59295335615116 -2246528610215.4482 2246522564116.2026
120.59295633498652 -2255957039963.02 2255950981189.6382
120.59295931382189 -2265434984292.7925 2265428912805.3799
120.59296229265726 -2274962755571.3408 2274956671329.8359
120.59296527149263 -2284540668466.686 2284534571430.8584
120.592968250328 -2294169039967.6943 2294162930097.1445
120.59297122916337 -2303848189403.6489 2303842066657.8071
120.59297420799872 -2313578438464.0273 2313572302802.1528
120.59297718683409 -2323360111218.4482 2323353962599.6279
120.59298016566946 -2333193534136.8286 2333187372519.9766
120.59298314450483 -2343079036109.7197 2343072861453.5757
120.5929861233402 -2353016948468.8496 2353010760731.979
120.59298910217557 -2363007605007.8467 2363001404148.6392
120.59299208101093 -2373051342003.1621 2373045127979.8306
120.5929950598463 -2383148498235.2061 2383142271005.7856
120.59299803868166 -2393299415009.6738 2393293174532.0215
120.59300101751703 -2403504436179.0864 2403498182410.8789
120.59300399635239 -2413763908164.5293 2413757641063.2632
120.59300697518776 -2424078179977.6079 2424071899500.5986
120.59300995402313 -2434447603242.6113 2434441309346.9917
120.5930129328585 -2444872532218.8848 2444866224861.6045
120.59301591169387 -2455353323823.4214 2455347002961.2456
120.59301889052924 -2465890337653.6743 2465884003243.1831
120.59302186936459 -2476483936010.582 2476477588008.1685
120.59302484819996 -2487134483921.8267 2487128122283.6968
120.59302782703533 -2497842349165.3213 2497835973847.4932
120.5930308058707 -2508607902292.9038 2508601513251.2061
120.59303378470607 -2519431516654.2729 2519425113844.3438
120.59303676354143 -2530313568421.1602 2530307151798.4458
120.5930397423768 -2541254436611.7368 2541248006131.4917
120.59304272121216 -2552254503115.2656 2552248058732.5503
120.59304570004753 -2563314152716.9673 2563307694386.6484
120.59304867888289 -2574433773123.1489 2574427300799.8965
120.59305165771826 -2585613754986.5859 2585607268624.874
120.59305463655363 -2596854491932.1416 2596847991486.2466
120.593057615389 -2608156380582.6216 2608149866006.6211
120.59306059422437 -2619519820584.9067 2619513291832.6782
120.59306357305974 -2630945214636.3306 2630938671661.5513
120.59306655189509 -2642432968511.3135 2642426411267.4575
120.59306953073046 -2653983491088.2681 2653976919528.6074
120.59307250956583 -2665597194376.7651 2665590608454.3672
120.5930754884012 -2677274493544.9561 2677267893212.6826
120.59307846723657 -2689015806947.2949 2689009192157.8008
120.59308144607193 -2700821556152.5195 2700814926858.2529
120.5930844249073 -2712692165971.8945 2712685522125.0942
120.59308740374267 -2724628064487.7466 2724621406040.4414
120.59309038257803 -2736629683082.2871 2736623009986.2949
120.59309336141339 -2748697456466.7192 2748690768673.646
120.59309634024876 -2760831822710.6206 2760825120171.8584
120.59309931908413 -2773033223271.6284 2773026505938.3555
120.5931022979195 -2785302103025.4219 2785295370848.6001
120.59310527675487 -2797638910295.9878 2797632163226.3623
120.59310825559024 -2810044096886.2153 2810037334874.313
120.59311123442561 -2822518118108.7764 2822511341104.9048
120.59311421326096 -2835061432817.3281 2835054640771.5742
120.59311719209633 -2847674503438.0078 2847667696300.2363
120.5931201709317 -2860357796001.271 2860350973721.124
120.59312314976707 -2873111780174.0342 2873104942700.9292
120.59312612860244 -2885936929292.1348 2885930076575.2642
120.5931291074378 -2898833720393.1255 2898826852381.4551
120.59313208627317 -2911802634249.3813 2911795750891.6484
120.59313506510854 -2924844155401.563 2924837256646.2754
120.5931380439439 -2937958772192.4102 2937951857987.8452
120.59314102277926 -2951146976800.8813 2951140047095.0845
120.59314400161463 -2964409265276.6377 2964402320017.4209
120.59314698045 -2977746137574.8657 2977739176709.8071
120.59314995928537 -2991158097591.4536 2991151121067.895
120.59315293812074 -3004645653198.5312 3004638660963.5771
120.59315591695611 -3018209316280.3691 3018202308280.8857
120.59315889579146 -3031849602769.6479 3031842578952.2612
120.59316187462683 -3045567032684.0962 3045559992995.1914
120.5931648534622 -3059362130163.4956 3059355074549.2153
120.59316783229757 -3073235423507.0571 3073228351913.2998
120.59317081113294 -3087187445211.1909 3087180357583.6099
120.5931737899683 -3101218732007.6548 3101211628291.6567
120.59317676880367 -3115329824902.0977 3115322705042.8408
120.59317974763904 -3129521269213 3129514133155.3936
120.5931827264744 -3143793614611.0205 3143786462299.7222
120.59318570530976 -3158147415158.7144 3158140246538.1294
120.59318868414513 -3172583229350.7095 3172576044364.9897
120.5931916629805 -3187101620154.2607 3187094418747.3027
120.59319464181587 -3201703155050.2334 3201695937165.6763
120.59319762065124 -3216388406074.5107 3216381171655.7358
120.59320059948661 -3231157949859.8271 3231150698849.9565
120.59320357832198 -3246012367678.0288 3246005100019.9229
120.59320655715733 -3260952245482.7778 3260944961119.0342
120.5932095359927 -3275978173952.71 3275970872825.6626
120.59321251482807 -3291090748535.0078 3291083430586.7246
120.59321549366344 -3306290569489.459 3306283234661.7402
120.5932184724988 -3321578241932.9658 3321570890167.3438
120.59322145133417 -3336954375884.5127 3336947007122.249
120.59322443016954 -3352419586310.583 3352412200492.6675
120.59322740900491 -3367974493171.0874 3367967090238.2358
120.59323038784026 -3383619721465.7539 3383612301358.4072
120.59323336667563 -3399355901281.02 3399348463939.3428
120.593236345511 -3415183667837.396 3415176213201.2749
120.59323932434637 -3431103661537.3086 3431096189546.3496
120.59324230318174 -3447116528013.4692 3447109038606.9966
120.59324528201711 -3463222918177.7764 3463215411294.832
120.59324826085248 -3479423488270.6934 3479415963850.0337
120.59325123968785 -3495718899911.165 3495711357891.2603
120.5932542185232 -3512109820147.0552 3512102260466.0874
120.59325719735857 -3528596921506.1099 3528589344101.9712
120.59326017619394 -3545180882047.4717 3545173286857.7627
120.59326315502931 -3561862385413.7354 3561854772375.7637
120.59326613386467 -3578642120883.5522 3578634489934.3301
120.59326911270004 -3595520783424.7891 3595513134501.0322
120.59327209153541 -3612499073748.2573 3612491406786.3828
120.59327507037077 -3629577698362.0239 3629570013298.1489
120.59327804920613 -3646757369626.2871 3646749666396.2266
120.5932810280415 -3664038805808.8374 3664031084348.1021
120.59328400687687 -3681422731141.1196 3681414991384.915
120.59328698571224 -3698909875874.895 3698902117758.1196
120.59328996454761 -3716500976339.4888 3716493199796.731
120.59329294338298 -3734196774999.6816 3734188979965.2192
120.59329592221835 -3751998020514.1982 3751990206921.9961
120.5932989010537 -3769905467794.8242 3769897635578.5322
120.59330187988907 -3787919878066.1787 3787912027159.1304
120.59330485872444 -3806042018926.1133 3806034149261.3237
120.59330783755981 -3824272664406.7593 3824264775916.9224
120.59331081639517 -3842612595036.2461 3842604687653.7344
120.59331379523054 -3861062597901.0845 3861054671557.9453
120.59331677406591 -3879623466709.209 3879615521337.1636
120.59331975290128 -3898296001853.7319 3898288037384.1733
120.59332273173663 -3917081010477.3687 3917073026841.3599
120.593325710572 -3935979306537.5625 3935971303665.834
120.59332868940737 -3954991710872.3315 3954983688695.2803
120.59333166824274 -3974119051266.7983 3974111009714.4844
120.59333464707811 -3993362162520.4824 3993354101522.6279
120.59333762591348 -4012721886515.3071 4012713806001.2939
120.59334060474885 -4032199072284.3516 4032190972183.2188
120.59334358358421 -4051794576081.3677 4051786456321.8101
120.59334656241957 -4071509261451.0444 4071501121961.4106
120.59334954125494 -4091343999300.0454 4091335840008.3354
120.59335252009031 -4111299667968.811 4111291488802.6738
120.59335549892567 -4131377153304.1699 4131368954190.9014
120.59335847776104 -4151577348732.7534 4151569129599.2949
120.59336145659641 -4171901155335.1982 4171892916108.1333
120.59336443543178 -4192349481921.1895 4192341222526.7427
120.59336741426715 -4212923245105.3091 4212914965469.3433
120.5933703931025 -4233623369383.7363 4233615069431.7505
120.59337337193787 -4254450787211.8066 4254442466868.9336
120.59337635077324 -4275406439082.4072 4275398098273.4121
120.59337932960861 -4296491273605.2476 4296482912254.5244
120.59338230844398 -4317706247587.0137 4317697865618.584
120.59338528727935 -4339052326112.4263 4339043923449.9355
120.59338826611472 -4360530482626.1914 4360522059192.9087
120.59339124495007 -4382141699015.8853 4382133254734.6987
120.59339422378544 -4403886965695.7275 4403878500489.1436
120.59339720262081 -4425767281691.332 4425758795481.4727
120.59340018145618 -4447783654725.3672 4447775147433.9688
120.59340316029154 -4469937101304.1543 4469928572852.5625
120.59340613912691 -4492228646805.2783 4492220097114.4473
120.59340911796228 -4514659325566.2041 4514650754556.6934
120.59341209679765 -4537230180973.8887 4537221588565.8613
120.593415075633 -4559942265555.3643 4559933651668.584
120.59341805446837 -4582796641069.3623 4582788005623.1914
120.59342103330374 -4605794378598.9785 4605785721512.375
120.59342401213911 -4628936558645.3828 4628927879836.8984
120.59342699097448 -4652224271222.5352 4652215570610.3115
120.59342996980985 -4675658615953.042 4675649893454.8105
120.59343294864522 -4699240702165.0967 4699231957698.1729
120.59343592748058 -4722971648990.4854 4722962882471.7676
120.59343890631594 -4746852585463.751 4746843796809.7197
120.59344188515131 -4770884650622.4209 4770875839749.1328
120.59344486398668 -4795068993608.4434 4795060160431.5312
120.59344784282204 -4819406773770.7285 4819397918205.3965
120.59345082165741 -4843899160768.9365 4843890282729.959
120.59345380049278 -4868547334678.3994 4868538434080.1162
120.59345677932815 -4893352486096.2441 4893343562852.5605
120.59345975816352 -4918315816248.8008 4918306870273.1836
120.59346273699887 -4943438537100.127 4943429568305.6006
120.59346571583424 -4968721871461.8691 4968712879761.0146
120.59346869466961 -4994167053104.3506 4994158038409.3018
120.59347167350498 -5019775326868.9375 5019766289091.377
120.59347465234035 -5045547948781.7852 5045538887832.9443
120.59347763117572 -5071486186168.7998 5071477101959.4541
120.59348061001108 -5097591317771.9375 5097582210212.4023
120.59348358884644 -5123864633866.9062 5123855502867.0361
120.59348656768181 -5150307436382.2373 5150298281851.4229
120.59348954651718 -5176921039019.6982 5176911860866.8613
120.59349252535254 -5203706767376.1133 5203697565509.7051
120.59349550418791 -5230665959066.6475 5230656733394.6475
120.59349848302328 -5257799963849.4482 5257790714279.3574
120.59350146185865 -5285110143751.7705 5285100870190.6104
120.59350444069402 -5312597873197.6631 5312588575551.9717
120.59350741952937 -5340264539137.0586 5340255217312.8887
120.59351039836474 -5368111541176.4375 5368102195079.3525
120.59351337720011 -5396140291710.959 5396130921246.0293
120.59351635603548 -5424352216058.1885 5424342821129.9883
120.59351933487085 -5452748752593.4561 5452739333106.0625
120.59352231370622 -5481331352886.6846 5481321908743.6719
120.59352529254159 -5510101481840.8662 5510092012945.3018
120.59352827137695 -5539060617832.3018 5539051124086.7451
120.59353125021231 -5568210252852.4102 5568200734158.9092
120.59353422904768 -5597551892651.1748 5597542348911.2627
120.59353720788305 -5627087056882.2861 5627077487996.9756
120.59354018671841 -5656817279250.0879 5656807685119.8701
120.59354316555378 -5686744107658.2939 5686734488183.1338
120.59354614438915 -5716869104360.3965 5716859459439.7305
120.59354912322452 -5747193846111.915 5747184175644.6465
120.59355210205989 -5777719924324.4287 5777710228208.9248
120.59355508089524 -5808448945221.4668 5808439223355.5547
120.59355805973061 -5839382529996.2861 5839372782277.249
120.59356103856598 -5870522314971.5537 5870512541296.1289
120.59356401740135 -5901869951760.9141 5901860152025.2881
120.59356699623672 -5933427107432.4648 5933417281532.2695
120.59356997507209 -5965195464674.2578 5965185612504.5664
120.59357295390745 -5997176721961.8408 5997166843417.165
120.59357593274282 -6029372593727.751 6029362688702.0371
120.59357891157818 -6061784810533.0674 6061774878919.6924
120.59358189041355 -6094415119241.0576 6094405160932.8262
120.59358486924891 -6127265283192.8633 6127255298082.002
120.59358784808428 -6160337082385.417 6160327070363.5713
120.59359082691965 -6193632313651.5244 6193622274609.7549
120.59359380575502 -6227152790842.085 6227142724670.8643
120.59359678459039 -6260900345010.499 6260890251599.7061
120.59359976342574 -6294876824599.4189 6294866703838.3369
120.59360274226111 -6329084095629.7441 6329073947407.0547
120.59360572109648 -6363524041891.875 6363513866095.6553
120.59360869993185 -6398198565139.3887 6398188361657.1064
120.59361167876722 -6433109585285.0918 6433099354003.6016
120.59361465760259 -6468259040599.4639 6468248781405.0029
120.59361763643795 -6503648887911.5029 6503638600689.6875
120.59362061527332 -6539281102812.082 6539270787447.9014
120.59362359410868 -6575157679859.8379 6575147336237.6523
120.59362657294405 -6611280632789.5654 6611270260793.1006
120.59362955177942 -6647651994723.2002 6647641594235.542
120.59363253061478 -6684273818383.4697 6684263389287.0615
120.59363550945015 -6721148176310.123 6721137718486.7607
120.59363848828552 -6758277161078.8643 6758266674409.6914
120.59364146712089 -6795662885523.0537 6795652369888.5586
120.59364444595626 -6833307482958.083 6833296938238.0908
120.59364742479161 -6871213107408.6328 6871202533482.3037
120.59365040362698 -6909381933838.8193 6909371330584.6436
120.59365338246235 -6947816158385.0967 6947805525680.8887
120.59365636129772 -6986517998592.1182 6986507336315.0127
120.59365934013309 -7025489693651.6211 7025479001678.0693
120.59366231896846 -7064733504644.2275 7064722782849.9922
120.59366529780382 -7104251714784.3105 7104240963044.459
120.59366827663919 -7144046629667.9727 7144035847856.874
120.59367125547455 -7184120577524.123 7184109765515.4414
120.59367423430992 -7224475909468.7998 7224465067135.4922
120.59367721314528 -7265114999762.6592 7265104126976.9688
120.59368019198065 -7306040246071.668 7306029342705.1191
120.59368317081602 -7347254069731.1729 7347243135654.5654
120.59368614965139 -7388758916013.3604 7388747951096.7656
120.59368912848676 -7430557254398.0947 7430546258510.8506
120.59369210732213 -7472651578847.1719 7472640551857.877
120.59369508615748 -7515044408082.0869 7515033349858.5957
120.59369806499285 -7557738285865.3145 7557727196274.7314
120.59370104382822 -7600735781285.2324 7600724660193.9062
120.59370402266359 -7644039489044.7988 7644028336318.3184
120.59370700149896 -7687652029753.8115 7687640845257.001
120.59370998033432 -7731576050224.8984 7731564833821.8086
120.59371295916969 -7775814223773.4131 7775802975327.3203
120.59371593800505 -7820369250521.1084 7820357969894.5059
120.59371891684042 -7865243857703.7422 7865232544758.334
120.59372189567578 -7910440799982.8018 7910429454579.499
120.59372487451115 -7955962859761.1631 7955951481760.0781
120.59372785334652 -8001812847502.7695 8001801436763.2109
120.59373083218189 -8047993602056.4736 8047982158436.9375
120.59373381101726 -8094507990984.1758 8094496514342.3408
120.59373678985263 -8141358910893.2832 8141347401086.0068
120.59373976868798 -8188549287773.4014 8188537744656.7129
120.59374274752335 -8236082077337.4004 8236070500766.4941
120.59374572635872 -8283960265366.999 8283948655196.2285
120.59374870519409 -8332186868062.8604 8332175224145.7324
120.59375168402946 -8380764932399.3008 8380753254588.4697
120.59375466286482 -8429697536483.6924 8429685824630.9531
120.59375764170019 -8478987789920.4844 8478976043876.7666
120.59376062053556 -8528638834180.1172 8528627053795.4785
120.59376359937092 -8578653842972.7656 8578642028096.3867
120.59376657820629 -8629036022627.0127 8629024173107.1885
120.59376955704165 -8679788612473.5449 8679776728157.6797
120.59377253587702 -8730914885233.9932 8730902965968.5947
120.59377551471239 -8782418147414.7793 8782406193045.4502
120.59377849354776 -8834301739706.3242 8834289750077.7578
120.59378147238313 -8886569037387.498 8886557012343.4688
120.5937844512185 -8939223450735.5781 8939211390118.9355
120.59378743005385 -8992268425441.6699 8992256329094.332
120.59379040888922 -9045707443031.5742 9045695310794.5234
120.59379338772459 -9099544021292.2793 9099531853005.5527
120.59379636655996 -9153781714704.1348 9153769510206.8145
120.59379934539533 -9208424114879.1836 9208411874009.3965
120.59380232423069 -9263474851004.9277 9263462573599.832
120.59380530306606 -9318937590294.2207 9318925276190
120.59380828190142 -9374816038441.5918 9374803687473.4531
120.59381126073679 -9431113940085.1348 9431101552087.293
120.59381423957215 -9487835079274.9785 9487822654080.6543
120.59381721840752 -9544983279948.2246 9544970817389.6348
120.59382019724289 -9602562406410.0625 9602549906318.4141
120.59382317607826 -9660576363821.5469 9660563826027.0293
120.59382615491363 -9719029098694.043 9719016523025.8184
120.593829133749 -9777924599390.3164 9777911985676.5137
120.59383211258435 -9837266896632.6484 9837254244700.3555
120.59383509141972 -9897060064017.6543 9897047373692.9102
120.59383807025509 -9957308218538.252 9957295489646.0371
120.59384104909046 -10018015521112.9 10018002753477.131
120.59384402792583 -10079186177121.891 10079173370565.408
120.59384700676119 -10140824436951.215 10140811591295.779
120.59384998559656 -10202934596543.969 10202921711610.25
120.59385296443193 -10265520997959.207 10265508073566.777
120.59385594326729 -10328588029938.494 10328575065905.818
120.59385892210265 -10392140128480.527 10392127124624.955
120.59386190093802 -10456181777423.393 10456168733561.15
120.59386487977339 -10520717509035.221 10520704424981.4
120.59386785860876 -10585751904613.004 10585738780181.559
120.59387083744413 -10651289595089.502 10651276430093.234
120.5938738162795 -10717335261648.863 10717322055899.416
120.59387679511487 -10783893636350.811 10783880389658.658
120.59387977395022 -10850969502763.568 10850956214938.01
120.59388275278559 -10918567696605.518 10918554367454.664
120.59388573162096 -10986693106396.051 10986679735726.818
120.59388871045633 -11055350674115.594 11055337261733.695
120.5938916892917 -11124545395874.631 11124531941584.564
120.59389466812706 -11194282322592.25 11194268826197.289
120.59389764696243 -11264566560684.613 11264553021986.799
120.5939006257978 -11335403272762.996 11335389691563.127
120.59390360463316 -11406797678341.455 11406784054439.076
120.59390658346852 -11478755054554.691 11478741387748.084
120.59390956230389 -11551280736886.473 11551267026972.648
120.59391254113926 -11624380119908.049 11624366366682.732
120.59391551997463 -11698058658027.125 11698044861284.752
120.59391849881 -11772321866247.666 11772308025781.369
120.59392147764537 -11847175320940.34 11847161436541.938
120.59392445648072 -11922624660624.254 11922610732084.242
120.59392743531609 -11998675586759.625 11998661613867.164
120.59393041415146 -12075333864552.111 12075319847095.018
120.59393339298683 -12152605323768.752 12152591261533.486
120.5939363718222 -12230495859565.361 12230481752337.018
120.59393935065756 -12309011433326.174 12308997280888.467
120.59394232949293 -12388158073515.557 12388143875650.814
120.5939453083283 -12467941876542.246 12467927633031.396
120.59394828716366 -12548369007635.719 12548354718258.281
120.59395126599902 -12629445701735.412 12629431366269.48
120.59395424483439 -12711178264393.195 12711163882615.432
120.59395722366976 -12793573072688.645 12793558644374.264
120.59396020250513 -12876636576157.832 12876622101080.592
120.5939631813405 -12960375297735.98 12960360775668.172
120.59396616017587 -13044795834713.418 13044781265425.85
120.59396913901124 -13129904859705.902 13129890242967.891
120.59397211784659 -13215709121639.162 13215694457218.52
120.59397509668196 -13302215446747.781 13302200734410.801
120.59397807551733 -13389430739588.92 13389415979100.365
120.5939810543527 -13477361984071.061 13477347175194.154
120.59398403318806 -13566016244498.047 13566001386994.455
120.59398701202343 -13655400666628.559 13655385760258.381
120.5939899908588 -13745522478751.113 13745507523272.867
120.59399296969417 -13836388992775.217 13836373987945.828
120.59399594852952 -13928007605338.869 13927992550913.656
120.59399892736489 -14020385798932.18 14020370694664.838
120.59400190620026 -14113531143038.521 14113515988681.117
120.59400488503563 -14207451295292.324 14207436090595.273
120.594007863871 -14302154002653.885 14302138747365.943
120.59401084270637 -14397647102602.334 14397631796470.582
120.59401382154174 -14493938524346.621 14493923167116.451
120.5940168003771 -14591036290054.562 14591020881469.664
120.59401977921246 -14688948516100.27 14688933055902.615
120.59402275804783 -14787683414330.502 14787667902260.334
120.5940257368832 -14887249293350.453 14887233729146.266
120.59402871571857 -14987654559828.801 14987638943227.326
120.59403169455393 -15088907719822.904 15088892050559.104
120.5940346733893 -15191017380123.889 15191001657930.93
120.59403765222467 -15293992249621.963 15293976474231.207
120.59404063106003 -15397841140693.434 15397825311834.424
120.59404360989539 -15502572970608.135 15502557088008.576
120.59404658873076 -15608196762958.787 15608180826344.531
120.59404956756613 -15714721649112.633 15714705658207.666
120.5940525464015 -15822156869684.893 15822140824211.314
120.59405552523687 -15930511776035.021 15930495675713.033
120.59405850407224 -16039795831786.273 16039779676334.16
120.59406148290761 -16150018614368.418 16150002403502.533
120.59406446174296 -16261189816584.547 16261173550019.293
120.59406744057833 -16373319248202.254 16373302925650.068
120.5940704194137 -16486416837569.566 16486400458740.906
120.59407339824907 -16600492633255.631 16600476197858.949
120.59407637708443 -16715556805717.525 16715540313459.26
120.5940793559198 -16831619648993.055 16831603099577.605
120.59408233475517 -16948691582419.756 16948674975549.473
120.59408531359054 -17066783152381.016 17066766487756.182
120.59408829242589 -17185905034079.387 17185888311398.193
120.59409127126126 -17306068033337.764 17306051252296.295
120.59409425009663 -17427283088429.381 17427266248721.596
120.594097228932 -17549561271936.789 17549544373254.504
120.59410020776737 -17672913792639.727 17672896834672.594
120.59410318660274 -17797351997433.105 17797334979868.602
120.59410616543811 -17922887373275.098 17922870295798.488
120.59410914427347 -18049531549167.195 18049514411461.535
120.59411212310883 -18177296298165.023 18177279099911.129
120.5941151019442 -18306193539420.316 18306176280296.738
120.59411808077957 -18436235340257.141 18436218019940.152
120.59412105961493 -18567433918281.27 18567416536444.844
120.5941240384503 -18699801643522.465 18699784199838.258
120.59412701728567 -18833351040611.934 18833333534749.254
120.59412999612104 -18968094790994.312 18968077222620.109
120.59413297495641 -19104045735176.133 19104028103954.977
120.59413595379176 -19241216875009.332 19241199180603.391
120.59413893262713 -19379621376012.164 19379603618081.176
120.5941419114625 -19519272569727.832 19519254747929.09
120.59414489029787 -19660183956121.801 19660166070110.121
120.59414786913324 -19802369206018.816 19802351255446.527
120.59415084796861 -19945842163578.375 19945824148095.293
120.59415382680397 -20090616848810.68 20090598768064.086
120.59415680563933 -20236707460133.902 20236689313768.512
120.5941597844747 -20384128376973.152 20384110164631.098
120.59416276331007 -20532894162403.75 20532875883724.562
120.59416574214544 -20683019565835.797 20683001220456.375
120.5941687209808 -20834519525743.203 20834501113297.785
120.59417169981617 -20987409172439.383 20987390692559.531
120.59417467865154 -21141703830898.531 21141685283213.105
120.59417765748691 -21297419023622.516 21297400407757.648
120.59418063632226 -21454570473555.465 21454551789134.531
120.59418361515763 -21613174107047.82 21613155353691.414
120.594186593993 -21773246056869.77 21773227234195.688
120.59418957282837 -21934802665274.02 21934783772897.223
120.59419255166374 -22097860487109.789 22097841524642.379
120.59419553049911 -22262436292990.195 22262417260041.395
120.59419850933448 -22428547072512.535 22428527968688.656
120.59420148816984 -22596210037530.945 22596190862435.359
120.5942044670052 -22765442625486.34 22765423378719.457
120.59420744584057 -22936262502791.57 22936243183950.809
120.59421042467594 -23108687568273.422 23108668176953.176
120.5942134035113 -23282735956674.367 23282716492465.98
120.59421638234667 -23458426042213.047 23458406504704.789
120.59421936118204 -23635776442204.625 23635756830981.66
120.59422234001741 -23814806020743.414 23814786335387.762
120.59422531885278 -23995533892449.359 23995514132539.879
120.59422829768813 -24177979426277.52 24177959591389.875
120.5942312765235 -24362162249392.305 24362142339098.934
120.59423425535887 -24548102251109.324 24548082264979.406
120.59423723419424 -24735819586904.148 24735799524503.574
120.59424021302961 -24925334682490.938 24925314543382.281
120.59424319186498 -25116668237971.465 25116648021713.945
120.59424617070034 -25309841232055.77 25309820938205.223
120.5942491495357 -25504874926356.125 25504854554464.973
120.59425212837107 -25701790869755.051 25701770419372.266
120.59425510720644 -25900610902849.793 25900590373520.863
120.5942580860418 -26101357162474.293 26101336553741.191
120.59426106487717 -26304052086300.777 26304031397701.926
120.59426404371254 -26508718417520.535 26508697648590.773
120.59426702254791 -26715379209608.141 26715358359878.691
120.59427000138328 -26924057831167.965 26924036900166.391
120.59427298021863 -27134777970867.145 27134756958117.32
120.594275959054 -27347563642455.43 27347542547477.504
120.59427893788937 -27562439189873.895 27562418012184.25
120.59428191672474 -27779429292454.102 27779408031565.324
120.59428489556011 -27998558970209.023 27998537625629.863
120.59428787439548 -28219853589217.949 28219832160453.277
120.59429085323085 -28443338867108.121 28443317353658.898
120.59429383206621 -28669040878633.883 28669019279997.117
120.59429681090157 -28896986061355.926 28896964377024.633
120.59429978973694 -29127201221421.492 29127179450884.656
120.59430276857231 -29359713539448.805 29359691682191.344
120.59430574740767 -29594550576517.902 29594528632020.617
120.59430872624304 -29831740280269.184 29831718248008.723
120.59431170507841 -30071310991112.145 30071288870560.965
120.59431468391378 -30313291448546.332 30313269239172.652
120.59431766274915 -30557710797596.598 30557688498864.355
120.5943206415845 -30804598595367.18 30804576206735.992
120.59432362041987 -31053984817712.961 31053962338638.078
120.59432659925524 -31305899866034 31305877295966.266
120.59432957809061 -31560374574193.043 31560351912578.84
120.59433255692598 -31817440215560.535 31817417461841.75
120.59433553576135 -32077128510189.789 32077105663803.762
120.59433851459671 -32339471632122.535 32339448692502.016
120.59434149343208 -32604502216829.789 32604479183402.883
120.59434447226744 -32872253368791.102 32872230240981.227
120.59434745110281 -33142758669214.148 33142735446439.996
120.59435042993817 -33416052183895 33416028865570.469
120.59435340877354 -33692168471227.855 33692145056762.02
120.59435638760891 -33971142590361.691 33971119079158.734
120.59435936644428 -34253010109510.707 34252986500969.883
120.59436234527965 -34537807114418.863 34537783407934.441
120.594365324115 -34825570216984.191 34825546411945.406
120.59436830295037 -35116336564044.469 35116312659835.461
120.59437128178574 -35410143846328.148 35410119842327.922
120.59437426062111 -35707030307575.75 35707006203158.109
120.59437723945648 -36007034753831.766 36007010548365.266
120.59438021829185 -36310196562913.445 36310172255761.336
120.59438319712721 -36616555694059.414 36616531284579.586
120.59438617596258 -36926152697760.875 36926128185305.805
120.59438915479794 -37239028725781.047 37239004109697.727
120.59439213363331 -37555225541364.438 37555200820994.328
120.59439511246867 -37874785529646.094 37874760704325.07
120.59439809130404 -38197751708257.297 38197726777315.578
120.59440107013941 -38524167738134.82 38524142700896.922
120.59440404897478 -38854077934536.68 38854052790321.336
120.59440702781015 -39187527278275.039 39187502026395.148
120.59441000664552 -39524561427165.695 39524536066928.266
120.59441298548087 -39865226727697.359 39865201258403.438
120.59441596431624 -40209570226926.742 40209544647871.352
120.59441894315161 -40557639684610.258 40557613995082.328
120.59442192198698 -40909483585566.82 40909457784849.133
120.59442490082235 -41265151152287.328 41265125239656.438
120.59442787965772 -41624692357787.109 41624666332513.281
120.59443085849308 -41988157938713.266 41988131800060.406
120.59443383732845 -42355599408711.477 42355573155937.07
120.59443681616381 -42727069072052.891 42727042704407.914
120.59443979499918 -43102620037534.648 43102593554263.516
120.59444277383454 -43482306232653.094 43482279632993.578
120.59444575266991 -43866182418058.242 43866155701241.398
120.59444873150528 -44254304202298.375 44254277367548.469
120.59445171034065 -44646728056856.992 44646701103391.43
120.59445468917602 -45043511331491.945 45043484258521.188
120.59445766801139 -45444712269880.414 45444685076607.914
120.59446064684674 -45850390025577.344 45850362711199.453
120.59446362568211 -46260604678295.789 46260577242001.688
120.59446660451748 -46675417250518.391 46675389691490.008
120.59446958335285 -47094889724439.156 47094862041851.078
120.59447256218822 -47519085059255.516 47519057252274.922
120.59447554102358 -47948067208805.445 47948039276592
120.59447851985895 -48381901139568.258 48381873081274.047
120.59448149869431 -48820652849031.289 48820624663800.719
120.59448447752968 -49264389384430.945 49264361071400.672
120.59448745636504 -49713178861880.773 49713150420179.602
120.59449043520041 -50167090485888.523 50167061914637.328
120.59449341403578 -50626194569273.172 50626165867584.789
120.59449639287115 -51090562553501.18 51090533720480.336
120.59449937170652 -51560267029441.562 51560238064184.773
120.59450235054189 -52035381758541.57 52035352660137.031
120.59450532937724 -52515981694455.141 52515952461982.664
120.59450830821261 -53002143005113.438 53002113637644.32
120.59451128704798 -53493943095261.758 53493913591858.711
120.59451426588335 -53991460629463.844 53991430989180.875
120.59451724471872 -54494775555587.523 54494745777469.852
120.59452022355408 -55003969128787.406 55003939211871.336
120.59452320238945 -55519123935994.719 55519093879307.555
120.59452618122482 -56040323920923.789 56040293723483.727
120.59452916006018 -56567654409603.297 56567624070419.32
120.59453213889554 -57101202136451.617 57101171654523.375
120.59453511773091 -57641055270909.023 57641024645226.734
120.59453809656628 -58187303444635.766 58187272674180.109
120.59454107540165 -58740037779286.906 58740006863028.891
120.59454405423702 -59299350914892.93 59299319851793.789
120.59454703307239 -59865337038844.891 59865305827855.969
120.59455001190776 -60438091915501.477 60438060555564.117
120.59455299074311 -61017712916431.867 61017681406477.273
120.59455596957848 -61604299051321.328 61604267390270.461
120.59455894841385 -62197950999543.273 62197919186306.719
120.59456192724922 -62798771142413.484 62798739175891.32
120.59456490608459 -63406863596153.281 63406831475234.977
120.59456788491995 -64022334245569.586 64022301969133.844
120.59457086375532 -64645290778469.891 64645258345384.539
120.59457384259069 -65275842720837.727 65275810129959.578
120.59457682142605 -65914101472775.883 65914068722950.594
120.59457980026141 -66560180345243.992 66560147435305.93
120.59458277909678 -67214194597616.102 67214161526388.211
120.59458575793215 -67876261476061.992 67876228242355.648
120.59458873676752 -68546500252789.031 68546466855403.906
120.59459171560289 -69225032266147.133 69224998703871.047
120.59459469443826 -69911980961632.969 69911947233241.742
120.59459767327361 -70607471933817.281 70607438038074.578
120.59460065210898 -71311632969209.703 71311598904866.906
120.59460363094435 -72024594090089.844 72024559855885.859
120.59460660977972 -72746487599319.969 72746453193981.109
120.59460958861509 -73477448126182.562 73477413548422.375
120.59461256745045 -74217612673245.062 74217577921764.156
120.59461554628582 -74967120664292.516 74967085737778.422
120.59461852512119 -75726113993361.438 75726078890488.438
120.59462150395655 -76494737074871.438 76494701794300.375
120.59462448279191 -77273136894937.984 77273101435316.125
120.59462746162728 -78061463063827.422 78061427423788.266
120.59463044046265 -78859867869635.844 78859832047798.938
120.59463341929802 -79668506333216.422 79668470328187.203
120.59463639813339 -80487536264367.625 80487500074737.219
120.59463937696876 -81317118319316.312 81317081943661.375
120.59464235580413 -82157416059552.203 82157379496434.719
120.59464533463948 -83008596012015.953 83008559259983.031
120.59464831347485 -83870827730713.188 83870790788296.906
120.59465129231022 -84744283859760.703 84744246725477.891
120.59465427114559 -85629140197911.25 85629102870263.266
120.59465724998095 -86525575764609.75 86525538242082.312
120.59466022881632 -87433772867618.25 87433735148681.25
120.59466320765169 -88353917172206.297 88353879255313.531
120.59466618648706 -89286197772008.906 89286159655597.922
120.59466916532241 -90230807261570.938 90230768944062.781
120.59467214415778 -91187941810621.875 91187903290420.906
120.59467512299315 -92157801240118.422 92157762515612.062
120.59467810182852 -93140589100116.781 93140550169675.297
120.59468108066389 -94136512749525.016 94136473611501.297
120.59468405949926 -95145783437780.016 95145744090509.344
120.59468703833463 -96168616388494.062 96168576830293.859
120.59469001716998 -97205230885125.734 97205191114295.359
120.59469299600535 -98255850358733.766 98255810373554.219
120.59469597484072 -99320702477882.891 99320662276616.609
120.59469895367609 -100400019240742.09 100399978821632.69
120.59470193251146 -101494037069427.67 101493996430699.64
120.59470491134682 -102602996906690.73 102602956046549.23
120.59470789018219 -103727144314991.44 103727103231622.03
120.59471086901756 -104866729577980.53 104866688269548.89
120.59471384785292 -106022007804530.78 106021966269182.44
120.59471682668828 -107193239035345.84 107193197271205.89
120.59471980552365 -108380688352206.5 108380646357379.31
120.59472278435902 -109584625989988.88 109584583762557.84
120.59472576319439 -110805327451465.27 110805284989492.48
120.59472874202976 -112043073624981.05 112043030926507.02
120.59473172086513 -113298150905110.42 113298107968153.75
120.5947346997005 -114570851316384.98 114570808138942.09
120.59473767853585 -115861472640114.02 115861429220158.81
120.59474065737122 -117170318544442.52 117170274879926.09
120.59474363620659 -118497698717754.59 118497654806604.89
120.59474661504196 -119843929005444.67 119843884845566.17
120.59474959387732 -121209331550205.16 121209287139478.52
120.59475257271269 -122594234935930.48 122594190272212.22
120.59475555154806 -123998974335334.17 123998929416456.31
120.59475853038343 -125423891661374.05 125423846485143.78
120.59476150921878 -126869335722597.92 126869290286797.22
120.59476448805415 -128335662382557.3 128335616684942.58
120.59476746688952 -129823234723363.11 129823188761664.88
120.59477044572489 -131332423213501.64 131332376985424.08
120.59477342456026 -132863605880059.06 132863559383279.67
120.59477640339563 -134417168485484.77 134417121717653.95
120.594779382231 -135993504709029.11 135993457667769.83
120.59478236106636 -137593016332974.98 137592969015882.3
120.59478533990172 -139216113433798.19 139216065838438.89
120.59478831873709 -140863214578426.72 140863166702338.88
120.59479129757246 -142534747025738.97 142534698866431.56
120.59479427640782 -144231146933454.09 144231098488406.5
120.59479725524319 -145952859570587 145952810837248.59
120.59480023407856 -147700339535640.06 147700290511429.78
120.59480321291393 -149474050980682.34 149474001662988.25
120.59480619174929 -151274467841480.66 151274418227659.41
120.59480917058465 -153102074073902.91 153102024161279.34
120.59481214942002 -154957363896769.28 154957313682635.94
120.59481512825539 -156840842041281.19 156840791522897.78
120.59481810709076 -158753024007362.53 158752973181955.44
120.59482108592613 -160694436327101.31 160694385191863.12
120.5948240647615 -162665616835359.53 162665565387448.5
120.59482704359687 -164667114947936.09 164667063184475.59
120.59483002243222 -166699491947453.66 166699439865531.72
120.59483300126759 -168763321277134.44 168763268873803.09
120.59483598010296 -170859188842862.25 170859136115137.06
120.59483895893833 -172987693323722.19 172987640268581.66
120.59484193777369 -175149446491216.28 175149393105601.22
120.59484491660906 -177345073537553.56 177345019818366.62
120.59484789544443 -179575213413129.41 179575159357234.38
120.5948508742798 -181840519173624.19 181840464777845.44
120.59485385311515 -184141658337032.91 184141603598154.72
120.59485683195052 -186479313250806.47 186479258165572.44
120.59485981078589 -188854181469631.41 188854126034743.81
120.59486278962126 -191266976143963.62 191266920356082.75
120.59486576845663 -193718426419783.59 193718370275527
120.594868747292 -196209277849951.75 196209221345893.69
120.59487172612737 -198740292817533.38 198740235950204.03
120.59487470496273 -201312250971351.62 201312193737236.44
120.59487768379809 -203925949674327.69 203925892069866.59
120.59488066263346 -206582204464982.78 206582146486569.53
120.59488364146883 -209281849532431.91 209281791176413.25
120.59488662030419 -212025738205418.47 212025679468093.44
120.59488959913956 -214814743455841.91 214814684333460.97
120.59489257797493 -217649758417295.41 217649698906059.72
120.5948955568103 -220531696918964.06 220531637015024.69
120.59489853564567 -223461494035479.28 223461433734936.28
120.59490151448102 -226440106653233.22 226440045952134.81
120.59490449331639 -229468514053944.94 229468452948286.72
120.59490747215176 -232547718515668.88 232547657001392.88
120.59491045098713 -235678745931930.78 235678684004924.56
120.5949134298225 -238862646449807.25 238862584105903.03
120.59491640865787 -242100495127493.47 242100432362467.12
120.59491938749323 -245393392611933.72 245393329421503.88
120.59492236632859 -248742465837298.19 248742402217125.28
120.59492534516396 -252148868744856.53 252148804690541.72
120.59492832399933 -255613783025296.31 255613718532380.53
120.59493130283469 -259138418883960.62 259138353947923.56
120.59493428167006 -262724015829900.62 262723950446159.59
120.59493726050543 -266371843489653.62 266371777653562.53
120.5949402393408 -270083202446488.25 270083136153336.5
120.59494321817617 -273859425106061.47 273859358351072.88
120.59494619701152 -277701876589299.12 277701809367630.66
120.59494917584689 -281611955653714.75 281611887960455.44
120.59495215468226 -285591095644052.25 285591027474222
120.59495513351763 -289640765473041.25 289640696821589.56
120.594958112353 -293762470633755.56 293762401495560.38
120.59496109118837 -297957754244395.12 297957684614261.5
120.59496407002374 -302228198126697.5 302228127999356.25
120.5949670488591 -306575423919354.75 306575353289461.19
120.59497002769446 -311001094227641.31 311001023089773.81
120.59497300652983 -315506913810648.06 315506842159306.88
120.5949759853652 -320094630806888.94 320094558636494.5
120.59497896420056 -324766038000473.88 324765965305365.5
120.59498194303593 -329522974129112.31 329522900903546.81
120.5949849218713 -334367325235012.5 334367251473162.44
120.59498790070667 -339301026060957.38 339300951756909.75
120.59499087954204 -344326061492882.06 344325986640636.5
120.59499385837739 -349444468050486.44 349444392643953.81
120.59499683721276 -354658335428112.81 354658259461113.44
120.59499981604813 -359969808087291.06 359969731553553
120.5950027948835 -365381086903545.94 365381009796703.44
120.59500577371887 -370894430868551.88 370894353182143.38
120.59500875255424 -376512158850818.56 376512080578285.06
120.5950117313896 -382236651416466.19 382236572551149.31
120.59501471022497 -388070352712260.25 388070273247400.44
120.59501768906033 -394015772413801.25 394015692342535.69
120.5950206678957 -400075487741198.81 400075407056559.62
120.59502364673106 -406252145544464.19 406252064239376.25
120.59502662556643 -412548464462076.38 412548382529355.44
120.5950296044018 -418967237154670.31 418967154587020.69
120.59503258323717 -425511332617265.19 425511249407277.75
120.59503556207254 -432183698573356.31 432183614713506.12
120.59503854090789 -438987363953677.69 438987279436321.81
120.59504151974326 -445925441463266.19 445925356280641.5
120.59504449857863 -453001130239627.5 453001044383848.06
120.595047477414 -460217718606470.44 460217632069525.19
120.59505045624937 -467578586927018.25 467578499700768.56
120.59505343508474 -475087210559725.88 475087122635902.88
120.5950564139201 -482747162921433.75 482747074291635.88
120.59505939275547 -490562118662311.69 490562029318001.81
120.59506237159083 -498535856956590.69 498535766889093.5
120.5950653504262 -506672264914573.38 506672174115072.56
120.59506832926157 -514975341120246.25 514975249579781.62
120.59507130809693 -523449199299504.88 523449107008969.44
120.5950742869323 -532098072124924.19 532097979075061
120.59507726576767 -540926315163036.56 540926221344435.81
120.59508024460304 -549938410969084.94 549938316372180.62
120.59508322343841 -559138973335879.25 559138877950946.06
120.59508620227376 -568532751703619.12 568532655520769
120.59508918110913 -578124635736674.5 578124538745853.25
120.5950921599445 -587919660075340.12 587919562266324
120.59509513877987 -597923009269092.12 597922910631484
120.59509811761524 -608140022899911.75 608139923423137.75
120.59510109645061 -618576200902763.88 618576100576069.38
120.59510407528597 -629237209092752.25 629237107905198.12
120.59510705412134 -640128884907511.12 640128782847969.62
120.5951100329567 -651257243374378.5 651257140431529.25
120.59511301179207 -662628483312159.5 662628379474485.38
120.59511599062743 -674248993777472.12 674248889033254.88
120.5951189694628 -686125360765922 686125255103238
120.59512194829817 -698264374180395.62 698264267587111.12
120.59512492713354 -710673035077767.12 710672927541533.62
120.59512790596891 -723358563207767 723358454716016.5
120.59513088480426 -736328404855361.75 736328295395302.12
120.59513386363963 -749590241000096 749590130558705.62
120.595136842475 -763151995808689.38 763151884372712.12
120.59513982131037 -777021845473887.38 777021733029827.25
120.59514280014574 -791208227417523.5 791208113951639.25
120.59514577898111 -805719849872535.75 805719735370835.25
120.59514875781647 -820565701861921 820565586310155.5
120.59515173665184 -835755063594730.62 835754946978388.75
120.5951547154872 -851297517295812.5 851297399600114.38
120.59515769432257 -867202958490664 867202839700554.75
120.59516067315793 -883481607767938 883481487868081.62
120.5951636519933 -900144023040221.12 900143902014993.5
120.59516663082867 -917201112328433.25 917200990161915.75
120.59516960966404 -934664147093678.62 934664023769651
120.59517258849941 -952544776140863.38 952544651642796.5
120.59517556733478 -970855040126447.75 970854914437496.25
120.59517854617013 -989607386695263.5 989607259798258.25
120.5951815250055 -1008814686278426.6 1008814558155866.8
120.59518450384087 -1028490248585517.8 1028490119219562.9
120.59518748267624 -1048647839822152.8 1048647709194614.2
120.59519046151161 -1069301700672500.9 1069301568764833.9
120.59519344034697 -1090466565082108.4 1090466431875402.8
120.59519641918234 -1112157679879795.4 1112157545354766.6
120.59519939801771 -1134390825282387 1134390689419367
120.59520237685307 -1157182336328932.2 1157182199107859.8
120.59520535568844 -1180549125286389 1180548986686799.8
120.5952083345238 -1204508705078644 1204508565079660.2
120.59521131335917 -1229079213792109.5 1229079072372429.8
120.59521429219454 -1254279440312527 1254279297450415.5
120.59521727102991 -1280128851146986.2 1280128706820261.5
120.59522024986528 -1306647618497637 1306647472683660.5
120.59522322870065 -1333856649649644.2 1333856502325308.2
120.595226207536 -1361777617745043.2 1361777468886758.8
120.59522918637137 -1390432994017729 1390432843601413.5
120.59523216520674 -1419846081553975.5 1419845929555039.5
120.59523514404211 -1450041050672790.8 1450040897066124.8
120.59523812287748 -1481042976008467.8 1481042820768428.2
120.59524110171284 -1512877875383884.5 1512877718484279.5
120.59524408054821 -1545572750578998.5 1545572591993073
120.59524705938357 -1579155630088596.5 1579155469789017.5
120.59525003821894 -1613655613983121.2 1613655451941962
120.5952530170543 -1649102920983821.2 1649102757172544.5
120.59525599588967 -1685528937877131.8 1685528772266573.2
120.59525897472504 -1722966271409674.2 1722966103970026
120.59526195356041 -1761448802776896.5 1761448633477688
120.59526493239578 -1801011744868155.5 1801011573678235.8
120.59526791123115 -1841691702430008.2 1841691529317526.8
120.5952708900665 -1883526735296449.2 1883526560228836
120.59527386890187 -1926556424866571 1926556247810516.2
120.59527684773724 -1970821944021697.8 1970821764943130.5
120.59527982657261 -2016366130682194.2 2016365949546260.8
120.59528280540798 -2063233565211290.8 2063233381982331.8
120.59528578424334 -2111470651883456.8 2111470466524984.2
120.59528876307871 -2161125704662363.2 2161125517137036.2
120.59529174191408 -2212249037552626 2212248847822225
120.59529472074944 -2264893059786988 2264892867812389.5
120.5952976995848 -2319112376137184.5 2319112181878334
120.59530067842017 -2374963892659414 2374963696075298
120.59530365725554 -2432506928206678.5 2432506729255296
120.59530663609091 -2491803332054956.5 2491803130693289
120.59530961492628 -2552917608021142 2552917404205121.5
120.59531259376165 -2615917045476388 2615916839160866
120.59531557259702 -2680871857683909.5 2680871648822623.5
120.59531855143237 -2747855327894019.5 2747855116439558.5
120.59532153026774 -2816943963707954 2816943749611722
120.59532450910311 -2888217660237586 2888217443449765
120.59532748793848 -2961759872615365.5 2961759653084877.5
120.59533046677385 -3037657798442791.5 3037657576117257.5
120.59533344560921 -3116002570822184.5 3116002345647883
120.59533642444458 -3196889462684020.5 3196889234605844.5
120.59533940327995 -3280418103105041.5 3280417872066453.5
120.59534238211531 -3366692706430259 3366692472373244.5
120.59534536095067 -3455822315030819 3455822077895837.5
120.59534833978604 -3547921056639284.5 3547920816365219
120.59535131862141 -3643108417215231 3643108173739336
120.59535429745678 -3741509530369032 3741509283626878
120.59535727629215 -3843255484525071.5 3843255234450489.5
120.59536025512752 -3948483648991549 3948483395516570
120.59536323396287 -4057338020234580.5 4057337763289374.5
120.59536621279824 -4169969589824956.5 4169969329337768
120.59536919163361 -4286536735505356 4286536471402438
120.59537217046898 -4407205636999923.5 4407205369205467.5
120.59537514930435 -4532150718379130 4532150446815192
120.59537812813971 -4661555118855542 4661554843441970
120.59538110697508 -4795611193992009 4795610914646361
120.59538408581045 -4934521049587698 4934520766225162
120.59538706464581 -5078497110629897 5078496823163204
120.59539004348117 -5227762727863642 5227762436202976
120.59539302231654 -5382552824761881 5382552528814787
120.59539600115191 -5543114587920521 5543114287591806
120.59539897998728 -5709708204083561 5709707899275192
120.59540195882265 -5882607647505999 5882607338116997
120.59540493765802 -6062101521293082 6062101207219409
120.59540791649339 -6248493956884302 6248493638018746
120.59541089532874 -6442105576362994 6442105252595047
120.59541387416411 -6643274522291634 6643274193507363
120.59541685299948 -6852357560442776 6852357226524691
120.59541983183485 -7069731261311179 7069730922138091
120.59542281067021 -7295793266551337 7295792921998212
120.59542578950558 -7530963647359653 7530963297297460
120.59542876834095 -7775686362083752 7775686006379300
120.59543174717632 -8030430821244747 8030430459760517
120.59543472601167 -8295693568948332 8295693201542299
120.59543770484704 -8572000090179405 8571999716704852
120.59544068368241 -8859906754853079 8859906375158403
120.59544366251778 -9160002909879214 9160002523807718
120.59544664135315 -9472913132058806 9472912739448488
120.59544962018852 -9799299655422930 9799299256106252
120.59545259902389 -10139864988521454 10139864582325104
120.59545557785925 -10495354738401736 10495354325146380
120.59545855669461 -10866560658971852 10866560238471868
120.59546153552998 -11254323943999924 11254323516063124
120.59546451436535 -11659538787171784 11659538351599122
120.59546749320072 -12083156232983090 12083155789568352
120.59547047203608 -12526188345323054 12526187893852534
120.59547345087145 -12989712723145854 12989712263398008
120.59547642970682 -13474877395573652 13474876927318742
120.59547940854218 -13982906131863860 13982905654863562
120.59548238737754 -14515104206424248 14515103720431254
120.59548536621291 -15072864662369552 15072864167127140
120.59548834504828 -15657675121456218 15657674616697802
120.59549132388365 -16271125194308116 16271124679756764
120.59549430271902 -16914914550374740 16914914025742672
120.59549728155439 -17590861713320228 17590861178308274
120.59550026038976 -18300913654960644 18300913109257680
120.59550323922511 -19047156269671368 19047155712953704
120.59550621806048 -19831825819755380 19831825251686132
120.59550919689585 -20657321452642864 20657320872871272
120.59551217573122 -21526218900760000 21526218308920696
120.59551515456658 -22441285493529464 22441284889241712
120.59551813340195 -23405496620443828 23405496003310704
120.59552111223732 -24422053801666756 24422053171274284
120.59552409107269 -25494404544409176 25494403900325392
120.59552706990804 -26626264182458688 26626263524232668
120.59553004874341 -27821639921168392 27821639248329184
120.59553302757878 -29084857338427592 29084856650483100
120.59553600641415 -30420589624077944 30420588920513728
120.59553898524952 -31833889874284040 31833889154562028
120.59554196408489 -33330226802772632 33330226066329756
120.59554494292026 -34915524271673100 34915523517919820
120.59554792175562 -36596205102676768 36596204330995496
120.59555090059098 -38379239692179320 38379238901922752
120.59555387942635 -40272200015180920 40272199205670192
120.59555685826172 -42283319702713504 42283318873236272
120.59555983709708 -44421560954022800 44421560103831144
120.59556281593245 -46696689153153416 46696688281461584
