# serie phase 2 p7_w2.27_c1.05_dt2_k4 : t x1 x2 (dt2=1.1198441119223875e-05, depart t=17.904 etat bascule x1 x2 v1 v2 = 205.54086570453543 -191.82071216134437 3425.589606390588 -3357.4524474520099)
18.05853848744529 4132661.4247715054 -4132423.214828454
18.058549685886408 4161782.7619701885 -4161544.0736162378
18.058560884327527 4191183.3063542964 -4190944.1374221542
18.058572082768649 4220866.4479268091 -4220626.796233871
18.058583281209767 4250835.6265515909 -4250595.4898997936
18.058594479650885 4281094.3328153901 -4280853.7089910638
18.058605678092004 4311646.1089069694 -4311404.9956806852
18.058616876533126 4342494.5495137535 -4342252.9446401717
18.058628074974244 4373643.3027363997 -4373401.2039541146
18.058639273415363 4405096.0710216938 -4404853.4760530777
18.058650471856481 4436856.6121141799 -4436613.5186652262
18.058661670297603 4468928.7400269546 -4468685.1457871152
18.058672868738721 4501316.3260320574 -4501072.2286740812
18.05868406717984 4534023.2996709114 -4533778.6968506807
18.058695265620958 4567053.6497852718 -4566808.5391416345
18.058706464062077 4600411.4255691534 -4600165.8047237564
18.058717662503199 4634100.7376422193 -4633854.6041993359
18.058728860944317 4668125.7591451183 -4667879.1106914775
18.058740059385435 4702490.7268572925 -4702243.560961904
18.058751257826554 4737199.9423377598 -4736952.256551736
18.058762456267676 4772257.7730894247 -4772009.5649458012
18.058773654708794 4807668.6537474534 -4807419.9207610087
18.058784853149913 4843437.0872922782 -4843187.8269593483
18.058796051591031 4879567.6462878129 -4879317.856086107
18.058807250032153 4916064.9741454674 -4915814.6515338775
18.058818448473271 4952933.7864145655 -4952682.9288329761
18.05882964691439 4990178.8720998038 -4989927.4769688984
18.058840845355508 5027805.095006384 -5027553.1597274505
18.058852043796627 5065817.3951134672 -5065564.9170681965
18.058863242237749 5104220.7899766341 -5103967.7665269207
18.058874440678867 5143020.376160061 -5142766.8046477996
18.058885639119985 5182221.3306990881 -5181967.2084459681
18.058896837561104 5221828.9125939328 -5221574.2369012265
18.058908036002226 5261848.4643353 -5261593.2324836534
18.058919234443344 5302285.4134626463 -5302029.6227118615
18.058930432884463 5343145.2741559073 -5342888.9217447294
18.058941631325581 5384433.6488614827 -5384176.7320073768
18.058952829766699 5426156.2299533132 -5425898.7458522422
18.058964028207821 5468318.8014299218 -5468060.7472561179
18.05897522664894 5510927.2406482939 -5510668.6135540335
18.058986425090058 5553987.5200955048 -5553728.3172108736
18.058997623531177 5597505.7091989927 -5597245.9276316501
18.059008821972299 5641487.9761764836 -5641227.6130114254
18.059020020413417 5685940.5899265194 -5685679.6422258364
18.059031218854535 5730869.9219605969 -5730608.386763229
18.059042417295654 5776282.4483779548 -5776020.3226994434
18.059053615736776 5822184.7518840823 -5821922.0327163171
18.059064814177894 5868583.5238540424 -5868320.2081650076
18.059076012619013 5915485.5664417446 -5915221.6511752624
18.059087211060131 5962897.7947362941 -5962633.2768117581
18.059098409501249 6010827.2389666224 -6010562.1152787348
18.059109607942371 6059281.0467556529 -6059015.3141741548
18.05912080638349 6108266.4854252143 -6108000.1407946125
18.059132004824608 6157790.9443530152 -6157523.9844923057
18.059143203265727 6207861.9373830082 -6207594.3590853941
18.059154401706849 6258487.1052905191 -6258218.9053231273
18.059165600147967 6309674.2183035389 -6309405.3934071315
18.059176798589085 6361431.178681626 -6361161.7255703062
18.059187997030204 6413766.0233539287 -6413495.938714846
18.059199195471326 6466686.9266178375 -6466416.2071108846
18.059210393912444 6520202.2028998444 -6519930.8451573541
18.059221592353563 6574320.3095802376 -6574048.3102066712
18.059232790794681 6629049.8498833217 -6628777.2054549577
18.059243989235799 6684399.5758348489 -6684126.2828994608
18.059255187676921 6740378.3912884556 -6740104.4463649923
18.05926638611804 6796995.3550229166 -6796720.754601174
18.059277584559158 6854259.6839120686 -6853984.424452357
18.059288783000277 6912180.7561693806 -6911904.8341021864
18.059299981441399 6970768.1146691367 -6970491.5263947817
18.059311179882517 7030031.4703462683 -7029754.2122345623
18.059322378323635 7089980.7056769533 -7089702.7740668422
18.059333576764754 7150625.878242163 -7150347.2694413718
18.059344775205876 7211977.2243763702 -7211697.9346610392
18.059355973646994 7274045.1629037373 -7273765.1885180557
18.059367172088113 7336840.2989641679 -7336559.6361200009
18.059378370529231 7400373.4279316431 -7400092.0728081521
18.059389568970349 7464655.5394273819 -7464373.4881706405
18.059400767411471 7529697.8214304028 -7529415.0701530064
18.05941196585259 7595511.6644881945 -7595228.2092688652
18.059423164293708 7662108.6660302253 -7661824.5029134089
18.059434362734827 7729500.6347871376 -7729215.7597825974
18.059445561175949 7797699.5953185726 -7797414.0044009741
18.059456759617067 7866717.7926526293 -7866431.4817611203
18.059467958058185 7936567.6970400857 -7936280.6620778702
18.059479156499304 8007262.0088265855 -8006974.2456604885
18.059490354940422 8078813.663446133 -8078525.1679061633
18.059501553381544 8151235.8365392722 -8150946.6044181753
18.059512751822663 8224541.9491994753 -8224251.9762522783
18.059523950263781 8298745.673351421 -8298454.9552949741
18.059535148704899 8373860.9372648802 -8373569.4697773885
18.059546347146021 8449901.9312080834 -8449609.7099286318
18.05955754558714 8526883.1132445633 -8526590.133772634
18.059568744028258 8604819.2151776217 -8604525.4730726071
18.059579942469377 8683725.2486466151 -8683430.7394273188
18.059591140910499 8763616.511379471 -8763321.2305236012
18.059602339351617 8844508.5936060324 -8844212.5365496911
18.059613537792735 8926417.3846368305 -8926120.5467739906
18.059624736233854 9009359.0796121601 -9009061.456294138
18.059635934674972 9093350.1864264067 -9093051.7729613204
18.059647133116094 9178407.5328328405 -9178108.3244850673
18.059658331557213 9264548.2737341579 -9264248.2657237779
18.059669529998331 9351789.8986642174 -9351489.0861664489
18.059680728439449 9440150.2394667566 -9439848.6176113822
18.059691926880571 9529647.4781768937 -9529345.0420476794
18.05970312532169 9620300.1551115122 -9619996.8997456115
18.059714323762808 9712127.177174734 -9711823.0975620896
18.059725522203927 9805147.8263850473 -9804842.9174677804
18.059736720645049 9899381.7686306704 -9899076.0253024548
18.059747919086167 9994849.0626601744 -9994542.479765607
18.059759117527285 10091570.169315463 -10091262.741649423
18.059770315968404 10189565.961014505 -10189257.683321498
18.059781514409522 10288857.731491506 -10288548.598465003
18.059792712850644 10389467.205802381 -10389157.212084141
18.059803911291763 10491416.550603747 -10491105.690783132
18.059815109732881 10594728.384713911 -10594416.653327188
18.059826308173999 10699425.789964542 -10699113.181494173
18.059837506615121 10805532.322352173 -10805218.831226094
18.05984870505624 10913072.023498891 -10912757.644089777
18.059859903497358 11022069.432431856 -11021754.159056377
18.059871101938477 11132549.597691787 -11132233.424609846
18.059882300379599 11244538.089780722 -11244221.011194684
18.059893498820717 11358061.013959883 -11357743.024013789
18.059904697261835 11473145.0234088 -11472826.116187571
18.059915895702954 11589817.332757199 -11589497.502285818
18.059927094144072 11708105.732001618 -11707784.972244304
18.059938292585194 11828038.600819165 -11827716.905678535
18.059949491026313 11949644.923291231 -11949322.286607437
18.059960689467431 12072954.303050483 -12072630.718600348
18.059971887908549 12197996.978864871 -12197672.440360997
18.059983086349671 12324803.840672899 -12324478.341762766
18.05999428479079 12453406.446085021 -12453079.98035007
18.060005483231908 12583837.037366491 -12583509.598321183
18.060016681673027 12716128.558917638 -12715800.140008507
18.060027880114145 12850314.675267952 -12849985.269872636
18.060039078555267 12986429.789601078 -12986099.391027329
18.060050276996385 13124509.062828632 -13124177.664313314
18.060061475437504 13264588.433231009 -13264256.027939074
18.060072673878622 13406704.636684487 -13406371.217707932
18.060083872319744 13550895.22749432 -13550560.787851131
18.060095070760863 13697198.599854395 -13696863.132487459
18.060106269201981 13845654.009954827 -13845317.50773084
18.060117467643099 13996301.598759715 -13995964.054468052
18.060128666084221 14149182.415477874 -14148843.821829457
18.06013986452534 14304338.441750653 -14303998.791376781
18.060151062966458 14461812.616581518 -14461471.902032685
18.060162261407577 14621648.862033062 -14621307.075777749
18.060173459848695 14783892.109718427 -14783549.244141873
18.060184658289817 14948588.328114867 -14948244.375517813
18.060195856730935 15115784.550728319 -15115439.503325732
18.060207055172054 15285528.905139023 -15285182.755058795
18.060218253613172 15457870.6429595 -15457523.382241117
18.060229452054294 15632860.170737166 -15632511.79133036
18.060240650495412 15810549.081835533 -15810199.575598899
18.060251848936531 15990990.189328933 -15990639.548028529
18.060263047377649 16174237.559947295 -16173885.7752552
18.060274245818771 16360346.549109146 -16359993.612602005
18.06028544425989 16549373.837082103 -16549019.740239635
18.060296642701008 16741377.466312004 -16741022.200515483
18.060307841142127 16936416.879963525 -16936060.436494224
18.060319039583245 17134552.961717021 -17134195.33175464
18.060330238024367 17335848.076867588 -17335489.251488633
18.060341436465485 17540366.114774887 -17540006.084951032
18.060352634906604 17748172.532713979 -17747811.289310385
18.060363833347722 17959334.401179381 -17958971.934952978
18.060375031788844 18173920.450697113 -18173556.752294861
18.060386230229962 18392001.120201759 -18391636.180158857
18.060397428671081 18613648.607037563 -18613282.415775634
18.060408627112199 18838936.918645311 -18838569.466470543
18.060419825553321 19067941.92599934 -19067573.203100592
18.06043102399444 19300741.418862231 -19300371.41530909
18.060442222435558 19537415.162926912 -19537043.868667725
18.060453420876676 19778044.958919302 -19777672.363779154
18.060464619317795 20022714.703737725 -20022340.797416378
18.060475817758917 20271510.453708641 -20271135.225778434
18.060487016200035 20524520.490041543 -20524143.929945238
18.060498214641154 20781835.38657001 -20781457.483618598
18.060509413082272 21043548.079869479 -21043168.823239945
18.060520611523394 21309753.941845257 -21309373.320578281
18.060531809964512 21580550.854890574 -21580168.857888192
18.060543008405631 21856039.289717466 -21855655.905740682
18.060554206846749 22136322.385968011 -22135937.603634354
18.060565405287868 22421506.035718504 -22421119.84349953
18.06057660372899 22711698.96999418 -22711311.356212921
18.060587802170108 23007012.848417591 -23006623.801245939
18.060599000611226 23307562.352119863 -23307171.859575909
18.060610199052345 23613465.280048862 -23613073.329994168
18.060621397493467 23924842.648814607 -23924449.228951424
18.060632595934585 24241818.796219807 -24241423.894088212
18.060643794375704 24564521.488629851 -24564125.09160484
18.060654992816822 24893082.032343633 -24892684.127632134
18.060666191257944 25227635.389133532 -25227235.963771354
18.060677389699062 25568320.296131883 -25567919.336980596
18.060688588140181 25915279.390249841 -25914876.883993585
18.060699786581299 26268659.337322146 -26268255.270464357
18.060710985022418 26628610.966181509 -26628205.325041588
18.06072218346354 26995289.407875534 -26994882.178585406
18.060733381904658 27368854.240251195 -27368445.408751819
18.060744580345776 27749469.638140224 -27749059.190178003
18.060755778786895 28137304.529391397 -28136892.450514507
18.060766977228017 28532532.757008497 -28532119.03256312
18.060778175669135 28935333.247664671 -28934917.862791155
18.060789374110254 29345890.186877564 -29345473.126506466
18.060800572551372 29764393.201143447 -29763974.449991506
18.060811770992494 30191037.547344126 -30190617.08991012
18.060822969433612 30626024.309755467 -30625602.130315971
18.060834167874731 31069560.605003834 -31069136.687608875
18.060845366315849 31521859.795335036 -31521434.123803645
18.060856564756968 31983141.710576475 -31982714.268492118
18.06086776319809 32453632.879194867 -32453203.649900764
18.060878961639208 32933566.768873438 -32933135.735467777
18.060890160080326 33423184.037051685 -33422751.182382692
18.060901358521445 33922732.791896813 -33922298.098557718
18.060912556962567 34432468.864198849 -34432032.314522713
18.060923755403685 34952656.090708122 -34952217.666762523
18.060934953844804 35483566.609462634 -35483126.293044232
18.060946152285922 36025481.167678729 -36025038.940307669
18.060957350727044 36578689.442813516 -36578245.28572771
18.060968549168162 37143490.37743666 -37143044.271585904
18.060979747609281 37720192.528584614 -37719744.454624549
18.060990946050399 38309114.43230962 -38308664.370595522
18.061002144491518 38910584.984174602 -38910132.914755031
18.06101334293264 39524943.836481594 -39524489.739091858
18.061024541373758 40152541.813070662 -40152085.667126089
18.061035739814876 40793741.342572942 -40793283.127162009
18.061046938255995 41448916.911044665 -41448456.604921892
18.061058136697117 42118455.534969598 -42117993.116548277
18.061069335138235 42802757.255670644 -42802292.703015365
18.061080533579354 43502235.656227328 -43501768.94704628
18.061091732020472 44217318.402062684 -44216849.513699755
18.06110293046159 44948447.806430563 -44947976.715857215
18.061114128902712 45696081.422105037 -45695608.10591194
18.061125327343831 46460692.660648189 -46460217.095036626
18.061136525784949 47242771.440718494 -47242293.601491533
18.061147724226068 48042824.866961099 -48042344.72951448
18.06115892266719 48861377.941118278 -48860895.480431058
18.061170121108308 49698974.30710014 -49698489.497725055
18.061181319549426 50556177.031851925 -50555689.847905472
18.061192517990545 51433569.423974358 -51433079.839126579
18.061203716431667 52331755.892164469 -52331263.879628442
18.061214914872785 53251362.845678888 -53250868.378199898
18.061226113313904 54193039.63915424 -54192542.688998617
18.061237311755022 55157459.564265877 -55156960.103209503
18.06124851019614 56145320.890860111 -56144818.890176579
18.061259708637262 57157347.960364208 -57156843.390812606
18.061270907078381 58194292.33445368 -58193785.166266002
18.061282105519499 59256934.002151825 -59256424.205020003
18.061293303960618 60346082.648729131 -60345570.191791639
18.06130450240174 61462578.990002029 -61462063.84183009
18.061315700842858 62607296.175855845 -62606778.304439172
18.061326899283976 63781141.26707539 -63780620.6398075
18.061338097725095 64985056.789827466 -64984533.373490512
18.061349296166217 66220022.372430667 -66219496.133179761
18.061360494607335 67487056.469368726 -67486527.372715786
18.061371693048454 68787218.177822903 -68786686.188619912
18.061382891489572 70121609.152370512 -70121074.234792307
18.06139408993069 71491375.623867571 -71490837.741393998
18.061405288371812 72897710.528963536 -72897169.644361034
18.061416486812931 74341855.757126033 -74341311.83242856
18.061427685254049 75825104.522559389 -75824557.519048735
18.061438883695168 77348803.868898615 -77348253.747084066
18.06145008213629 78914357.315113619 -78913804.034710869
18.061461280577408 80523227.651682481 -80522671.171591818
18.061472479018526 82176939.896730125 -82176380.175013885
18.061483677459645 83877084.422534391 -83876521.416393608
18.061494875900767 85625320.263554692 -85624753.929304898
18.061506074341885 87423378.617967784 -87422808.911013946
18.061517272783004 89273066.55558078 -89272493.430391401
18.061528471224122 91176270.945935935 -91175694.356016114
18.06153966966524 93134962.621478304 -93134382.519341886
18.061550868106362 95151200.791787654 -95150617.128928319
18.061562066547481 97227137.726073638 -97226550.452934906
18.061573264988599 99365023.722498283 -99364432.788442463
18.061584463429718 101567212.38427632 -101566617.73755223
18.06159566187084 103836166.22408715 -103835567.81179661
18.061606860311958 106174462.6200618 -106173860.38812484
18.061618058753076 108584800.14841525 -108584194.04153404
18.061629257194195 111070005.31980714 -111069395.28142841
18.061640455635313 113633039.74870886 -113632425.72098495
18.061651654076435 116277007.78746402 -116276389.71121234
18.061662852517554 119005164.65926543 -119004542.47392626
18.061674050958672 121820925.12718049 -121820298.77077317
18.06168524939979 124727872.73942259 -124727242.14849988
18.061696447840912 127729769.69444075 -127729134.8040413
18.061707646282031 130830567.37311463 -130829928.11671355
18.061718844723149 134034417.58940786 -134033773.89886524
18.061730043164268 137345684.61523604 -137345036.42074323
18.06174124160539 140768958.0402112 -140768305.27023482
18.061752440046508 144309066.53226626 -144308409.11348993
18.061763638487626 147971092.5709739 -147970430.42823732
18.061774836928745 151760388.23182464 -151759721.28806016
18.061786035369863 155682592.106857 -155681920.28302327
18.061797233810985 159743647.45476437 -159742970.66977713
18.061808432252104 163949821.68226507 -163949139.85292479
18.061819630693222 168307727.2678903 -168307040.30880666
18.06183082913434 172824344.24984691 -172823652.07335967
18.061842027575462 177507044.411154 -177506346.92725039
18.061853226016581 182363617.30799896 -182362914.42422712
18.061864424457699 187402298.30131495 -187401589.92269343
18.061875622898818 192631798.76726183 -192631084.79618469
18.06188682133994 198061338.67960614 -198060619.01574352
18.061898019781058 203700681.77628097 -203699956.31647491
18.061909218222176 209560173.54373834 -209559442.1818935
18.061920416663295 215650782.27637497 -215650044.90334398
18.061931615104413 221984143.4948276 -221983399.9982906
18.061942813545535 228572608.03655714 -228571858.30089536
18.061954011986654 235429294.16480473 -235428538.07096761
18.061965210427772 242568144.07882965 -242567381.50419509
18.06197640886889 250003985.24954593 -250003216.06777334
18.061987607310012 257752597.05032107 -257751821.13119659
18.061998805751131 265830783.20470011 -265830000.41397375
18.062010004192249 274256450.63028353 -274255660.82949746
18.062021202633368 283048695.32313251 -283047898.36944002
18.062032401074489 292227896.00032741 -292227091.74630195
18.062043599515608 301815816.30051661 -301815004.59395015
18.062054797956726 311835716.43535841 -311834897.11904866
18.062065996397845 322312475.2895515 -322311648.20107675
18.062077194838963 333272724.08587939 -333271889.05736059
18.062088393280085 344744992.86649579 -344744149.72434455
18.062099591721203 356759871.19416821 -356759019.75882012
18.062110790162322 369350184.65029049 -369349324.73592252
18.06212198860344 382551188.90366209 -382550320.31789267
18.062133187044562 396400783.34929156 -396399905.89286244
18.062144385485681 410939746.57300431 -410938860.03944272
18.062155583926799 426211996.19042248 -426211100.36568189
18.062166782367918 442264875.94476634 -442263970.60684454
18.062177980809036 459149473.33464307 -459148558.25317532
18.062189179250158 476920971.48429489 -476920046.42012072
18.062200377691276 495639039.47969007 -495638104.18439102
18.062211576132395 515368265.98214674 -515367320.1975534
18.062222774573513 536178641.61012125 -536177685.06778622
18.062233973014635 558146096.36818409 -558145128.78881872
18.062245171455753 581353099.31522942 -581352120.40810108
18.062256369896872 605889328.72580433 -605888338.18809044
18.06226756833799 631852422.23638201 -631851419.75247729
18.062278766779112 659348817.91390359 -659347803.1546768
18.062289965220231 688494698.87755227 -688493671.499547
18.062301163661349 719417056.08422828 -719416015.72880375
18.062312362102467 752254886.22719622 -752253832.51960158
18.062323560543586 787160544.44627893 -787159476.99465477
18.062334758984708 824301274.80366671 -824300193.19796765
18.062345957425826 863860945.33183587 -863859849.14266598
18.062357155866945 906042019.03593898 -906040907.81329107
18.062368354308063 951067797.69521415 -951066670.96710372
18.062379552749185 999184981.8302685 -999183839.10125113
18.062390751190303 1050666598.0190423 -1050665438.7686026
18.062401949631422 1105815354.1434255 -1105814177.8242238
18.06241314807254 1164967494.4876478 -1164966300.5236084
18.062424346513662 1228497240.3336685 -1228496028.1178935
18.062435544954781 1296821918.3664372 -1296820687.2589247
18.062446743395899 1370407899.5020838 -1370406648.8272285
18.062457941837017 1449777495.6072581 -1449776224.6511092
18.062469140278136 1535516992.0919676 -1535515700.0992134
18.062480338719258 1628286031.9750085 -1628284718.1456561
18.062491537160376 1728828613.5853846 -1728827277.071095
18.062502735601495 1837986021.9879315 -1837984661.8879676
18.062513934042613 1956712086.5241301 -1956710701.8808649
18.062525132483735 2086091247.6600237 -2086089837.4539514
18.062536330924853 2227360030.7721891 -2227358593.9163704
18.062547529365972 2381932669.586194 -2381931204.9200563
18.06255872780709 2551431806.8779807 -2551430313.1603808
18.062569926248212 2737725436.9079256 -2737723912.8093653
18.062581124689331 2942971559.4179988 -2942970003.5118656
18.062592323130449 3169672411.1516762 -3169670821.9043584
18.062603521571567 3420740657.6147552 -3420739033.3744507
18.062614720012686 3699580607.1933999 -3699578946.1774049
18.062625918453808 4010188408.7837968 -4010186709.0640159
18.062637116894926 4357276393.1400576 -4357274652.6264296
18.062648315336045 4746428329.5868521 -4746426546.0083132
18.062659513777163 5184294554.3128271 -5184292725.1953573
18.062670712218285 5678838913.5450239 -5678837036.1862221
18.062681910659403 6239653588.8252268 -6239651660.2647219
18.062693109100522 6878363620.9402809 -6878361637.9251308
18.06270430754164 7609151052.9926405 -7609149011.936656
18.062715505982759 8449440161.1805601 -8449438058.1162119
18.062726704423881 9420801904.8279209 -9420799735.3491325
18.062737902864999 10550160080.952551 -10550157840.146208
18.062749101306117 11871417765.114523 -11871415447.47789
18.062760299747236 13427676931.659389 -13427674530.999775
18.062771498188358 15274307206.47455 -15274304715.786396
18.062782696629476 17483248982.799355 -17483246394.112301
18.062793895070595 20149141253.553391 -20149138557.742626
