# serie phase 2 p5_w2.80_c1.05_dt2_k2 : t x1 x2 (dt2=8.0080094523370541e-06, depart t=34.439999999999998 etat bascule x1 x2 v1 v2 = 41332.156669609001 -40958.385400637082 2125179.8666461362 -2117454.0767802903)
34.5013413524049 1009536087.8832955 -1009514746.092571
34.501349360414352 1018275216.9197738 -1018253801.4209898
34.501357368423804 1027112947.5057517 -1027091457.852262
34.501365376433256 1036050652.4578688 -1036029088.1991509
34.501373384442708 1045089727.34948 -1045068088.0310909
34.50138139245216 1054231590.9485941 -1054209876.1121259
34.501389400461612 1063477685.6654141 -1063455894.8484489
34.501397408471064 1072829478.0097182 -1072807610.7457824
34.501405416480516 1082288459.0583248 -1082266514.8768427
34.501413424489968 1091856144.9328828 -1091834123.3591299
34.50142143249942 1101534077.2882507 -1101511977.8433053
34.501429440508879 1111323823.8117321 -1111301646.0124278
34.501437448518331 1121226978.7334299 -1121204722.0923061
34.501445456527783 1131245163.3479965 -1131222827.3732486
34.501453464537235 1141380026.5480745 -1141357610.7435033
34.501461472546687 1151633245.3697164 -1151610749.2346773
34.501469480556139 1162006525.5500882 -1161983948.5794394
34.501477488565591 1172501602.0977657 -1172478943.7818151
34.501485496575043 1183120239.8759334 -1183097499.7003851
34.501493504584495 1193864234.198838 -1193841411.6447387
34.501501512593947 1204735411.4418125 -1204712505.9854958
34.501509520603399 1215735629.6652272 -1215712640.7782583
34.501517528612851 1226866779.2527244 -1226843706.4018438
34.501525536622303 1238130783.5640917 -1238107626.2111568
34.501533544631755 1249529599.6031716 -1249506357.2050991
34.501541552641207 1261065218.7011917 -1261041890.7098982
34.501549560650659 1272739667.2159009 -1272716253.0782435
34.501557568660111 1284555007.2469289 -1284531506.4046435
34.501565576669563 1296513337.3678017 -1296489749.2574415
34.501573584679015 1308616793.3750393 -1308593117.4279122
34.501581592688467 1320867549.0547807 -1320843784.6968856
34.501589600697919 1333267816.9674113 -1333243963.6193731
34.501597608707378 1345819849.2506509 -1345795906.3276556
34.50160561671683 1358525938.4415946 -1358501905.353322
34.501613624726282 1371388418.3182199 -1371364294.4687767
34.501621632735734 1384409664.7608631 -1384385449.5487139
34.501629640745186 1397592096.6342001 -1397567789.4520981
34.501637648754638 1410938176.6902864 -1410913776.9252019
34.50164565676409 1424450412.4932208 -1424425919.5262704
34.501653664773542 1438131357.3660131 -1438106770.5723865
34.501661672782994 1451983611.3602371 -1451958930.1091228
34.501669680792446 1466009822.2491117 -1465985045.9036219
34.501677688801898 1480212686.5446379 -1480187814.4617326
34.50168569681135 1494594950.539443 -1494569982.0698521
34.501693704820802 1509159411.3740017 -1509134345.8621464
34.501701712830254 1523908918.1299334 -1523883754.9138463
34.501709720839706 1538846372.9500926 -1538821111.3613367
34.501717728849158 1553974732.1861846 -1553949371.5497708
34.50172573685861 1569297007.5746737 -1569271547.2089767
34.501733744868062 1584816267.4417605 -1584790706.6584342
34.501741752877514 1600535637.9382496 -1600509976.0421402
34.501749760886966 1616458304.3051183 -1616432540.5941777
34.501757768896418 1632587512.17065 -1632561645.9358449
34.501765776905877 1648926568.8800316 -1648900599.4052541
34.501773784915329 1665478844.8583229 -1665452771.4202979
34.501781792924781 1682247775.0077236 -1682221596.8759158
34.501789800934233 1699236860.1401224 -1699210576.5766408
34.501797808943685 1716449668.4459193 -1716423278.705421
34.501805816953137 1733889837.0001652 -1733863340.3297565
34.501813824962589 1751561073.3070772 -1751534468.9462149
34.501821832972041 1769467156.8840206 -1769440444.0644102
34.501829840981493 1787611940.8860955 -1787585118.8315878
34.501837848990945 1805999353.7725186 -1805972421.6990054
34.501845857000397 1824633401.0159724 -1824606358.1312799
34.501853865009849 1843518166.8561821 -1843491012.3599634
34.501861873019301 1862657816.0990152 -1862630549.1826394
34.501869881028753 1882056595.9624162 -1882029215.8088567
34.501877889038205 1901718837.9705536 -1901691343.7542751
34.501885897047657 1921648959.8976064 -1921621350.7844484
34.501893905057109 1941851467.7626312 -1941823742.9096916
34.501901913066561 1962330957.8770125 -1962303116.4325271
34.501909921076013 1983092118.9460855 -1983064160.0493071
34.501917929085465 2004139734.2265155 -2004111657.0075901
34.501925937094917 2025478683.7411036 -2025450487.3209448
34.501933945104376 2047113946.5527399 -2047085630.042901
34.501941953113828 2069050603.099272 -2069022165.6018167
34.50194996112328 2091293837.59112 -2091265278.198489
34.501957969132732 2113848940.4735479 -2113820258.2684252
34.501965977142184 2136721310.9555454 -2136692505.0107217
34.501973985151636 2159916459.6073232 -2159887528.9855556
34.501981993161088 2183440011.0285444 -2183410954.7824168
34.50199000117054 2207297706.5894418 -2207268523.761219
34.501998009179992 2231495407.2470436 -2231466096.8685255
34.502006017189444 2256039096.4388494 -2256009657.5312214
34.502014025198896 2280934883.0563436 -2280905314.6300254
34.502022033208348 2306189004.5008216 -2306159305.5553126
34.5020300412178 2331807829.8240433 -2331777999.3477654
34.502038049227252 2357797862.9564319 -2357767899.926569
34.502046057236704 2384165746.0255308 -2384135649.407867
34.502054065246156 2410918262.7675352 -2410888031.5162883
34.502062073255608 2438062342.0348334 -2438031975.0924864
34.50207008126506 2465605061.4026327 -2465574557.6997619
34.502078089274512 2493553650.8777819 -2493523009.3328819
34.502086097283964 2521915496.7130923 -2521884716.232399
34.502094105293416 2550698145.3304205 -2550667224.8077283
34.502102113302875 2579909307.3561082 -2579878245.6725864
34.502110121312327 2609556861.7723694 -2609525657.7963738
34.502118129321779 2639648860.1883483 -2639617512.7752304
34.502126137331231 2670193531.2347274 -2670162039.2266388
34.502134145340683 2701199285.0858827 -2701167647.3115768
34.502142153350135 2732674718.1138039 -2732642933.3884335
34.502150161359587 2764628617.678062 -2764596684.8029733
34.502158169369039 2797069967.0563073 -2797037884.81883
34.502166177378491 2830007950.5198874 -2829975717.6931214
34.502174185387943 2863451958.559444 -2863419573.9020405
34.502182193397395 2897411593.2654266 -2897379055.5213675
34.502190201406847 2931896673.8687167 -2931863981.767087
34.502198209416299 2966917242.4466825 -2966884394.7014408
34.502206217425751 3002483569.8002658 -3002450565.1100092
34.502214225435203 3038606161.5078158 -3038572998.5555401
34.502222233444655 3075295764.1617012 -3075262441.6145573
34.502230241454107 3112563371.793797 -3112529888.3028421
34.502238249463559 3150420232.4963889 -3150386586.6963325
34.502246257473011 3188877855.2451539 -3188844045.7541003
34.502254265482463 3227948016.9310966 -3227914042.3502808
34.502262273491915 3267642769.6086564 -3267608628.5221753
34.502270281501374 3307974447.967494 -3307940138.9420323
34.502278289510826 3348955677.035675 -3348921198.6202264
34.502286297520278 3390599380.1223316 -3390564730.8479133
34.50229430552973 3432918787.0081615 -3432883965.3875241
34.502302313539182 3475927442.3924336 -3475892446.919764
34.502310321548634 3519639214.6056056 -3519604043.7562251
34.502318329558086 3564068304.5968642 -3564032956.8269205
34.502326337567538 3609229255.2063541 -3609193728.9525061
34.50233434557699 3655136960.7322574 -3655101254.4113536
34.502342353586442 3701806676.8032808 -3701770788.8120337
34.502350361595894 3749254030.5674715 -3749217959.2821212
34.502358369605346 3797495031.2087574 -3797458774.9847317
34.502366377614798 3846546080.8031082 -3846509637.9746737
34.50237438562425 3896423985.5266447 -3896387354.4065523
34.502382393633702 3947145967.228435 -3947109146.1075563
34.502390401643154 3998729675.3814607 -3998692662.5284185
34.502398409652606 4051193199.4255433 -4051155993.0863338
34.502406417662058 4104555081.5166593 -4104517679.9142642
34.50241442567151 4158834329.6978669 -4158796731.0318627
34.502422433680962 4214050431.5072803 -4214012633.9534326
34.502430441690414 4270223368.0396008 -4270185369.7494555
34.502438449699874 4327373628.4781227 -4327335427.5785847
34.502446457709326 4385522225.1148453 -4385483819.7077513
34.502454465718777 4444690708.8772955 -4444652097.0389757
34.502462473728229 4504901185.3810854 -4504862365.1619148
34.502470481737681 4566176331.5283833 -4566137300.9523258
34.502478489747133 4628539412.6732426 -4628500169.7373848
34.502486497756585 4692014300.3751421 -4691974843.0492144
34.502494505766037 4756625490.7638712 -4756585816.9897614
34.502502513775489 4822398123.5392389 -4822358231.2304926
34.502510521784941 4889358001.6303806 -4889317888.6716919
34.502518529794393 4957531611.5403414 -4957491275.7870331
34.502526537803845 5026946144.4026718 -5026905583.6801624
34.502534545813297 5097629517.7783289 -5097588729.881587
34.502542553822749 5169610398.2219791 -5169569380.9149685
34.502550561832201 5242918224.6484528 -5242876975.6635637
34.502558569841653 5317583232.5307827 -5317541749.5682487
34.502566577851105 5393636478.9635468 -5393594759.6908493
34.502574585860557 5471109868.6264353 -5471067910.6776943
34.502582593870009 5550036180.6839533 -5549993981.6593056
34.502590601879461 5630449096.6595936 -5630406654.1245546
34.502598609888913 5712383229.3240557 -5712340540.8088684
34.502606617898373 5795874152.6388531 -5795831215.6378193
34.502614625907825 5880958432.7989254 -5880915244.7697239
34.502622633917277 5967673660.4196548 -5967630218.7826424
34.502630641926729 6056058483.915554 -6056014786.0530491
34.502638649936181 6146152644.1203136 -6146108687.375864
34.502646657945633 6237997010.2003613 -6237952791.8779955
34.502654665955085 6331633616.9158707 -6331589134.2793283
34.502662673964537 6427105703.2865829 -6427060953.5585318
34.502670681973989 6524457752.721673 -6524412733.0829
34.502678689983441 6623735534.6761112 -6623690242.2646999
34.502686697992893 6724986147.8990993 -6724940579.8095846
34.502694706002345 6828258065.3426199 -6828212218.625123
34.502702714011797 6933601180.8022289 -6933555052.4615707
34.502710722021249 7041066857.3647785 -7041020444.3595705
34.502718730030701 7150707977.7424793 -7150661276.9841928
34.502726738040153 7262578996.5752535 -7262532004.9272661
34.502734746049605 7376735994.7886143 -7376688709.0652294
34.502742754059057 7493236736.0976706 -7493189153.063118
34.502750762068509 7612140725.7523813 -7612092842.1197863
34.502758770077961 7733509271.6244936 -7733461084.0548229
34.502766778087413 7857405547.7414455 -7857357052.8424282
34.502774786096872 7983894660.3767204 -7983845854.7017365
34.502782794106324 8113043716.812891 -8112994596.8598375
34.502790802115776 8244921896.8991518 -8244872459.109273
34.502798810125228 8379600527.5307465 -8379550768.2874365
34.50280681813468 8517153160.1853142 -8517103075.8128901
34.502814826144132 8657655651.6564026 -8657605238.4188423
34.502822834153584 8801186248.1332684 -8801135502.2329178
34.502830842163036 8947825672.7829704 -8947774590.3592167
34.502838850172488 9097657216.9981213 -9097605794.1260262
34.50284685818194 9250766835.4838753 -9250715068.1727753
34.502854866191392 9407243245.3662472 -9407191129.5583172
34.502862874200844 9567178029.5127811 -9567125561.0815563
34.502870882210296 9730665744.2667236 -9730612919.0155811
34.502878890219748 9897804031.8077049 -9897750845.4683094
34.5028868982292 10068693737.36157 -10068640185.59227
34.502894906238652 10243439031.495905 -10243385109.880083
34.502902914248104 10422147537.749846 -10422093241.794233
34.502910922257556 10604930465.859428 -10604875790.992365
34.502918930267008 10791902750.855001 -10791847692.424646
34.50292693827646 10983183198.321766 -10983127751.594261
34.502934946285912 11178894636.131392 -11178838796.288973
34.502942954295371 11379164072.969389 -11379107835.10844
34.502950962304823 11584122864.000296 -11584066223.129353
34.502958970314275 11793906884.032976 -11793849835.070665
34.502966978323727 12008656708.568932 -12008599246.341856
34.502974986333179 12228517803.137238 -12228459922.377798
34.502982994342631 12453640721.342308 -12453582416.686462
34.502991002352083 12684181312.077864 -12684122578.062815
34.502999010361535 12920300936.38393 -12920241767.445751
34.503007018370987 13162166694.452421 -13162107084.923611
34.503015026380439 13409951663.316278 -13409891607.423237
34.503023034389891 13663835145.787495 -13663774637.647928
34.503031042399343 13924002931.245693 -13923941964.86594
34.503039050408795 14190647568.91102 -14190586138.183292
34.503047058418247 14463968654.275494 -14463906752.975033
34.503055066427699 14744173129.406441 -14744110751.188597
34.503063074437151 15031475597.878239 -15031412736.275444
34.503071082446603 15326098655.135176 -15326035303.553833
34.503079090456055 15628273235.13905 -15628209386.856319
34.503087098465507 15938238974.204163 -15938174622.364655
34.503095106474959 16256244592.978977 -16256179730.591328
34.503103114484411 16582548297.596024 -16582482917.529371
34.50311112249387 16917418201.074188 -16917352296.054535
34.503119130503322 17261132766.123714 -17261066328.730164
34.503127138512774 17613981270.579594 -17613914293.240475
34.503135146522226 17976264296.767735 -17976196771.756592
34.503143154531678 18348294246.187702 -18348226165.61916
34.50315116254113 18730395880.992874 -18730327236.818356
34.503159170550582 19122906893.835522 -19122837677.838837
34.503167178560034 19526178507.754749 -19526108711.547527
34.503175186569486 19940576107.890125 -19940505722.907089
34.503183194578938 20366479906.924805 -20366408924.418896
34.50319120258839 20804285646.292389 -20804214057.329716
34.503199210597842 21254405335.307911 -21254333130.762531
34.503207218607294 21717268030.537853 -21717195201.086369
34.503215226616746 22193320657.880016 -22193247193.995983
34.503223234626198 22683028879.989983 -22682954771.938129
34.50323124263565 23186878011.874218 -23186803249.704449
34.503239250645102 23705373987.668167 -23705298561.209362
34.503247258654554 24239044381.825298 -24238968280.678886
34.503255266664006 24788439488.165306 -24788362701.698608
34.503263274673458 25354133460.484665 -25354055977.823997
34.50327128268291 25936725518.684898 -25936647328.708424
34.503279290692369 26536841224.666008 -26536762315.996319
34.503287298701821 27155133832.534874 -27155054193.531303
34.503295306711273 27792285718.016018 -27792205336.766674
34.503303314720725 28449009892.294735 -28448928756.608215
34.503311322730177 29126051605.924557 -29125969703.321373
34.503319330739629 29824190048.845814 -29824107366.549473
34.503327338749081 30544240153.007519 -30544156677.935268
34.503335346758533 31287054504.577377 -31286970223.330593
34.503343354767985 32053525373.262016 -32053440272.116215
34.503351362777437 32844586866.829132 -32844500931.723598
34.503359370786889 33661217219.540928 -33661130436.067917
34.503367378796341 34504441223.897873 -34504353577.291405
34.503375386805793 35375332815.816063 -35375244290.940239
34.503383394815245 36275017824.168449 -36274928405.505333
34.503391402824697 37204676896.475891 -37204586568.112877
34.503399410834149 38165548613.485184 -38165457359.10183
34.503407418843601 39158932806.411461 -39158840609.265793
34.503415426853053 40186194091.730789 -40186100934.645065
34.503423434862505 41248765639.608582 -41248671504.954407
34.503431442871957 42348153193.405495 -42348058063.088341
34.503439450881409 43485939359.154327 -43485843214.597366
34.503447458890868 44663788185.494408 -44663691007.621681
34.50345546690032 45883450056.243416 -45883351825.462257
34.503463474909772 47146766919.709503 -47146667615.892189
34.503471482919224 48455677880.936455 -48455577483.401047
34.503479490928676 49812225185.329857 -49812123672.820221
34.503487498938128 51218560624.56469 -51218457975.229568
34.50349550694758 52676952398.485779 -52676848589.856964
34.503503514957032 54189792469.655243 -54189687478.624741
34.503511522966484 55759604450.463684 -55759498253.259819
34.503519530975936 57389052066.424782 -57388944638.587204
34.503527538985388 59080948243.201202 -59080839559.554718
34.50353554699484 60838264869.299973 -60838154903.927162
34.503543555004292 62664143291.193199 -62664032017.405701
34.503551563013744 64561905602.984924 -64561792993.293358
34.503559571023196 66535066798.609879 -66534952824.692299
34.503567579032648 68587347861.073769 -68587232493.742599
34.5035755870421 70722689870.3647 -70722573079.532028
34.503583595051552 72945269219.658997 -72945150974.300095
34.503591603061004 75259514038.353104 -75259394306.468185
34.503599611070456 77670121930.071289 -77670000678.645294
34.503607619079908 80182079144.673843 -80181956339.63414
34.503615627089367 82800681315.462723 -82800556921.634659
34.503623635098819 85531555906.108109 -85531429887.168198
34.503631643108271 88380686526.735153 -88380558845.161835
34.503639651117723 91354439295.200928 -91354309912.222672
34.503647659127175 94459591438.232529 -94459460313.773163
34.503655667136627 97703362347.775299 -97703229440.396362
34.503663675146079 101093447330.98952 -101093312597.82942
34.503671683155531 104638054318.39447 -104637917715.10431
34.503679691164983 108345943823.6324 -108345805304.30815
34.503687699174435 112226472480.84999 -112226331997.96088
34.503695707183887 116289640522.29175 -116289498026.60449
34.503703715193339 120546143599.98244 -120545999040.48109
34.503711723202791 125007429401.54675 -125007282725.34792
34.503719731212243 129685759562.42178 -129685610714.68472
34.503727739221695 134594277435.72449 -134594126359.55589
34.503735747231147 139747082347.62817 -139746928983.98117
34.503743755240599 145159311041.37598 -145159155328.94293
34.503751763250051 150847227098.54224 -150847068973.6409
34.503759771259503 156828319223.15054 -156828158619.60312
34.503767779268955 163121409384.0968 -163121246233.10126
34.503775787278407 169746771936.87305 -169746606166.86627
34.503783795287866 176726264988.60736 -176726096525.11929
34.503791803297318 184083475432.83621 -184083304198.33447
34.50379981130677 191843879268.07501 -191843705181.79913
34.503807819316222 200035019026.53058 -200034842004.31509
34.503815827325674 208686700384.77393 -208686520338.85931
34.503823835335126 217831210309.53323 -217831027148.36392
34.503831843344578 227503559415.03198 -227503373043.03995
34.50383985135403 237741751582.61664 -237741561899.98984
34.503847859363482 248587084324.47446 -248586891226.90848
34.503855867372934 260084483871.55103 -260084287249.98267
34.503863875382386 272282879544.67719 -272282679284.99826
34.503871883391838 285235622641.11261 -285235418623.8623
34.50387989140129 299000955849.60034 -299000747949.63422
34.503887899410742 313642540120.14191 -313642328206.27521
34.503895907420194 329230046981.77704 -329229830916.40009
34.503903915429646 345839825554.03149 -345839605192.69458
34.503911923439098 363555654958.57776 -363555430149.54254
34.50391993144855 382469594569.24683 -382469365153.00073
34.503927939458002 402682946578.20392 -402682712386.93427
34.503935947467454 424307347757.52637 -424307108614.55017
34.503943955476906 447466010155.95123 -447465765875.09564
34.503951963486365 472295133866.06165 -472294884250.99072
34.503959971495817 498945519034.57819 -498945263878.05945
34.503967979505269 527584409133.39917 -527584148216.50421
34.503975987514721 558397603296.85962 -558397336388.09119
34.503983995524173 591591882492.22949 -591591609346.56702
34.503992003533625 627397802693.427 -627397523051.28125
34.504000011543077 666072918378.85864 -666072631964.92505
34.504008019552529 707905512007.65234 -707905218529.65173
34.504016027561981 753218920109.98792 -753218619257.27979
34.504024035571433 802376564988.24426 -802376256430.29895
34.504032043580885 855787823482.1189 -855787506866.82935
34.504040051590337 913914891918.76416 -913914566870.57825
34.504048059599789 977280840581.71484 -977280506699.56482
34.504056067609241 1046479093398.3383 -1046478750253.34
34.504064075618693 1122184621413.625 -1122184268546.5168
34.504072083628145 1205167204710.5015 -1205166841628.7866
34.504080091637597 1296307200543.1257 -1296306826717.8762
34.504088099647049 1396614360368.5615 -1396613975230.835
34.504096107656501 1507250371696.5735 -1507249974633.3867
34.504104115665953 1629555970546.7285 -1629555560896.5208
34.504112123675405 1765083688192.4092 -1765083265239.9153
34.504120131684864 1915637576930.7539 -1915637139901.1956
34.504128139694316 2083321624279.3481 -2083321172331.832
34.504136147703768 2270599040928.6538 -2270598573148.6445
34.50414415571322 2480365232955.6909 -2480364748346.4009
34.504152163722672 2716038096175.9517 -2716037593648.4575
34.504160171732124 2981670372160.6401 -2981669850522.4976
34.504168179741576 3282090284062.4116 -3282089742004.4834
34.504176187751028 3623078671568.9062 -3623078107650.0708
34.50418419576048 4011593572970.0723 -4011592985599.3848
34.504192203769932 4456056957661.7354 -4456056345077.5273
34.504200211779384 4966723530343.5596 -4966722890588.834
34.504208219788836 5556158845127.6934 -5556158176020.999
34.504216227798288 6239864345291.4111 -6239863644392.1875
34.50422423580774 7037101817141.7002 -7037101081708.79
34.504232243817192 7971991328579.6738 -7971990555521.3486
34.504240251826644 9074988433809.5 -9074987619622.8516
34.504248259836096 10384893666287.182 -10384892806984.084
34.504256267845548 11951618755153.586 -11951617846169.537
34.504264275855 13840043683404.961 -13840042719485.895
34.504272283864452 16135470051037.24 -16135469026097.68
34.504280291873904 18951448940652.512 -18951447847596.035
34.504288299883363 22441204344946.484 -22441203175435.965
