# serie phase 2 p4_w2.80_c1.20_dt2_k2 : t x1 x2 (dt2=9.3426776943932292e-06, depart t=10.056000000000001 etat bascule x1 x2 v1 v2 = -2775342.5827526031 2762917.4448665073 -176319350.01618227 175923928.81926894)
10.115232576582454 -262507111688.24435 262503282795.93475
10.115241919260148 -265267689917.92313 265263840945.69345
10.115251261937843 -268064651366.26566 268060782155.74298
10.115260604615537 -270898572981.22995 270894683372.37146
10.115269947293232 -273770042412.82471 273766132243.89563
10.115279289970925 -276679658240.58856 276675727348.13977
10.115288632648619 -279628030206.52362 279624078425.36877
10.115297975326314 -282615779453.62909 282611806616.82159
10.115307318004009 -285643538770.18469 285639544708.99414
10.115316660681703 -288711952839.93774 288707937383.82605
10.115326003359398 -291821678498.35443 291817641474.95148
10.115335346037092 -294973384995.09747 294969326230.17657
10.115344688714787 -298167754262.8985 298163673580.35126
10.115354031392481 -301405481192.99945 301401378414.8103
10.115363374070174 -304687273917.34314 304683148863.56348
10.115372716747869 -308013854097.69592 308009706586.41779
10.115382059425563 -311385957221.89056 311381787069.21985
10.115391402103258 -314804332907.38782 314800139927.41718
10.115400744780953 -318269745212.35492 318265529217.13611
10.115410087458647 -321782972954.47211 321778733753.98785
10.115419430136342 -325344810037.6778 325340547439.81335
10.115428772814036 -328956065787.0752 328951779597.58917
10.115438115491731 -332617565292.22479 332613255314.71979
10.115447458169424 -336330149759.05951 336325815794.95203
10.115456800847118 -340094676870.66083 340090318719.15082
10.115466143524813 -343912021157.14832 343907638615.18817
10.115475486202508 -347783074374.93524 347778667237.19824
10.115484828880202 -351708745895.61664 351704313954.46484
10.115494171557897 -355689963104.76202 355685506150.21375
10.115503514235591 -359727671810.89337 359723189630.58997
10.115512856913286 -363822836664.93951 363818329044.11163
10.115522199590981 -367976441590.4632 367971908311.89655
10.115531542268673 -372189490224.97351 372184931068.97388
10.115540884946368 -376463006372.63831 376458421116.99615
10.115550227624063 -380798034468.72607 380793422888.68042
10.115559570301757 -385195640056.11414 385191001924.31573
10.115568912979452 -389656910274.21533 389652245360.68939
10.115578255657146 -394182954360.68481 394178262432.79303
10.115587598334841 -398774904166.27441 398770184988.67627
10.115596941012535 -403433914683.21814 403429168017.83142
10.11560628369023 -408161164587.55383 408156390193.51477
10.115615626367923 -412957856795.78357 412953054429.40594
10.115624969045617 -417825219036.29559 417820388451.02948
10.115634311723312 -422764504435.9845 422759645382.3739
10.115643654401007 -427776992122.51843 427772104348.15839
10.115652997078701 -432863987842.72333 432859071092.21619
10.115662339756396 -438026824597.56323 438021878612.47424
10.11567168243409 -443266863294.20782 443261887813.01971
10.115681025111785 -448585493415.70844 448580488173.77551
10.11569036778948 -453984133708.8056 453979098438.30664
10.115699710467172 -459464232890.41479 459459167320.30536
10.115709053144867 -465027270373.36279 465022174229.3266
10.115718395822562 -470674757011.95209 470669630016.35144
10.115727738500256 -476408235867.96094 476403077739.78638
10.115737081177951 -482229282997.70001 482224093452.51898
10.115746423855645 -488139508260.77338 488134287010.67786
10.11575576653334 -494140556151.2113 494135302904.76465
10.115765109211035 -500234106651.66217 500228821113.84479
10.115774451888729 -506421876111.3609 506416557983.51508
10.115783794566422 -512705618148.60785 512700267128.38159
10.115793137244117 -519087124578.51599 519081740359.80554
10.115802479921811 -525568226366.82788 525562808639.71942
10.115811822599506 -532150794610.6106 532145343061.32086
10.1158211652772 -538836741546.67084 538831255857.48651
10.115830507954895 -545628021588.56543 545622501437.78137
10.11583985063259 -552526632393.1123 552521077454.96863
10.115849193310284 -559534615957.34363 559529025901.96167
10.115858535987979 -566654059746.85632 566648434240.17334
10.115867878665671 -573887097856.57788 573881436560.28052
10.115877221343366 -581235912204.95923 581230214776.41565
10.115886564021061 -588702733762.69763 588696999854.88843
10.115895906698755 -596289843817.08948 596284073078.53723
10.11590524937645 -603999575273.16309 603993767347.8606
10.115914592054144 -611834313992.77783 611828468520.11462
10.115923934731839 -619796500172.94202 619790616787.63025
10.115933277409534 -627888629764.61731 627882708096.61499
10.115942620087228 -636113255933.33606 636107295607.77002
10.115951962764921 -644472990563.01709 644466991200.10364
10.115961305442616 -652970505804.38403 652964467019.34839
10.11597064812031 -661608535669.47144 661602457072.46533
10.115979990798005 -670389877673.75171 670383758869.76953
10.115989333475699 -679317394527.46802 679311235116.26147
10.115998676153394 -688394015877.81116 688387815453.80151
10.116008018831089 -697622740103.64465 697616498255.83435
10.116017361508783 -707006636164.54858 707000352476.42981
10.116026704186478 -716548845506.00537 716542519555.46777
10.116036046864171 -726252584022.65698 726246215381.89307
10.116045389541865 -736121144081.57007 736114732316.97876
10.11605473221956 -746157896607.5708 746151441279.65894
10.116064074897254 -756366293232.7782 756359793896.0603
10.116073417574949 -766749868512.53076 766743324715.42639
10.116082760252644 -777312242209.98499 777305653494.71423
10.116092102930338 -788057121651.78455 788050487554.26123
10.116101445608033 -798988304157.24072 798981624206.9635
10.116110788285727 -810109679543.58972 810102953263.53076
10.11612013096342 -821425232709.98474 821418459616.4762
10.116129473641115 -832939046302.98376 832932225905.60193
10.116138816318809 -844655303466.3927 844648435267.83948
10.116148158996504 -856578290678.44702 856571374174.42908
10.116157501674198 -868712400679.42358 868705435358.52917
10.116166844351893 -881062135492.88953 881055120836.46216
10.116176187029588 -893632109543.93079 893625045025.94043
10.116185529707282 -906427052877.84399 906419937964.75586
10.116194872384977 -919451814482.89197 919444648633.53198
10.11620421506267 -932711365720.86255 932704148386.28015
10.116213557740364 -946210803869.35925 946203534492.6875
10.116222900418059 -959955355779.83447 959948033796.14636
10.116232243095753 -973950381655.63342 973943006491.79578
10.116241585773448 -988201378954.43469 988193950028.95862
10.116250928451143 -1002713986419.6132 1002706503142.5013
10.116260271128837 -1017493988245.3014 1017486450017.8915
10.116269613806532 -1032547318380.1139 1032539724594.9193
10.116278956484226 -1047880064974.6489 1047872415015.1954
10.116288299161919 -1063498474978.1368 1063490768218.7959
10.116297641839614 -1079408958889.8098 1079401194695.6276
10.116306984517308 -1095618095670.8369 1095610273397.3605
10.116316327195003 -1112132637822.811 1112124756815.9097
10.116325669872698 -1128959516639.1299 1128951576234.8125
10.116335012550392 -1146105847635.8586 1146097847160.0881
10.116344355228087 -1163578936168.8433 1163570874937.345
10.116353697905781 -1181386283244.2332 1181378160562.3003
10.116363040583476 -1199535591529.8752 1199527406692.1689
10.116372383261169 -1218034771575.2964 1218026523865.6416
10.116381725938863 -1236891948248.3376 1236883636939.5144
10.116391068616558 -1256115467396.885 1256107091750.4146
10.116400411294252 -1275713902744.4412 1275705462010.3672
10.116409753971947 -1295696063028.7314 1295687556445.3967
10.116419096649642 -1316070999392.8445 1316062426186.6609
10.116428439327336 -1336848013038.9387 1336839372424.1536
10.116437782005031 -1358036663154.8977 1358027954333.3533
10.116447124682725 -1379646775124.7439 1379637997285.6313
10.116456467360418 -1401688449034.2407 1401679601353.8491
10.116465810038113 -1424172068483.4438 1424163150124.9019
10.116475152715807 -1447108309718.5627 1447099319831.5752
10.116484495393502 -1470508151096.1008 1470499088816.6787
10.116493838071197 -1494382882892.637 1494373747342.8198
10.116503180748891 -1518744117474.4854 1518734907762.0583
10.116512523426586 -1543603799841.895 1543594515060.0981
10.11652186610428 -1568974218563.1448 1568964857790.3755
10.116531208781975 -1594868017114.6829 1594858579414.1914
10.116540551459668 -1621298205644.0046 1621288690063.5806
10.116549894137362 -1648278173173.0586 1648268578744.7117
10.116559236815057 -1675821700260.4553 1675812026000.0864
10.116568579492752 -1703942972141.6965 1703933217048.7615
10.116577922170446 -1732656592367.6655 1732646755424.8301
10.116587264848141 -1761977596962.4028 1761967677135.1892
10.116596607525835 -1791921469122.1843 1791911465358.6084
10.11660595020353 -1822504154479.0808 1822494065709.2803
10.116615292881225 -1853742076953.116 1853731902088.9685
10.116624635558917 -1885652155218.4409 1885641893153.1736
10.116633978236612 -1918251819810.0134 1918241469417.801
10.116643320914307 -1951559030898.5007 1951548591034.0544
10.116652663592001 -1985592296762.6294 1985581766260.7737
10.116662006269696 -2020370692989.5339 2020360070664.7734
10.11667134894739 -2055913882435.1448 2055903167081.2192
10.116680691625085 -2092242135978.1187 2092231326367.5466
10.116690034302779 -2129376354102.4727 2129365448986.0825
10.116699376980474 -2167338089345.9751 2167327087452.4236
10.116708719658167 -2206149569653.0186 2206138469688.2969
10.116718062335861 -2245833722672.6475 2245822523319.5742
10.116727405013556 -2286414201044.3931 2286402900962.0933
10.116736747691251 -2327915408716.7148 2327904006540.084
10.116746090368945 -2370362528345.1841 2370351022684.3389
10.11675543304664 -2413781549819.9668 2413769939259.6807
10.116764775724334 -2458199299974.2144 2458187583073.3364
10.116774118402029 -2503643473528.3975 2503631648819.2568
10.116783461079724 -2550142665327.5981 2550130731315.3911
10.116792803757416 -2597726403932.1245 2597714359094.2842
10.116802146435111 -2646425186625.0552 2646413029410.6045
10.116811489112806 -2696270515903.2119 2696258244732.0967
10.1168208317905 -2747294937521.9746 2747282550784.3809
10.116830174468195 -2799532080167.6587 2799519576223.3066
10.116839517145889 -2853016696835.0928 2853004074012.5142
10.116848859823584 -2907784707992.5278 2907771964588.3203
10.116858202501279 -2963873246619.6948 2963860380897.7559
10.116867545178973 -3021320705210.0093 3021307715400.748
10.116876887856666 -3080166784832.5454 3080153669132.0708
10.116886230534361 -3140452546354.6577 3140439302923.9438
10.116895573212055 -3202220463930.9854 3202207090895.0117
10.11690491588975 -3265514480871.3696 3265500976318.2358
10.116914258567444 -3330380068005.8247 3330366429985.8398
10.116923601245139 -3396864284670.8296 3396850511195.5732
10.116932943922833 -3465015842448.5391 3465001931489.895
10.116942286600528 -3534885171797.8198 3534871121286.981
10.116951629278223 -3606524491723.6182 3606510299550.061
10.116960971955915 -3679987882638.876 3679973546649.3027
10.11697031463361 -3755331362583.3013 3755316880580.5518
10.116979657311305 -3832612966970.9336 3832598336712.8618
10.116988999988999 -3911892832049.3403 3911878051247.6577
10.116998342666694 -3993233282263.418 3993218348582.5005
10.117007685344388 -4076698921727.541 4076683832783.1982
10.117017028022083 -4162356730021.9839 4162341483380.1904
10.117026370699778 -4250276162542.0908 4250260755717.6777
10.117035713377472 -4340529255641.5684 4340513686096.8716
10.117045056055165 -4433190736826.3584 4433175001969.8271
10.11705439873286 -4528338140269.2617 4528322237454.0186
10.117063741410554 -4626051927932.8477 4626035854455.2051
10.117073084088249 -4726415616604.959 4726399369702.8877
10.117082426765943 -4829515911168.877 4829499488020.4229
10.117091769443638 -4935442844449.4883 4935426242171.1377
10.117101112121333 -5044289923999.9463 5044273139644.9404
10.117110454799027 -5156154286211.1152 5156137316767.7041
10.117119797476722 -5271136858153.6543 5271119700543.2969
10.117129140154415 -5389342527585.8496 5389325178661.3506
10.117138482832109 -5510880321587.4365 5510862778131.0234
10.117147825509804 -5635863594308.2812 5635845853029.6133
10.117157168187498 -5764410224352.2295 5764392281886.3418
10.117166510865193 -5896642822347.8604 5896624675253.0342
10.117175853542888 -6032688949294.6768 6032670594050.2402
10.117185196220582 -6172681346309.1992 6172662779313.25
10.117194538898277 -6316758176436.0742 6316739394003.123
10.117203881575971 -6465063279232.4736 6465044277591.0059
10.117213224253664 -6617746438879.7305 6617727214169.6807
10.117222566931359 -6774963666625.791 6774944214895.9297
10.117231909609053 -6936877498414.9766 6936857815620.2012
10.117241252286748 -7103657308617.8008 7103637390616.334
10.117250594964442 -7275479640833.4746 7275459483383.9561
10.117259937642137 -7452528556804.748 7452508155563.2256
10.117269280319832 -7634996004552.418 7634975355069.2256
10.117278622997526 -7823082206914.7725 7823061304631.2949
10.117287965675221 -8016996071755.668 8016974912000.9854
10.117297308352914 -8216955625192.5049 8216934203179.915
10.117306651030608 -8423188469286.3545 8423166780109.7607
10.117315993708303 -8635932265742.0557 8635910304372.2207
10.117325336385997 -8855435247269.4277 8855413008550.0898
10.117334679063692 -9081956758373.7344 9081934237017.5645
10.117344021741387 -9315767827470.4004 9315745018054.8184
10.117353364419081 -9557151772352.4785 9557128669315.2949
10.117362707096776 -9806404841186.7266 9806381438821.625
10.11737204977447 -10063836891366.52 10063813183818.355
10.117381392452163 -10329772108725.312 10329748089985.229
10.117390735129858 -10604549769795.629 10604525433695.982
10.117400077807552 -10888525049989.562 10888500390198.639
10.117409420485247 -11182069880800.463 11182044890816.984
10.117418763162942 -11485573859354.826 11485548532502.242
10.117428105840636 -11799445213882.686 11799419543303.225
10.117437448518331 -12124111828955.246 12124085807603.723
10.117446791196025 -12460022334632.76 12459995955270.131
10.11745613387372 -12807647263977.576 12807620519164.221
10.117465476551413 -13167480283736.809 13167453165825.543
10.117474819229107 -13540039503362.545 13540012004491.326
10.117484161906802 -13925868867955.898 13925840980040.225
10.117493504584496 -14325539641156.488 14325511355881.479
10.117502847262191 -14739651984474.332 14739623293286.457
10.117512189939886 -15168836640084.826 15168807534183.285
10.11752153261758 -15613756724674.492 15613727195002.217
10.117530875295275 -16075109642536.133 16075079679770.389
10.117540217972969 -16553629126788.309 16553598721330.879
10.117549560650662 -17050087418329.43 17050056560296.371
10.117558903328357 -17565297592928.711 17565266272139.635
10.117568246006051 -18100116047724.391 18100084253691.27
10.117577588683746 -18655445159359.039 18655412881274.496
10.117586931361441 -19232236127017.043 19232203353742.102
10.117596274039135 -19831492014774.574 19831458734825.848
10.11760561671683 -20454271008888.656 20454237210424.93
10.117614959394524 -21101689907043.688 21101655577851.867
10.117624302072219 -21774927858067.07 21774892985547.477
10.117633644749912 -22475230372224.301 22475194943375.246
10.117642987427606 -23203913624044.102 23203877625445.73
10.117652330105301 -23962369071570.281 23962332489367.617
10.117661672782996 -24752068418103.215 24752031237988.387
10.11767101546069 -25574568944886.238 25574531152079.824
10.117680358138385 -26431519245801.133 26431480825032.566
10.117689700816079 -27324665398028.516 27324626333515.516
10.117699043493774 -28255857605832.836 28255817881259.793
10.117708386171469 -29227057358096.211 29227016956591.461
10.117717728849161 -30240345144148.992 30240304048260.934
10.117727071526856 -31297928776679.969 31297886968351.926
10.11773641420455 -32402152375265.691 32402109835809.453
10.117745756882245 -33555506069349.5 33555462779417.477
10.11775509955994 -34760636485199.242 34760592424755.121
10.117764442237634 -36020358087886.336 36020313236174.156
10.117773784915329 -37337665456454.758 37337619791966.328
10.117783127593023 -38715746578364.602 38715700078805.078
10.117792470270718 -40157997258158.508 40157949900410.133
10.117801812948411 -41668036745011.148 41667988505094.906
10.117811155626105 -43249724694866.547 43249675547901.688
10.1178204983038 -44907179595080.391 44907129515241.633
10.117829840981495 -46644798792849.922 46644747753322.219
10.117839183659189 -48467280284213.648 48467228257144.297
10.117848526336884 -50379646437213.016 50379593393660.984
10.117857869014578 -52387269841854.109 52387215751736.352
10.117867211692273 -54495901500923.523 54495846332958.094
10.117876554369968 -56711701599456.625 56711645321102.344
10.11788589704766 -59041273117774.422 59041215695166.875
10.117895239725355 -61491698582993.289 61491639980876.875
10.11790458240305 -64070580288032.188 64070520469687.945
10.117913925080744 -66786084345493.945 66786023272662.836
10.117923267758439 -69646988986975.617 69646926619776.906
10.117932610436133 -72662737567371.203 72662673864215.641
10.117941953113828 -75843496789036.594 75843431706533.922
10.117951295791523 -79200220723097.469 79200154215957.859
10.117960638469217 -82744721276489.766 82744653297418.719
10.11796998114691 -86489745834121.859 86489676333708.062
10.117979323824605 -90449062896840.094 90448991823435.672
10.117988666502299 -94637556640736.469 94637483940328.922
10.117998009179994 -99071331442815.328 99071257058890.719
10.118007351857688 -103767827553634.84 103767751427031.25
10.118016694535383 -108745949253577.38 108745871322327.95
10.118026037213077 -114026207008246.72 114026127207411.52
10.118035379890772 -119630875342296.53 119630793603781.98
10.118044722568467 -125584168387028.89 125584084639394.08
10.118054065246159 -131912435327839.47 131912349496087.83
10.118063407923854 -138644378289651.16 138644290295006.52
10.118072750601549 -145811295559692 145811205319357.44
10.118082093279243 -153447353463856.69 153447260890754.69
10.118091435956938 -161589890696861.66 161589795699353.88
10.118100778634632 -170279759468377.91 170279661949962.59
10.118110121312327 -179561708481118.03 179561608340103.09
10.118119463990022 -189484813518742.19 189484710647891.44
10.118128806667716 -200102962311302.41 200102856597452.59
10.118138149345409 -211475401387981.47 211475292711626.97
10.118147492023104 -223667353849571.38 223667242084413.59
10.118156834700798 -236750718428398.22 236750603440856
10.118166177378493 -250804861894844.19 250804743543521.22
10.118175520056187 -265917518868806.47 265917397003911.31
10.118184862733882 -282185815458227 282185689920940.62
10.118194205411577 -299717435950160.5 299717306571945.81
10.118203548089271 -318631955117914.06 318631821719761.06
10.118212890766966 -339062362681488.62 339062225073088.06
10.118222233444659 -361156811214325.19 361156669193162.88
10.118231576122353 -385080624486952.56 385080477837314.94
10.118240918800048 -411018610084806.69 411018458576687.75
10.118250261477742 -439177728396798.25 439177571784695.88
10.118259604155437 -469790180051251 469790018072839.56
10.118268946833131 -503116985978729.5 503116818353393.75
10.118278289510826 -539452149007269.69 539451975434482.62
10.118287632188521 -579127503865116.62 579127324022641.5
10.118296974866215 -622518384479656.25 622518198021550
10.118306317543908 -670050264517791.38 670050071072184.25
10.118315660221603 -722206560450753.75 722206359617373.75
10.118325002899297 -779537827733251.5 779537619080660.25
10.118334345576992 -842672632046671.25 842672415109170.5
10.118343688254686 -912330441535751.12 912330215809913.5
10.118353030932381 -989336966282890.5 989336731223659.62
10.118362373610076 -1074642472229140.4 1074642227245437.2
10.11837171628777 -1169343724420678.2 1169343468870439.2
10.118381058965465 -1274710376637304 1274710109821862.8
10.118390401643158 -1392216831396053.8 1392216552553763.5
10.118399744320852 -1523580859784761 1523580568083734.8
10.118409086998547 -1670810613018454.8 1670810307548277
10.118418429676241 -1836262101615065.8 1836261781377303.2
10.118427772353936 -2022709797033455.8 2022709460930758
10.118437115031631 -2233433770631696 2233433417455234.5
10.118446457709325 -2472327788161766.5 2472327416576711
10.11845580038702 -2744034111793103 2744033720321765.5
10.118465143064714 -3054112547254696.5 3054112134256897
10.118474485742407 -3409253680708624.5 3409253244358724.5
10.118483828420102 -3817549521406984.5 3817549059666915
10.118493171097796 -4288839247036781.5 4288838757624221
10.118502513775491 -4835153938150868 4835153418501525
10.118511856453186 -5471292818745424 5471292265968108
10.11852119913088 -6215575662937495 6215575073760316
10.118530541808575 -7090833294423698 7090832665129279
10.118539884486269 -8125722913724616 8125722240071610
10.118549227163964 -9356491045311200 9356490322438612
10.118558569841657 -10829359943212264 10829359165522012
10.118567912519351 -12603792352162642 12603791513174372
10.118577255197046 -14757008972222590 14757008064392756
10.11858659787474 -17390316219304044 17390315233798590
10.118595940552435 -20638087411895672 20638086338301780
10.11860528323013 -24680693322412368 24680692148369360
10.118614625907824 -29763409495935100 29763408206656736
10.118623968585519 -36224533613993808 36224532191642784
