# serie phase 2 p5_w1.73_c1.05_dt2s2_k2 : t x1 x2 (dt2=5.9576707335399159e-06, depart t=26.634 etat bascule x1 x2 v1 v2 = 37565.146812540552 -37345.358914594173 1298925.2372673866 -1295876.7375935011)
26.725271515637832 867210645.1408689 -867198381.93126094
26.725277473308566 870886089.29233444 -870873805.31914163
26.725283430979299 874581810.00206041 -874569505.20368135
26.725289388650033 878297945.12091303 -878285619.43548477
26.725295346320767 882034633.61408472 -882022286.97948134
26.7253013039915 885792015.57153821 -885779647.9253695
26.725307261662234 889570232.21856129 -889557843.49817145
26.725313219332968 893369425.92643392 -893357016.06889987
26.725319177003701 897189740.22320902 -897177309.16533875
26.725325134674435 901031319.80460966 -901018867.48294103
26.725331092345169 904894310.54504335 -904881836.89584255
26.725337050015902 908778859.50873315 -908766364.46799314
26.725343007686636 912685114.96096921 -912672598.46440804
26.725348965357369 916613226.3794812 -916600688.3625406
26.725354923028103 920563344.4659338 -920550784.86377788
26.725360880698837 924535621.1575458 -924523039.90505898
26.72536683836957 928530209.63883424 -928517606.67062008
26.725372796040304 932547264.35348642 -932534639.60386586
26.725378753711038 936586941.01636016 -936574294.41937006
26.725384711381768 940649396.62561405 -940636728.11500549
26.725390669052501 944734789.47496891 -944722098.98420572
26.725396626723235 948843279.16610336 -948830566.62836027
26.725402584393969 952975026.62118375 -952962291.96934485
26.725408542064702 957130194.09553146 -957117437.26218867
26.725414499735436 961308945.19042814 -961296166.10787952
26.72542045740617 965511444.8660605 -965498643.46630836
26.725426415076903 969737859.45460653 -969725035.66935599
26.725432372747637 973988356.67346644 -973975510.43412364
26.72543833041837 978263105.63863742 -978250236.87630796
26.725444288089104 982562276.87823582 -982549385.52372277
26.725450245759838 986886042.34616828 -986873128.3299706
26.725456203430571 991234575.43595397 -991221638.68826485
26.725462161101305 995608050.99469852 -995595091.44540358
26.725468118772039 1000006645.3372214 -999993662.91589677
26.725474076442772 1004430536.2603412 -1004417530.896252
26.725480034113506 1008879903.0573184 -1008866874.679417
26.72548599178424 1013354926.5324585 -1013341875.0693822
26.725491949454973 1017855789.0158771 -1017842714.3959467
26.725497907125707 1022382674.3784294 -1022369576.5296475
26.72550386479644 1026935768.0468059 -1026922646.8968546
26.725509822467174 1031515257.0187957 -1031502112.4950355
26.725515780137908 1036121329.8787217 -1036108161.9081889
26.725521737808641 1040754176.8130457 -1040740985.3224509
26.725527695479375 1045413989.6261507 -1045400774.5418764
26.725533653150109 1050100961.7562999 -1050087723.0043994
26.725539610820842 1054815288.2917737 -1054802025.7979686
26.725545568491576 1059557165.9871883 -1059543879.6768669
26.72555152616231 1064326793.279999 -1064313483.0782139
26.725557483833043 1069124370.3071883 -1069111036.1386549
26.725563441503777 1073950098.9221413 -1073936740.7112358
26.72556939917451 1078804182.7117152 -1078790800.382472
26.725575356845244 1083686827.013499 -1083673420.4896095
26.725581314515978 1088598238.9332702 -1088584808.1380804
26.725587272186711 1093538627.3626473 -1093525172.2191556
26.725593229857445 1098508202.9969456 -1098494723.4278014
26.725599187528179 1103507178.3532352 -1103493674.2807357
26.725605145198909 1108535767.7886038 -1108522239.1346929
26.725611102869642 1113594187.5186317 -1113580634.2048979
26.725617060540376 1118682655.6360724 -1118669077.583746
26.72562301821111 1123801392.1297483 -1123787789.2596998
26.725628975881843 1128950618.9036653 -1128936991.1364031
26.725634933552577 1134130559.7963459 -1134116907.0520144
26.725640891223311 1139341440.6003826 -1139327762.7987592
26.725646848894044 1144583489.0822165 -1144569786.1427107
26.725652806564778 1149856935.0021465 -1149843206.8437965
26.725658764235511 1155162010.1345665 -1155148256.6760378
26.725664721906245 1160498948.2884383 -1160485169.4480209
26.725670679576979 1165867985.3279974 -1165854181.0236042
26.725676637247712 1171269359.1937037 -1171255529.3428671
26.725682594918446 1176703309.9234309 -1176689454.4433019
26.72568855258918 1182170079.6739068 -1182156198.4812515
26.725694510259913 1187669912.7423995 -1187656005.7535977
26.725700467930647 1193203055.5886559 -1193189122.7196984
26.725706425601381 1198769756.8570969 -1198755798.0235829
26.725712383272114 1204370267.399272 -1204356282.5164068
26.725718340942848 1210004840.2965772 -1209990829.2791703
26.725724298613581 1215673730.8832393 -1215659693.6457014
26.725730256284315 1221377196.7695658 -1221363133.2259068
26.725736213955049 1227115497.8654728 -1227101407.9292989
26.725742171625782 1232888896.4042864 -1232874779.9887981
26.725748129296516 1238697656.9668279 -1238683513.9848175
26.72575408696725 1244542046.5057778 -1244527876.8696265
26.725760044637983 1250422334.370333 -1250408137.9920082
26.725766002308717 1256338792.3311527 -1256324569.1222062
26.725771959979451 1262291694.6056035 -1262277444.4771688
26.725777917650184 1268281317.8832986 -1268267040.746088
26.725783875320918 1274307941.3519409 -1274293637.1162429
26.725789832991651 1280371846.7234766 -1280357515.2991536
26.725795790662385 1286473318.260561 -1286458959.5570462
26.725801748333119 1292612642.8033357 -1292598256.7296307
26.725807706003852 1298790109.7965298 -1298775696.2612023
26.725813663674586 1305006011.3168833 -1304991570.2280638
26.72581962134532 1311260642.1009007 -1311246173.3662798
26.72582557901605 1317554299.5729358 -1317539803.0997622
26.725831536686783 1323887283.8736153 -1323872759.568692
26.725837494357517 1330259897.8886023 -1330245345.6582847
26.725843452028251 1336672447.2777092 -1336657867.0279016
26.725849409698984 1343125240.5043619 -1343110632.1405153
26.725855367369718 1349618588.8654168 -1349603952.2925258
26.725861325040452 1356152806.5213416 -1356138141.6439412
26.725867282711185 1362728210.5267613 -1362713517.2489243
26.725873240381919 1369345120.861377 -1369330399.0867114
26.725879198052652 1376003860.4612563 -1375989110.0929019
26.725885155723386 1382704755.2505047 -1382689976.1911302
26.72589111339412 1389448134.1733301 -1389433326.3251302
26.725897071064853 1396234329.2264931 -1396219492.4911857
26.725903028735587 1403063675.4921522 -1403048809.7709749
26.725908986406321 1409936511.1711166 -1409921616.3648241
26.725914944077054 1416853177.6165032 -1416838253.6253641
26.725920901747788 1423814019.3678095 -1423799066.0916028
26.725926859418522 1430819384.1854036 -1430804401.5234163
26.725932817089255 1437869623.085439 -1437854610.9364624
26.725938774759989 1444965090.3752012 -1444950048.6375282
26.725944732430722 1452106143.6888905 -1452091072.2603116
26.725950690101456 1459293144.0238471 -1459278042.8016481
26.72595664777219 1466526455.7772255 -1466511324.6581836
26.725962605442923 1473806446.7831266 -1473791285.6635072
26.725968563113657 1481133488.3501885 -1481118297.1257424
26.725974520784391 1488507955.2996433 -1488492733.8656027
26.725980478455124 1495930226.0038524 -1495914974.2549281
26.725986436125858 1503400682.4253209 -1503385400.2556987
26.725992393796592 1510919710.1561992 -1510904397.4595363
26.725998351467325 1518487698.4582813 -1518472355.1277032
26.726004309138059 1526105040.3035028 -1526089666.2315996
26.726010266808792 1533772132.4149468 -1533756727.4937696
26.726016224479526 1541489375.3083699 -1541473939.4294279
26.72602218215026 1549257173.3342478 -1549241706.3885038
26.726028139820993 1557075934.7203522 -1557060436.5982199
26.726034097491727 1564946071.6148655 -1564930542.2062054
26.726040055162461 1572868000.1300411 -1572852439.324157
26.726046012833191 1580842140.3864172 -1580826548.0720525
26.726051970503924 1588868916.5575914 -1588853292.6229255
26.726057928174658 1596948756.9155684 -1596933101.2482131
26.726063885845392 1605082093.8766768 -1605066406.3636723
26.726069843516125 1613269364.0480773 -1613253644.5758884
26.726075801186859 1621511008.2748647 -1621495256.7293768
26.726081758857593 1629807471.687773 -1629791687.9542887
26.726087716528326 1638159203.7514911 -1638143387.7147264
26.72609367419906 1646566658.3135962 -1646550809.8576763
26.726099631869793 1655030293.6541171 -1655014412.6625721
26.726105589540527 1663550572.5357356 -1663534658.8914971
26.726111547211261 1672127962.254636 -1672112015.8400333
26.726117504881994 1680762934.6920094 -1680746955.3887646
26.726123462552728 1689455966.3662238 -1689439954.0554483
26.726129420223462 1698207538.4856746 -1698191493.0478649
26.726135377894195 1707018137.0023148 -1707002058.3173485
26.726141335564929 1715888252.6658819 -1715872140.613013
26.726147293235663 1724818381.0788324 -1724802235.5366881
26.726153250906396 1733809022.7519898 -1733792843.5985653
26.72615920857713 1742860683.1609182 -1742844470.2735727
26.726165166247863 1751973872.8030355 -1751957626.0584877
26.726171123918597 1761149107.2554774 -1761132826.5298016
26.726177081589331 1770386907.2337153 -1770370592.4023368
26.726183039260064 1779687798.6509418 -1779671449.5886326
26.726188996930798 1789052312.6782405 -1789035929.2591145
26.726194954601532 1798480985.8055494 -1798464567.9030581
26.726200912272265 1807974359.9034302 -1807957907.3903582
26.726206869942999 1817532982.2856498 -1817516495.0341101
26.726212827613733 1827157405.772594 -1827140883.6540236
26.726218785284466 1836848188.7555208 -1836831631.640676
26.7262247429552 1846605895.261662 -1846589303.0206134
26.726230700625933 1856431095.0202007 -1856414467.5223286
26.726236658296667 1866324363.5291219 -1866307700.6431119
26.726242615967401 1876286282.1229544 -1876269583.7167921
26.726248573638134 1886317438.0414183 -1886300703.9823849
26.726254531308868 1896418424.4989946 -1896401654.6536613
26.726260488979602 1906589840.7554262 -1906573034.98965
26.726266446650332 1916832292.1871648 -1916815450.3660831
26.726272404321065 1927146390.3597786 -1927129512.3478045
26.726278361991799 1937532753.1013389 -1937515838.7621555
26.726284319662533 1947992004.5767927 -1947975053.773349
26.726290277333266 1958524775.3633423 -1958507787.9578471
26.726296235004 1969131702.526844 -1969114678.3807611
26.726302192674734 1979813429.6992476 -1979796368.6732905
26.726308150345467 1990570607.1570854 -1990553509.111212
26.726314108016201 2001403891.9010279 -2001386756.6944351
26.726320065686934 2012313947.7365243 -2012296775.2276428
26.726326023357668 2023301445.355546 -2023284235.4020348
26.726331981028402 2034367062.4194436 -2034349814.8781843
26.726337938699135 2045511483.6429405 -2045494198.3700323
26.726343896369869 2056735400.8792794 -2056718077.7300332
26.726349854040603 2068039513.2065349 -2068022152.0354671
26.726355811711336 2079424527.0151217 -2079407127.6759498
26.72636176938207 2090891156.0965054 -2090873718.4421411
26.726367727052804 2102440121.7331367 -2102422645.6156807
26.726373684723537 2114072152.7896295 -2114054638.0603657
26.726379642394271 2125787985.805203 -2125770432.3145926
26.726385600065004 2137588365.0874085 -2137570772.6850839
26.726391557735738 2149474042.8071537 -2149456411.3419123
26.726397515406472 2161445779.0950556 -2161428108.4148545
26.726403473077205 2173504342.1391392 -2173486632.0910883
26.726409430747939 2185650508.2838912 -2185632758.7142477
26.726415388418673 2197885062.1307135 -2197867272.8848753
26.726421346089406 2210208796.6397743 -2210190967.562274
26.72642730376014 2222622513.2332869 -2222604644.1677852
26.726433261430874 2235127021.9002571 -2235109112.6895366
26.726439219101607 2247723141.3026919 -2247705191.7886505
26.726445176772341 2260411698.8833146 -2260393708.9069595
26.726451134443074 2273193530.9747972 -2273175500.3762379
26.726457092113808 2286069482.9105453 -2286051411.5289874
26.726463049784542 2299040409.1370411 -2299022296.8107791
26.726469007455275 2312107173.3277965 -2312089019.894208
26.726474965126009 2325270648.49893 -2325252453.7944679
26.726480922796739 2338531717.1263742 -2338513480.9865599
26.726486880467473 2351891271.2647815 -2351872993.524199
26.726492838138206 2365350212.6681104 -2365331893.1603985
26.72649879580894 2378909452.911943 -2378891091.4697881
26.726504753479674 2392569913.5175767 -2392551509.9727063
26.726510711150407 2406332526.0778866 -2406314080.2610621
26.726516668821141 2420198232.3849936 -2420179744.1260033
26.726522626491874 2434167984.5597715 -2434149453.6874223
26.726528584162608 2448242745.183249 -2448224171.5253592
26.726534541833342 2462423487.4299116 -2462404870.8133049
26.726540499504075 2476711195.2029195 -2476692535.4534159
26.726546457174809 2491106863.271287 -2491088160.213696
26.726552414845543 2505611497.4090896 -2505592750.8672023
26.726558372516276 2520226114.5366788 -2520207324.3332605
26.72656433018701 2534951742.8639588 -2534932908.8207412
26.726570287857744 2549789422.0357566 -2549770543.9734292
26.726576245528477 2564740203.2793436 -2564721281.0175467
26.726582203199211 2579805149.5541091 -2579786182.9114251
26.726588160869944 2594985335.7034359 -2594966324.4973822
26.726594118540678 2610281848.6088109 -2610262792.6558309
26.726600076211412 2625695787.346211 -2625676686.4616661
26.726606033882145 2641228263.3448071 -2641209117.342968
26.726611991552879 2656880400.5480275 -2656861209.2420664
26.726617949223613 2672653335.5770016 -2672634098.7789841
26.726623906894346 2688548217.8964171 -2688528935.4172926
26.72662986456508 2704566209.9828768 -2704546881.6324701
26.726635822235814 2720708487.4957561 -2720689113.0827594
26.726641779906547 2736976239.4506168 -2736956818.7825799
26.726647737577281 2753370668.3952169 -2753351201.2785392
26.726653695248014 2769892990.58816 -2769873476.8280811
26.726659652918748 2786544436.1802201 -2786524875.5808115
26.726665610589482 2803326249.3984056 -2803306641.7625604
26.726671568260215 2820239688.7327957 -2820220033.8622198
26.726677525930949 2837286027.126215 -2837266324.8214183
26.726683483601683 2854466552.16676 -2854446802.227047
26.726689441272416 2871782566.2832475 -2871762768.5067062
26.72669539894315 2889235386.9436426 -2889215541.1271372
26.72670135661388 2906826346.8565121 -2906806452.7956715
26.726707314284614 2924556794.1755323 -2924536851.664742
26.726713271955347 2942428092.7071276 -2942408101.5395184
26.726719229626081 2960441622.1212821 -2960421582.0887203
26.726725187296815 2978598778.1656017 -2978578689.0586801
26.726731144967548 2996900972.8826542 -2996880834.4906802
26.726737102638282 3015349634.8306499 -3015329446.9416375
26.726743060309015 3033946209.3075247 -3033925971.7081819
26.726749017979749 3052692158.5784893 -3052671871.0542092
26.726754975650483 3071588962.1071033 -3071568624.4419537
26.726760933321216 3090638116.7899122 -3090617728.7666225
26.72676689099195 3109841137.1947479 -3109820698.5947013
26.726772848662684 3129199555.802752 -3129179066.405973
26.726778806333417 3148714923.2541385 -3148694382.839282
26.726784764004151 3168388808.5978127 -3168368216.9421539
26.726790721674885 3188222799.5448875 -3188202156.4243093
26.726796679345618 3208218502.7261939 -3208197807.9151769
26.726802637016352 3228377543.953814 -3228356797.2254238
26.726808594687085 3248701568.4867358 -3248680769.6126122
26.726814552357819 3269192241.3007188 -3269171390.0510635
26.726820510028553 3289851247.3624053 -3289830343.5059714
26.726826467699286 3310680291.9077706 -3310659335.2118497
26.72683242537002 3331681100.7249732 -3331660090.9553828
26.726838383040754 3352855420.4417353 -3352834357.3628082
26.726844340711487 3374205018.8172717 -3374183902.1918426
26.726850298382221 3395731685.0388737 -3395710514.6282673
26.726856256052955 3417437230.0232553 -3417416005.5872731
26.726862213723688 3439323486.7226996 -3439302208.0196085
26.726868171394422 3461392310.436132 -3461370977.2226496
26.726874129065155 3483645579.1251893 -3483624191.1564732
26.726880086735889 3506085193.735374 -3506063750.765007
26.726886044406623 3528713078.5223794 -3528691580.3023582
26.726892002077356 3551531181.3837175 -3551509627.6644368
26.72689795974809 3574541474.1956987 -3574519864.7259398
26.726903917418824 3597745953.1558895 -3597724287.682806
26.726909875089557 3621146639.1311374 -3621124917.4002414
26.726915832760291 3644745578.0112557 -3644723799.7664042
26.726921790431021 3668544841.0684948 -3668523006.0518751
26.726927748101755 3692546525.3228865 -3692524633.275003
26.726933705772488 3716752753.913588 -3716730804.573247
26.726939663443222 3741165676.4762993 -3741143669.5805945
26.726945621113956 3765787469.526917 -3765765404.8112159
26.726951578784689 3790620336.8514962 -3790598214.0494246
26.726957536455423 3815666509.9026527 -3815644328.7460794
26.726963494126156 3840928248.2025342 -3840906008.4215565
26.72696945179689 3866407839.7524819 -3866385541.0754104
26.726975409467624 3892107601.4494786 -3892085243.6028214
26.726981367138357 3918029879.5095396 -3918007462.2179871
26.726987324809091 3944177049.8981781 -3944154572.8845868
26.726993282479825 3970551518.7680469 -3970528981.7534237
26.726999240150558 3997155722.9039383 -3997133125.6074243
26.727005197821292 4023992130.1752448 -4023969472.3140998
26.727011155492026 4051063239.9960046 -4051040521.2855897
26.727017113162759 4078371583.7927222 -4078348803.9464841
26.727023070833493 4105919725.4800777 -4105896884.2095308
26.727029028504226 4133710261.9446921 -4133687358.9594021
26.72703498617496 4161745823.5371246 -4161722858.544692
26.727040943845694 4190029074.5721731 -4190006047.2782149
26.727046901516427 4218562713.8377252 -4218539623.945858
26.727052859187161 4247349475.112278 -4247326322.3240995
26.727058816857895 4276392127.6913228 -4276368911.7063951
26.727064774528628 4305693476.9227276 -4305670197.4385576
26.727070732199362 4335256364.7513285 -4335233021.4633522
26.727076689870096 4365083670.2728415 -4365060262.874402
26.727082647540829 4395178310.2973471 -4395154838.4796782
26.727088605211563 4425543239.9225883 -4425519703.374795
26.727094562882296 4456181453.117094 -4456157851.5261326
26.72710052055303 4487095983.3134012 -4487072316.3640614
26.727106478223764 4518289904.0116892 -4518266171.3865747
26.727112435894497 4549766329.3938189 -4549742530.7733259
26.727118393565231 4581528414.9481211 -4581504550.0104208
26.727124351235965 4613579358.105134 -4613555426.5261488
26.727130308906698 4645922398.8844843 -4645898400.3378706
26.727136266577432 4678560820.5531292 -4678536754.7102547
26.727142224248162 4711497950.2951813 -4711473816.8251066
26.727148181918896 4744737159.8935061 -4744712958.4629612
26.727154139589629 4778281866.4233646 -4778257596.6967278
26.727160097260363 4812135532.9584541 -4812111194.5977306
26.727166054931097 4846301669.2893953 -4846277261.9541969
26.72717201260183 4880783832.6549778 -4880759356.0024986
26.727177970272564 4915585628.4864845 -4915561082.1714802
26.727183927943297 4950710711.1652689 -4950686094.8400326
26.727189885614031 4986162784.7939482 -4986138098.1082878
26.727195843284765 5021945603.9814625 -5021920846.5826797
26.727201800955498 5058062974.6421404 -5058038146.1750059
26.727207758626232 5094518754.809206 -5094493854.9159336
26.727213716296966 5131316855.4630156 -5131291883.7832422
26.727219673967699 5168461241.3742828 -5168436197.545042
26.727225631638433 5205955931.9625111 -5205930815.6182098
26.727231589309167 5243805002.1701021 -5243779812.9424934
26.7272375469799 5282012583.3523645 -5281987320.8705254
26.727243504650634 5320582864.1837959 -5320557528.0740995
26.727249462321367 5359520091.5809546 -5359494681.4670467
26.727255419992101 5398828571.6422081 -5398803087.1449795
26.727261377662835 5438512670.604763 -5438487111.3423252
26.727267335333568 5478576815.8193102 -5478551181.4069662
26.727273293004302 5519025496.7426748 -5518999786.7928944
26.727279250675036 5559863265.9488583 -5559837480.07125
26.727285208345769 5601094740.1587963 -5601068877.9600792
26.727291166016503 5642724601.2892551 -5642698662.3732328
26.727297123687237 5684757597.5212221 -5684731581.4887533
26.72730308135797 5727198544.3882837 -5727172450.8372536
26.727309039028704 5770052325.8853378 -5770026154.4106293
26.727314996699437 5813323895.5981369 -5813297645.7916021
26.727320954370171 5857018277.8540096 -5856991949.3044395
26.727326912040905 5901140568.8942537 -5901114161.1873474
26.727332869711638 5945695938.0687084 -5945669450.7870455
26.727338827382372 5990689629.0529022 -5990663061.7759104
26.727344785053106 6036126961.0881968 -6036100313.3921204
26.727350742723839 6082013330.2456493 -6081986601.7035198
26.727356700394573 6128354210.7138138 -6128327400.8954153
26.727362658065303 6175155156.1112194 -6175128264.5830584
26.727368615736037 6222421800.8239584 -6222394827.149231
26.72737457340677 6270159861.3689137 -6270132805.1074734
26.727380531077504 6318375137.7831087 -6318347998.4914312
26.727386488748238 6367073515.0399113 -6367046292.2710629
26.727392446418971 6416260964.4925938 -6416233657.796195
26.727398404089705 6465943545.3458147 -6465916154.2680063
26.727404361760438 6516127406.1556807 -6516099930.23909
26.727410319431172 6566818786.3589888 -6566791225.1426926
26.727416277101906 6618024017.8322439 -6617996370.8517351
26.727422234772639 6669749526.4810934 -6669721793.2682409
26.727428192443373 6722001833.8609161 -6721974013.9439306
26.727434150114107 6774787558.8293791 -6774759651.7327757
26.72744010778484 6828113419.2312784 -6828085424.4758368
26.727446065455574 6881986233.6167612 -6881958150.7194901
26.727452023126308 6936412922.9935608 -6936384751.467658
26.727457980797041 6991400512.6137838 -6991372251.9685965
26.727463938467775 7046956133.796339 -7046927783.5373259
26.727469896138508 7103087025.7856026 -7103058585.4142923
26.727475853809242 7159800537.6471272 -7159772006.6610775
26.727481811479976 7217104130.2014036 -7217075508.094161
26.727487769150709 7275005377.9963245 -7274976664.2573824
26.727493726821443 7333511971.3192959 -7333483165.4340506
26.727499684492177 7392631718.249979 -7392602819.6996889
26.72750564216291 7452372546.7544632 -7452343555.0162058
26.727511599833644 7512742506.821806 -7512713421.368432
26.727517557504378 7573749772.6439695 -7573720592.9440594
26.727523515175111 7635402644.8401918 -7635373370.3580093
26.727529472845845 7697709552.7266979 -7697680182.9221478
26.727535430516578 7760679056.6327848 -7760649590.9613638
26.727541388187312 7824319850.2643394 -7824290288.1770897
26.727547345858046 7888640763.1160793 -7888611104.0595417
26.727553303528779 7953650762.9334078 -7953621006.3495722
26.727559261199513 8019358958.2251158 -8019329103.5513744
26.727565218870247 8085774600.8281641 -8085744647.497262
26.72757117654098 8152907088.5256119 -8152877035.9655943
26.727577134211714 8220765967.7190638 -8220735815.3532286
26.727583091882444 8289360936.1568413 -8289330683.4036856
26.727589049553178 8358701845.7192564 -8358671491.9924259
26.727595007223911 8428798705.2622452 -8428768249.97048
26.727600964894645 8499661683.52075 -8499631126.067832
26.727606922565379 8571301112.073369 -8571270451.8580685
26.727612880236112 8643727488.3694401 -8643696724.7854595
26.727618837906846 8716951478.8203545 -8716920611.2562714
26.727624795577579 8790983921.9566803 -8790952949.7958927
26.727630753248313 8865835831.6523132 -8865804754.2729836
26.727636710919047 8941518400.4174881 -8941487217.1924858
26.72764266858978 9018043002.7618923 -9018011713.0587292
26.727648626260514 9095421198.6304359 -9095389801.8112144
26.727654583931248 9173664736.9127007 -9173633232.3340473
26.727660541601981 9252785559.0280914 -9252753946.0410995
26.727666499272715 9332795802.5884361 -9332764080.5386028
26.727672456943449 9413707805.1399269 -9413675973.3670883
26.727678414614182 9495534107.986372 -9495502165.8246422
26.727684372284916 9578287460.0959892 -9578255406.8736897
26.727690329955649 9661980822.0935478 -9661948657.133152
26.727696287626383 9746627370.3395805 -9746595092.9576397
26.727702245297117 9832240501.0991135 -9832208110.6061897
26.72770820296785 9918833834.8027496 -9918801330.5033512
26.727714160638584 10006421220.401518 -10006388601.594027
26.727720118309318 10095016739.817987 -10094984005.79459
26.727726075980051 10184634712.496281 -10184601862.542896
26.727732033650785 10275289700.053358 -10275256733.449568
26.727737991321519 10366996511.034067 -10366963427.05304
26.727743948992252 10459770205.772343 -10459737003.680758
26.727749906662986 10553626101.362015 -10553592780.419991
26.727755864333719 10648579776.738968 -10648546336.199984
26.727761822004453 10744647077.878004 -10744613516.988823
26.727767779675187 10841844123.107313 -10841810441.107903
26.72777373734592 10940187308.543331 -10940153504.66678
26.727779695016654 11039693313.64938 -11039659387.121824
26.727785652687388 11140379106.921185 -11140345056.961721
26.727791610358121 11242261951.701813 -11242227777.522415
26.727797568028855 11345359412.130213 -11345325112.93565
26.727803525699585 11449689359.226631 -11449654934.214378
26.727809483370319 11555269977.118067 -11555235425.478218
26.727815441041052 11662119769.407957 -11662085090.323137
26.727821398711786 11770257565.693552 -11770222758.338831
26.727827356382519 11879702528.234259 -11879667591.777054
26.727833314053253 11990474158.775915 -11990439092.375904
26.727839271723987 12102592305.534607 -12102557108.343632
26.72784522939472 12216077170.343897 -12216041841.505869
26.727851187065454 12330949315.96998 -12330913854.620781
26.727857144736188 12447229673.599796 -12447194078.867184
26.727863102406921 12564939550.506035 -12564903821.509542
26.727869060077655 12684100637.893444 -12684064773.744276
26.727875017748389 12804735018.932199 -12804699018.733133
26.727880975419122 12926865176.982531 -12926829039.827808
26.727886933089856 13050514004.016281 -13050477728.991508
26.727892890760589 13175704809.240135 -13175668395.422171
26.727898848431323 13302461327.926176 -13302424774.383022
26.727904806102057 13430807730.45577 -13430771036.246464
26.72791076377279 13560768631.582096 -13560731795.756592
26.727916721443524 13692369099.917683 -13692332121.516747
26.727922679114258 13825634667.652224 -13825597545.70731
26.727928636784991 13960591340.507998 -13960554074.041134
26.727934594455725 14097265607.938745 -14097228195.962414
26.727940552126459 14235684453.578882 -14235646895.095898
26.727946509797192 14375875365.949881 -14375837659.953266
26.727952467467926 14517866349.431202 -14517828494.904062
26.727958425138659 14661685935.503082 -14661647931.41848
26.727964382809393 14807363194.268499 -14807325039.589323
26.727970340480127 14954927746.261702 -14954889439.940535
26.72797629815086 15104409774.552483 -15104371315.531471
26.727982255821594 15255840037.153387 -15255801424.364105
26.727988213492328 15409249879.738724 -15409211112.10203
26.727994171163061 15564671248.6847 -15564632325.110603
26.728000128833795 15722136704.439617 -15722097623.827133
26.728006086504529 15881679435.232397 -15881640196.4694
26.728012044175262 16043333271.130499 -16043293873.09358
26.728018001845996 16207132698.456841 -16207093140.011156
26.728023959516726 16373112874.575228 -16373073154.574347
26.72802991718746 16541309643.055813 -16541269760.341562
26.728035874858193 16711759549.231571 -16711719502.633881
26.728041832528927 16884499856.156322 -16884459644.493065
26.72804779019966 17059568560.976524 -17059528183.053354
26.728053747870394 17237004411.728794 -17236963866.338982
26.728059705541128 17416846924.575253 -17416806210.499516
26.728065663211861 17599136401.490543 -17599095517.496883
26.728071620882595 17783913948.41222 -17783872893.255737
26.728077578553329 17971221493.869301 -17971180266.29203
26.728083536224062 18161101808.103626 -18161060406.834347
26.728089493894796 18353598522.697666 -18353556946.451733
26.72809545156553 18548756150.723408 -18548714398.202553
26.728101409236263 18746620107.428543 -18746578177.320694
26.728107366906997 18947236731.477406 -18947194622.456497
26.72811332457773 19150653306.761147 -19150611017.486923
26.728119282248464 19356918084.794128 -19356875613.911942
26.728125239919198 19566080307.716576 -19566037653.857189
26.728131197589931 19778190231.921032 -19778147393.700413
26.728137155260665 19993299152.320072 -19993256128.339184
26.728143112931399 20211459427.276566 -20211416216.121155
26.728149070602132 20432724504.216118 -20432681104.456501
26.728155028272866 20657148945.942875 -20657105356.133713
26.7281609859436 20884788457.680805 -20884744676.360889
26.728166943614333 21115699914.861572 -21115655940.553585
26.728172901285067 21349941391.682896 -21349897222.893188
26.7281788589558 21587572190.463692 -21587527825.682049
26.728184816626534 21828652871.815933 -21828608309.515327
26.728190774297268 22073245285.662243 -22073200524.298592
26.728196731968001 22321412603.127167 -22321367641.139088
26.728202689638735 22573219349.32666 -22573174185.135216
26.728208647309469 22828731437.085533 -22828686069.093979
26.728214604980202 23088016201.611206 -23087970628.204716
26.728220562650936 23351142436.156166 -23351096655.70158
26.72822652032167 23618180428.700672 -23618134439.546207
26.728232477992403 23889201999.68771 -23889155800.162704
26.728238435663137 24164280540.843727 -24164234129.258339
26.728244393333867 24443491055.120705 -24443444429.76564
26.728250351004601 24726910197.796158 -24726863356.942371
26.728256308675334 25014616318.768024 -25014569260.66642
26.728262266346068 25306689506.085468 -25306642228.966599
26.728268224016801 25603211630.754349 -25603164132.82811
26.728274181687535 25904266392.858139 -25904218672.313446
26.728280139358269 26209939369.042061 -26209891424.046535
26.728286097029002 26520318061.402416 -26520269890.102062
26.728292054699736 26835491947.825481 -26835443548.344341
26.72829801237047 27155552533.83046 -27155503904.270283
26.728303970041203 27480593405.964142 -27480544544.404037
26.728309927711937 27810710286.797104 -27810661191.29319
26.728315885382671 28146001091.577179 -28145951760.16222
26.728321843053404 28486565986.599674 -28486516417.282715
26.728327800724138 28832507449.347347 -28832457640.113346
26.728333758394871 29183930330.462662 -29183880279.272106
26.728339716065605 29540941917.615517 -29540891622.404034
26.728345673736339 29903652001.332844 -29903601460.010807
26.728351631407072 30272172942.854683 -30272122153.306808
26.728357589077806 30646619744.089108 -30646568704.174042
26.72836354674854 31027110119.738556 -31027058827.28846
26.728369504419273 31413764571.674343 -31413713024.494461
26.728375462090007 31806706465.634315 -31806654661.502544
26.728381419760741 32206062110.329899 -32206010046.996338
26.728387377431474 32611960839.044464 -32611908514.230961
26.728393335102208 33024535093.814129 -33024482505.213821
26.728399292772941 33443920512.279503 -33443867657.556343
26.728405250443675 33870256017.306007 -33870202894.094284
26.728411208114409 34303683909.470695 -34303630515.374538
26.728417165785142 34744349962.519775 -34744296295.112656
26.728423123455876 35192403521.902168 -35192349578.726379
26.72842908112661 35647997606.495033 -35647943385.06118
26.728435038797343 36111289013.632256 -36111234511.418709
26.728440996468077 36582438427.563126 -36582383642.015488
26.728446954138811 37061610531.454979 -37061555459.985519
26.728452911809544 37548974123.082306 -37548918763.069412
26.728458869480278 38044702234.332344 -38044646583.119919
26.728464827151008 38548972254.670059 -38548916309.56694
26.728470784821742 39061966058.715088 -39061909816.994446
26.728476742492475 39583870138.074982 -39583813596.973694
26.728482700163209 40114875737.601036 -40114818894.319069
26.728488657833942 40655178996.233925 -40655121847.93367
26.728494615504676 41204981092.610847 -41204923636.416481
26.72850057317541 41764488395.61869 -41764430628.615501
26.728506530846143 42333912620.068924 -42333854539.30262
26.728512488516877 42913470987.708298 -42913412590.184303
26.728518446187611 43503386393.76049 -43503327676.443245
26.728524403858344 44103887579.214951 -44103828539.027153
26.728530361529078 44715209309.083862 -44715149942.905739
26.728536319199812 45337592556.865593 -45337532861.534126
26.728542276870545 45971284695.453812 -45971224667.761955
26.728548234541279 46616539694.741241 -46616479331.437119
26.728554192212012 47273618326.192345 -47273557623.978439
26.728560149882746 47942788374.654076 -47942727330.186394
26.72856610755348 48624324857.688171 -48624263467.575378
26.728572065224213 49318510252.735962 -49318448513.538521
26.728578022894947 50025634732.424629 -50025572640.653893
26.728583980565681 50745996408.343506 -50745933960.4608
26.728589938236414 51479901583.639748 -51479838776.05545
26.728595895907148 52227665014.781593 -52227601843.854164
26.728601853577882 52989610182.865753 -52989546644.900757
26.728607811248615 53766069574.871292 -53766005666.120392
26.728613768919349 54557384975.257332 -54557320691.917274
26.728619726590082 55363907768.331871 -55363843106.543411
26.728625684260816 56185999251.854057 -56185934207.700905
26.72863164193155 57024030962.334862 -57023965531.842575
26.728637599602283 57878385012.505547 -57878319191.640411
26.728643557273017 58749454441.485771 -58749388226.153625
26.728649514943751 59637643578.195107 -59637576964.240173
26.728655472614484 60543368418.561066 -60543301401.764748
26.728661430285218 61467057017.11232 -61466989593.191933
26.728667387955952 62409149893.574043 -62409082058.181572
26.728673345626685 63370100455.122314 -63370032203.843102
26.728679303297419 64350375434.956573 -64350306763.307991
26.728685260968149 65350455347.911331 -65350386251.3414
26.728691218638883 66370834963.865158 -66370765437.751152
26.728697176309616 67412023799.711868 -67411953839.358894
26.72870313398035 68474546630.70536 -68474476231.344864
26.728709091651083 69558944022.057236 -69558873178.845505
26.728715049321817 70665772881.685654 -70665701589.702255
26.728721006992551 71795607035.046616 -71795535289.292847
26.728726964663284 72949037823.060104 -72948965618.457306
26.728732922334018 74126674724.174225 -74126602055.56218
26.728738880004752 75329146001.644287 -75329072863.779449
26.728744837675485 76557099377.174957 -76557025764.728729
26.728750795346219 77811202732.177902 -77811128639.734802
26.728756753016953 79092144837.897995 -79092070259.953857
26.728762710687686 80400636115.70517 -80400561046.665192
26.72876866835842 81737409428.997208 -81737333863.174042
26.728774626029153 83103220908.192474 -83103144839.804214
26.728780583699887 84498850810.332947 -84498774233.501068
26.728786541370621 85925104414.987793 -85925027323.735031
26.728792499041354 87382812958.155472 -87382735346.403687
26.728798456712088 88872834605.947784 -88872756467.515717
26.728804414382822 90396055470.018906 -90395976798.619888
26.728810372053555 91953390666.73233 -91953311455.971924
26.728816329724289 93545785422.166885 -93545705665.540512
26.728822287395023 95174216225.219284 -95174135916.109711
26.728828245065756 96839692031.141647 -96839611162.816452
26.72883420273649 98543255518.000061 -98543174083.609024
26.728840160407223 100285984398.6898 -100285902391.26218
26.728846118077957 102068992791.26244 -102068910203.70419
26.728852075748691 103893432650.51402 -103893349475.60501
26.728858033419424 105760495263.86607 -105760411494.25706
26.728863991090158 107671412814.83356 -107671328443.04327
26.728869948760892 109627460017.48404 -109627375035.89601
26.728875906431625 111629955825.49586 -111629870226.35526
26.728881864102359 113680265219.7592 -113680178995.16953
26.728887821773093 115779801078.46577 -115779714220.3855
26.728893779443826 117930026134.03925 -117929938634.27832
26.728899737114556 120132455021.42831 -120132366871.64456
26.72890569478529 122388656422.58717 -122388567614.28265
26.728911652456024 124700255312.19118 -124700165836.70833
26.728917610126757 127068935309.98114 -127068845158.49887
26.728923567797491 129496441145.47563 -129496350309.00529
26.728929525468224 131984581241.05954 -131984489710.44078
26.728935483138958 134535230419.86267 -134535138185.75911
26.728941440809692 137150332745.23918 -137150239798.134
26.728947398480425 139831904499.03043 -139831810829.2218
26.728953356151159 142582037306.29605 -142581942903.89249
26.728959313821893 145402901414.52374 -145402806269.43924
26.728965271492626 148296749135.94699 -148296653237.89594
26.72897122916336 151265918462.24466 -151265821800.73676
26.728977186834094 154312836861.33289 -154312739425.66779
26.728983144504827 157440025266.4035 -157439927045.66531
26.728989102175561 160650102268.34454 -160650003251.39615
26.728995059846294 163945788523.05844 -163945688698.53564
26.729001017517028 167329911386.40082 -167329810742.7063
26.729006975187762 170805409789.57153 -170805308314.86856
26.729012932858495 174375339369.33099 -174375237051.53699
26.729018890529229 178042877868.05255 -178042774694.83243
26.729024848199963 181811330819.26212 -181811226778.0213
26.729030805870696 185684137536.10294 -185684032613.98026
26.72903676354143 189664877420.95389 -189664771604.81424
26.729042721212164 193757276615.04584 -193757169891.4725
26.729048678882897 197965215009.15204 -197965107364.43878
26.729054636553631 202292733637.61264 -202292625057.75558
26.729060594224364 206744042478.90829 -206743932949.59741
26.729066551895098 211323528688.15063 -211323418194.76102
26.729072509565832 216035765288.60379 -216035653816.18652
26.729078467236565 220885520350.97638 -220885407884.24921
26.729084424907299 225877766691.48276 -225877653214.82037
26.729090382578033 231017692121.25363 -231017577618.67758
26.729096340248766 236310710282.81793 -236310594737.98615
26.7291022979195 241762472111.79446 -241762355507.99042
26.729108255590234 247378877964.11966 -247378760284.24115
26.729114213260967 253166090452.47598 -253165971679.0235
26.729120170931697 259130548038.9285 -259130428153.99313
26.729126128602431 265278979433.57043 -265278858418.82135
26.729132086273165 271618418853.41537 -271618296690.08679
26.729138043943898 278156222199.37042 -278156098868.24805
26.729144001614632 284900084213.8045 -284899959695.21155
26.729149959285365 291858056685.8811 -291857930959.66376
26.729155916956099 299038567776.1709 -299038440821.68311
26.729161874626833 306450442538.29388 -306450314334.38153
26.729167832297566 314102924722.74744 -314102795247.73218
26.7291737899683 322005699951.56744 -322005569183.22955
26.729179747639034 330168920360.90802 -330168788276.46869
26.729185705309767 338603230818.2666 -338603097394.36951
26.729191662980501 347319796826.66199 -347319662039.35419
26.729197620651235 356330334238.62988 -356330198063.34174
26.729203578321968 365647140911.93433 -365647003323.45874
26.729209535992702 375283130451.2074 -375282991423.67822
26.729215493663435 385251868190.0517 -385251727696.92108
26.729221451334169 395567609581.36694 -395567467595.38177
26.729227409004903 406245341178.70898 -406245197671.88647
26.729233366675636 417300824405.19116 -417300679348.79303
26.72923932434637 428750642324.63831 -428750495689.14417
26.729245282017104 440612249647.75531 -440612101402.83484
26.729251239687837 452904026225.17554 -452903876339.65918
26.729257197358571 465645334302.66626 -465645182744.51495
26.729263155029304 478856579837.36194 -478856426573.63513
26.729269112700038 492559278199.9325 -492559123196.75507
26.729275070370772 506776124617.87115 -506775967840.39856
26.729281028041505 521531069745.27667 -521530911157.65863
26.729286985712239 536849400781.14679 -536849240346.48914
26.729292943382973 552757828596.51025 -552757666276.83521
26.729298901053706 569284581374.07117 -569284417130.27539
26.72930485872444 586459505310.13074 -586459339101.94165
26.729310816395174 604314172981.26611 -604314004767.19617
26.729316774065907 622882000031.92261 -622881829769.22107
26.729322731736641 642198370909.90405 -642198198554.50647
26.729328689407374 662300774440.84521 -662300599947.32068
26.729334647078108 683228950110.89197 -683228773432.38721
26.729340604748838 705025046016.11401 -705024867104.29541
26.729346562419572 727733789527.48743 -727733608332.47913
26.729352520090305 751402671833.45447 -751402488303.77417
26.729358477761039 776082147633.07251 -776081961715.56335
26.729364435431773 801825851387.82739 -801825663027.58643
26.729370393102506 828690831686.17554 -828690640826.47839
26.72937635077324 856737805437.87463 -856737612020.09644
26.729382308443974 886031433793.40796 -886031237756.93933
26.729388266114707 916640621889.26221 -916640423171.42151
26.729394223785441 948638844751.55725 -948638643287.49707
26.729400181456175 982104501939.86511 -982104297662.47424
26.729406139126908 1017121303796.9932 -1017121096636.7926
26.729412096797642 1053778692500.33 -1053778482385.3634
26.729418054468375 1092172301455.8196 -1092172088311.537
26.729424012139109 1132404456997.5371 -1132404240746.6721
26.729429969809843 1174584726803.3022 -1174584507365.7422
26.729435927480576 1218830519938.8135 -1218830297231.4609
26.72944188515131 1265267744061.7866 -1265267517998.4141
26.729447842822044 1314031525943.272 -1314031296434.3662
26.729453800492777 1365267002198.0847 -1365266769150.6821
26.729459758163511 1419130188003.7695 -1419129951321.2817
26.729465715834245 1475788932526.5898 -1475788692108.6172
26.729471673504978 1535423970844.177 -1535423726586.311
26.729477631175712 1598230083427.3591 -1598229835220.9719
26.729483588846445 1664417375647.4158 -1664417123379.4355
26.729489546517179 1734212691404.5298 -1734212434957.2017
26.729495504187913 1807861176812.7974 -1807860916063.428
26.729501461858646 1885628012025.1506 -1885627746845.8357
26.72950741952938 1967800331694.7783 -1967800061952.1106
26.729513377200114 2054689357415.4343 -2054689082970.1924
26.729519334870847 2146632768669.4146 -2146632489376.2288
26.729525292541581 2243997342581.2437 -2243997058288.2388
26.729531250212315 2347181897068.5923 -2347181607617.0034
26.729537207883048 2456620576997.1118 -2456620282220.8726
26.729543165553782 2572786528763.9482 -2572786228489.2485
26.729549123224515 2696196015421.4961 -2696195709466.3052
26.729555080895249 2827413032427.5435 -2827412720601.0981
26.729561038565979 2967054493205.1865 -2967054175307.4385
26.729566996236713 3115796064349.6367 -3115795740170.6558
26.729572953907446 3274378743270.5312 -3274378412589.8613
26.72957891157818 3443616285558.5215 -3443615948144.4849
26.729584869248914 3624403606932.9902 -3624403262541.9321
26.729590826919647 3817726305399.9014 -3817725953775.3735
26.729596784590381 4024671473388.4072 -4024671114260.2798
26.729602742261115 4246439999036.0649 -4246439632119.563
26.729608699931848 4484360590086.6992 -4484360215081.3535
26.729614657602582 4739905795118.2178 -4739905411706.7197
26.729620615273316 5014710346399.25 -5014709954246.2061
26.729626572944049 5310592207666.4912 -5310591806417.0586
26.729632530614783 5629576781684.0488 -5629576370962.4434
26.729638488285516 5973924818437.5791 -5973924397845.4395
26.72964444595625 6346164669522.8799 -6346164238637.4717
26.729650403626984 6749129661128.4492 -6749129219500.6924
26.729656361297717 7186001512553.9023 -7186001059706.1924
26.729662318968451 7660360918149.3867 -7660360453573.1963
26.729668276639185 8176246642198.3066 -8176246165351.5312
26.729674234309918 8738224764315.0312 -8738224274619.0469
26.729680191980652 9351470069228.1758 -9351469566064.5781
26.729686149651386 10021862017509.678 -10021861500216.648
26.729692107322119 10756098286381.199 -10756097754249.459
26.729698064992853 11561829566080.102 -11561829018348.389
26.729704022663586 12447820168491.926 -12447819604341.936
26.72970998033432 13424140111159.988 -13424139529710.684
26.729715938005054 14502395755702.172 -14502395156003.389
26.729721895675787 15696007877886.809 -15696007258912.033
26.729727853346521 17020548368402.832 -17020547729041.027
26.729733811017255 18494149771456.164 -18494149110502.496
