# serie phase 2 sous seuil p4_w1.73_c0.95_seuil : t x1 x2 (dt2=1.3901231711628271e-05)
399.99443950731535 -3.8676868901771955 1.8476159201554883
399.99445340854709 -3.8676922102695674 1.8476005956169232
399.99446730977877 -3.8676975296544973 1.8475852700497459
399.99448121101051 -3.8677028483319855 1.8475699434539663
399.99449511224219 -3.8677081663020321 1.8475546158295946
399.99450901347393 -3.867713483564637 1.8475392871766407
399.99452291470561 -3.8677188001198006 1.847523957495115
399.99453681593735 -3.8677241159675235 1.8475086267850274
399.99455071716903 -3.8677294311078056 1.847493295046388
399.99456461840077 -3.867734745540647 1.847477962279207
399.99457851963246 -3.867740059266048 1.8474626284834945
399.99459242086419 -3.8677453722840087 1.8474472936592605
399.99460632209588 -3.8677506845945295 1.847431957806515
399.99462022332762 -3.8677559961976105 1.8474166209252683
399.9946341245593 -3.8677613070932515 1.8474012830155302
399.99464802579104 -3.8677666172814531 1.847385944077311
399.99466192702272 -3.8677719267622157 1.847370604110621
399.99467582825446 -3.8677772355355393 1.8473552631154699
399.99468972948614 -3.8677825436014239 1.8473399210918682
399.99470363071788 -3.86778785095987 1.8473245780398255
399.99471753194956 -3.8677931576108775 1.8473092339593524
399.9947314331813 -3.8677984635544469 1.8472938888504586
399.99474533441298 -3.8678037687905782 1.8472785427131546
399.99475923564472 -3.8678090733192718 1.8472631955474501
399.9947731368764 -3.8678143771405278 1.8472478473533556
399.99478703810814 -3.8678196802543465 1.8472324981308808
399.99480093933983 -3.8678249826607281 1.8472171478800361
399.99481484057156 -3.8678302843596724 1.8472017966008314
399.99482874180325 -3.8678355853511799 1.8471864442932771
399.99484264303499 -3.8678408856352506 1.8471710909573829
399.99485654426672 -3.8678461852118851 1.8471557365931592
399.99487044549841 -3.8678514840810831 1.8471403812006162
399.99488434673015 -3.8678567822428453 1.8471250247797637
399.99489824796183 -3.8678620796971717 1.847109667330612
399.99491214919357 -3.8678673764440625 1.8470943088531711
399.99492605042525 -3.867872672483518 1.8470789493474511
399.99493995165699 -3.8678779678155384 1.8470635888134621
399.99495385288867 -3.8678832624401238 1.8470482272512143
399.99496775412041 -3.8678885563572742 1.8470328646607179
399.99498165535209 -3.8678938495669901 1.8470175010419829
399.99499555658383 -3.8678991420692719 1.8470021363950195
399.99500945781551 -3.8679044338641191 1.8469867707198377
399.99502335904725 -3.8679097249515326 1.8469714040164475
399.99503726027893 -3.8679150153315125 1.8469560362848594
399.99505116151067 -3.8679203050040587 1.8469406675250832
399.99506506274236 -3.8679255939691717 1.8469252977371291
399.99507896397409 -3.8679308822268514 1.8469099269210072
399.99509286520578 -3.867936169777098 1.8468945550767275
399.99510676643752 -3.8679414566199117 1.8468791822043003
399.9951206676692 -3.8679467427552932 1.8468638083037356
399.99513456890094 -3.8679520281832422 1.8468484333750437
399.99514847013262 -3.8679573129037594 1.8468330574182346
399.99516237136436 -3.8679625969168447 1.8468176804333183
399.99517627259604 -3.8679678802224982 1.8468023024203051
399.99519017382778 -3.8679731628207201 1.8467869233792051
399.99520407505946 -3.8679784447115106 1.8467715433100285
399.9952179762912 -3.8679837258948702 1.846756162212785
399.99523187752288 -3.8679890063707987 1.8467407800874853
399.99524577875462 -3.8679942861392966 1.8467253969341393
399.99525967998636 -3.867999565200364 1.8467100127527569
399.99527358121804 -3.8680048435540013 1.8466946275433485
399.99528748244978 -3.8680101212002085 1.8466792413059241
399.99530138368146 -3.868015398138986 1.8466638540404938
399.9953152849132 -3.8680206743703338 1.8466484657470679
399.99532918614489 -3.868025949894252 1.8466330764256564
399.99534308737663 -3.8680312247107409 1.8466176860762695
399.99535698860831 -3.8680364988198011 1.8466022946989171
399.99537088984005 -3.8680417722214324 1.8465869022936097
399.99538479107173 -3.868047044915635 1.8465715088603571
399.99539869230347 -3.8680523169024092 1.8465561143991696
399.99541259353515 -3.8680575881817556 1.8465407189100573
399.99542649476689 -3.8680628587536736 1.8465253223930302
399.99544039599857 -3.8680681286181642 1.8465099248480987
399.99545429723031 -3.8680733977752273 1.8464945262752728
399.99546819846199 -3.868078666224863 1.8464791266745626
399.99548209969373 -3.8680839339670716 1.8464637260459782
399.99549600092541 -3.8680892010018533 1.8464483243895298
399.99550990215715 -3.8680944673292084 1.8464329217052275
399.99552380338883 -3.8680997329491369 1.8464175179930817
399.99553770462057 -3.8681049978616389 1.8464021132531023
399.99555160585226 -3.8681102620667152 1.8463867074852993
399.995565507084 -3.8681155255643653 1.8463713006896831
399.99557940831568 -3.8681207883545898 1.8463558928662638
399.99559330954742 -3.8681260504373891 1.8463404840150512
399.9956072107791 -3.8681313118127632 1.846325074136056
399.99562111201084 -3.868136572480712 1.8463096632292879
399.99563501324258 -3.868141832441236 1.8462942512947573
399.99564891447426 -3.8681470916943357 1.8462788383324742
399.995662815706 -3.868152350240011 1.8462634243424487
399.99567671693768 -3.868157608078262 1.8462480093246911
399.99569061816942 -3.8681628652090891 1.8462325932792114
399.9957045194011 -3.8681681216324924 1.8462171762060198
399.99571842063284 -3.8681733773484721 1.8462017581051264
399.99573232186452 -3.8681786323570289 1.8461863389765416
399.99574622309626 -3.8681838866581626 1.8461709188202753
399.99576012432794 -3.8681891402518733 1.8461554976363377
399.99577402555968 -3.8681943931381615 1.846140075424739
399.99578792679137 -3.8681996453170271 1.8461246521854893
399.9958018280231 -3.8682048967884706 1.8461092279185987
399.99581572925479 -3.8682101475524919 1.8460938026240774
399.99582963048653 -3.8682153976090916 1.8460783763019355
399.99584353171821 -3.8682206469582696 1.8460629489521831
399.99585743294995 -3.8682258956000264 1.8460475205748306
399.99587133418163 -3.8682311435343619 1.846032091169888
399.99588523541337 -3.8682363907612762 1.8460166607373654
399.99589913664505 -3.8682416372807702 1.8460012292772729
399.99591303787679 -3.8682468830928434 1.8459857967896209
399.99592693910847 -3.8682521281974962 1.8459703632744195
399.99594084034021 -3.8682573725947291 1.8459549287316788
399.99595474157189 -3.8682626162845422 1.8459394931614088
399.99596864280363 -3.8682678592669357 1.8459240565636199
399.99598254403531 -3.8682731015419098 1.8459086189383223
399.99599644526705 -3.8682783431094645 1.8458931802855258
399.99601034649874 -3.8682835839696001 1.8458777406052409
399.99602424773047 -3.8682888241223172 1.8458622998974776
399.99603814896221 -3.8682940635676157 1.845846858162246
399.9960520501939 -3.8682993023054961 1.8458314153995565
399.99606595142563 -3.8683045403359584 1.8458159716094191
399.99607985265732 -3.8683097776590025 1.845800526791844
399.99609375388906 -3.868315014274629 1.8457850809468412
399.99610765512074 -3.8683202501828382 1.8457696340744212
399.99612155635248 -3.8683254853836302 1.8457541861745939
399.99613545758416 -3.8683307198770049 1.8457387372473695
399.9961493588159 -3.8683359536629629 1.8457232872927583
399.99616326004758 -3.8683411867415045 1.8457078363107702
399.99617716127932 -3.8683464191126298 1.8456923843014155
399.996191062511 -3.8683516507763387 1.8456769312647046
399.99620496374274 -3.8683568817326317 1.8456614772006472
399.99621886497442 -3.8683621119815088 1.8456460221092539
399.99623276620616 -3.8683673415229705 1.8456305659905348
399.99624666743784 -3.8683725703570171 1.8456151088444999
399.99626056866958 -3.8683777984836487 1.8455996506711594
399.99627446990127 -3.8683830259028653 1.8455841914705235
399.99628837113301 -3.8683882526146673 1.8455687312426026
399.99630227236469 -3.8683934786190552 1.8455532699874064
399.99631617359643 -3.868398703916029 1.8455378077049456
399.99633007482811 -3.8684039285055887 1.84552234439523
399.99634397605985 -3.8684091523877346 1.8455068800582699
399.99635787729153 -3.8684143755624669 1.8454914146940755
399.99637177852327 -3.868419598029786 1.8454759483026568
399.99638567975495 -3.8684248197896922 1.8454604808840243
399.99639958098669 -3.8684300408421857 1.8454450124381878
399.99641348221837 -3.8684352611872663 1.8454295429651577
399.99642738345011 -3.8684404808249346 1.8454140724649442
399.99644128468185 -3.8684456997551906 1.8453986009375574
399.99645518591353 -3.8684509179780346 1.8453831283830076
399.99646908714527 -3.8684561354934672 1.8453676548013047
399.99648298837695 -3.8684613523014884 1.8453521801924593
399.99649688960869 -3.868466568402098 1.8453367045564812
399.99651079084038 -3.8684717837952967 1.8453212278933808
399.99652469207211 -3.8684769984810847 1.8453057502031682
399.9965385933038 -3.8684822124594622 1.8452902714858537
399.99655249453554 -3.8684874257304291 1.8452747917414474
399.99656639576722 -3.8684926382939859 1.8452593109699593
399.99658029699896 -3.8684978501501326 1.8452438291714
399.99659419823064 -3.8685030612988696 1.8452283463457793
399.99660809946238 -3.8685082717401973 1.8452128624931075
399.99662200069406 -3.8685134814741158 1.8451973776133948
399.9966359019258 -3.868518690500625 1.8451818917066514
399.99664980315748 -3.8685238988197255 1.8451664047728875
399.99666370438922 -3.8685291064314176 1.8451509168121134
399.9966776056209 -3.8685343133357013 1.845135427824339
399.99669150685264 -3.8685395195325771 1.8451199378095748
399.99670540808432 -3.868544725022045 1.8451044467678308
399.99671930931606 -3.8685499298041051 1.8450889546991172
399.99673321054775 -3.8685551338787576 1.8450734616034443
399.99674711177948 -3.8685603372460031 1.8450579674808223
399.99676101301117 -3.8685655399058416 1.8450424723312613
399.99677491424291 -3.8685707418582735 1.8450269761547715
399.99678881547459 -3.8685759431032989 1.8450114789513632
399.99680271670633 -3.8685811436409177 1.8449959807210463
399.99681661793801 -3.8685863434711303 1.8449804814638313
399.99683051916975 -3.8685915425939372 1.8449649811797284
399.99684442040149 -3.8685967410093385 1.8449494798687476
399.99685832163317 -3.8686019387173345 1.8449339775308993
399.99687222286491 -3.8686071357179252 1.8449184741661935
399.99688612409659 -3.8686123320111112 1.8449029697746404
399.99690002532833 -3.8686175275968924 1.8448874643562505
399.99691392656001 -3.8686227224752692 1.8448719579110338
399.99692782779175 -3.8686279166462416 1.8448564504390004
399.99694172902343 -3.8686331101098101 1.8448409419401606
399.99695563025517 -3.8686383028659748 1.8448254324145246
399.99696953148685 -3.8686434949147359 1.8448099218621026
399.99698343271859 -3.8686486862560936 1.8447944102829048
399.99699733395028 -3.8686538768900482 1.8447788976769415
399.99701123518201 -3.8686590668166003 1.8447633840442228
399.9970251364137 -3.8686642560357498 1.844747869384759
399.99703903764544 -3.8686694445474967 1.8447323536985603
399.99705293887712 -3.8686746323518415 1.8447168369856366
399.99706684010886 -3.8686798194487841 1.8447013192459984
399.99708074134054 -3.8686850058383251 1.844685800479656
399.99709464257228 -3.8686901915204648 1.8446702806866195
399.99710854380396 -3.8686953764952032 1.844654759866899
399.9971224450357 -3.8687005607625404 1.8446392380205048
399.99713634626738 -3.8687057443224768 1.8446237151474472
399.99715024749912 -3.8687109271750129 1.8446081912477361
399.9971641487308 -3.8687161093201485 1.8445926663213821
399.99717804996254 -3.8687212907578843 1.844577140368395
399.99719195119422 -3.8687264714882201 1.8445616133887854
399.99720585242596 -3.8687316515111565 1.8445460853825635
399.99721975365765 -3.8687368308266934 1.8445305563497392
399.99723365488938 -3.8687420094348308 1.8445150262903229
399.99724755612112 -3.8687471873355697 1.844499495204325
399.99726145735281 -3.8687523645289095 1.8444839630917553
399.99727535858455 -3.8687575410148511 1.8444684299526244
399.99728925981623 -3.8687627167933947 1.8444528957869424
399.99730316104797 -3.8687678918645401 1.8444373605947193
399.99731706227965 -3.8687730662282878 1.8444218243759656
399.99733096351139 -3.8687782398846378 1.8444062871306914
399.99734486474307 -3.8687834128335905 1.8443907488589071
399.99735876597481 -3.8687885850751464 1.8443752095606225
399.99737266720649 -3.8687937566093056 1.8443596692358482
399.99738656843823 -3.8687989274360679 1.8443441278845942
399.99740046966991 -3.8688040975554339 1.844328585506871
399.99741437090165 -3.8688092669674039 1.8443130421026885
399.99742827213333 -3.868814435671978 1.8442974976720572
399.99744217336507 -3.8688196036691567 1.8442819522149871
399.99745607459676 -3.8688247709589398 1.8442664057314886
399.99746997582849 -3.868829937541328 1.844250858221572
399.99748387706018 -3.8688351034163211 1.8442353096852473
399.99749777829192 -3.8688402685839196 1.8442197601225248
399.9975116795236 -3.8688454330441235 1.8442042095334146
399.99752558075534 -3.8688505967969333 1.8441886579179272
399.99753948198702 -3.868855759842349 1.8441731052760726
399.99755338321876 -3.8688609221803709 1.8441575516078612
399.99756728445044 -3.8688660838109996 1.8441419969133033
399.99758118568218 -3.868871244734235 1.8441264411924088
399.99759508691386 -3.8688764049500772 1.8441108844451881
399.9976089881456 -3.8688815644585266 1.8440953266716515
399.99762288937734 -3.8688867232595836 1.8440797678718093
399.99763679060902 -3.8688918813532482 1.8440642080456715
399.99765069184076 -3.868897038739521 1.8440486471932485
399.99766459307244 -3.8689021954184017 1.8440330853145506
399.99767849430418 -3.8689073513898906 1.8440175224095878
399.99769239553586 -3.8689125066539884 1.8440019584783705
399.9977062967676 -3.8689176612106952 1.8439863935209089
399.99772019799929 -3.868922815060011 1.8439708275372133
399.99773409923102 -3.8689279682019362 1.8439552605272937
399.99774800046271 -3.8689331206364708 1.8439396924911606
399.99776190169445 -3.8689382723636152 1.8439241234288242
399.99777580292613 -3.8689434233833699 1.8439085533402946
399.99778970415787 -3.868948573695735 1.8438929822255823
399.99780360538955 -3.8689537233007107 1.8438774100846973
399.99781750662129 -3.8689588721982973 1.84386183691765
399.99783140785297 -3.8689640203884945 1.8438462627244505
399.99784530908471 -3.8689691678713034 1.8438306875051091
399.99785921031639 -3.8689743146467235 1.8438151112596362
399.99787311154813 -3.8689794607147556 1.8437995339880418
399.99788701277981 -3.8689846060753998 1.8437839556903362
399.99790091401155 -3.8689897507286561 1.8437683763665296
399.99791481524323 -3.868994894674525 1.8437527960166324
399.99792871647497 -3.8690000379130067 1.843737214640655
399.99794261770666 -3.8690051804441015 1.8437216322386072
399.99795651893839 -3.8690103222678092 1.8437060488104995
399.99797042017008 -3.8690154633841303 1.8436904643563421
399.99798432140182 -3.8690206037930652 1.8436748788761455
399.9979982226335 -3.869025743494614 1.8436592923699195
399.99801212386524 -3.8690308824887771 1.8436437048376748
399.99802602509698 -3.8690360207755545 1.8436281162794212
399.99803992632866 -3.8690411583549467 1.8436125266951693
399.9980538275604 -3.869046295226954 1.8435969360849291
399.99806772879208 -3.8690514313915765 1.8435813444487112
399.99808163002382 -3.8690565668488142 1.8435657517865256
399.9980955312555 -3.8690617015986675 1.8435501580983826
399.99810943248724 -3.8690668356411368 1.8435345633842926
399.99812333371892 -3.8690719689762223 1.8435189676442656
399.99813723495066 -3.8690771016039243 1.843503370878312
399.99815113618234 -3.8690822335242427 1.8434877730864418
399.99816503741408 -3.8690873647371782 1.8434721742686657
399.99817893864576 -3.8690924952427306 1.8434565744249938
399.9981928398775 -3.8690976250409004 1.8434409735554362
399.99820674110919 -3.869102754131688 1.8434253716600033
399.99822064234093 -3.8691078825150935 1.8434097687387054
399.99823454357261 -3.8691130101911173 1.8433941647915526
399.99824844480435 -3.8691181371597594 1.8433785598185553
399.99826234603603 -3.8691232634210198 1.8433629538197236
399.99827624726777 -3.8691283889748993 1.8433473467950681
399.99829014849945 -3.869133513821398 1.8433317387445987
399.99830404973119 -3.8691386379605159 1.8433161296683258
399.99831795096287 -3.8691437613922535 1.8433005195662597
399.99833185219461 -3.8691488841166106 1.8432849084384106
399.99834575342629 -3.8691540061335883 1.843269296284789
399.99835965465803 -3.869159127443186 1.8432536831054047
399.99837355588971 -3.8691642480454043 1.8432380689002683
399.99838745712145 -3.8691693679402435 1.84322245366939
399.99840135835314 -3.8691744871277036 1.8432068374127801
399.99841525958487 -3.8691796056077852 1.843191220130449
399.99842916081661 -3.8691847233804886 1.8431756018224066
399.9984430620483 -3.8691898404458138 1.8431599824886635
399.99845696328003 -3.8691949568037609 1.8431443621292298
399.99847086451172 -3.8692000724543303 1.8431287407441159
399.99848476574346 -3.8692051873975224 1.843113118333332
399.99849866697514 -3.8692103016333372 1.8430974948968883
399.99851256820688 -3.8692154151617753 1.8430818704347953
399.99852646943856 -3.8692205279828364 1.8430662449470629
399.9985403706703 -3.8692256400965213 1.8430506184337019
399.99855427190198 -3.8692307515028301 1.8430349908947221
399.99856817313372 -3.8692358622017631 1.8430193623301341
399.9985820743654 -3.8692409721933201 1.8430037327399478
399.99859597559714 -3.869246081477502 1.8429881021241739
399.99860987682882 -3.8692511900543085 1.8429724704828223
399.99862377806056 -3.8692562979237404 1.8429568378159036
399.99863767929224 -3.8692614050857976 1.8429412041234279
399.99865158052398 -3.8692665115404803 1.8429255694054056
399.99866548175567 -3.8692716172877888 1.8429099336618469
399.9986793829874 -3.8692767223277236 1.842894296892762
399.99869328421909 -3.8692818266602846 1.8428786590981614
399.99870718545083 -3.869286930285472 1.8428630202780552
399.99872108668251 -3.8692920332032865 1.8428473804324537
399.99873498791425 -3.8692971354137282 1.8428317395613671
399.99874888914593 -3.8693022369167971 1.842816097664806
399.99876279037767 -3.8693073377124936 1.8428004547427805
399.99877669160935 -3.8693124378008181 1.8427848107953009
399.99879059284109 -3.8693175371817707 1.8427691658223775
399.99880449407277 -3.8693226358553514 1.8427535198240204
399.99881839530451 -3.869327733821561 1.8427378728002402
399.99883229653625 -3.8693328310803996 1.8427222247510469
399.99884619776793 -3.8693379276318671 1.8427065756764509
399.99886009899967 -3.869343023475964 1.8426909255764625
399.99887400023135 -3.8693481186126908 1.8426752744510921
399.99888790146309 -3.8693532130420474 1.84265962230035
399.99890180269477 -3.8693583067640338 1.8426439691242462
399.99891570392651 -3.869363399778651 1.8426283149227913
399.9989296051582 -3.8693684920858988 1.8426126596959955
399.99894350638994 -3.8693735836857774 1.842597003443869
399.99895740762162 -3.8693786745782872 1.8425813461664222
399.99897130885336 -3.8693837647634286 1.8425656878636654
399.99898521008504 -3.8693888542412016 1.8425500285356087
399.99899911131678 -3.8693939430116067 1.8425343681822626
399.99901301254846 -3.8693990310746438 1.8425187068036373
399.9990269137802 -3.8694041184303134 1.8425030443997432
399.99904081501188 -3.8694092050786155 1.8424873809705906
399.99905471624362 -3.8694142910195506 1.8424717165161897
399.9990686174753 -3.869419376253119 1.8424560510365509
399.99908251870704 -3.8694244607793209 1.8424403845316843
399.99909641993872 -3.8694295445981566 1.8424247170016006
399.99911032117046 -3.8694346277096261 1.8424090484463096
399.99912422240214 -3.8694397101137299 1.842393378865822
399.99913812363388 -3.8694447918104684 1.8423777082601478
399.99915202486557 -3.8694498727998416 1.8423620366292977
399.99916592609731 -3.8694549530818501 1.8423463639732816
399.99917982732899 -3.8694600326564936 1.8423306902921099
399.99919372856073 -3.8694651115237728 1.842315015585793
399.99920762979247 -3.8694701896836876 1.8422993398543412
399.99922153102415 -3.8694752671362385 1.8422836630977648
399.99923543225589 -3.8694803438814258 1.8422679853160742
399.99924933348757 -3.8694854199192497 1.8422523065092795
399.99926323471931 -3.8694904952497104 1.8422366266773911
399.99927713595099 -3.8694955698728082 1.8422209458204193
399.99929103718273 -3.8695006437885433 1.8422052639383744
399.99930493841441 -3.8695057169969163 1.8421895810312667
399.99931883964615 -3.869510789497927 1.8421738970991066
399.99933274087783 -3.8695158612915761 1.8421582121419044
399.99934664210957 -3.8695209323778634 1.8421425261596704
399.99936054334125 -3.8695260027567895 1.8421268391524148
399.99937444457299 -3.8695310724283543 1.842111151120148
399.99938834580468 -3.8695361413925582 1.8420954620628804
399.99940224703641 -3.8695412096494017 1.8420797719806221
399.9994161482681 -3.8695462771988849 1.8420640808733837
399.99943004949984 -3.8695513440410081 1.8420483887411752
399.99944395073152 -3.8695564101757718 1.8420326955840072
399.99945785196326 -3.869561475603176 1.8420170014018897
399.99947175319494 -3.8695665403232207 1.8420013061948335
399.99948565442668 -3.8695716043359063 1.8419856099628484
399.99949955565836 -3.8695766676412333 1.841969912705945
399.9995134568901 -3.8695817302392022 1.8419542144241337
399.99952735812178 -3.8695867921298128 1.8419385151174246
399.99954125935352 -3.8695918533130653 1.841922814785828
399.9995551605852 -3.8695969137889601 1.8419071134293543
399.99956906181694 -3.8696019735574976 1.841891411048014
399.99958296304862 -3.8696070326186778 1.8418757076418173
399.99959686428036 -3.8696120909725011 1.8418600032107744
399.9996107655121 -3.8696171486189681 1.8418442977548957
399.99962466674378 -3.8696222055580787 1.8418285912741916
399.99963856797552 -3.8696272617898333 1.8418128837686725
399.99965246920721 -3.869632317314232 1.8417971752383486
399.99966637043894 -3.8696373721312751 1.8417814656832303
399.99968027167063 -3.8696424262409632 1.8417657551033277
399.99969417290237 -3.8696474796432963 1.8417500434986513
399.99970807413405 -3.8696525323382742 1.8417343308692116
399.99972197536579 -3.869657584325898 1.8417186172150186
399.99973587659747 -3.8696626356061676 1.8417029025360827
399.99974977782921 -3.8696676861790831 1.8416871868324143
399.99976367906089 -3.8696727360446448 1.8416714701040238
399.99977758029263 -3.8696777852028532 1.8416557523509214
399.99979148152431 -3.8696828336537084 1.8416400335731176
399.99980538275605 -3.8696878813972106 1.8416243137706225
399.99981928398773 -3.8696929284333605 1.8416085929434467
399.99983318521947 -3.869697974762158 1.8415928710916005
399.99984708645115 -3.8697030203836036 1.841577148215094
399.99986098768289 -3.8697080652976972 1.8415614243139378
399.99987488891458 -3.8697131095044393 1.8415456993881421
399.99988879014631 -3.8697181530038298 1.8415299734377171
399.999902691378 -3.8697231957958693 1.8415142464626735
399.99991659260974 -3.8697282378805582 1.8414985184630213
399.99993049384142 -3.8697332792578969 1.8414827894387709
399.99994439507316 -3.869738319927885 1.8414670593899327
399.99995829630484 -3.8697433598905233 1.8414513283165173
399.99997219753658 -3.8697483991458119 1.8414355962185347
399.99998609876826 -3.8697534376937512 1.8414198630959953
400 -3.8697584755343413 1.8414041289489094
