# serie phase 2 p4_w2.27_c1.20_dt2s2_k2 : t x1 x2 (dt2=4.7993319082388032e-06, depart t=44.033999999999999 etat bascule x1 x2 v1 v2 = 1926074.3211511692 -1918008.8099415423 98574270.394488052 -98367484.712414443)
44.108197671301369 353278250229.81342 -353274789167.88818
44.10820247063328 355086645336.17963 -355083175427.11719
44.108207269965185 356906626523.39197 -356903147733.22644
44.108212069297096 358738282981.96033 -358734795276.55164
44.108216868629 360581704704.45154 -360578208049.4845
44.108221667960912 362436982493.74329 -362433476854.72632
44.108226467292816 364304207971.37274 -364300693313.63684
44.108231266624728 366183473585.98291 -366179949874.68048
44.108236065956632 368074872621.86646 -368071339821.97009
44.108240865288543 369978499207.6098 -369974957283.91119
44.108245664620448 371894448324.83771 -371890897241.94641
44.108250463952359 373822815817.05963 -373819255539.40198
44.108255263284271 375763698398.61932 -375760128890.43719
44.108260062616175 377717193663.74969 -377713614889.0993
44.108264861948086 379683400095.73309 -379679812018.48376
44.108269661279991 381662417076.16907 -381658819660.00208
44.108274460611902 383654344894.35175 -383650738102.75903
44.108279259943806 385659284756.75665 -385655668553.03961
44.108284059275718 387677338796.63934 -387673713143.90759
44.108288858607622 389708610083.74792 -389704974944.91809
44.108293657939534 391753202634.14905 -391749557971.94342
44.108298457271445 393811221420.17072 -393807567197.11597
44.108303256603349 395882772380.46265 -395879108558.88861
44.108308055935261 397967962430.17633 -397964288972.21472
44.108312855267165 400066899471.26532 -400063216338.84839
44.108317654599077 402179692402.90753 -402175999557.76672
44.108322453930981 404306451132.05249 -404302748535.71716
44.108327253262892 406447286584.09369 -406443574197.88977
44.108332052594797 408602310713.66827 -408598588498.71686
44.108336851926708 410771636515.5863 -410767904432.80243
44.108341651258613 412955378035.8902 -412951636045.98132
44.108346450590524 415153650383.0462 -415149898446.51093
44.108351249922435 417366569739.27142 -417362807816.39807
44.10835604925434 419594253371.99573 -419590481422.8609
44.108360848586251 421836819645.46173 -421833037629.92902
44.108365647918156 424094388032.4649 -424090595910.18335
44.108370447250067 426367079126.23431 -426363276856.63696
44.108375246581971 428655014652.45789 -428651202194.76038
44.108380045913883 430958317481.45294 -430954494794.65216
44.108384845245787 433277111640.48309 -433273278683.35553
44.108389644577699 435611522326.22534 -435607679057.32568
44.10839444390961 437961675917.38818 -437957822295.04779
44.108399243241514 440327699987.48334 -440323835969.80884
44.108404042573426 442709723317.75262 -442705848862.62427
44.10840884190533 445107875910.25232 -445103990975.32251
44.108413641237242 447522289001.09802 -447518393543.78979
44.108418440569146 449953095073.86987 -449949189051.37531
44.108423239901057 452400427873.18243 -452396511242.461
44.108428039232962 454864422418.42242 -454860495136.19958
44.108432838564873 457345215017.65326 -457341277040.41876
44.108437637896778 459842943281.69067 -459838994565.69696
44.108442437228689 462357746138.35229 -462353786639.61285
44.1084472365606 464889763846.8819 -464885793521.16968
44.108452035892505 467439138012.55243 -467435156815.39819
44.108456835224416 470006011601.44879 -470002019488.13947
44.108461634556321 472590528955.43335 -472586525881.01025
44.108466433888232 475192835807.29846 -475188821726.55573
44.108471233220136 477813079296.10516 -477809054163.58801
44.108476032552048 480451407982.71295 -480447371752.71594
44.108480831883952 483107971865.50323 -483103924492.06854
44.108485631215864 485782922396.29883 -485778863833.21454
44.108490430547768 488476412496.48077 -488472342697.27911
44.108495229879679 491188596573.30743 -491184515491.26288
44.108500029211591 493919630536.43829 -493915538124.56598
44.108504828543495 496669671814.66412 -496665568025.7179
44.108509627875407 499438879372.84668 -499434764159.31738
44.108514427207311 502227413729.07153 -502223287043.18506
44.108519226539222 505035436972.0166 -505031298765.73212
44.108524025871127 507863112778.53986 -507858963003.54797
44.108528825203038 510710606431.48859 -510706445039.20935
44.108533624534942 513578084837.73322 -513573911779.31439
44.108538423866854 516465716546.4303 -516461531772.74524
44.108543223198765 519373671767.51593 -519369475229.16187
44.10854802253067 522302122390.43451 -522297914037.73047
44.108552821862581 525251242003.10455 -525247021786.08942
44.108557621194485 528221205911.12701 -528216973779.55762
44.108562420526397 531212191157.23724 -531207947060.5863
44.108567219858301 534224376541.00562 -534220120428.45972
44.108572019190213 537257942638.78986 -537253674459.24744
44.108576818522117 540313071823.94263 -540308791526.01202
44.108581617854028 543389948287.27789 -543385655819.27515
44.108586417185933 546488758057.79968 -546484453367.74652
44.108591216517844 549609689023.69781 -549605372059.31952
44.108596015849756 552752930953.6134 -552748601662.33679
44.10860081518166 555918675518.17871 -555914333847.12988
44.108605614513571 559107116311.83362 -559102762207.83582
44.108610413845476 562318448874.92603 -562314082284.49756
44.108615213177387 565552870716.0979 -565548491585.44983
44.108620012509292 568810581334.96045 -568806189609.99451
44.108624811841203 572091782245.06409 -572087377871.37036
44.108629611173107 575396676997.16675 -575392259920.02136
44.108634410505019 578725471202.80652 -578721041367.16968
44.10863920983693 582078372558.17932 -582073929908.69275
44.108644009168835 585455590868.32837 -585451135349.31299
44.108648808500746 588857338071.6499 -588852869627.10352
44.10865360783265 592283828264.72461 -592279346838.31982
44.108658407164562 595735277727.46814 -595730783262.54956
44.108663206496466 599211904948.61536 -599207397388.19751
44.108668005828378 602713930651.53943 -602709409938.30432
44.108672805160282 606241577820.40942 -606237043896.7041
44.108677604492193 609795071726.69385 -609790524534.52783
44.108682403824098 613374639956.0144 -613370079437.0575
44.108687203156009 616980512435.35327 -616975938530.93262
44.108692002487921 620612921460.62219 -620608334111.72021
44.108696801819825 624272101724.59924 -624267500871.85071
44.108701601151736 627958290345.2334 -627953675928.9231
44.108706400483641 631671726894.32861 -631667098854.38892
44.108711199815552 635412653426.60718 -635408011702.61511
44.108715999147456 639181314509.16162 -639176659040.33643
44.108720798479368 642977957251.30225 -642973287976.50256
44.108725597811272 646802831334.80212 -646798148192.52344
44.108730397143184 650656189044.54846 -650651491972.92041
44.108735196475095 654538285299.60706 -654533574236.39062
44.108739995806999 658449377684.70203 -658444652567.28699
44.108744795138911 662389726482.11816 -662384987247.52002
44.108749594470815 666359594704.03662 -666354841288.89404
44.108754393802727 670359248125.30615 -670354480465.87805
44.108759193134631 674388955316.6571 -674384173348.81982
44.108763992466542 678448987678.3656 -678444191337.60999
44.108768791798447 682539619474.37415 -682534808695.80273
44.108773591130358 686661127866.87549 -686656302585.19946
44.108778390462263 690813792951.36877 -690808953100.90503
44.108783189794174 694997897792.19299 -694993043306.86121
44.108787989126085 699213728458.54419 -699208859271.86389
44.10879278845799 703461574060.98584 -703456690106.07324
44.108797587789901 707741726788.45728 -707736827998.02222
44.108802387121806 712054481945.79248 -712049568252.13538
44.108807186453717 716400137991.75281 -716395209326.7616
44.108811985785621 720778996577.58215 -720774052872.72913
44.108816785117533 725191362586.09326 -725186403772.43164
44.108821584449437 729637544171.2937 -729632570179.45483
44.108826383781349 734117852798.56055 -734112863558.75049
44.108831183113253 738632603285.36682 -738627598727.36292
44.108835982445164 743182113842.5769 -743177093895.72461
44.108840781777076 747766706116.3147 -747761670709.52454
44.10884558110898 752386705230.40991 -752381654292.15356
44.108850380440892 757042439829.4386 -757037373287.74597
44.108855179772796 761734242122.36426 -761729159904.81995
44.108859979104707 766462447926.78638 -766457349960.52612
44.108864778436612 771227396713.80835 -771222282925.5155
44.108869577768523 776029431653.53564 -776024301969.43787
44.108874377100427 780868899661.21143 -780863754007.07703
44.108879176432339 785746151444.00037 -785740989745.13464
44.10888397576425 790661541548.42957 -790656363729.67139
44.108888775096155 795615428408.50159 -795610234394.2196
44.108893574428066 800608174394.48401 -800602964108.573
44.10889837375997 805640145862.38843 -805634919228.26562
44.108903173091882 810711713204.15381 -810706470144.75513
44.108907972423786 815823250898.5365 -815817991336.3125
44.108912771755698 820975137562.72827 -820969861419.64075
44.108917571087602 826167756004.70923 -826162463202.22717
44.108922370419513 831401493276.34363 -831396183735.43921
44.108927169751418 836676740727.23438 -836671414368.37927
44.108931969083329 841993894059.3468 -841988550802.50793
44.108936768415241 847353353382.41748 -847347993147.05334
44.108941567747145 852755523270.15625 -852750145975.2124
44.108946367079056 858200812817.25574 -858195418381.16125
44.108951166410961 863689635697.22217 -863684224037.88513
44.108955965742872 869222410221.03674 -869216981255.84009
44.108960765074777 874799559396.66833 -874794113042.46594
44.108965564406688 880421510989.44458 -880416047162.55676
44.108970363738592 886088697583.29431 -886083216199.50354
44.108975163070504 891801556642.88452 -891796057617.43115
44.108979962402415 897560530576.65747 -897555013824.2356
44.10898476173432 903366066800.78186 -903360532235.53455
44.108989561066231 909218617804.03857 -909213065339.55347
44.108994360398135 915118641213.65796 -915113070762.96301
44.108999159730047 921066599862.11414 -921061011337.67285
44.109003959061951 927062961854.90002 -927057355168.60706
44.109008758393863 933108200639.2948 -933102575702.47107
44.109013557725767 939202795074.14526 -939197151797.53345
44.109018357057678 945347229500.67358 -945341567794.43347
44.109023156389583 951541993814.32703 -951536313588.03052
44.109027955721494 957787583537.68958 -957781884700.31604
44.109032755053406 964084499894.47583 -964078782354.40735
44.10903755438531 970433249884.61426 -970427513549.63025
44.109042353717221 976834346360.45105 -976828591137.724
44.109047153049126 983288308104.0835 -983282533900.17334
44.109051952381037 989795659905.84363 -989789866626.69299
44.109056751712941 996356932643.95715 -996351120194.88635
44.109061551044853 1002972663365.3879 -1002966831651.0895
44.109066350376757 1009643395367.8937 -1009637544292.4272
44.109071149708669 1016369678283.3141 -1016363807750.1013
44.109075949040573 1023152068162.1069 -1023146178073.926
44.109080748372484 1029991127559.1554 -1029985217818.1357
44.109085547704396 1036887425620.8705 -1036881496128.4873
44.1090903470363 1043841538173.6053 -1043835588830.6742
44.109095146368212 1050854047813.4052 -1050848078520.0763
44.109099945700116 1057925543997.1196 -1057919554652.8727
44.109104745032027 1065056623134.8937 -1065050613638.5317
44.109109544363932 1072247888684.0662 -1072241858933.7103
44.109114343695843 1079499951244.495 -1079493901137.5782
44.109119143027748 1086813428655.3345 -1086807358088.5963
44.109123942359659 1094188946093.2965 -1094182854962.7766
44.10912874169157 1101627136172.4089 -1101621024373.4417
44.109133541023475 1109128639045.3037 -1109122506472.5117
44.109138340355386 1116694102506.0635 -1116687949053.3521
44.109143139687291 1124324182094.6401 -1124318007655.1909
44.109147939019202 1132019541202.8877 -1132013345669.1521
44.109152738351106 1139780851182.2341 -1139774634445.9277
44.109157537683018 1147608791453.0139 -1147602553405.1101
44.109162337014922 1155504049615.4832 -1155497790146.2061
44.109167136346834 1163467321562.5703 -1163461040561.3892
44.109171935678738 1171499311594.3772 -1171493008949.9993
44.109176735010649 1179600732534.4517 -1179594408134.8159
44.109181534342561 1187772305847.8796 -1187765959580.1501
44.109186333674465 1196014761761.2263 -1196008393511.7856
44.109191133006377 1204328839384.3391 -1204322449038.7812
44.109195932338281 1212715286834.0654 -1212708874277.1892
44.109200731670192 1221174861359.9148 -1221168426475.7163
44.109205531002097 1229708329471.7021 -1229701872143.3689
44.109210330334008 1238316467069.1897 -1238309987179.0925
44.109215129665913 1247000059573.78 -1246993557003.4666
44.109219928997824 1255759902062.2878 -1255753376692.4751
44.109224728329735 1264596799402.8323 -1264590251113.3992
44.10922952766164 1273511566392.8821 -1273504995062.8621
44.109234326993551 1282505027899.5061 -1282498433407.0801
44.109239126325456 1291578019001.8462 -1291571401224.335
44.109243925657367 1300731385135.8572 -1300724743949.7134
44.109248724989271 1309965982241.3586 -1309959317522.1594
44.109253524321183 1319282676911.4539 -1319275988533.8931
44.109258323653087 1328682346544.3291 -1328675634382.2092
44.109263122984999 1338165879497.5027 -1338159143423.7271
44.109267922316903 1347734175244.55 -1347727415131.1152
44.109272721648814 1357388144534.3508 -1357381360252.3376
44.109277520980726 1367128709552.9143 -1367121900972.4805
44.10928232031263 1376956804087.8186 -1376949971078.1899
44.109287119644542 1386873373695.3113 -1386866516124.7732
44.109291918976446 1396879375870.1282 -1396872493606.0181
44.109296718308357 1406975780218.0801 -1406968873126.7778
44.109301517640262 1417163568631.428 -1417156636578.3474
44.109306316972173 1427443735467.1514 -1427436778316.7324
44.109311116304077 1437817287728.1099 -1437810305343.8086
44.109315915635989 1448285245247.177 -1448278237491.4575
44.109320714967893 1458848640874.3982 -1458841607608.7229
44.109325514299805 1469508520667.2261 -1469501461752.0474
44.109330313631716 1480265944083.8914 -1480258859378.6416
44.10933511296362 1491121984179.9475 -1491114873543.0303
44.109339912295532 1502077727808.0911 -1502070591096.8713
44.109344711627436 1513134275821.2749 -1513127112892.0698
44.109349510959348 1524292743279.1907 -1524285553987.2595
44.109354310291252 1535554259658.1941 -1535547043857.7288
44.109359109623163 1546919969064.7217 -1546912726608.8369
44.109363908955068 1558391030452.2664 -1558383761192.99
44.109368708286979 1569968617841.9785 -1569961321630.2407
44.109373507618891 1581653920546.9607 -1581646597232.5842
44.109378306950795 1593448143400.3298 -1593440792832.0198
44.109383106282706 1605352506987.1118 -1605345129012.4448
44.109387905614611 1617368247880.0469 -1617360842345.4612
44.109392704946522 1629496618879.3628 -1629489185630.147
44.109397504278427 1641738889256.6069 -1641731428136.8896
44.109402303610338 1654096345002.6064 -1654088855855.345
44.109407102942242 1666570289079.6436 -1666562771746.6135
44.109411902274154 1679162041677.8979 -1679154495999.6814
44.109416701606058 1691872940476.2771 -1691865366292.252
44.10942150093797 1704704340907.689 -1704696738056.0171
44.109426300269881 1717657616428.8413 -1717649984746.4573
44.109431099601785 1730734158794.6763 -1730726498117.2751
44.109435898933697 1743935378337.5183 -1743927688499.5447
44.109440698265601 1757262704251.0186 -1757254985085.6541
44.109445497597513 1770717584878.9768 -1770709836218.1282
44.109450296929417 1784301488009.1628 -1784293709683.4502
44.109455096261328 1798015901172.2095 -1798008093010.9531
44.109459895593233 1811862331945.6907 -1811854493776.8992
44.109464694925144 1825842308263.4824 -1825834439913.8398
44.109469494257056 1839957378730.4951 -1839949480025.3481
44.10947429358896 1854209112942.9016 -1854201183706.2468
44.109479092920871 1868599101813.947 -1868591141868.4177
44.109483892252776 1883128957905.4631 -1883120967072.3159
44.109488691584687 1897800315765.2014 -1897792293864.3032
44.109493490916591 1912614832270.0796 -1912606779119.894
44.109498290248503 1927574186975.4626 -1927566102393.0359
44.109503089580407 1942680082470.6267 -1942671966271.5742
44.109507888912319 1957934244740.4854 -1957926096738.9778
44.109512688244223 1973338423533.709 -1973330243542.4573
44.109517487576134 1988894392737.3979 -1988886180567.6401
44.109522286908046 2004603950758.4014 -2004595706219.887
44.10952708623995 2020468920911.4333 -2020460643812.4092
44.109531885571862 2036491151814.1133 -2036482841961.3088
44.109536684903766 2052672517789.0603 -2052664174987.6726
44.109541484235677 2069014919273.1797 -2069006543326.8574
44.109546283567582 2085520283234.3154 -2085511873945.1443
44.109551082899493 2102190563595.4016 -2102182120763.8884
44.109555882231398 2119027741666.2439 -2119019265091.3005
44.109560681563309 2136033826583.1055 -2136025316062.0337
44.109565480895213 2153210855756.2373 -2153202311084.7119
44.109570280227125 2170560895325.5234 -2170552316297.5762
44.109575079559036 2188086040624.4111 -2188077427032.4141
44.109579878890941 2205788416652.2778 -2205779768286.9263
44.109584678222852 2223670178555.4414 -2223661495205.7378
44.109589477554756 2241733512116.916 -2241724793570.1519
44.109594276886668 2259980634255.1675 -2259971880296.9072
44.109599076218572 2278413793531.998 -2278405003946.0601
44.109603875550484 2297035270669.7944 -2297026445238.2339
44.109608674882388 2315847379078.3149 -2315838517581.4058
44.109613474214299 2334852465391.1865 -2334843567607.4028
44.109618273546211 2354052910012.3159 -2354043975718.3145
44.109623072878115 2373451127672.4453 -2373442156643.0454
44.109627872210027 2393049567996.0747 -2393040560004.2407
44.109632671541931 2412850716078.917 -2412841670895.7383
44.109637470873842 2432857093076.1006 -2432848010470.7725
44.109642270205747 2453071256801.3896 -2453062136541.1938
44.109647069537658 2473495802337.6401 -2473486644187.9248
44.109651868869562 2494133362658.6846 -2494124166382.8438
44.109656668201474 2514986609262.9492 -2514977374622.4033
44.109661467533378 2536058252819.0029 -2536048979573.1768
44.10966626686529 2557351043823.3081 -2557341731729.6118
44.109671066197201 2578867773270.4434 -2578858422084.2495
44.109675865529105 2600611273335.9585 -2600601882810.582
44.109680664861017 2622584418072.311 -2622574987958.9863
44.109685464192921 2644790124117.9961 -2644780654165.856
44.109690263524833 2667231351420.2715 -2667221841376.3247
44.109695062856737 2689911103971.6333 -2689901553580.7422
44.109699862188648 2712832430560.4434 -2712822839565.3003
44.109704661520553 2735998425536.0269 -2735988793677.1318
44.109709460852464 2759412229588.4507 -2759402556604.0879
44.109714260184376 2783077030543.3398 -2783067316169.5537
44.10971905951628 2806996064172.0996 -2806986308142.6704
44.109723858848191 2831172615017.8237 -2831162817064.2441
44.109728658180096 2855610017237.2471 -2855600177088.6973
44.109733457512007 2880311655459.0654 -2880301772842.3872
44.109738256843912 2905280965659.0322 -2905271040298.7051
44.109743056175823 2930521436052.1582 -2930511467670.2729
44.109747855507727 2956036608002.3311 -2956026596318.5645
44.109752654839639 2981830076949.856 -2981820021681.4438
44.109757454171543 3007905493357.1982 -3007895394218.9097
44.109762253503455 3034266563673.4102 -3034256420377.5186
44.109767052835366 3060917051317.6177 -3060906863573.8755
44.10977185216727 3087860777681.9976 -3087850545197.6084
44.109776651499182 3115101623154.625 -3115091345634.2148
44.109781450831086 3142643528162.6641 -3142633205308.2529
44.109786250162998 3170490494236.3896 -3170480125747.3628
44.109791049494902 3198646585094.4639 -3198636170667.5435
44.109795848826813 3227115927750.9434 -3227105467080.1577
44.109800648158718 3255902713644.4775 -3255892206421.1318
44.109805447490629 3285011199790.252 -3285000645702.8975
44.109810246822541 3314445709955.1816 -3314435108689.585
44.109815046154445 3344210635856.8359 -3344199987095.9492
44.109819845486356 3374310438386.5576 -3374299741810.4849
44.109824644818261 3404749648857.4712 -3404738904143.437
44.109829444150172 3435532870277.9385 -3435522077100.2559
44.109834243482076 3466664778650.915 -3466653936680.9531
44.109839042813988 3498150124299.834 -3498139233205.9829
44.109843842145892 3529993733221.6606 -3529982792669.2993
44.109848641477804 3562200508467.7944 -3562189518119.2554
44.109853440809708 3594775431553.2979 -3594764391067.833
44.109858240141619 3627723563895.2412 -3627712472928.9863
44.109863039473531 3661050048280.7266 -3661038906486.666
44.109867838805435 3694760110365.3726 -3694748917393.3022
44.109872638137347 3728859060202.8896 -3728847815699.3813
44.109877437469251 3763352293806.4932 -3763340997414.8569
44.109882236801162 3798245294742.8716 -3798233946103.1172
44.109887036133067 3833543635759.5566 -3833532234508.3569
44.109891835464978 3869252980446.3174 -3869241526216.9678
44.109896634796883 3905379084931.5098 -3905367577353.8911
44.109901434128794 3941927799614.1133 -3941916238314.6494
44.109906233460698 3978905070932.3198 -3978893455533.939
44.10991103279261 4016316943169.582 -4016305273291.6753
44.109915832124521 4054169560298.9399 -4054157835557.3198
44.109920631456426 4092469167866.5249 -4092457387873.3828
44.109925430788337 4131222114915.1924 -4131210279279.0557
44.109930230120241 4170434855949.2979 -4170422964274.9878
44.109935029452153 4210113952941.4985 -4210102004830.0845
44.109939828784057 4250266077382.5327 -4250254072431.2891
44.109944628115969 4290898012375.2549 -4290885950177.6152
44.109949427447873 4332016654773.6729 -4332004534919.1841
44.109954226779784 4373629017368.2534 -4373616839442.5283
44.109959026111696 4415742231118.6523 -4415729994703.3242
44.1099638254436 4458363547434.8799 -4458351252107.5527
44.109968624775512 4501500340508.0469 -4501487985842.248
44.109973424107416 4545160109692.082 -4545147695257.2129
44.109978223439327 4589350481937.5049 -4589338007298.7891
44.109983022771232 4634079214278.6797 -4634066678997.1152
44.109987822103143 4679354196375.584 -4679341600007.8896
44.109992621435048 4725183453111.5996 -4725170795210.1631
44.109997420766959 4771575147248.7969 -4771562427361.6221
44.110002220098863 4818537582141.9111 -4818524799812.5645
44.110007019430775 4866079204512.627 -4866066359280.1816
44.110011818762686 4914208607285.6982 -4914195698684.6816
44.110016618094591 4962934532488.0889 -4962921560048.4229
44.110021417426502 5012265874213.1182 -5012252837460.0645
44.110026216758406 5062211681651.0752 -5062198580105.1758
44.110031016090318 5112781162187.9316 -5112767995364.9512
44.110035815422222 5163983684573.8721 -5163970451984.7383
44.110040614754134 5215828782163.3672 -5215815483314.1094
44.110045414086038 5268326156228.6387 -5268312790620.3281
44.110050213417949 5321485679348.2656 -5321472246476.9502
44.110055012749861 5375317398873.0762 -5375303898229.7188
44.110059812081765 5429831540471.1484 -5429817971541.5625
44.110064611413677 5485038511753.8311 -5485024874018.6152
44.110069410745581 5540948905984.9248 -5540935198919.3984
44.110074210077492 5597573505874.9951 -5597559728949.1279
44.110079009409397 5654923287463.2881 -5654909440141.6328
44.110083808741308 5713009424089.5 -5712995505831.124
44.110088608073212 5771843290457.3896 -5771829300715.8047
44.110093407405124 5831436466792.8242 -5831422405015.9131
44.110098206737028 5891800743098.7598 -5891786608728.7051
44.11010300606894 5952948123509.3867 -5952933915982.5967
44.110107805400851 6014890830746.4541 -6014876549493.4883
44.110112604732755 6077641310680.0234 -6077626955125.5156
44.110117404064667 6141212236996.5723 -6141197806559.1533
44.110122203396571 6205616515977.4531 -6205602010069.6729
44.110127002728483 6270867291390.25 -6270852709418.498
44.110131802060387 6336977949496.001 -6336963290860.4248
44.110136601392298 6403962124175.7178 -6403947388270.1416
44.110141400724203 6471833702179.0283 -6471818888390.8672
44.110146200056114 6540606828498.5332 -6540591936208.7109
44.110150999388019 6610295911872.8115 -6610280940455.6738
44.11015579871993 6680915630421.6465 -6680900579244.8721
44.110160598051841 6752480937417.084 -6752465805841.5957
44.110165397383746 6825007067194.1748 -6824991854574.0508
44.110170196715657 6898509541204.8291 -6898494246887.209
44.110174996047562 6973004174218.6699 -6972988797543.6621
44.110179795379473 7048507080675.0928 -7048491620975.6807
44.110184594711377 7125034681190.3271 -7125019137792.2705
44.110189394043289 7202603709223.9404 -7202588081445.6797
44.110194193375193 7281231217909.2676 -7281215505061.8223
44.110198992707105 7360934587051.9033 -7360918788438.7725
44.110203792039016 7441731530300.9678 -7441715645218.0254
44.11020859137092 7523640102498.1162 -7523624130233.5068
44.110213390702832 7606678707209.1318 -7606662647043.166
44.110218190034736 7690866104442.7812 -7690849955647.8262
44.110222989366648 7776221418562.5078 -7776205180402.8779
44.110227788698552 7862764146396.2734 -7862747818128.1172
44.110232588030463 7950514165550.123 -7950497746421.3105
44.110237387362368 8039491742931.1377 -8039475232181.1455
44.110242186694279 8129717543485.3564 -8129700940345.1494
44.110246986026183 8221212639157.2441 -8221195942849.1562
44.110251785358095 8313998518076.4561 -8313981727814.0693
44.110256584690006 8408097093978.5137 -8408080208966.5342
44.110261384021911 8503530715866.1895 -8503513735300.3223
44.110266183353822 8600322177918.4189 -8600305100985.2393
44.110270982685726 8698494729653.6035 -8698477555530.4287
44.110275782017638 8798072086354.6934 -8798054814209.4492
44.110280581349542 8899078439763.4434 -8899061068754.5293
44.110285380681454 9001538469052.0469 -9001520998328.2051
44.110290180013358 9105477352078.8359 -9105459780779.002
44.110294979345269 9210920776938.3848 -9210903104191.5547
44.110299778677181 9317894953813.3438 -9317877178738.4258
44.110304578009085 9426426627136.0176 -9426408748841.6855
44.110309377340997 9536543088070.7148 -9536525105655.2637
44.110314176672901 9648272187324.5664 -9648254099875.7559
44.110318976004812 9761642348296.4375 -9761624154891.3398
44.110323775336717 9876682580575.5703 -9876664280280.4121
44.110328574668628 9993422493798.6445 -9993404085668.6484
44.110333374000533 10111892311876.752 -10111873794955.973
44.110338173332444 10232122887602.271 -10232104260923.434
44.110342972664348 10354145717648.586 -10354126980232.912
44.11034777199626 10477992957972.381 -10477974108829.42
44.110352571328171 10603697439632.877 -10603678477760.332
44.110357370660076 10731292685038.961 -10731273609422.51
44.110362169991987 10860812924637.146 -10860793734250.262
44.110366969323891 10992293114054.215 -10992273807857.979
44.110371768655803 11125768951708.535 -11125749528651.453
44.110376567987707 11261276896904.115 -11261257355921.926
44.110381367319619 11398854188421.137 -11398834528436.615
44.110386166651523 11538538863619.568 -11538519083542.328
44.110390965983434 11680369778071.629 -11680349876797.924
44.110395765315339 11824386625738.326 -11824366602150.842
44.11040056464725 11970629959707.064 -11970609812674.709
44.110405363979162 12119141213509.373 -12119120941887.066
44.110410163311066 12269962723034.646 -12269942325663.102
44.110414962642977 12423137749059.445 -12423117224764.949
44.110419761974882 12578710500411.26 -12578689848005.443
44.110424561306793 12736726157788.047 -12736705376067.664
44.110429360638697 12897230898252.379 -12897209985999.064
44.110434159970609 13060271920422.057 -13060250876402.094
44.110438959302513 13225897470380.266 -13225876293344.34
44.110443758634425 13394156868326.984 -13394135557009.938
44.110448557966336 13565100535995.275 -13565079089115.855
44.11045335729824 13738780024858.102 -13738758441118.703
44.110458156630152 13915248045150.074 -13915226323236.479
44.110462955962056 14094558495730.262 -14094536634311.369
44.110467755293968 14276766494814.178 -14276744492541.736
44.110472554625872 14461928411601.736 -14461906267110.064
44.110477353957783 14650101898831.994 -14650079610737.697
44.110482153289688 14841345926293.652 -14841323493195.336
44.110486952621599 15035720815323.584 -15035698235801.559
44.110491751953504 15233288274324.543 -15233265546940.527
44.110496551285415 15434111435336.523 -15434088558633.336
44.110501350617326 15638254891696.297 -15638231864197.545
44.110506149949231 15845784736822.441 -15845761557032.205
44.110510949281142 16056768604161.898 -16056745270564.406
44.110515748613047 16271275708335.758 -16271252219395.055
44.110520547944958 16489376887527.857 -16489353241687.471
44.110525347276862 16711144647155.404 -16711120842837.996
44.110530146608774 16936653204864.9 -16936629240471.92
44.110534945940678 17165978536900.006 -17165954410811.33
44.11053974527259 17399198425885.828 -17399174136459.396
44.110544544604501 17636392510079.703 -17636368055651.145
44.110549343936405 17877642334137.734 -17877617713019.988
44.110554143268317 18123031401449.18 -18123006611932.109
44.110558942600221 18372645228091.5 -18372620268441.496
44.110563741932133 18626571398463.316 -18626546266922.891
44.110568541264037 18884899622654.621 -18884874317441.992
44.110573340595948 19147721795613.52 -19147696314922.199
44.110578139927853 19415132058170.117 -19415106400168.473
44.110582939259764 19687226859986.609 -19687201022817.434
44.110587738591668 19964105024497.809 -19964079006277.859
44.11059253792358 20245867815915.562 -20245841614735.113
44.110597337255491 20532619008368.078 -20532592622290.449
44.110602136587396 20824464957249.367 -20824438384310.449
44.110606935919307 21121514672860.125 -21121487911067.891
44.110611735251211 21423879896418.766 -21423852943752.773
44.110616534583123 21731675178528.863 -21731648032939.746
44.110621333915027 22045017960194.93 -22044990619603.879
44.110626133246939 22364028656474.055 -22364001118772.281
44.110630932578843 22688830742863.805 -22688803005912.012
44.110635731910754 23019550844519.715 -23019522906147.531
44.110640531242659 23356318828409.434 -23356290686414.852
44.11064533057457 23699267898514.094 -23699239550662.891
44.110650129906482 24048534694185.289 -24048506138210.438
44.110654929238386 24404259391776.266 -24404230625377.324
44.110659728570297 24766585809666.633 -24766556830509.137
44.110664527902202 25135661516808.484 -25135632322523.305
44.110669327234113 25511637944926.043 -25511608533108.75
44.110674126566018 25894670504505.602 -25894640872715.793
44.110678925897929 26284918704719.926 -26284888850480.562
44.110683725229833 26682546277433.617 -26682516198230.332
44.110688524561745 27087721305442.59 -27087690998722.973
44.110693323893656 27500616355113.98 -27500585818286.863
44.110698123225561 27921408613595.895 -27921377844030.617
44.110702922557472 28350280030762.297 -28350249025787.941
44.110707721889376 28787417466085.152 -28787386222989.777
44.110712521221288 29233012840623.082 -29232981356652.93
44.110717320553192 29687263294320.375 -29687231566679.062
44.110722119885104 30150371348831.312 -30150339374679.004
44.110726919217008 30622545076079.086 -30622512852531.645
44.110731718548919 31103998272776.543 -31103965796904.66
44.110736517880824 31594950641148.102 -31594917909976.418
44.110741317212735 32095627976093.18 -32095594986599.367
44.110746116544647 32606262359048.973 -32606229108162.812
44.110750915876551 33127092358822.191 -33127058843424.617
44.110755715208462 33658363239665.078 -33658329456587.195
44.110760514540367 34200327176891.375 -34200293122913.477
44.110765313872278 34753243480335.875 -34753209152186.402
44.110770113204183 35317378825973.828 -35317344220328.328
44.110774912536094 35893007496036.516 -35892972609516.586
44.110779711867998 36480411627963.266 -36480376457135.422
44.11078451119991 37079881472559.945 -37079846013934.523
44.110789310531821 37691715661746.07 -37691679911776.055
44.110794109863726 38316221486278.641 -38316185441358.484
44.110798909195637 38953715183878.508 -38953678840342.93
44.110803708527541 39604522238179.219 -39604485592301.953
44.110808507859453 40268977688962.906 -40268940736955.43
44.110813307191357 40947426454157.664 -40947389192167.891
44.110818106523269 41640223664095.648 -41640186088206.594
44.110822905855173 42347735008545.016 -42347697114773.422
44.110827705187084 43070337097067.805 -43070298881362.734
44.110832504518989 43808417833260.852 -43808379291502.242
44.1108373038509 44562376803506.047 -44562337931503.234
44.110842103182812 45332625680828.945 -45332586474319.141
44.110846902514716 46119588644527.109 -46119549099173.836
44.110851701846627 46923702816273.594 -46923662927665.094
44.110856501178532 47745418713396.25 -47745378477043.844
44.110861300510443 48585200720094.961 -48585160131431.367
44.110866099842347 49443527577391.922 -49443486631769.516
44.110870899174259 50320892892637.305 -50320851585326.367
44.110875698506163 51217805669447.984 -51217763995634.859
44.110880497838075 52134790858988.305 -52134748813773.539
44.110885297169986 53072389933575.742 -53072347511972.156
44.11089009650189 54031161483586.609 -54031118680517.344
44.110894895833802 55011681838738.312 -55011638649034.781
44.110899695165706 56014545714849.25 -56014502133249.07
44.110904494497618 57040366887258.18 -57040322908403.031
44.110909293829522 58089778892117.586 -58089734510551.031
44.110914093161433 59163435756836.281 -59163390967001.484
44.110918892493338 60262012761050.352 -60261967557287.773
44.110923691825249 61386207229524.75 -61386161606069.75
44.110928491157154 62536739358508.984 -62536693309489.398
44.110933290489065 63714353077094.414 -63714306596528
44.110938089820976 64919816945226.234 -64919770027018.109
44.110942889152881 66153925090143.242 -66153877728083.195
44.110947688484792 67417498183053.398 -67417450370813.172
44.110952487816697 68711384457988.914 -68711336189119.367
44.110957287148608 70036460774846.773 -70036412042775
44.110962086480512 71393633728806.562 -71393584526832.891
44.110966885812424 72783840808334.281 -72783791129629.203
44.110971685144328 74208051604183.266 -74208001441784.297
44.11097648447624 75667269071862.141 -75667218418670.547
44.110981283808144 77162530850251.344 -77162479699028.797
44.110986083140055 78694910639137.172 -78694858982502.312
44.110990882471967 80265519638602.375 -80265467469027.25
44.110995681803871 81875508053372.703 -81875455363179.109
44.111000481135783 83526066665399.312 -83526013446755.031
44.111005280467687 85218428478113.828 -85218374723028.766
44.111010079799598 86953870436018.031 -86953816136340.172
44.111014879131503 88733715223512.188 -88733660370923.516
44.111019678463414 90559333146942.188 -90559277732954.406
44.111024477795318 92432144104281.797 -92432088120231.984
44.11102927712723 94353619646861.547 -94353563083907.609
44.111034076459141 96325285138074 -96325227987190.031
44.111038875791046 98348722014119 -98348664266090.484
44.111043675122957 100425570152142.52 -100425511797561.39
44.111048474454861 102557530351427.59 -102557471380687.09
44.111053273786773 104746366933802.09 -104746307337091.5
44.111058073118677 106993910469625.45 -106993850236924.67
44.111062872450589 109302060636012.53 -109301999757086.45
44.111067671782493 111672789214540.98 -111672727678933.7
44.111072471114404 114108143236078.72 -114108081033107.55
44.111077270446309 116610248280711.11 -116610185399460.36
44.11108206977822 119181311941416.36 -119181248370731
44.111086869110132 121823627460528.72 -121823563189007.75
44.111091668442036 124539577548586.12 -124539512564575.81
44.111096467773947 127331638395732.17 -127331572687318.92
44.111101267105852 130202383886659.78 -130202317441662.91
44.111106066437763 133154490030671.12 -133154422836635.33
44.111110865769668 136190739618864.52 -136190671663052.09
44.111115665101579 139314027121637.56 -139313958391020.33
44.111120464433483 142527363840443.12 -142527294321694.12
44.111125263765395 145833883328377.84 -145833813007862.75
44.111130063097306 149236847095295.38 -149236775959063.5
44.111134862429211 152739650614213.72 -152739578647988.84
44.111139661761122 156345829647011.34 -156345756836182.16
44.111144461093026 160059066907937.91 -160058993237548.09
44.111149260424938 163883199085368.25 -163883124540106.31
44.111154059756842 167822224243208.66 -167822148807397.25
44.111158859088754 171880309624970.62 -171880233282555.56
44.111163658420658 176061799885159 -176061722619697.91
44.111168457752569 180371225773732.31 -180371147568382.78
44.111173257084474 184813313301917.56 -184813234139424.94
44.111178056416385 189392993419034.66 -189392913281719.31
44.111182855748297 194115412232134.28 -194115331101878.47
44.111187655080201 198985941802731.72 -198985859660965.94
44.111192454412112 204010191556677.25 -204010108384366.03
44.111197253744017 209194020346347.97 -209193936123975.22
44.111202053075928 214543549206921.09 -214543463914474.81
44.111206852407832 220065174851180.22 -220065088468136.59
44.111211651739744 225765583950951.47 -225765496456258.5
44.111216451071648 231651768256223.41 -231651679628283.78
44.11122125040356 237731040606611.88 -237730950823265.12
44.111226049735464 244011051894856.19 -244010960933360.28
44.111230849067375 250499809045255.5 -250499716882267.62
44.111235648399287 257205694074756.47 -257205600686313.06
44.111240447731191 264137484309781.66 -264137389671277.59
44.111245247063103 271304373837364.91 -271304277923531.94
44.111250046395007 278715996274740.94 -278715899059625.19
44.111254845726918 286382448947835.25 -286382350404773.81
44.111259645058823 294314318576533.88 -294314218678130.38
44.111264444390734 302522708571934.44 -302522607290033.69
44.111269243722639 311019268058131.06 -311019165363792.62
44.11127404305455 319816222740908.44 -319816118604379
44.111278842386461 328926407754655.81 -328926302145340.5
44.111283641718366 338363302629753.31 -338363195516185.69
44.111288441050277 348141068533314.94 -348140959883125.81
44.111293240382182 358274587948512.44 -358274477728397.06
44.111298039714093 368779506971967.25 -368779395147651.56
44.111302839045997 379672280421431.81 -379672166957636.69
44.111307638377909 390970219963218.69 -390970104823622.88
44.111312437709813 402691545487082.12 -402691428634283.56
44.111317237041725 414855439971389.81 -414855321366865.06
44.111322036373629 427482108105482.19 -427481987709544.06
44.11132683570554 440592838957125 -440592716728878.38
44.111331635037452 454210072998259.31 -454209948895554.69
44.111336434369356 468357473826520.94 -468357347805906.12
44.111341233701268 483060004952967.56 -483059876969636.88
44.111346033033172 498344012055411.25 -498343882063152.38
44.111350832365083 514237311133781.5 -514237179084919.94
44.111355631696988 530769283042232.75 -530769148887573.44
44.111360431028899 547970974912727.12 -547970838601493.38
44.111365230360803 565875209035445.75 -565875070515215.12
44.111370029692715 584516699808790.88 -584516559025428.12
44.111374829024626 603932179428210.38 -603932036325796.75
44.111379628356531 624160533046943.12 -624160387567702.25
44.111384427688442 645242944208670.5 -645242796292890.88
44.111389227020346 667223051424718.75 -667222901010671.62
44.111394026352258 690147116856119.75 -690146963879973.75
44.111398825684162 714064208145404.25 -714064052541134.5
44.111403625016074 739026394550661.5 -739026236249955
44.111408424347978 765088958641716.12 -765088797573871.75
44.111413223679889 792310624938844.62 -792310461030667.75
44.111418023011794 820753807017938.25 -820753640193629.75
44.111422822343705 850484874755248.88 -850484704936288.25
44.111427621675617 881574443552828.12 -881574270657850.5
44.111432421007521 914097687567119.12 -914097511511785
44.111437220339432 948134679174631.5 -948134499871489.75
44.111442019671337 983770757149671 -983770574508014
44.111446819003248 1021096926262299.9 -1021096740188010.5
44.111451618335153 1060210291312932.6 -1060210101708322.4
44.111456417667064 1101214528938028 -1101214335701666.1
44.111461216998968 1144220400866786.8 -1144220203893319.2
44.11146601633088 1189346312716844.2 -1189346111896802.8
44.111470815662784 1236718922861267.2 -1236718718080865.2
44.111475614994696 1286473806399602.8 -1286473597540521.8
44.111480414326607 1338756179845418 -1338755966784578.5
44.111485213658511 1393721692742933.2 -1393721475352253.8
44.111490012990423 1451537293164517.5 -1451537071310657.2
44.111494812322327 1512382174827083 -1512381948371169.5
44.111499611654239 1576448814465575.8 -1576448583262914.5
44.111504410986143 1643944109135547.2 -1643943873035314
44.111509210318054 1715090624239869 -1715090383084781.2
44.111514009649959 1790127964388638 -1790127718014605.5
44.11151880898187 1869314280700280.2 -1869314028936033.5
44.111523608313782 1952927929746852.5 -1952927672413544.8
44.111528407645686 2041269301344375.8 -2041269038255159.8
44.111533206977597 2134662834466829.5 -2134662565426404.8
44.111538006309502 2233459243058567.2 -2233458967862697.2
44.111542805641413 2338037976300180.5 -2338037694735175
44.111547604973318 2448809941085153.5 -2448809652927315
44.111552404305229 2566220518194319.5 -2566220223209351.5
44.111557203637133 2690752907703919 -2690752605646290.5
44.111562002969045 2822931844035774.5 -2822931534648037.5
44.111566802300949 2963327726704377 -2963327409716435
44.111571601632861 3112561219081974 -3112560894210296
44.111576400964772 3271308374785571 -3271308041732345.5
44.111581200296676 3440306359758387.5 -3440306018210612.5
44.111585999628588 3620359848037189 -3620359497665689.5
44.111590798960492 3812348180541691.5 -3812347821000063
44.111595598292404 4017233389341228.5 -4017233020264693.5
44.111600397624308 4236069205168780 -4236068826172954
44.111605196956219 4470011184016067.5 -4470010794695624
44.111609996288124 4720328109357206 -4720327709284431
44.111614795620035 4988414850985676 -4988414439708900
44.111619594951947 5275806890389673 -5275806467431569
44.111624394283851 5584196756167774 -5584196321023511
44.111629193615762 5915452652442309 -5915452204577542
44.111633992947667 6271639610332804 -6271639149181486
44.111638792279578 6655043548037624 -6655043072999617
44.111643591611482 7068198690760161 -7068198201198632
44.111648390943394 7513918880200781 -7513918375439354
44.111653190275298 7995333396219096 -7995332875538734
44.11165798960721 8515928024650971 -8515927487286559
44.111662788939114 9079592239522260 -9079591684658856
44.111667588271025 9690673527493278 -9690672954261984
44.111672387602937 10354040077213558 -10354039484686986
44.111677186934841 11075153288908772 -11075152676096034
44.111681986266753 11860151843465396 -11860151209306576
44.111686785598657 12715949415455992 -12715948758816032
44.111691584930568 13650348535513032 -13650347855174948
44.111696384262473 14672173622359824 -14672172917017178
44.111701183594384 15791426841040682 -15791426109289218
44.111705982926289 17019471219074576 -17019470459402880
44.1117107822582 18369246424733572 -18369245635512660
44.111715581590104 19855523810340456 -19855522989812108
44.111720380922016 21495208822745116 -21495207969008812
44.111725180253927 23307700759347424 -23307699870345640
44.111729979585832 25315322209831468 -25315321283333128
44.111734778917743 27543833514033992 -27543832547615776
44.111739578249647 30023051349853688 -30023050340878864
44.111744377581559 32787595410258360 -32787594355852768
44.111749176913463 35877793326877476 -35877792223902196
44.111753976245375 39340781992037664 -39340780837057800
44.111758775577279 43231853809742176 -43231852598991144
44.11176357490919 47616109923900304 -47616108653238792
44.111768374241102 52570500204996440 -52570498869865144
