# serie phase 2 p4_w2.80_c1.20_dt2s4_k2 : t x1 x2 (dt2=2.0020023630842635e-06, depart t=10.056000000000001 etat bascule x1 x2 v1 v2 = -2775342.5827526031 2762917.4448665073 -176319350.01618227 175923928.81926894)
10.115619630372651 -415044607179.16577 415039792688.07086
10.115621632375014 -416088174039.10773 416083353499.12714
10.115623634377377 -417135022838.16821 417130196237.89514
10.11562563637974 -418185165969.89996 418180333297.89886
10.115627638382103 -419238615882.492 419233777127.29852
10.115629640384466 -420295385079.04517 420290540229.16608
10.115631642386829 -421355486117.84906 421350635161.76227
10.115633644389192 -422418931612.66071 422414074538.81494
10.115635646391555 -423485734232.98456 423480871029.79944
10.115637648393918 -424555906704.35443 424551037360.22028
10.115639650396281 -425629461808.6167 425624586311.89453
10.115641652398645 -426706412384.21552 426701530723.23694
10.115643654401008 -427786771326.47919 427781883489.54626
10.115645656403371 -428870551587.90845 428865657563.29364
10.115647658405734 -429957766178.46631 429952865954.41235
10.115649660408097 -431048428165.86969 431043521730.58954
10.11565166241046 -432142550675.88245 432137638017.55914
10.115653664412823 -433240146892.61029 433235227999.39691
10.115655666415186 -434341230058.79742 434336304918.81683
10.115657668417549 -435445813476.12476 435440882077.46973
10.115659670419912 -436553910505.50995 436548972836.24298
10.115661672422275 -437665534567.40906 437660590615.56226
10.115663674424638 -438780699142.11975 438775748895.69476
10.115665676427001 -439899417770.08667 439894461217.0545
10.115667678429364 -441021704052.20819 441016741180.50928
10.115669680431727 -442147571650.1452 442142602447.68915
10.11567168243409 -443277034286.63141 443272058741.297
10.115673684436453 -444410105745.78571 444405123845.42072
10.115675686438816 -445546799873.42596 445541811605.84711
10.115677688441179 -446687130577.38519 446682135930.37805
10.115679690443542 -447831111827.82892 447826110789.14783
10.115681692445905 -448978757657.57477 448973750214.94263
10.11568369444827 -450130082162.41376 450125068303.52203
10.115685696450633 -451285099501.43353 451280079213.94214
10.115687698452996 -452443823897.34338 452438797168.88062
10.115689700455359 -453606269636.80115 453601236454.9635
10.115691702457722 -454772451070.742 454767411423.09406
10.115693704460085 -455942382614.70911 455937336488.78357
10.115695706462448 -457116078749.18646 457111026132.48389
10.115697708464811 -458293554019.93323 458288494899.922
10.115699710467174 -459474823038.32037 459469757402.43658
10.115701712469537 -460659900481.66913 460654828317.31653
10.1157037144719 -461848801093.59149 461843722388.1413
10.115705716474263 -463041539684.3324 463036454425.12329
10.115707718476626 -464238131131.1142 464233039305.45215
10.115709720478989 -465438590378.48315 465433491973.6413
10.115711722481352 -466642932438.65765 466637827441.87622
10.115713724483715 -467851172391.87885 467846060790.36511
10.115715726486078 -469063325386.76294 469058207167.69098
10.115717728488441 -470279406640.65582 470274281791.1665
10.115719730490804 -471499431439.98975 471494299947.19055
10.115721732493167 -472723415140.64191 472718276991.60693
10.11572373449553 -473951373168.29535 473946228350.06519
10.115725736497895 -475183321018.80176 475178169518.38324
10.115727738500258 -476419274258.54639 476414116062.9126
10.115729740502621 -477659248524.81537 477654083620.90552
10.115731742504984 -478903259526.1651 478898087900.8844
10.115733744507347 -480151323042.79358 480146144683.01312
10.11573574650971 -481403454926.91406 481398269819.4707
10.115737748512073 -482659671103.13098 482654479234.82739
10.115739750514436 -483919987568.81805 483914788926.4223
10.115741752516799 -485184420394.49817 485179214964.74384
10.115743754519162 -486452985724.22638 486447773493.81244
10.115745756521525 -487725699775.97443 487720480731.565
10.115747758523888 -489002578842.01782 488997352970.24213
10.115749760526251 -490283639289.32513 490278406576.7774
10.115751762528614 -491568897559.94971 491563657993.18909
10.115753764530977 -492858370171.42352 492853123736.97388
10.11575576653334 -494152073717.1535 494146820401.50336
10.115757768535703 -495450024866.81995 495444764656.42236
10.115759770538066 -496752240366.77765 496746973248.05011
10.115761772540429 -498058737040.45917 498053462999.78351
10.115763774542792 -499369531788.78052 499364250812.50269
10.115765776545155 -500684641590.54913 500679353664.97919
10.11576777854752 -502004083502.87469 501998788614.28656
10.115769780549883 -503327874661.58185 503322572796.21332
10.115771782552246 -504656032281.62592 504650723425.67853
10.115773784554609 -505988573657.51056 505983257797.14948
10.115775786556972 -507325516163.70813 507320193285.06189
10.115777788559335 -508666877255.08246 508661547344.24298
10.115779790561698 -510012674467.31458 510007337510.33704
10.115781792564061 -511362925417.33044 511357581400.23309
10.115783794566424 -512717647803.73132 512712296712.49542
10.115785796568787 -514076859407.22705 514071501227.79663
10.11578779857115 -515440578091.07153 515435212809.35345
10.115789800573513 -516808821801.5011 516803449403.36481
10.115791802575876 -518181608568.17517 518176229039.45264
10.115793804578239 -519558956504.61987 519553569831.10535
10.115795806580602 -520940883808.67407 520935489976.12415
10.115797808582965 -522327408762.93842 522322007757.07178
10.115799810585328 -523718549735.2265 523713141541.72382
10.115801812587691 -525114325179.01923 525108909783.52295
10.115803814590054 -526514753633.92181 526509331022.03619
10.115805816592417 -527919853726.12341 527914423883.41437
10.11580781859478 -529329644168.85968 529324207080.85449
10.115809820597145 -530744143762.87769 530738699415.06506
10.115811822599508 -532163371396.90424 532157919774.73407
10.115813824601871 -533587346048.11664 533581887136.99994
10.115815826604234 -535016086782.61627 535010620567.92499
10.115817828606597 -536449612755.90521 536444139222.97217
10.11581983060896 -537887943213.36554 537882462347.48425
10.115821832611323 -539331097490.74176 539325609277.16626
10.115823834613686 -540779095014.62592 540773599438.57074
10.115825836616049 -542231955302.94586 542226452349.58582
10.115827838618412 -543689697965.45618 543684187619.92615
10.115829840620775 -545152342704.23236 545146824951.62744
10.115831842623138 -546619909314.16809 546614384139.54315
10.115833844625501 -548092417683.47479 548086885071.84448
10.115835846627864 -549569887794.18524 549564347730.52393
10.115837848630227 -551052339722.65955 551046792191.901
10.11583985063259 -552539793640.09436 552534238627.13171
10.115841852634953 -554032269813.03528 554026707302.72095
10.115843854637316 -555529788603.89221 555524218581.03772
10.115845856639679 -557032370471.45801 557026792920.83374
10.115847858642042 -558540035971.42993 558534450877.76514
10.115849860644405 -560052805756.93494 560047213104.9176
10.115851862646769 -561570700579.05762 561565100353.33411
10.115853864649132 -563093741287.37158 563088133472.54663
10.115855866651495 -564621948830.474 564616333411.11072
10.115857868653858 -566155344256.52393 566149721217.14343
10.115859870656221 -567693948713.78284 567688318038.86426
10.115861872658584 -569237783451.1593 569232145125.13965
10.115863874660947 -570786869818.75671 570781223826.03064
10.11586587666331 -572341229268.42456 572335575593.34412
10.115867878665673 -573900883354.31287 573895221981.18762
10.115869880668036 -575465853733.43018 575460184646.52686
10.115871882670399 -577036162166.20496 577030485349.74744
10.115873884672762 -578611830517.05054 578606145955.2196
10.115875886675125 -580192880754.93323 580187188431.86658
10.115877888677488 -581779334953.94385 581773634853.73584
10.115879890679851 -583371215293.87317 583365507400.57458
10.115881892682214 -584968544060.79065 584962828358.40869
10.115883894684577 -586571343647.62708 586565620120.125
10.11588589668694 -588179636554.7605 588173905186.05774
10.115887898689303 -589793445390.60596 589787706164.57788
10.115889900691666 -591412792872.20874 591407045772.6864
10.115891902694029 -593037701825.84082 593031946836.61084
10.115893904696394 -594668195187.60205 594662432292.40674
10.115895906698757 -596304296004.02441 596298525186.56116
10.11589790870112 -597946027432.67969 597940248676.60107
10.115899910703483 -599593412742.79175 599587626031.70532
10.115901912705846 -601246475315.85205 601240680633.32031
10.115903914708209 -602905238646.23914 602899435975.77917
10.115905916710572 -604569726341.8418 604563915666.92529
10.115907918712935 -606239962124.68652 606234143428.73938
10.115909920715298 -607915969831.56812 607910143097.9707
10.115911922717661 -609597773414.6853 609591938626.77185
10.115913924720024 -611285396942.2793 611279554083.33789
10.115915926722387 -612978864599.27673 612973013652.54919
10.11591792872475 -614678200687.93726 614672341636.61914
10.115919930727113 -616383429628.50403 616377562455.74426
10.115921932729476 -618094575959.85876 618088700648.7594
10.115923934731839 -619811664340.18091 619805780873.79724
10.115925936734202 -621534719547.61108 621528827908.95117
10.115927938736565 -623263766480.91846 623257866652.94336
10.115929940738928 -624998830160.17236 624992922125.79553
10.115931942741291 -626739935727.41785 626734019469.50525
10.115933944743654 -628487108447.35608 628481183948.72595
10.115935946746019 -630240373708.02881 630234440951.45142
10.115937948748382 -631999757021.50671 631993815989.70422
10.115939950750745 -633765284024.58264 633759334700.22913
10.115941952753108 -635536980479.46887 635531022845.18994
10.115943954755471 -637314872274.4989 637308906312.87158
10.115945956757834 -639098985424.83325 639093011118.38586
10.115947958760197 -640889346073.17029 640883363404.3822
10.11594996076256 -642685980490.46106 642679989441.76257
10.115951962764923 -644488915076.62915 644482915630.40137
10.115953964767286 -646298176361.2948 646292168499.86938
10.115955966769649 -648113791004.5033 648107774710.16235
10.115957968772012 -649935785797.4585 649929761052.4342
10.115959970774375 -651764187663.26062 651758154449.73535
10.115961972776738 -653599023657.64905 653592981957.75488
10.115963974779101 -655440320969.74976 655434270765.5686
10.115965976781464 -657288106922.82751 657282048196.39075
10.115967978783827 -659142408975.04236 659136341708.33069
10.11596998078619 -661003254720.21155 660997178895.15491
10.115971982788553 -662870671888.57605 662864587487.05334
10.115973984790916 -664744688347.57166 664738595351.41064
10.115975986793279 -666625332102.60535 666619230493.58228
10.115977988795644 -668512631297.83643 668506521057.67615
10.115979990798007 -670406614216.96301 670400495327.33862
10.11598199280037 -672307309284.01294 672301181726.54553
10.115983994802733 -674214745064.14001 674208608820.39856
10.115985996805096 -676128950264.42578 676122805315.927
10.115987998807459 -678049953734.68591 678043800062.89392
10.115990000809822 -679977784468.28174 679971622054.60803
10.115992002812185 -681912471602.93726 681906300428.7406
10.115994004814548 -683854044421.5614 683847864468.14746
10.115996006816911 -685802532353.07495 685796343601.69629
10.115998008819274 -687757964973.24304 687751767405.09863
10.116000010821637 -689720372005.51331 689714165601.74854
10.116002012824 -691689783321.85962 691683568063.56616
10.116004014826363 -693666228943.63049 693660004811.84607
10.116006016828726 -695649739042.40332 695643506018.11121
10.116008018831089 -697640343940.84424 697634102004.97363
10.116010020833452 -699638074113.57397 699631823246.99927
10.116012022835815 -701642960188.03784 701636700371.57886
10.116014024838178 -703655032945.38306 703648764159.80457
10.116016026840541 -705674323321.34021 705668045547.35181
10.116018028842904 -707700862407.11145 707694575625.36731
10.116020030845268 -709734681450.26404 709728385641.36292
10.116022032847631 -711775811855.63 711769507000.11487
10.116024034849994 -713824285186.21094 713817971264.56873
10.116026036852357 -715880133164.08923 715873810156.75085
10.11602803885472 -717943387671.34509 717937055558.68494
10.116030040857083 -720014080750.97937 720007739513.31531
10.116032042859446 -722092244607.84265 722085894225.43591
10.116034044861809 -724177911609.57019 724171552062.62488
10.116036046864172 -726271114287.52271 726264745556.18591
10.116038048866535 -728371885337.73389 728365507402.09509
10.116040050868898 -730480257621.86328 730473870461.95447
10.116042052871261 -732596264168.15662 732589867763.95203
10.116044054873624 -734719938172.41125 734713532503.82715
10.116046056875987 -736851312998.94788 736844898045.84216
10.11604805887835 -738990422181.58923 738983997923.76135
10.116050060880713 -741137299424.64551 741130865841.83643
10.116052062883076 -743291978603.90527 743285535675.79712
10.116054064885439 -745454493767.63293 745448041473.84863
10.116056066887802 -747624879137.57312 747618417457.67639
10.116058068890165 -749803169109.96191 749796698023.45691
10.116060070892528 -751989398256.54443 751982917742.87561
10.116062072894893 -754183601325.59888 754177111364.15076
10.116064074897256 -756385813242.96765 756379313813.0647
10.116066076899619 -758596069113.0946 758589560194.00085
10.116068078901982 -760814404220.07007 760807885790.98889
10.116070080904345 -763040854028.68201 763034326068.75598
10.116072082906708 -765275454185.47485 765268916673.78564
10.116074084909071 -767518240519.81433 767511693435.3822
10.116076086911434 -769769249044.95996 769762692366.74365
10.116078088913797 -772028515959.14478 772021949666.04138
10.11608009091616 -774296077646.66187 774289501717.50659
10.116082092918523 -776571970678.95825 776565385092.52405
10.116084094920886 -778856231815.73547 778849636550.73303
10.116086096923249 -781148898006.05811 781142293041.13538
10.116088098925612 -783450006389.46948 783443391703.21155
10.116090100927975 -785759594297.11499 785752969868.04395
10.116092102930338 -788077699252.87207 788071065059.44666
10.116094104932701 -790404358974.4884 790397714995.10388
10.116096106935064 -792739611374.72766 792732957587.71533
10.116098108937427 -795083494562.52222 795076830946.14954
10.11610011093979 -797436046844.13489 797429373376.60498
10.116102112942153 -799797306724.32678 799790623383.7782
10.116104114944518 -802167312907.53406 802160619672.04077
10.116106116946881 -804546104299.05237 804539401146.62329
10.116108118949244 -806933720006.22852 806927006914.80725
10.116110120951607 -809330199339.66101 809323476287.12598
10.11611212295397 -811735581814.40808 811728848778.57178
10.116114124956333 -814149907151.20361 814143164109.81262
10.116116126958696 -816573215277.68201 816566462208.41675
10.116118128961059 -819005546329.61072 818998783210.08521
10.116120130963422 -821446940652.13098 821440167459.89258
10.116122132965785 -823897438801.00696 823890655513.53601
10.116124134968148 -826357081543.8833 826350288138.59302
10.116126136970511 -828825909861.55151 828819106315.7876
10.116128138972874 -831303964949.22388 831297151240.26453
10.116130140975237 -833791288217.81714 833784464322.87244
10.1161321429776 -836287921295.24414 836281087191.45605
10.116134144979963 -838793906027.71423 838787061692.15625
10.116136146982326 -841309284481.04272 841302429890.71973
10.116138148984689 -843834098941.96899 843827234073.81677
10.116140150987052 -846368391919.48315 846361516750.36829
10.116142152989415 -848912206146.16223 848905320652.88196
10.116144154991778 -851465584579.51562 851458688738.79736
10.116146156994143 -854028570403.3385 854021664191.83972
10.116148158996506 -856601207029.07556 856594290423.38342
10.116150160998869 -859183538097.19324 859176611073.82434
10.116152163001232 -861775607478.56152 861768670013.96179
10.116154165003595 -864377459275.84583 864370511346.38989
10.116156167005958 -866989137824.90735 866982179406.89868
10.116158169008321 -869610687696.21362 869603718765.88416
10.116160171010684 -872242153696.25793 872235174229.76758
10.116162173013047 -874883580868.98877 874876590842.42542
10.11616417501541 -877535014497.25 877528013886.62903
10.116166177017773 -880196500104.22888 880189488885.49304
10.116168179020136 -882868083454.91577 882861061603.93481
10.116170181022499 -885549810557.57275 885542778050.14331
10.116172183024862 -888241727665.21252 888234684477.05762
10.116174185027225 -890943881277.08752 890936827383.85632
10.116176187029588 -893656318140.18945 893649253517.45703
10.116178189031951 -896379085250.7594 896372009874.02661
10.116180191034314 -899112229855.80713 899105143700.50012
10.116182193036677 -901855799454.64148 901848702496.11145
10.11618419503904 -904609841800.41162 904602734013.93457
10.116186197041403 -907374404901.65845 907367286262.43494
10.116188199043767 -910149537023.87634 910142407507.03088
10.11619020104613 -912935286691.08679 912928146271.66809
10.116192203048493 -915731702687.42261 915724551340.40283
10.116194205050856 -918538834058.72156 918531671758.99646
10.116196207053219 -921356730114.13257 921349556836.52063
10.116198209055582 -924185440427.73218 924178256146.97485
10.116200211057945 -927025014840.15344 927017819530.91455
10.116202213060308 -929875503460.22424 929868297097.08984
10.116204215062671 -932736956666.61816 932729739224.09607
10.116206217065034 -935609425109.51636 935602196562.03601
10.116208219067397 -938492959712.28137 938485720034.19336
10.11621022106976 -941387611673.14258 941380360838.71838
10.116212223072123 -944293432466.89307 944286170450.32495
10.116214225074486 -947210473846.59827 947203200621.9989
10.116216227076849 -950138787845.31616 950131503386.71814
10.116218229079212 -953078426777.82983 953071131059.18555
10.116220231081575 -956029443242.39209 956022136237.57324
10.116222233083938 -958991890122.48242 958984571805.27979
10.116224235086301 -961965820588.57617 961958490932.69934
10.116226237088664 -964951288099.92639 964943947079.00342
10.116228239091027 -967948346406.35681 967940993993.93396
10.116230241093392 -970957049550.0686 970949685719.60999
10.116232243095755 -973977451867.45935 973970076592.34668
10.116234245098118 -977009607990.95471 977002221244.48669
10.116236247100481 -980053572850.85266 980046174606.24487
10.116238249102844 -983109401677.18188 983101991907.56665
10.116240251105207 -986177150001.57214 986169728679.99792
10.11624225310757 -989256873659.13782 989249440758.56897
10.116244255109933 -992348628790.37451 992341184283.69092
10.116246257112296 -995452471843.07007 995445015703.06689
10.116248259114659 -998568459574.22815 998560991773.61536
10.116250261117022 -1001696649052.0055 1001689169563.4078
10.116252263119385 -1004837097657.6632 1004829606453.6195
10.116254265121748 -1007989863087.5311 1007982360140.4941
10.116256267124111 -1011155003354.9868 1011147488637.323
10.116258269126474 -1014332576792.4481 1014325050276.437
10.116260271128837 -1017522642053.3796 1017515103711.2137
10.1162622731312 -1020725258114.3142 1020717707918.0985
10.116264275133563 -1023940484276.8876 1023932922198.6393
10.116266277135926 -1027168380169.8888 1027160806181.537
10.116268279138289 -1030409005751.3245 1030401419824.7097
10.116270281140652 -1033662421310.4973 1033654823417.3713
10.116272283143017 -1036928687470.1001 1036921077582.1255
10.11627428514538 -1040207865188.3243 1040200243277.0741
10.116276287147743 -1043500015760.9838 1043492381797.9409
10.116278289150106 -1046805200823.653 1046797554780.2104
10.116280291152469 -1050123482353.8218 1050115824201.2819
10.116282293154832 -1053454922673.0645 1053447252382.6383
10.116284295157195 -1056799584449.2245 1056791901992.0322
10.116286297159558 -1060157530698.6155 1060149836045.6853
10.116288299161921 -1063528824788.2368 1063521117910.5049
10.116290301164284 -1066913530438.0065 1066905811306.3165
10.116292303166647 -1070311711723.0089 1070303980308.1119
10.11629430516901 -1073723433075.7595 1073715689348.3134
10.116296307171373 -1077148759288.485 1077141003219.0538
10.116298309173736 -1080587755515.42 1080579987074.4744
10.116300311176099 -1084040487275.1211 1084032706433.037
10.116302313178462 -1087507020452.7961 1087499227179.855
10.116304315180825 -1090987421302.6515 1090979615569.0397
10.116306317183188 -1094481756450.256 1094473938226.0646
10.116308319185551 -1097990092894.9215 1097982262150.1458
10.116310321187914 -1101512498012.1006 1101504654716.6394
10.116312323190277 -1105049039555.8025 1105041183679.4585
10.116314325192642 -1108599785661.0247 1108591917173.5034
10.116316327195005 -1112164804846.2034 1112156923717.113
10.116318329197368 -1115744166015.6829 1115736272214.5337
10.116320331199731 -1119337938462.2007 1119330031958.405
10.116322333202094 -1122946191869.3928 1122938272632.2644
10.116324335204457 -1126568996314.3145 1126561064313.0684
10.11632633720682 -1130206422269.9812 1130198477473.7329
10.116328339209183 -1133858540607.9268 1133850582985.6921
10.116330341211546 -1137525422600.7822 1137517452121.4768
10.116332343213909 -1141207139924.8718 1141199156557.3108
10.116334345216272 -1144903764662.8289 1144895768375.7266
10.116336347218635 -1148615369306.2295 1148607360068.1987
10.116338349220998 -1152342026758.2468 1152334004537.7986
10.116340351223361 -1156083810336.3237 1156075775101.8672
10.116342353225724 -1159840793774.8657 1159832745494.707
10.116344355228087 -1163613051227.9524 1163604989870.2949
10.11634635723045 -1167400657272.0706 1167392582805.0144
10.116348359232813 -1171203686908.8652 1171195599300.4065
10.116350361235176 -1175022215567.9126 1175014114785.9434
10.116352363237539 -1178856319109.5125 1178848205121.8198
10.116354365239902 -1182706073827.5007 1182697946601.7668
10.116356367242267 -1186571556452.0845 1186563415955.886
10.11635836924463 -1190452844152.696 1190444690353.5034
10.116360371246993 -1194350014540.8691 1194341847406.0466
10.116362373249355 -1198263145673.136 1198254965169.9409
10.116364375251718 -1202192316053.9458 1202184122149.5283
10.116366377254081 -1206137604638.6038 1206129397300.0061
10.116368379256444 -1210099090836.2334 1210090870030.3896
10.116370381258807 -1214076854512.7603 1214068620206.4961
10.11637238326117 -1218070975993.9177 1218062728153.9497
10.116374385263533 -1222081536068.2739 1222073274661.209
10.116376387265896 -1226108615990.2827 1226100340982.6179
10.116378389268259 -1230152297483.3572 1230144008841.4792
10.116380391270622 -1234212662742.9639 1234204360433.1487
10.116382393272985 -1238289794439.7432 1238281478428.155
10.116384395275348 -1242383775722.6511 1242375445975.343
10.116386397277711 -1246494690222.124 1246486346705.0366
10.116388399280074 -1250622622053.2666 1250614264732.2275
10.116390401282437 -1254767655819.0659 1254759284659.7898
10.1163924032848 -1258929876613.6284 1258921491581.7163
10.116394405287163 -1263109370025.4409 1263100971086.3796
10.116396407289526 -1267306222140.6555 1267297809259.8174
10.116398409291891 -1271520519546.3994 1271512092689.0417
10.116400411294254 -1275752349334.1096 1275743908465.3743
10.116402413296617 -1280001799102.8921 1279993344187.8047
10.11640441529898 -1284268956962.907 1284260487966.3767
10.116406417301343 -1288553911538.7793 1288545428425.5981
10.116408419303706 -1292856751973.0359 1292848254707.8787
10.116410421306069 -1297177567929.5659 1297169056476.9895
10.116412423308432 -1301516449597.1082 1301507923921.551
10.116414425310795 -1305873487692.7651 1305864947758.5466
10.116416427313158 -1310248773465.5435 1310240219236.8635
10.116418429315521 -1314642398699.9224 1314633830140.8611
10.116420431317884 -1319054455719.4463 1319045872793.9631
10.116422433320247 -1323485037390.3479 1323476440062.2812
10.11642443532261 -1327934237125.196 1327925625358.2632
10.116426437324973 -1332402148886.5728 1332393522644.3689
10.116428439327336 -1336888867190.7764 1336880226436.7742
10.116430441329699 -1341394487111.554 1341385831809.1033
10.116432443332062 -1345919104283.8618 1345910434396.1887
10.116434445334425 -1350462814907.6548 1350454130397.8613
10.116436447336788 -1355025715751.7048 1355017016582.7686
10.116438449339151 -1359607904157.4482 1359599190292.2214
10.116440451341516 -1364209478042.8625 1364200749444.072
10.116442453343879 -1368830535906.3718 1368821792536.6184
10.116444455346242 -1373471176830.7817 1373462418652.5393
10.116446457348605 -1378131500487.2458 1378122727462.8613
10.116448459350968 -1382811607139.2612 1382802819230.9536
10.116450461353331 -1387511597646.6941 1387502794816.5542
10.116452463355694 -1392231573469.8391 1392222755679.8289
10.116454465358057 -1396971636673.5061 1396962803885.4578
10.11645646736042 -1401731889931.1421 1401723042106.7581
10.116458469362783 -1406512436528.9819 1406503573629.8342
10.116460471365146 -1411313380370.2314 1411304502357.761
10.116462473367509 -1416134825979.2837 1416125932814.8
10.116464475369872 -1420976878505.9656 1420967970150.646
10.116466477372235 -1425839643729.8181 1425830720144.7068
10.116468479374598 -1430723228064.4111 1430714289210.4194
10.116470481376961 -1435627738561.6907 1435618784399.5957
10.116472483379324 -1440553282916.3574 1440544313406.802
10.116474485381687 -1445499969470.2827 1445490984573.7744
10.11647648738405 -1450467907216.9568 1450458906893.8679
10.116478489386413 -1455457205805.9719 1455448190016.5381
10.116480491388776 -1460467975547.5391 1460458944251.8596
10.116482493391141 -1465500327417.0422 1465491280575.0791
10.116484495393504 -1470554373059.6245 1470545310631.2014
10.116486497395867 -1475630224794.8115 1475621146739.6138
10.11648849939823 -1480727995621.1724 1480718901898.7461
10.116490501400593 -1485847799221.0139 1485838689790.7654
10.116492503402956 -1490989749965.1147 1490980624786.3101
10.116494505405319 -1496153962917.4937 1496144821949.2576
10.116496507407682 -1501340553840.2166 1501331397041.5327
10.116498509410045 -1506549639198.2397 1506540466527.9495
10.116500511412408 -1511781336164.2913 1511772147581.093
10.116502513414771 -1517035762623.7915 1517026558086.2402
10.116504515417134 -1522313037179.8113 1522303816646.3181
10.116506517419497 -1527613279158.0693 1527604042586.9004
10.11650851942186 -1532936608611.969 1532927355961.2454
10.116510521424223 -1538283146327.6748 1538273877555.3713
10.116512523426586 -1543653013829.2278 1543643728893.1731
10.116514525428949 -1549046333383.7021 1549037032241.5776
10.116516527431312 -1554463228006.4006 1554453910615.7397
10.116518529433675 -1559903821466.092 1559894487784.2795
10.116520531436038 -1565368238290.291 1565358888274.5627
10.116522533438401 -1570856603770.5789 1570847237378.0208
10.116524535440766 -1576369043967.9653 1576359661155.5129
10.116526537443129 -1581905685718.2935 1581896286442.7312
10.116528539445492 -1587466656637.6877 1587457240855.6482
10.116530541447855 -1593052085128.0432 1593042652796.0066
10.116532543450218 -1598662100382.562 1598652651456.8552
10.116534545452581 -1604296832391.3308 1604287366828.1272
10.116536547454944 -1609956411946.9434 1609946929702.2615
10.116538549457307 -1615640970650.167 1615631471679.8704
10.11654055145967 -1621350640915.6572 1621341125175.4536
10.116542553462033 -1627085555977.7129 1627076023423.1536
10.116544555464396 -1632845849896.0793 1632836300482.5583
10.116546557466759 -1638631657561.7998 1638622091244.5532
10.116548559469122 -1644443114703.1106 1644433531437.2158
10.116550561471485 -1650280357891.3848 1650270757631.76
10.116552563473848 -1656143524547.1245 1656133907248.5278
10.116554565476211 -1662032752945.9988 1662023118563.0276
10.116556567478574 -1667948182224.9316 1667938530712.0217
10.116558569480937 -1673889952388.2375 1673880283699.6628
10.1165605714833 -1679858204313.8071 1679848518403.6785
10.116562573485663 -1685853079759.342 1685843376581.6067
10.116564575488026 -1691874721368.6394 1691865000877.0803
10.11656657749039 -1697923272677.9282 1697913534826.1633
10.116568579492753 -1703998878122.2559 1703989122863.7371
10.116570581495116 -1710101683041.9265 1710091910329.9392
10.116572583497479 -1716231833688.9917 1716222043476.6538
10.116574585499842 -1722389477233.7935 1722379669474.0552
10.116576587502205 -1728574761771.5588 1728564936417.2014
10.116578589504568 -1734787836329.0486 1734777993332.6838
10.116580591506931 -1741028850871.259 1741018990185.3284
10.116582593509294 -1747297956308.1777 1747288077884.9512
10.116584595511657 -1753595304501.5977 1753585408293.1738
10.11658659751402 -1759921048271.9844 1759911134230.2891
10.116588599516383 -1766275341405.3958 1766265409482.1814
10.116590601518746 -1772658338660.4622 1772648388807.3066
10.116592603521109 -1779070195775.4229 1779060227943.7295
10.116594605523472 -1785511069475.2209 1785501083616.217
10.116596607525835 -1791981117478.6516 1791971113543.3879
10.116598609528198 -1798480498505.5718 1798470476444.9219
10.116600611530561 -1805009372284.1692 1804999332048.8281
10.116602613532924 -1811567899558.2893 1811557841098.7734
10.116604615535287 -1818156242094.8232 1818146165361.469
10.11660661753765 -1824774562691.1553 1824764467634.1187
10.116608619540015 -1831423025182.6721 1831412911751.9272
10.116610621542378 -1838101794450.3337 1838091662595.6726
10.116612623544741 -1844811036428.3076 1844800886099.3394
10.116614625547104 -1851550918111.6641 1851540749257.8137
10.116616627549467 -1858321607564.1338 1858311420134.6418
10.11661862955183 -1865123273925.9307 1865113067869.8518
10.116620631554193 -1871956087421.6392 1871945862687.8418
10.116622633556556 -1878820219368.166 1878809975905.3308
10.116624635558919 -1885715842182.76 1885705579939.3796
10.116626637561282 -1892643129391.0979 1892632848315.4763
10.116628639563645 -1899602255635.4326 1899591955675.6836
10.116630641566008 -1906593396682.8105 1906583077786.8569
10.116632643568371 -1913616729433.3623 1913606391548.9355
10.116634645570734 -1920672431928.6577 1920662075003.2966
10.116636647573097 -1927760683360.1294 1927750307341.1794
10.11663864957546 -1934881664077.5674 1934871268912.1794
10.116640651577823 -1942035555597.6853 1942025141232.8154
10.116642653580186 -1949222540612.7585 1949212106995.1663
10.116644655582549 -1956442802999.3323 1956432350075.5803
10.116646657584912 -1963696527827.0037 1963686055543.4568
10.116648659587275 -1970983901367.2754 1970973409670.0996
10.11665066158964 -1978305111102.4861 1978294599937.6475
10.116652663592003 -1985660345734.8125 1985649815048.0762
10.116654665594366 -1993049795195.3508 1993039244932.2805
10.116656667596729 -2000473650653.2717 2000463080759.2288
10.116658669599092 -2007932104525.0505 2007921514945.1924
10.116660671601455 -2015425350483.7773 2015414741163.0574
10.116662673603818 -2022953583468.5452 2022942954351.7112
10.116664675606181 -2030516999693.9143 2030506350725.5078
10.116666677608544 -2038115796659.4607 2038105127783.8157
10.116668679610907 -2045750173159.4011 2045739484320.6431
10.11667068161327 -2053420329292.3035 2053409620434.3489
10.116672683615633 -2061126466470.8772 2061115737537.4321
10.116674685617996 -2068868787431.8438 2068858038366.4031
10.116676687620359 -2076647496245.8958 2076636726991.7419
10.116678689622722 -2084462798327.7363 2084452008827.939
10.116680691625085 -2092314900446.2041 2092304090643.6182
10.116682693627448 -2100204010734.4839 2100193180571.749
10.116684695629811 -2108130338700.4072 2108119488119.9473
10.116686697632174 -2116094095236.8386 2116083224180.8599
10.116688699634537 -2124095492632.1462 2124084601042.6365
10.1166907016369 -2132134744580.7666 2132123832399.4944
10.116692703639265 -2140212066193.8611 2140201133362.3745
10.116694705641628 -2148327674010.0574 2148316720469.6833
10.116696707643991 -2156481786006.2869 2156470811698.1296
10.116698709646354 -2164674621608.7119 2164663626473.6523
10.116700711648717 -2172906401703.7485 2172895385682.4426
10.11670271365108 -2181177348649.1829 2181166311682.061
10.116704715653443 -2189487686285.3835 2189476628312.6494
10.116706717655806 -2197837639946.6108 2197826560908.2402
10.116708719658169 -2206227436472.4233 2206216336308.1636
10.116710721660532 -2214657304219.1753 2214646182868.543
10.116712723662895 -2223127473071.6216 2223116330473.9023
10.116714725665258 -2231638174454.6265 2231627010548.874
10.116716727667621 -2240189641344.959 2240178456069.9937
10.116718729669984 -2248782108283.2002 2248770901577.6084
10.116720731672347 -2257415811385.7515 2257404583187.8833
10.11672273367471 -2266090988356.9429 2266079738604.9116
10.116724735677073 -2274807878501.2544 2274796607132.936
10.116726737679436 -2283566722735.6377 2283555429688.6694
10.116728739681799 -2292367763601.9424 2292356448813.7202
10.116730741684162 -2301211245279.4551 2301199908687.1348
10.116732743686525 -2310097413597.5474 2310086055138.042
10.116734745688889 -2319026516048.4263 2319015135658.4053
10.116736747691252 -2327998801800.0044 2327987399415.8921
10.116738749693615 -2337014521708.8804 2337003097266.856
10.116740751695978 -2346073928333.4292 2346062481769.4238
10.116742753698341 -2355177275947.0059 2355165807196.7026
10.116744755700704 -2364324820551.2725 2364313329550.105
10.116746757703067 -2373516819889.6372 2373505306572.7881
10.11674875970543 -2382753533460.8096 2382741997763.2095
10.116750761707793 -2392035222532.4736 2392023664388.8003
10.116752763710156 -2401362150155.0854 2401350569499.7617
10.116754765712519 -2410734581175.7871 2410722977942.9805
10.116756767714882 -2420152782252.4487 2420141156376.0693
10.116758769717245 -2429617021867.8271 2429605373281.5273
10.116760771719608 -2439127570343.856 2439115898981.0288
10.116762773721971 -2448684699856.0542 2448673005649.8315
10.116764775724334 -2458288684448.0664 2458276967331.3184
10.116766777726697 -2467939800046.333 2467928059951.666
10.11676877972906 -2477638324474.8892 2477626561334.6455
10.116770781731423 -2487384537470.2925 2487372751216.5488
10.116772783733786 -2497178720696.6836 2497166911261.2485
10.116774785736149 -2507021157760.9824 2507009325075.3965
10.116776787738514 -2516912134228.2192 2516900278223.7534
10.116778789740877 -2526851937636.9985 2526840058244.6519
10.11678079174324 -2536840857515.106 2536828954665.606
10.116782793745603 -2546879185395.2485 2546867259019.0483
10.116784795747966 -2556967214830.9321 2556955264858.2095
10.116786797750329 -2567105241412.4946 2567093267773.1519
10.116788799752692 -2577293562783.2661 2577281565406.9263
10.116790801755055 -2587532478655.8804 2587520457471.8877
10.116792803757418 -2597822290828.7397 2597810245766.1582
10.116794805759781 -2608163303202.6162 2608151234190.2271
10.116796807762144 -2618555821797.4048 2618543728763.7061
10.116798809764507 -2629000154769.0327 2628988037642.2373
10.11680081176687 -2639496612426.5103 2639484471134.5449
10.116802813769233 -2650045507249.145 2650033341719.6484
10.116804815771596 -2660647153903.9082 2660634964064.23
10.116806817773959 -2671301869262.9561 2671289655040.1553
10.116808819776322 -2682009972421.3071 2681997733742.1514
10.116810821778685 -2692771784714.6787 2692759521505.6416
10.116812823781048 -2703587629737.4824 2703575341924.7417
10.116814825783411 -2714457833360.9946 2714445520870.4326
10.116816827785774 -2725382723751.6865 2725370386508.8872
10.116818829788139 -2736362631389.7104 2736350269319.958
10.116820831790502 -2747397889087.5664 2747385502115.8442
10.116822833792865 -2758488832008.9307 2758476420059.9199
10.116824835795228 -2769635797687.6558 2769623360685.7334
10.116826837797591 -2780839126046.9468 2780826663916.1836
10.116828839799954 -2792099159418.7144 2792086672082.8745
10.116830841802317 -2803416242563.1001 2803403729945.6387
10.11683284380468 -2814790722688.1826 2814778184712.2451
10.116834845807043 -2826222949469.8579 2826210386058.2778
10.116836847809406 -2837713275071.9009 2837700686147.1978
10.116838849811769 -2849262054166.2236 2849249439650.6025
10.116840851814132 -2860869643953.313 2860857003768.6621
10.116842853816495 -2872536404182.8472 2872523738250.7363
10.116844855818858 -2884262697174.5151 2884250005416.1948
10.116846857821221 -2896048887839.0161 2896036170175.415
10.116848859823584 -2907895343699.2539 2907882600050.978
10.116850861825947 -2919802434911.7354 2919789665199.0649
10.11685286382831 -2931770534288.1592 2931757738431.0488
10.116854865830673 -2943800017317.2061 2943787195235.2822
10.116856867833036 -2955891262186.5269 2955878413799.0859
10.116858869835399 -2968044649804.9351 2968031775030.9424
10.116860871837764 -2980260563824.8101 2980247662582.897
10.116862873840127 -2992539390664.7036 2992526462873.1675
10.11686487584249 -3004881519532.1592 3004868565108.9604
10.116866877844853 -3017287342446.7358 3017274361309.4966
10.116868879847216 -3029757254263.251 3029744246329.2529
10.116870881849579 -3042291652695.2446 3042278617881.4277
10.116872883851942 -3054890938338.6562 3054877876561.6172
10.116874885854305 -3067555514695.7246 3067542425871.7139
10.116876887856668 -3080285788199.1094 3080272672244.0308
10.116878889859031 -3093082168236.2417 3093069025065.6504
10.116880891861394 -3105945067173.8906 3105931896702.9902
10.116882893863757 -3118874900382.9761 3118861702526.6182
10.11688489586612 -3131872086263.6079 3131858860936.2896
10.116886897868483 -3144937046270.354 3144923793386.2153
10.116888899870846 -3158070204937.7539 3158056924410.5776
10.116890901873209 -3171271989906.0679 3171258681649.2764
10.116892903875572 -3184542831947.2705 3184529495873.9238
10.116894905877935 -3197883164991.2896 3197869801014.0845
10.116896907880298 -3211293426152.4946 3211280034183.7622
10.116898909882661 -3224774055756.4268 3224760635708.1304
10.116900911885024 -3238325497366.7905 3238312049150.5239
10.116902913887388 -3251948197812.6943 3251934721339.6797
10.116904915889751 -3265642607216.1543 3265629102397.2402
10.116906917892114 -3279409179019.8599 3279395645765.5195
10.116908919894477 -3293248370015.1992 3293234808235.5288
10.11691092189684 -3307160640370.5522 3307147049975.2681
10.116912923899203 -3321146453659.8564 3321132834558.2935
10.116914925901566 -3335206276891.437 3335192628992.5469
10.116916927903929 -3349340580537.1152 3349326903749.4644
10.116918929906292 -3363549838561.5981 3363536132793.3647
10.116920931908655 -3377834528452.1489 3377820793611.1226
10.116922933911018 -3392195131248.5352 3392181367242.1133
10.116924935913381 -3406632131573.2661 3406618338308.4526
10.116926937915744 -3421146017662.1221 3421132195045.5254
10.116928939918107 -3435737281394.9741 3435723429332.8042
10.11693094192047 -3450406418326.9043 3450392536724.9712
10.116932943922833 -3465153927719.6226 3465140016483.334
10.116934945925196 -3479980312573.1895 3479966371607.5498
10.116936947927559 -3494886079658.0342 3494872108867.6406
10.116938949929922 -3509871739547.2871 3509857738836.3276
10.116940951932285 -3524937806649.4351 3524923775921.688
10.116942953934648 -3540084799241.2778 3540070738400.1074
10.116944955937013 -3555313239501.2129 3555299148449.5688
10.116946957939376 -3570623653542.835 3570609532183.249
10.116948959941739 -3586016571448.8672 3586002419683.4517
10.116950961944102 -3601492527305.4165 3601478345035.8623
10.116952963946465 -3617052059236.5645 3617037846364.1377
10.116954965948828 -3632695709439.2896 3632681465864.8296
10.116956967951191 -3648424024218.7437 3648409749842.6611
10.116958969953554 -3664237554023.8691 3664223248746.1431
10.116960971955917 -3680136853483.3555 3680122517203.5317
10.11696297395828 -3696122481441.9502 3696108114059.1387
10.116964975960643 -3712195000997.1279 3712180602410.0005
10.116966977963006 -3728354979536.1162 3728340549642.9043
10.116968979965369 -3744602988773.2808 3744588527471.772
10.116970981967732 -3760939604787.8828 3760925111975.4199
10.116972983970095 -3777365408062.2109 3777350883635.689
10.116974985972458 -3793880983520.0776 3793866427375.9409
10.116976987974821 -3810486920565.7036 3810472332599.9438
10.116978989977184 -3827183813122.979 3827169193231.1323
10.116980991979547 -3843972259675.1221 3843957607752.2676
10.11698299398191 -3860852863304.7202 3860838179245.4766
10.116984995984273 -3877826231734.1631 3877811515432.6855
10.116986997986638 -3894892977366.4937 3894878228716.4727
10.116988999989001 -3912053717326.6538 3912038936221.312
10.116991001991364 -3929309073503.1328 3929294259835.2222
10.116993003993727 -3946659672590.0386 3946644826251.8384
10.11699500599609 -3964106146129.5811 3964091267012.8945
10.116997007998453 -3981649130554.9834 3981634218551.1353
10.116999010000816 -3999289267233.8242 3999274322233.6587
10.117001012003179 -4017027202511.8115 4017012224405.689
10.117003014005542 -4034863587756.9839 4034848576434.7783
10.117005016007905 -4052799079404.3652 4052784034755.4619
10.117007018010268 -4070834339001.0581 4070819260914.3506
10.117009020012631 -4088970033251.7939 4088954921615.6816
10.117011022014994 -4107206834064.9351 4107191688767.3198
10.117013024017357 -4125545418598.9399 4125530239527.2236
10.11701502601972 -4143986469309.3076 4143971256350.3892
10.117017028022083 -4162530673995.9893 4162515427036.2627
10.117019030024446 -4181178725851.2617 4181163444776.6123
10.117021032026809 -4199931323508.0977 4199916008203.8994
10.117023034029172 -4218789171089.0308 4218773821440.1436
10.117025036031535 -4237752978255.5068 4237737594146.2734
10.117027038033898 -4256823460257.7373 4256808041571.981
10.117029040036263 -4276001337985.0532 4275985884606.0742
10.117031042038626 -4295287338016.7725 4295271849827.3452
10.117033044040989 -4314682192673.5835 4314666669555.9536
10.117035046043352 -4334186640069.4561 4334171081905.3379
10.117037048045715 -4353801424164.0776 4353785830834.6504
10.117039050048078 -4373527294815.8184 4373511666201.7231
10.117041052050441 -4393365007835.2554 4393349343816.5933
10.117043054052804 -4413315325039.2217 4413299625495.5498
10.117045056055167 -4433379014305.416 4433363279115.7451
10.11704705805753 -4453556849627.5713 4453541078670.3604
10.117049060059893 -4473849611171.1904 4473833804324.3467
10.117051062062256 -4494258085329.8691 4494242242470.7432
10.117053064064619 -4514783064782.1611 4514767185787.543
10.117055066066982 -4535425348549.0693 4535409433295.1875
10.117057068069345 -4556185742052.1055 4556169790414.623
10.117059070071708 -4577065057171.9404 4577049069025.9502
10.117061072074071 -4598064112307.6875 4598048087527.7109
10.117063074076434 -4619183732436.7646 4619167670896.7461
10.117065076078797 -4640424749175.4014 4640408650748.707
10.11706707808116 -4661788000839.7793 4661771865399.1934
10.117069080083523 -4683274332507.7842 4683258159925.5049
10.117071082085888 -4704884596081.3945 4704868386229.0312
10.117073084088251 -4726619650349.7402 4726603403098.3096
10.117075086090614 -4748480361052.8047 4748464076272.7275
10.117077088092977 -4770467600945.8027 4770451278506.9004
10.11707909009534 -4792582249864.2256 4792565889635.7168
10.117081092097703 -4814825194789.5654 4814808796640.0625
10.117083094100066 -4837197329915.71 4837180893713.2158
10.117085096102429 -4859699556716.0508 4859683082327.9551
10.117087098104792 -4882332784011.2812 4882316271304.3564
10.117089100107155 -4905097928037.9209 4905081376878.3184
10.117091102109518 -4927995912517.5615 4927979322770.8096
10.117093104111881 -4951027668726.8262 4951011040257.8242
10.117095106114244 -4974194135568.0664 4974177468241.084
10.117097108116607 -4997496259640.8135 4997479553319.4844
10.11709911011897 -5020934995313.9668 5020918249861.2852
10.117101112121333 -5044511304798.7852 5044494520077.1035
10.117103114123696 -5068226158222.6055 5068209334093.6299
10.117105116126059 -5092080533703.3496 5092063670028.1357
10.117107118128422 -5116075417424.834 5116058514063.7832
10.117109120130785 -5140211803712.8936 5140194860525.75
10.117111122133148 -5164490695112.2939 5164473711958.1396
10.117113124135512 -5188913102464.4541 5188896079201.7061
10.117115126137875 -5213480044986.0098 5213462981472.415
10.117117128140238 -5238192550348.209 5238175446440.8418
10.117119130142601 -5263051654757.1533 5263034510312.4092
10.117121132144964 -5288058403034.9121 5288041217908.5059
10.117123134147327 -5313213848701.5049 5313196622748.4648
10.11712513614969 -5338519054057.751 5338501787132.417
10.117127138152053 -5363975090269.001 5363957782225.0186
10.117129140154416 -5389583037449.7676 5389565688140.084
10.117131142156779 -5415343984749.2988 5415326594026.1611
10.117133144159142 -5441259030438.0361 5441241598152.9834
10.117135146161505 -5467329281995.0029 5467311807998.8643
10.117137148163868 -5493555856196.168 5493538340339.0576
10.117139150166231 -5519939879203.7373 5519922321335.0518
10.117141152168594 -5546482486656.4297 5546464886624.8398
10.117143154170957 -5573184823760.7178 5573167181414.1689
10.11714515617332 -5600048045383.0635 5600030360568.7676
10.117147158175683 -5627073316143.1533 5627055588707.5859
10.117149160178046 -5654261810508.1641 5654244040297.0605
10.117151162180409 -5681614712888.0234 5681596899746.374
10.117153164182772 -5709133217731.7051 5709115361503.749
10.117155166185137 -5736818529624.6143 5736800630153.8369
10.1171571681875 -5764671863387.0332 5764653920516.1611
10.117159170189863 -5792694444173.6074 5792676457744.6035
10.117161172192226 -5820887507573.9395 5820869477427.998
10.117163174194589 -5849252299714.293 5849234225691.8359
10.117165176196952 -5877790077360.3916 5877771959301.0625
10.117167178199315 -5906502108021.3916 5906483945764.0518
10.117169180201678 -5935389670054.96 5935371463437.6846
10.117171182204041 -5964454052773.5186 5964435801633.5898
10.117173184206404 -5993696556551.6396 5993678260725.543
10.117175186208767 -6023118492934.6777 6023100152258.0977
10.11717718821113 -6052721184748.5752 6052702799056.3887
10.117179190213493 -6082505966210.875 6082487535337.1484
10.117181192215856 -6112474183042.9609 6112455706820.9434
10.117183194218219 -6142627192583.5664 6142608670845.6865
10.117185196220582 -6172966363903.5342 6172947796481.3926
10.117187198222945 -6203493077921.8398 6203474464646.2061
10.117189200225308 -6234208727522.9434 6234190068223.75
10.117191202227671 -6265114717675.4043 6265096012181.7422
10.117193204230034 -6296212465551.8447 6296193713691.957
10.117195206232397 -6327503400650.2646 6327484602251.542
10.117197208234762 -6358988964916.6924 6358970119805.668
10.117199210237125 -6390670612869.2295 6390651720871.5732
10.117201212239488 -6422549811723.4678 6422530872663.9805
10.117203214241851 -6454628041519.3506 6454609055221.959
10.117205216244214 -6486906795249.4307 6486887761537.1826
10.117207218246577 -6519387578988.5811 6519368497683.6387
10.11720922024894 -6552071912025.1768 6552052782948.8125
10.117211222251303 -6584961326993.748 6584942149966.3379
10.117213224253666 -6618057370009.1328 6618038144850.1523
10.117215226256029 -6651361600802.1387 6651342327330.1553
10.117217228258392 -6684875592856.7402 6684856270889.4072
10.117219230260755 -6718600933548.8916 6718581562902.9453
10.117221232263118 -6752539224286.8516 6752519804778.1025
10.117223234265481 -6786692080653.1201 6786672612096.4492
10.117225236267844 -6821061132548.0225 6821041614757.374
10.117227238270207 -6855648024334.8887 6855628457123.2646
10.11722924027257 -6890454414986.9121 6890434798166.3662
10.117231242274933 -6925481978235.7148 6925462311617.3457
10.117233244277296 -6960732402721.5684 6960712686115.5156
10.117235246279659 -6996207392145.3838 6996187625360.8203
10.117237248282022 -7031908665422.3828 7031888848267.5088
10.117239250284387 -7067837956837.5742 7067818089119.6123
10.11724125228675 -7103997016203.0293 7103977097728.2158
10.117243254289113 -7140387609016.9326 7140367639590.5127
10.117245256291476 -7177011516624.5098 7176991496050.7314
10.117247258293839 -7213870536380.8252 7213850464462.9316
10.117249260296202 -7250966481815.4072 7250946358355.6328
10.117251262298565 -7288301182798.8037 7288281007598.3643
10.117253264300928 -7325876485711.0801 7325856258570.168
10.117255266303291 -7363694253612.2881 7363673974330.0654
10.117257268305654 -7401756366414.9023 7401736034789.4951
10.117259270308017 -7440064721058.2666 7440044336886.7578
10.11726127231038 -7478621231685.0537 7478600794763.4746
10.117263274312743 -7517427829819.7773 7517407339943.1035
10.117265276315106 -7556486464549.4639 7556465921511.6064
10.117267278317469 -7595799102706.373 7595778506300.1719
10.117269280319832 -7635367729052.8672 7635347079070.085
10.117271282322195 -7675194346468.4854 7675173642699.8008
10.117273284324558 -7715280976139.1523 7715260218374.1504
10.117275286326921 -7755629657748.6758 7755608845775.8447
10.117277288329284 -7796242449672.4824 7796221583279.2031
10.117279290331647 -7837121429173.5967 7837100508146.1367
10.117281292334011 -7878268692600.9941 7878247716724.5
10.117283294336374 -7919686355590.2939 7919665324648.7842
10.117285296338737 -7961376553266.8281 7961355467043.1855
10.1172872983411 -8003341440451.1006 8003320298727.0664
10.117289300343463 -8045583191866.6338 8045561994422.7979
10.117291302345826 -8088104002350.377 8088082748966.1709
10.117293304348189 -8130906087065.6045 8130884777519.2949
10.117295306350552 -8173991681717.3076 8173970315785.9863
10.117297308352915 -8217363042770.1982 8217341620229.7783
10.117299310355278 -8261022447669.3008 8261000968294.5039
10.117301312357641 -8304972195063.1807 8304950658627.5322
10.117303314360004 -8349214605029.873 8349193011305.6943
10.117305316362367 -8393752019305.4805 8393730368063.8799
10.11730731836473 -8438586801515.5361 8438565092526.3994
10.117309320367093 -8483721337409.2129 8483699570441.1982
10.117311322369456 -8529158035096.2832 8529136209916.8105
10.117313324371819 -8574899325286.9307 8574877441662.1758
10.117315326374182 -8620947661534.4922 8620925719229.375
10.117317328376545 -8667305520481.1162 8667283519259.2949
10.117319330378908 -8713975402106.4502 8713953341730.3125
10.117321332381271 -8760959829979.2734 8760937710209.9277
10.117323334383636 -8808261351512.2207 8808239172109.4863
10.117325336385999 -8855882538219.6074 8855860298942.0078
10.117327338388362 -8903825985978.3945 8903803686583.1484
10.117329340390725 -8952094315292.3105 8952071955535.3203
10.117331342393088 -9000690171559.2324 9000667751195.0762
10.117333344395451 -9049616225341.8613 9049593744123.7871
10.117335346397814 -9098875172641.7168 9098852630321.6309
10.117337348400177 -9148469735176.3398 9148447131504.7988
10.11733935040254 -9198402660660.0645 9198379995386.2637
10.117341352404903 -9248676723088.2051 9248653995959.9727
10.117343354407266 -9299294723024.6953 9299271933788.4805
10.117345356409629 -9350259487893.291 9350236636294.1562
10.117347358411992 -9401573872272.4004 9401550958054.0098
10.117349360414355 -9453240758193.5215 9453217781098.1328
10.117351362416718 -9505263055443.4219 9505240015211.877
10.117353364419081 -9557643701870.0195 9557620598241.7324
10.117355366421444 -9610385663692.123 9610362496405.0723
10.117357368423807 -9663491935812.9902 9663468704603.709
10.11735937042617 -9716965542137.7539 9716942246741.3203
10.117361372428533 -9770809535894.7812 9770786176044.8047
10.117363374430896 -9825026999961.1973 9825003575389.8125
10.117365376433261 -9879621047192.4004 9879597557630.2578
10.117367378435624 -9934594820755.5703 9934571265931.8203
10.117369380437987 -9989951494467.4863 9989927874109.7754
10.11737138244035 -10045694273136.637 10045670586971.09
10.117373384442713 -10101826392909.525 10101802640660.744
10.117375386445076 -10158351121621.355 10158327303012.4
10.117377388447439 -10215271759151.143 10215247873903.523
10.117379390449802 -10272591637781.316 10272567685614.982
10.117381392452165 -10330314122561.975 10330290103195.305
10.117383394454528 -10388442611679.598 10388418524829.389
10.117385396456891 -10446980536830.479 10446956382211.932
10.117387398459254 -10505931363598.898 10505907140925.611
10.117389400461617 -10565298591840.186 10565274300824.141
10.11739140246398 -10625085756068.514 10625061396420.064
10.117393404466343 -10685296425849.689 10685271997277.553
10.117395406468706 -10745934206198.988 10745909708410.229
10.117397408471069 -10807002737984.021 10806978170684.039
10.117399410473432 -10868505698332.947 10868481061225.471
10.117401412475795 -10930446801047.76 10930422093834.832
10.117403414478158 -10992829797022.789 10992805019404.752
10.117405416480521 -11055658474668.732 11055633626344.221
10.117407418482886 -11118936660342.211 11118911741008.135
10.117409420485249 -11182668218780.684 11182643228132.219
10.117411422487612 -11246857053543.057 11246831991273.631
10.117413424489975 -11311507107456.115 11311481973257.4
10.117415426492338 -11376622363066.426 11376597156628.318
10.117417428494701 -11442206843098.361 11442181564108.973
10.117419430497064 -11508264610918.068 11508239259063.713
10.117421432499427 -11574799771003.326 11574774345968.506
10.11742343450179 -11641816469419.672 11641790970887.064
10.117425436504153 -11709318894302.689 11709293321953.137
10.117427438506516 -11777311276346.58 11777285629859.074
10.117429440508879 -11845797889299.055 11845772168350.723
10.117431442511242 -11914783050462.803 11914757254728.893
10.117433444513605 -11984271121203.578 11984245250357.449
10.117435446515968 -12054266507464.879 12054240561177.984
10.117437448518331 -12124773660289.424 12124747638231.297
10.117439450520694 -12195797076347.527 12195770978185.77
10.117441452523057 -12267341298472.467 12267315123872.732
10.11744345452542 -12339410916202.824 12339384664828.807
10.117445456527783 -12412010566332.082 12411984237845.498
10.117447458530146 -12485144933465.463 12485118527526.037
10.11744946053251 -12558818750584.268 12558792266849.723
10.117451462534873 -12633036799617.684 12633010237743.721
10.117453464537236 -12707803912022.129 12707777271662.416
10.117455466539599 -12783124969368.291 12783098250174.447
10.117457468541962 -12859004903936.084 12858978105557.662
10.117459470544325 -12935448699317.504 12935421821401.975
10.117461472546688 -13012461391027.742 13012434433220.482
10.117463474549051 -13090048067124.414 13090021029068.689
10.117465476551414 -13168213868834.938 13168186750171.887
10.117467478553777 -13246963991192.508 13246936791561.127
10.11746948055614 -13326303683680.553 13326276402717.678
10.117471482558503 -13406238250886.021 13406210888226.312
10.117473484560866 -13486773053161.449 13486745608437.377
10.117475486563229 -13567913507295.959 13567885980137.785
10.117477488565592 -13649665087195.357 13649637477231.119
10.117479490567955 -13732033324571.471 13732005631426.965
10.117481492570318 -13815023809640.834 13814996032939.6
10.117483494572681 -13898642191832.807 13898614331196.105
10.117485496575044 -13982894180507.596 13982866235554.4
10.117487498577407 -14067785545683.902 14067757516030.873
10.11748950057977 -14153322118776.545 14153294004038.016
10.117491502582135 -14239509793344.227 14239481593132.186
10.117493504584498 -14326354525847.594 14326326239771.668
10.117495506586861 -14413862336417.586 14413833964085.021
10.117497508589224 -14502039309634.375 14502010850650.016
10.117499510591587 -14590891595317.293 14590863049283.566
10.11750151259395 -14680425409325.527 14680396775842.428
10.117503514596313 -14770647034369.752 14770618313034.818
10.117505516598676 -14861562820834.957 14861534011243.254
10.117507518601039 -14953179187614.865 14953150289358.965
10.117509520603402 -15045502622957.996 15045473635627.959
10.117511522605765 -15138539685325.436 15138510608508.791
10.117513524608128 -15232297004260.467 15232267837542.193
10.117515526610491 -15326781281270.389 15326752024232.896
10.117517528612854 -15421999290720.693 15421969942943.799
10.117519530615217 -15517957880741.75 15517928441802.662
10.11752153261758 -15614663974148.164 15614634443621.461
10.117523534619943 -15712124569371.043 15712094946828.65
10.117525536622306 -15810346741403.457 15810317026414.629
10.117527538624669 -15909337642759.154 15909307834890.453
10.117529540627032 -16009104504444.781 16009074603260.053
10.117531542629395 -16109654636945.904 16109624642006.264
10.11753354463176 -16210995431226.988 16210965342090.789
10.117535546634123 -16313134359745.537 16313104175968.357
10.117537548636486 -16416078977480.652 16416048698615.271
10.117539550638849 -16519836922976.088 16519806548572.461
10.117541552641212 -16624415919398.234 16624385449003.471
10.117543554643575 -16729823775609.395 16729793208767.738
10.117545556645938 -16836068387256.164 16836037723508.969
10.117547558648301 -16943157737873.354 16943126976759.062
10.117549560650664 -17051099900003.92 17051069041058.037
10.117551562653027 -17159903036334.773 17159872079089.846
10.11755356465539 -17269575400849.207 17269544344834.797
10.117555566657753 -17380125339995.652 17380094184738.316
10.117557568660116 -17491561293873.438 17491530038896.703
10.117559570662479 -17603891797435.539 17603860442259.875
10.117561572664842 -17717125481708.938 17717094025851.738
10.117563574667205 -17831271075032.625 17831239518008.176
10.117565576669568 -17946337404313.27 17946305745632.727
10.117567578671931 -18062333396299.617 18062301635470.984
10.117569580674294 -18179268078875.273 18179236215403.379
10.117571582676657 -18297150582369.996 18297118615756.453
10.11757358467902 -18415990140890.73 18415958070633.926
10.117575586681385 -18535796093671.879 18535763919266.941
10.117577588683748 -18656577886445.141 18656545607383.914
10.117579590686111 -18778345072829.688 18778312688600.703
10.117581592688474 -18901107315743 18901074825831.453
10.117583594690837 -19024874388832.062 19024841792719.781
10.1175855966932 -19149656177926.027 19149623475091.445
10.117587598695563 -19275462682510.156 19275429872428.289
10.117589600697926 -19402304017221.676 19402271099364.09
10.117591602700289 -19530190413367.664 19530157387202.445
10.117593604702652 -19659132220465.648 19659099085457.379
10.117595606705015 -19789139907807.312 19789106663417.043
10.117597608707378 -19920224066044.914 19920190711730.125
10.117599610709741 -20052395408801.699 20052361944016.281
10.117601612712104 -20185664774306.781 20185631198501
10.117603614714467 -20320043127053.988 20320009439674.453
10.11760561671683 -20455541559485.977 20455507759975.617
10.117607618719193 -20592171293703.23 20592137381501.262
10.117609620721556 -20729943683199.09 20729909657740.98
10.117611622723919 -20868870214620.836 20868836075338.277
10.117613624726282 -21008962509557.176 21008928255878.051
10.117615626728645 -21150232326353.188 21150197957701.539
10.11761762873101 -21292691561952.641 21292657077748.633
10.117619630733373 -21436352253768.5 21436317653428.398
10.117621632735736 -21581226581581.285 21581191864517.414
10.117623634738099 -21727326869466.613 21727292035087.324
10.117625636740462 -21874665587752.508 21874630635462.148
10.117627638742825 -22023255355006.16 22023220284205.043
10.117629640745188 -22173108940050.961 22173073750135.316
10.117631642747551 -22324239264015.031 22324203954376.988
10.117633644749914 -22476659402411.164 22476623972438.703
10.117635646752277 -22630382587248.336 22630347036325.262
10.11763764875464 -22785422209176.199 22785386536682.105
10.117639650757003 -22941791819662.098 22941756024972.324
10.117641652759366 -23099505133201.953 23099469215687.551
10.117643654761729 -23258576029566.348 23258539988594.047
10.117645656764092 -23419018556080.488 23418982391012.656
10.117647658766455 -23580846929939.586 23580810640134.195
10.117649660768818 -23744075540560.773 23744039125371.355
10.117651662771181 -23908718951971.309 23908682410746.922
10.117653664773544 -24074791905234.48 24074755237319.672
10.117655666775907 -24242309320913.242 24242272525648
10.117657668778271 -24411286301572.508 24411249378292.234
10.117659670780634 -24581738134321.125 24581701082356.59
10.117661672782997 -24753680293392.855 24753643112070.148
10.11766367478536 -24927128442769.055 24927091131409.555
10.117665676787723 -25102098438843.051 25102060996763.383
10.117667678790086 -25278606333125.438 25278568759637.43
10.117669680792449 -25456668374992.957 25456630669403.602
10.117671682794812 -25636301014480.887 25636263176092.293
10.117673684797175 -25817520905119.719 25817482933229.066
10.117675686799538 -26000344906817.426 26000306800716.934
10.117677688801901 -26184790088787.684 26184751847764.551
10.117679690804264 -26370873732524.52 26370835355860.895
10.117681692806627 -26558613334825.012 26558574821797.941
10.11768369480899 -26748026610859.996 26747987960741.375
10.117685696811353 -26939131497294.898 26939092709351.43
10.117687698813716 -27131946155460.555 27131907228953.707
10.117689700816079 -27326488974574.297 27326449908760.25
10.117691702818442 -27522778575014.391 27522739369143.992
10.117693704820805 -27720833811646.547 27720794464965.262
10.117695706823168 -27920673777204.801 27920634288952.664
10.117697708825531 -28122317805727.535 28122278175139.105
10.117699710827896 -28325785476049.004 28325745702353.309
10.117701712830259 -28531096615347.871 28531056697768.363
10.117703714832622 -28738271302754.117 28738231240508.617
10.117705716834985 -28947329873014.555 28947289665315.207
10.117707718837348 -29158292920218.691 29158252566271.906
10.117709720839711 -29371181301585.66 29371140800592.066
10.117711722842074 -29586016141313.656 29585975492468.043
10.117713724844437 -29802818834492.449 29802778036983.719
10.1177157268468 -30021611051080.91 30021570104092.023
10.117717728849163 -30242414739949.988 30242373642657.906
10.117719730851526 -30465252132993.023 30465210884568.648
10.117721732853889 -30690145749304.641 30690104348912.77
10.117723734856252 -30917118399429.043 30917076846228.309
10.117725736858615 -31146193189678.168 31146151482820.98
10.117727738860978 -31377393526522.816 31377351665155.305
10.117729740863341 -31610743121057.477 31610701104319.434
10.117731742865704 -31846265993539.18 31846223820563.996
10.117733744868067 -32083986478003.508 32083944147918.125
10.11773574687043 -32323929226957.449 32323886738882.285
10.117737748872793 -32566119216151.68 32566076569200.578
10.117739750875156 -32810581749433.625 32810538942713.785
10.117741752877521 -33057342463682.77 33057299496294.691
10.117743754879884 -33306427333829.469 33306384204866.891
10.117745756882247 -33557862677958.508 33557819386508.332
10.11774775888461 -33811675162500.035 33811631707642.277
10.117749760886973 -34067891807509.246 34067848188316.961
10.117751762889336 -34326539992035.465 34326496207574.684
10.117753764891699 -34587647459583.867 34587603508913.531
10.117755766894062 -34851242323670.371 34851198205842.262
10.117757768896425 -35117353073472 35117308787530.672
10.117759770898788 -35386008579575.219 35385964124557.938
10.117761772901151 -35657238099821.492 35657193474758.141
10.117763774903514 -35931071285256.984 35931026489170.031
10.117765776905877 -36207538186182.867 36207493218087.266
10.11776777890824 -36486669258310.117 36486624117213.234
10.117769780910603 -36768495369023.945 36768450053925.508
10.117771782912966 -37053047803754.062 37053002313646.055
10.117773784915329 -37340358272458.914 37340312606325.531
10.117775786917692 -37630458916222.5 37630413073040.055
10.117777788920055 -37923382313965.742 37923336292702.602
10.117779790922418 -38219161489275.438 38219115288891.938
10.117781792924781 -38517829917354.422 38517783536802.789
10.117783794927146 -38819421532093.109 38819374970317.375
10.117785796929509 -39123970733267.68 39123923989203.609
10.117787798931872 -39431512393864.656 39431465466439.664
10.117789800934235 -39742081867535.266 39742034755668.344
10.117791802936598 -40055714996180.602 40055667698782.227
10.117793804938961 -40372448117673.086 40372400633645.133
10.117795806941324 -40692318073715.445 40692270401951.094
10.117797808943687 -41015362217842.562 41015314357226.242
10.11779981094605 -41341618423562.414 41341570372969.695
10.117801812948413 -41671125092643.523 41671076850941.023
10.117803814950776 -42003921163554.602 42003872729599.906
10.117805816953139 -42340046120053.656 42339997492695.227
10.117807818955502 -42679539999932.5 42679491178009.594
10.117809820957865 -43022443403919.344 43022394386261.898
10.117811822960228 -43368797504741.812 43368748290170.367
10.117813824962591 -43718644056356.719 43718594643682.32
10.117815826964954 -44072025403345.883 44071975791369.984
10.117817828967317 -44428984490482.719 44428934677997.094
10.11781983096968 -44789564872474.531 44789514858261.156
10.117821832972043 -45153810723884.109 45153760506715.078
10.117823834974406 -45521766849230.602 45521716427868.023
10.11782583697677 -45893478693278.211 45893428066474.109
10.117827838979133 -46268992351513.117 46268941518009.328
10.117829840981496 -46648354580814.227 46648303539342.289
10.117831842983859 -47031612810320.586 47031561559601.633
10.117833844986222 -47418815152500.367 47418763691245.031
10.117835846988585 -47810010414426.547 47809958741334.844
10.117837848990948 -48205248109259.828 48205196223021.047
10.117839850993311 -48604578467948.047 48604526367240.641
10.117841852995674 -49008052451143.453 49008000134634.93
10.117843854998037 -49415721761342.023 49415669227688.828
10.1178458570004 -49827638855251.023 49827586103098.43
10.117847859002763 -50243856956387.953 50243803984369.93
10.117849861005126 -50664430067919.484 50664376874658.594
10.117851863007489 -51089412985742.578 51089359569849.859
10.117853865009852 -51518861311809.852 51518807671884.688
10.117855867012215 -51952831467708.844 51952777602338.852
10.117857869014578 -52391380708498.516 52391326616259.406
10.117859871016941 -52834567136810.344 52834512816265.812
10.117861873019304 -53282449717219.602 53282395166921.188
10.117863875021667 -53735088290889.766 53735033509376.734
10.11786587702403 -54192543590496.766 54192488576295.969
10.117867879026395 -54654877255439.672 54654822007065.422
10.117869881028758 -55122151847346.273 55122096363300.203
10.117871883031121 -55594430865875.898 55594375144646.836
10.117873885033484 -56071778764828.266 56071722804892.094
10.117875887035847 -56554260968562.609 56554204768382.117
10.11787788903821 -57041943888735.852 57041887446760.609
10.117879891040573 -57534894941368 57534838256034.203
10.117881893042936 -58033182564237.352 58033125633967.68
10.117883895045299 -58536876234618.727 58536819057822.203
10.117885897047662 -59046046487366.148 59045989062437.977
10.117887899050025 -59560764933351.742 59560707258673.18
10.117889901052388 -60081104278266.602 60081046352204.789
10.117891903054751 -60607138341791.695 60607080162699.516
10.117893905057114 -61138942077146.359 61138883643362.258
10.117895907059477 -61676591591024.758 61676532900872.617
10.11789790906184 -62220164163929.102 62220105215718.062
10.117899911064203 -62769738270902.93 62769679062927.219
10.117901913066566 -63325393602681.461 63325334133220.25
10.117903915068929 -63887211087262.398 63887151354579.617
10.117905917071292 -64455272911909.078 64455212914253.258
10.117907919073655 -65029662545594.484 65029602281198.586
10.11790992107602 -65610464761894.445 65610404228975.68
10.117911923078383 -66197765662343.477 66197704859103.133
10.117913925080746 -66791652700262.461 66791591624885.719
10.117915927083109 -67392214705068.906 67392153355724.672
10.117917929085472 -67999541907079.414 67999480281920.141
10.117919931087835 -68613725962812.516 68613664059973.992
10.117921933090198 -69234859980810.539 69234797798411.719
10.117923935092561 -69863038547991.141 69862976084133.945
10.117925937094924 -70498357756534.312 70498295009303.453
10.117927939097287 -71140915231322 71140852198784.75
10.11792994109965 -71790810157941.047 71790746838147.078
10.117931943102013 -72448143311266.172 72448079702247.344
10.117933945104376 -73113017084624.969 73112953184395.109
10.117935947106739 -73785535519574.609 73785471326129.328
10.117937949109102 -74465804336294.062 74465739847610.531
10.117939951111465 -75153930964605.75 75153866178642.484
10.117941953113828 -75850024575646.125 75849959490342.766
10.117943955116191 -76554196114200.812 76554130727477.938
10.117945957118554 -77266558331712.188 77266492641471.062
10.117947959120917 -77987225819975.5 77987159824097.859
10.11794996112328 -78716315045552.562 78716248741900.375
10.117951963125645 -79453944384911.562 79453877771326.828
10.117953965128008 -80200234160300.797 80200167234605.281
10.117955967130371 -80955306676385.453 80955239436380.469
10.117957969132734 -81719286257664.094 81719218701130.25
10.117959971135097 -82492299286681.141 82492231411378.094
10.11796197313746 -83274474243057.844 83274406046724.062
10.117963975139823 -84065941743353.734 84065873223706.25
10.117965977142186 -84866834581784.062 84866765736518.203
10.117967979144549 -85677287771809.109 85677218598598.234
10.117969981146912 -86497438588624.469 86497369085119.75
10.117971983149275 -87327426612564.625 87327356776394.719
10.117973985151638 -88167393773443.562 88167323602214.391
10.117975987154001 -89017484395864.484 89017413887158.922
10.117977989156364 -89877845245513.672 89877774396891.312
10.117979991158727 -90748625576457.141 90748554385453.969
10.11798199316109 -91629977179476.438 91629905643604.578
10.117983995163453 -92522054431460.094 92521982548207.5
10.117985997165816 -93425014345884.016 93424942112714.203
10.117987999168179 -94339016624396 94338944038747.719
10.117990001170542 -95264223709540.266 95264150768827.188
10.117992003172905 -96200800838658.781 96200727540269.25
10.117994005175269 -97148916098975.812 97148842440272.469
10.117996007177632 -98108740483908.516 98108666462228.016
10.117998009179995 -99080447950639.266 99080373563291.953
10.118000011182358 -100064215478966.33 100064140723235.91
10.118002013184721 -101060223131478.67 101060148004621.88
10.118004015187084 -102068654115074.22 102068578614320.48
10.118006017189447 -103089694843869.33 103089618966420.42
10.11800801919181 -104123535003529.33 104123458746559.03
10.118010021194173 -105170367617052.09 105170290977705.86
10.118012023196536 -106230389112039.66 106230312087434.23
10.118014025198899 -107303799389496.91 107303721976719.98
10.118016027201262 -108390801894208.02 108390724090317.86
10.118018029203625 -109491603686712.89 109491525488737.94
10.118020031205988 -110606415516939.28 110606336921877.81
10.118022033208351 -111735451899528.53 111735372904348.27
10.118024035210714 -112878931190880.86 112878851792518.56
10.118026037213077 -114037075667988.12 114036995863349.22
10.11802803921544 -115210111609089.55 115210031395047.69
10.118030041217803 -116398269376204.28 116398188749600.98
10.118032043220166 -117601783499584.39 117601702457228.58
10.118034045222529 -118820892764126.91 118820811302794.52
10.118036047224894 -120055840297819.12 120055758414252.67
10.118038049227257 -121306873662246.69 121306791353154.81
10.11804005122962 -122574244945243.5 122574162207300.56
10.118042053231983 -123858210855712.3 123858127685557.92
10.118044055234346 -125159032820685.91 125158949214924.5
10.118046057236709 -126476977084691.61 126476893039891.94
10.118048059239072 -127812314811473.73 127812230324168.42
10.118050061241435 -129165322188141.72 129165237254826.77
10.118052063243798 -130536280531810.23 130536195148944.56
10.118054065246161 -131925476398789.44 131925390562794.38
10.118056067248524 -133333201696390.09 133333115403648.91
10.118058069250887 -134759753797423.47 134759667044280.8
10.11806007125325 -136205435657468.23 136205348440229.62
10.118062073255613 -137670555934983.89 137670468249915.27
10.118064075257976 -139155429114312.17 139155340957639.27
10.118066077260339 -140660375631696.67 140660286999604.53
10.118068079262702 -142185722004377.53 142185632893009.91
10.118070081265065 -143731800962829.34 143731711368288.22
10.118072083267428 -145298951586251.06 145298861504596.03
10.118074085269791 -146887519441362.19 146887428868609.84
10.118076087272154 -148497856724677.03 148497765656800.44
10.118078089274519 -150130322408261.41 150130230841189.47
10.118080091276882 -151785282389113.81 151785190318730.69
10.118082093279245 -153463109642263.84 153463017064408.31
10.118084095281608 -155164184377679.38 155164091288144.22
10.118086097283971 -156888894201108.5 156888800595639.88
10.118088099286334 -158637634278957.62 158637540153254.41
10.118090101288697 -160410807507290.22 160410712857003.31
10.11809210329106 -162208824685106.06 162208729505837.81
10.118094105293423 -164032104692016.44 164032008979319.84
10.118096107295786 -165881074670397.66 165880978419775.75
10.118098109298149 -167756170212210.91 167756073419116.03
10.118100111300512 -169657835550556.44 169657738210389.56
10.118102113302875 -171586523756129.22 171586425864239.12
10.118104115305238 -173542696938749.41 173542598490432.03
10.118106117307601 -175526826454036.19 175526727444533.84
10.118108119309964 -177539393115406 177539293539906.56
10.118110121312327 -179580887411599.62 179580787265235.81
10.11811212331469 -181651809729855.16 181651709007703.75
10.118114125317053 -183752670584841.12 183752569281922.12
10.118116127319416 -185883990853573.5 185883888964849.28
10.118118129321779 -188046302016501.81 188046199536876.34
10.118120131324144 -190240146404922.28 190240043329240.22
10.118122133326507 -192466077454918.16 192465973777964.06
10.11812413532887 -194724659967966.25 194724555684463.59
10.118126137331233 -197016470378469.41 197016365483079.78
10.118128139333596 -199342097028405.47 199341991515727.62
10.118130141335959 -201702140449257 201702034313825.97
10.118132143338322 -204097213651483.66 204097106887769.72
10.118134145340685 -206527942421770.94 206527835024178.75
10.118136147343048 -208994965628250.09 208994857591117.62
10.118138149345411 -211498935533963.75 211498826851561.38
10.118140151347774 -214040518118801.16 214040408785330.59
10.118142153350137 -216620393410156.34 216620283419749.59
10.1181441553525 -219239255822580.53 219239145169298.91
10.118146157354863 -221897814506726.28 221897703184559.31
10.118148159357226 -224596793707783.56 224596681710647.88
10.118150161359589 -227336933133800.62 227336820455538.84
10.118152163361952 -230118988334130.03 230118874968509.66
10.118154165364315 -232943731088358.5 232943617029070.78
10.118156167366678 -235811949805978.16 235811835046636.88
10.118158169369041 -238724449937166.22 238724334471306.56
10.118160171371404 -241682054395015.78 241681938216093.06
10.118162173373769 -244685603989572.72 244685487090961.12
10.118164175376132 -247735957874093.75 247735840249085.19
10.118166177378495 -250833994003812 250833875645614.75
10.118168179380858 -253980609607616.47 253980490509353.84
10.118170181383221 -257176721673151.12 257176601827860.19
10.118172183385584 -260423267445680.72 260423146846310.91
10.118174185387947 -263721204941154.59 263721083580566.31
10.11817618739031 -267071513473945.66 267071391344908.94
10.118178189392673 -270475194199745.78 270475071294938.81
10.118180191395036 -273933270674005.12 273933146986012.75
10.118182193397399 -277446789426528.66 277446664947840.91
10.118184195399762 -281016820552747.91 281016695275758.5
10.118186197402125 -284644458322125 284644332239129.81
10.118188199404488 -288330821804281.12 288330694907476.56
10.118190201406851 -292077055513412.25 292076927794893.62
10.118192203409214 -295884330071670.5 295884201523430.44
10.118194205411577 -299753842892042.06 299753713505968.81
10.11819620741394 -303686818881313.19 303686688649188.94
10.118198209416303 -307684511163906 307684380077405.06
10.118200211418666 -311748201827316.62 311748069878003.69
10.118202213421029 -315879202689647.69 315879069868976.12
10.118204215423393 -320078856090152.69 320078722389462.56
10.118206217425756 -324348535703488.44 324348401114004.69
10.118208219428119 -328689647378509.38 328689511891339.94
10.118210221430482 -333103630002366.5 333103493608500.19
10.118212223432845 -337591956390786.44 337591819081091.19
10.118214225435208 -342156134205519.5 342155995970740.12
10.118216227437571 -346797706899693.25 346797567730449.38
10.118218229439934 -351518254692335.69 351518114579119.75
10.118220231442297 -356319395572585.38 356319254505760.38
10.11822223344466 -361202786334996.44 361202644304793.81
10.118224235447023 -366170123646782.56 366169980643299.75
10.118226237449386 -371223145148282.25 371223001161480.62
10.118228239451749 -376363630587729.38 376363485607431.69
10.118230241454112 -381593402991455.25 381593257007343.44
10.118232243456475 -386914329870759.19 386914182872371.69
10.118234245458838 -392328324466776.38 392328176443505.81
10.118236247461201 -397837347034914.62 397837197976005.19
10.118238249463564 -403443406169714.75 403443256064259.56
10.118240251465927 -409148560171963.06 409148409008901.56
10.11824225346829 -414954918459509.5 414954766227624.75
10.118244255470653 -420864643023297.69 420864489711213.56
10.118246257473018 -426879949930061 426879795526239.31
10.118248259475381 -433003110873642.94 433002955366380.62
10.118250261477744 -439236454776610.81 439236298154036.94
10.118252263480107 -445582369443823.94 445582211693896.62
10.11825426548247 -452043303270039.69 452043144380543.19
10.118256267484833 -458621767003354.75 458621606961896.12
10.118258269487196 -465320335566582.06 465320174360587.94
10.118260271489559 -472141649938881.94 472141487555595.44
10.118262273491922 -479088419099465.75 479088255525942.88
10.118264275494285 -486163422036003.31 486163257259109.62
10.118266277496648 -493369509819978.38 493369343826385.5
10.118268279499011 -500709607751553.19 500709440527735.25
10.118270281501374 -508186717576292.25 508186549108522.06
10.118272283503737 -515803919776882.88 515803750051228.25
10.1182742855061 -523564375942523.5 523564204944843.44
10.118276287508463 -531471331218537.5 531471158934478.25
10.118278289510826 -539528116839619.38 539527943254610.44
10.118280291513189 -547738152749902.62 547737977849152.56
10.118282293515552 -556104950312985.31 556104774081477.62
10.118284295517915 -564632115115581.62 564631937538070.5
10.118286297520278 -573323349868024.88 573323170929030.62
10.118288299522643 -582182457405755.25 582182277089560
10.118290301525006 -591213343795683.75 591213162086326.75
10.118292303527369 -600420021551252.25 600419838432525
10.118294305529732 -609806612960701.38 609806428416143.12
10.118296307532095 -619377353532842.88 619377167545735.5
10.118298309534458 -629136595564567.75 629136408117930.62
10.118300311536821 -639088811836066.25 639088622912651.38
10.118302313539184 -649238599437568.5 649238409019854.88
10.118304315541547 -659590683733574 659590491803762.38
10.11830631754391 -670149922470067 670149729010074.38
10.118308319546273 -680921310029776 680921115021229.88
10.118310321548636 -691909981842173.12 691909785266405.75
10.118312323550999 -703121218954014.5 703121020792056.75
10.118314325553362 -714560452767475.75 714560253000051.25
10.118316327555725 -726233269952438.5 726233068559957
10.118318329558088 -738145417540514.38 738145214503065.75
10.118320331560451 -750302808207361.25 750302603504709
10.118322333562814 -762711525750872.62 762711319362446.75
10.118324335565177 -775377830774686.38 775377622679576.62
10.11832633756754 -788308166585275.12 788307956762224.12
10.118328339569903 -801509165310908.12 801508953738303.88
10.118330341572268 -814987654252340.62 814987440908209.38
10.118332343574631 -828750662474203.88 828750447336202.25
10.118334345576994 -842805427648386.12 842805210693793.38
10.118336347579357 -857159403159696.12 857159184365406.25
10.11833834958172 -871820265484714 871820044827227.38
10.118340351584083 -886795921856293.5 886795699311708.62
10.118342353586446 -902094518225119.38 902094293769124.12
10.118344355588809 -917724447531790.12 917724221139653.12
10.118346357591172 -933694358302311.62 933694129948872.88
10.118348359593535 -950013163581954.62 950012933241616.25
10.118350361595898 -966690050222320.88 966689817869037.62
10.118352363598261 -983734488536714.25 983734254143983.62
10.118354365600624 -1001156242339826.6 1001156005880678.9
10.118356367602987 -1018965379389669.5 1018965140836657.2
10.11835836960535 -1037172282248615.4 1037172041573803
10.118360371607713 -1055787659583997 1055787416758949.8
10.118362373610076 -1074822557926196.2 1074822312921968.9
10.118364375612439 -1094288373906667.4 1094288126693792.8
10.118366377614802 -1114196866996890.8 1114196617545368.2
10.118368379617165 -1134560172770360 1134559921049643.2
10.118370381619528 -1155390816711865.2 1155390562690849.2
10.118372383621892 -1176701728602485.8 1176701472249494.8
10.118374385624255 -1198506257501923.8 1198505998784697.5
10.118376387626618 -1220818187358643.8 1220817926244324.2
10.118378389628981 -1243651753278406.2 1243651489733523.8
10.118380391631344 -1267021658479678.8 1267021392470137.8
10.118382393633707 -1290943091967667.5 1290942823458731.5
10.11838439563607 -1315431746965310.8 1315431475921587.2
10.118386397638433 -1340503840134956.8 1340503566520382.2
10.118388399640796 -1366176131626067.2 1366175855403890.8
10.118390401643159 -1392465945990911.5 1392465667123678.2
10.118392403645522 -1419391194010193.5 1419390912459727.8
10.118394405647885 -1446970395475313.5 1446970111202701.2
10.118396407650248 -1475222702971139.5 1475222415936711
10.118398409652611 -1504167926705640.8 1504167636868951.2
10.118400411654974 -1533826560442533 1533826267762344.5
10.118402413657337 -1564219808591650 1564219513025911.2
10.1184044156597 -1595369614510742.5 1595369316016569
10.118406417662063 -1627298690082838.2 1627298388616491.5
10.118408419664426 -1660030546632499 1660030242149365.2
10.118410421666789 -1693589527247015.5 1693589219701583.5
10.118412423669152 -1728000840575388.5 1728000529921226.8
10.118414425671517 -1763290596182704.5 1763290282372438
10.11841642767388 -1799485841536672.5 1799485524521959
10.118418429676243 -1836614600708986 1836614280440490.8
10.118420431678606 -1874705914883025.2 1874705591310395.8
10.118422433680969 -1913789884762239.8 1913789557834079
10.118424435683332 -1953897714978011.5 1953897384641851
10.118426437685695 -1995061760603186 1995061426805457.8
10.118428439688058 -2037315575881715.5 2037315238567722.5
10.118430441690421 -2080693965293132 2080693624407019
10.118432443692784 -2125233037077558.8 2125232692562281.5
10.118434445695147 -2170970259347701.5 2170969911144994.2
10.11843644769751 -2217944518936507 2217944166986850.2
10.118438449699873 -2266196183124120 2266195827366706.5
10.118440451702236 -2315767164401312 2315766804774011.5
10.118442453704599 -2366700988439317 2366700624878640
10.118444455706962 -2419042865443096 2419042497884156.5
10.118446457709325 -2472839765076914 2472839393453391
10.118448459711688 -2528140495153524.5 2528140119397622.5
10.118450461714051 -2584995784304092 2584995404346499
10.118452463716414 -2643458368864180.5 2643457984634025.5
10.118454465718777 -2703583084195918.5 2703582695620728
10.118456467721142 -2765426960715765.5 2765426567721417
10.118458469723505 -2829049324897470.5 2829048927408146.5
10.118460471725868 -2894511905521236.5 2894511503459374.5
10.118462473728231 -2961878945495673 2961878538781916.5
10.118464475730594 -3031217319566371.5 3031216908119517
10.118466477732957 -3102596658256397.5 3102596241993340
10.11846847973532 -3176089478417378.5 3176089057253055.5
10.118470481737683 -3251771320790692.5 3251770894638027.5
10.118472483740046 -3329720894967540.5 3329720463737381.5
10.118474485742409 -3410020232223381 3410019795824439
10.118476487744772 -3492754846697433 3492754405036217.5
10.118478489747135 -3578013905418494 3578013458399246
10.118480491749498 -3665890407726788.5 3665889955251411.5
10.118482493751861 -3756481374679458.5 3756480916647446.5
10.118484495754224 -3849888049051807 3849887585360170.5
10.118486497756587 -3946216106580294 3946215637123482
10.11848849975895 -4045575879195005 4045575403864826
10.118490501761313 -4148082590966208 4148082109651746
10.118492503763676 -4253856607581450 4253856120168979
10.118494505766039 -4363023700241500 4363023206614393
10.118496507768402 -4475715324888141 4475714824926779
10.118498509770767 -4592068917750254 4592068411331928
10.11850051177313 -4712228208300451 4712227695299262
10.118502513775493 -4836343550751486 4836343031038239
10.118504515777856 -4964572275344398 4964571748786496
10.118506517780219 -5097079060740237 5097078527201569
10.118508519782582 -5234036328867295 5234035788208114
10.118510521784945 -5375624663829895 5375624115906701
10.118512523787308 -5522033256540649 5522032701206059
10.118514525789671 -5673460376706478 5673459813809095
10.118516527792034 -5830113874157197 5830113303541472
10.118518529794397 -5992211711554463 5992211133060552
10.11852053179676 -6159982530676309 6159981944139924
10.118522533799123 -6333666254542292 6333665659794545
10.118524535801486 -6513514728073726 6513514124940967
10.118526537803849 -6699792399960658 6699791788264306
10.118528539806212 -6892777048716566 6892776428272932
10.118530541808575 -7092760556138270 7092759926758373
10.118532543810938 -7300049731632896 7300049093122273
10.118534545813301 -7514967191117335 7514966543275839
10.118536547815664 -7737852294552857 7737851637174448
10.118538549818027 -7969062146548092 7969061479420619
10.118540551820391 -8208972664715400 8208971987620373
10.118542553822754 -8457979720933554 8457979033645905
10.118544555825117 -8716500361085219 8716499663373053
10.11854655782748 -8984974109305767 8984973400930100
10.118548559829843 -9263864363366258 9263863644080744
10.118550561832206 -9553659888251890 9553659157802538
10.118552563834569 -9854876415647020 9854875673771892
10.118554565836932 -10168058357778258 10168057604207156
10.118556567839295 -10493780644883446 10493779879337588
10.118558569841658 -10832650695986350 10832649918178020
10.118560571844021 -11185310534175226 11185309743807418
10.118562573846384 -11552439058032780 11552438254798818
10.118564575848747 -11934754482156248 11934753665739388
10.11856657785111 -12333016961009414 12333016131082432
10.118568579853473 -12748031411327458 12748030567552208
10.118570581855836 -13180650549929674 13180649691956630
10.118572583858199 -13631778165671268 13631777293139042
10.118574585860562 -14102372645471098 14102371758005934
10.118576587862925 -14593450776327292 14593449873542528
10.118578589865288 -15106091848025194 15106090929520706
10.118580591867651 -15641442082991108 15641441148352714
10.118582593870016 -16200719422267458 16200718471066296
10.118584595872379 -16785218700227374 16785217732019246
10.118586597874742 -17396317243166362 17396316257491044
10.118588599877105 -18035480930446808 18035479926827316
10.118590601879468 -18704270761584372 18704269739526200
10.118592603881831 -19404349976080460 19404348935070764
10.118594605884194 -20137491778092844 20137490717599580
10.118596607886557 -20905587724718620 20905586644189644
10.11859860988892 -21710656840725936 21710655739588040
10.118600611891283 -22554855530551892 22554854408209796
10.118602613893646 -23440488365657932 23440487221493204
10.118604615896009 -24370019834778632 24370018668148556
10.118606617898372 -25346087152616924 25346085962853292
10.118608619900735 -26371514234682892 26371513021090732
10.118610621903098 -27449326957063532 27449325718919756
10.118612623905461 -28582769833154292 28582768569706256
10.118614625907824 -29775324256017376 29775322966481352
10.118616627910187 -31030728471553104 31030727155112664
10.11861862991255 -32352999466006556 32352998121810848
10.118620631914913 -33746456973736872 33746455600898780
10.118622633917276 -35215749837715916 35215748435310116
10.118624635919641 -36765884979585448 36765883546646328
10.118626637922004 -38402259270451216 38402257805970640
10.118628639924367 -40130694629238664 40130693132163632
10.11863064192673 -41957476715918064 41957475185148184
10.118632643929093 -43889397629893928 43889396064278696
10.118634645931456 -45933803086525600 45933801484861536
10.118636647933819 -48098644594191560 48098642955219120
10.118638649936182 -50392537229167424 50392535551567704
10.118640651938545 -52824823681589264 52824821963980448
10.118642653940908 -55405645342589456 55405643583523024
10.118644655943271 -58146021301543152 58146019499499800
10.118646657945634 -61057936242358600 61057934395743880
10.118648659947997 -64154438367817576 64154436474957168
10.11865066195036 -67449748638498240 67449746697632912
