# serie phase 2 p7_w2.27_c1.20_dt2s4_k2 : t x1 x2 (dt2=2.7996102798059688e-06, depart t=9.5099999999999998 etat bascule x1 x2 v1 v2 = 1588.7572222103768 -1563.7228956229496 58645.041828169771 -58377.784326780384)
9.5802702180231289 4112734.7024410707 -4112496.8217900558
9.5802730176334094 4119941.4930068869 -4119703.4933262165
9.5802758172436882 4127165.4338644529 -4126927.3150200341
9.5802786168539686 4134406.576600106 -4134168.3384576105
9.5802814164642474 4141664.9729877929 -4141426.6154126567
9.5802842160745278 4148940.6749898717 -4148702.1978472946
9.5802870156848083 4156233.7347579161 -4155995.1379128606
9.5802898152950871 4163544.2046335228 -4163305.4879507148
9.5802926149053675 4170872.1371491244 -4170633.3004930513
9.580295414515648 4178217.5850288062 -4177978.6282637171
9.5802982141259267 4185580.6011891253 -4185341.5241790302
9.5803010137362072 4192961.2387399357 -4192722.041348605
9.580303813346486 4200359.5509852162 -4200120.2330761794
9.5803066129567664 4207775.5914239027 -4207536.1528604496
9.5803094125670469 4215209.4137507267 -4214969.8543959046
9.5803122121773256 4222661.0718570529 -4222421.3915736675
9.5803150117876061 4230130.619831725 -4229890.8184823403
9.5803178113978849 4237618.1119619161 -4237378.1894088527
9.5803206110081653 4245123.6027339809 -4244883.5588393155
9.5803234106184458 4252647.1468343111 -4252406.9814598765
9.5803262102287245 4260188.7991502006 -4259948.5121575827
9.580329009839005 4267748.6147707077 -4267508.2060212493
9.5803318094492855 4275326.6489875289 -4275086.1183423251
9.5803346090595642 4282922.9572958704 -4282682.3046157705
9.5803374086698447 4290537.5953953275 -4290296.8205409339
9.5803402082801234 4298170.6191907702 -4297929.7220224366
9.5803430078904039 4305822.0847932259 -4305581.0651710583
9.5803458075006844 4313492.0485207764 -4313250.9063046314
9.5803486071109631 4321180.5668994496 -4320939.3019489348
9.5803514067212436 4328887.6966641247 -4328646.3088385956
9.5803542063315223 4336613.494759433 -4336371.9839179963
9.5803570059418028 4344358.0183406724 -4344116.3843421815
9.5803598055520833 4352121.324774717 -4351879.5674777748
9.580362605162362 4359903.4716409408 -4359661.5909038968
9.5803654047726425 4367704.5167321358 -4367462.5124130864
9.580368204382923 4375524.5180554446 -4375282.3900122326
9.5803710039932017 4383363.5338332905 -4383121.2819235036
9.5803738036034822 4391221.6225043163 -4390979.2465852862
9.5803766032137609 4399098.8427243242 -4398856.3426531283
9.5803794028240414 4406995.2533672247 -4406752.6290006833
9.5803822024343219 4414910.9135259874 -4414668.1647206647
9.5803850020446006 4422845.8825135976 -4422603.0091257989
9.5803878016548811 4430800.2198640155 -4430557.2217497891
9.5803906012651598 4438773.9853331447 -4438530.8623482781
9.5803934008754403 4446767.2388998 -4446523.9908998227
9.5803962004857208 4454780.0407666853 -4454536.6676068669
9.5803990000959995 4462812.451361374 -4462568.9528967217
9.58040179970628 4470864.5313372919 -4470620.9074225528
9.5804045993165605 4478936.3415747108 -4478692.5920643695
9.5804073989268392 4487027.9431817411 -4486784.0679300195
9.5804101985371197 4495139.3974953331 -4494895.3963561896
9.5804129981473984 4503270.766082284 -4503026.6389094135
9.5804157977576789 4511422.1107402453 -4511177.857387078
9.5804185973679594 4519593.4934987407 -4519349.1138184406
9.5804213969782381 4527784.9766201852 -4527540.4704656508
9.5804241965885186 4535996.622600913 -4535751.9898247756
9.5804269961987973 4544228.4941722061 -4543983.7346268306
9.5804297958090778 4552480.6543013323 -4552235.7678388152
9.5804325954193583 4560753.1661925856 -4560508.1526647545
9.580435395029637 4569046.0932883332 -4568800.9525467483
9.5804381946399175 4577359.4992700685 -4577114.2311660182
9.5804409942501962 4585693.4480594676 -4585448.05244397
9.5804437938604767 4594048.0038194517 -4593802.4805432539
9.5804465934707572 4602423.2309552552 -4602177.5798688317
9.5804493930810359 4610819.1941155 -4610573.4150690539
9.5804521926913164 4619235.9581932761 -4618990.051036736
9.5804549923015969 4627673.5883272225 -4627427.5529102441
9.5804577919118756 4636132.1499026194 -4635885.9860745836
9.5804605915221561 4644611.7085524844 -4644365.4161624964
9.5804633911324348 4653112.3301586714 -4652865.9090555608
9.5804661907427153 4661634.0808529798 -4661387.5308852987
9.5804689903529958 4670177.0270182658 -4669930.3480342897
9.5804717899632745 4678741.2352895606 -4678494.4271372864
9.580474589573555 4687326.7725551948 -4687079.835082341
9.5804773891838337 4695933.7059579268 -4695686.6390119325
9.5804801887941142 4704562.1028960804 -4704314.9063241044
9.5804829884043947 4713212.0310246823 -4712964.7046736032
9.5804857880146734 4721883.558256614 -4721636.1019730279
9.5804885876249539 4730576.7527637612 -4730329.1663939822
9.5804913872352344 4739291.6829781728 -4739043.9663682319
9.5804941868455131 4748028.4175932277 -4747780.5705888728
9.5804969864557936 4756787.0255648047 -4756539.0480114985
9.5804997860660723 4765567.5761124585 -4765319.467855379
9.5805025856763528 4774370.1387206027 -4774121.8996046428
9.5805053852866333 4783194.783139701 -4782946.4130094657
9.580508184896912 4792041.579387459 -4791793.0780872675
9.5805109845071925 4800910.5977500277 -4800661.9651239105
9.5805137841174712 4809801.9087832104 -4809553.1446749084
9.5805165837277517 4818715.5833136756 -4818466.6875666417
9.5805193833380322 4827651.6924401782 -4827402.664897575
9.5805221829483109 4836610.307534785 -4836361.1480394844
9.5805249825585914 4845591.500244108 -4845342.2086386895
9.5805277821688719 4854595.3424905427 -4854345.9186172942
9.5805305817791506 4863621.9064735128 -4863372.350174428
9.5805333813894311 4872671.2646707231 -4872421.5757875033
9.5805361809997098 4881743.4898394188 -4881493.6682134699
9.5805389806099903 4890838.6550176479 -4890588.7004900817
9.5805417802202708 4899956.8335255347 -4899706.7459371658
9.5805445798305495 4909098.0989665575 -4908847.8781579034
9.58054737944083 4918262.5252288319 -4918012.171040114
9.5805501790511087 4927450.1864864044 -4927199.6987575442
9.5805529786613892 4936661.1572005479 -4936410.5357711688
9.5805557782716697 4945895.5121210692 -4945644.7568304939
9.5805585778819484 4955153.3262876198 -4954902.436974871
9.5805613774922289 4964434.6750310138 -4964183.6515348135
9.5805641771025094 4973739.633974554 -4973488.4761333214
9.5805669767127881 4983068.2790353633 -4982816.986687215
9.5805697763230686 4992420.6864257259 -4992169.2594084749
9.5805725759333473 5001796.9326544311 -5001545.3708055858
9.5805753755436278 5011197.0945281284 -5010945.3976848917
9.5805781751539083 5020621.2491526883 -5020369.4171519578
9.580580974764187 5030069.4739345675 -5029817.5066129332
9.5805837743744675 5039541.8465821864 -5039289.7437759321
9.5805865739847462 5049038.4451073101 -5048786.2066524103
9.5805893735950267 5058559.3478264371 -5058306.9735585572
9.5805921732053072 5068104.6333621955 -5067852.1231166907
9.5805949728155859 5077674.380644748 -5077421.7342566643
9.5805977724258664 5087268.6689132033 -5087015.8862172738
9.5806005720361469 5096887.5777170341 -5096634.6585476799
9.5806033716464256 5106531.1869175043 -5106278.1311088335
9.5806061712567061 5116199.5766890999 -5115946.3840749068
9.5806089708669848 5125892.827520974 -5125639.4979347382
9.5806117704772653 5135611.0202183928 -5135357.5534932781
9.5806145700875458 5145354.2359041944 -5145100.6318730488
9.5806173696978245 5155122.5560202515 -5154868.8145156056
9.580620169308105 5164916.062328944 -5164662.1831830107
9.5806229689183837 5174734.836914639 -5174480.8199593117
9.5806257685286642 5184578.962185177 -5184324.8072520299
9.5806285681389447 5194448.5208733696 -5194194.2277936572
9.5806313677492234 5204343.5960385026 -5204089.1646431563
9.5806341673595039 5214264.2710678447 -5214009.7011874756
9.5806369669697844 5224210.6296781711 -5223955.9211430671
9.5806397665800631 5234182.7559172884 -5233927.9085574131
9.5806425661903436 5244180.7341655698 -5243925.7478105631
9.5806453658006223 5254204.6491375016 -5253949.5236166762
9.5806481654109028 5264254.5858832328 -5263999.3210255774
9.5806509650211833 5274330.6297901375 -5274075.2254243121
9.580653764631462 5284432.866584382 -5284177.3225387186
9.5806565642417425 5294561.3823325029 -5294305.6984350048
9.5806593638520212 5304716.2634429913 -5304460.4395213332
9.5806621634623017 5314897.5966678886 -5314641.6325494144
9.5806649630725822 5325105.4691043878 -5324849.3646161091
9.5806677626828609 5335339.9681964442 -5335083.7231650408
9.5806705622931414 5345601.1817363966 -5345344.7959882151
9.5806733619034219 5355889.1978665944 -5355632.671227647
9.5806761615137006 5366204.1050810348 -5365947.4373770002
9.5806789611239811 5376545.9922270104 -5376289.1832832312
9.5806817607342598 5386914.9485067623 -5386657.9981482429
9.5806845603445403 5397311.0634791432 -5397053.971530552
9.5806873599548208 5407734.4270612914 -5407477.1933469577
9.5806901595650995 5418185.1295303125 -5417927.7538742265
9.58069295917538 5428663.2615249697 -5428405.7437507818
9.5806957587856587 5439168.9140473837 -5438911.2539784024
9.5806985583959392 5449702.1784647405 -5449444.3759239335
9.5807013580062197 5460263.1465110118 -5460005.201321003
9.5807041576164984 5470851.9102886803 -5470593.8222717512
9.5807069572267789 5481468.5622704774 -5481210.3312485637
9.5807097568370576 5492113.1953011304 -5491854.8210958224
9.5807125564473381 5502785.9025991168 -5502527.3850316582
9.5807153560576186 5513486.7777584288 -5513228.1166497162
9.5807181556678973 5524215.9147503506 -5523957.109920932
9.5807209552781778 5534973.4079252407 -5534714.4591953158
9.5807237548884583 5545759.3520143274 -5545500.2592037441
9.580726554498737 5556573.8421315104 -5556314.6050597671
9.5807293541090175 5567416.9737751773 -5567157.5922614196
9.5807321537192962 5578288.8428300247 -5578029.3166930452
9.5807349533295767 5589189.5455688927 -5588929.8746271301
9.5807377529398572 5600119.1786546083 -5599859.3627261464
9.5807405525501359 5611077.8391418392 -5610817.8780444069
9.5807433521604164 5622065.6244789567 -5621805.5180299254
9.5807461517706951 5633082.6325099086 -5632822.3805262931
9.5807489513809756 5644128.9614761053 -5643868.5637745606
9.5807517509912561 5655204.7100183126 -5654944.1664151344
9.5807545506015348 5666309.9771785559 -5666049.2874896796
9.5807573502118153 5677444.8624020359 -5677184.0264430363
9.5807601498220958 5688609.4655390559 -5688348.4831251437
9.5807629494323745 5699803.886846954 -5699542.7577929776
9.580765749042655 5711028.2269920539 -5710766.9511124967
9.5807685486529337 5722282.5870516198 -5722021.1641605999
9.5807713482632142 5733567.0685158251 -5733305.4984270949
9.5807741478734947 5744881.7732897317 -5744620.0558166755
9.5807769474837734 5756226.8036952801 -5755964.9386509145
9.5807797470940539 5767602.2624732889 -5767340.2496702615
9.5807825467043326 5779008.2527854694 -5778746.0920360573
9.5807853463146131 5790444.8782164445 -5790182.5693325531
9.5807881459248936 5801912.2427757867 -5801649.7855689498
9.5807909455351723 5813410.4509000601 -5813147.8451814381
9.5807937451454528 5824939.6074548801 -5824676.8530352581
9.5807965447557333 5836499.8177369786 -5836236.9144267673
9.580799344366012 5848091.1874762867 -5847828.1350855203
9.5808021439762925 5859713.8228380224 -5859450.6211763583
9.5808049435865712 5871367.8304247959 -5871104.4793015132
9.5808077431968517 5883053.3172787214 -5882789.8165027192
9.5808105428071322 5894770.3908835435 -5894506.740263341
9.5808133424174109 5906519.1591667775 -5906255.3585105119
9.5808161420276914 5918299.7305018548 -5918035.7796172816
9.5808189416379701 5930112.2137102885 -5929848.1124047795
9.5808217412482506 5941956.7180638444 -5941692.4661443876
9.5808245408585311 5953833.3532867283 -5953568.9505599253
9.5808273404688098 5965742.2295577815 -5965477.6758298473
9.5808301400790903 5977683.4575126935 -5977418.7525894558
9.5808329396893708 5989657.1482462231 -5989392.2919331212
9.5808357392996495 6001663.4133144347 -6001398.4054165175
9.58083853890993 6013702.3647369435 -6013437.205058869
9.5808413385202087 6025774.1149991769 -6025508.8033452118
9.5808441381304892 6037878.777054647 -6037613.3132286649
9.5808469377407697 6050016.4643272348 -6049750.8481327165
9.5808497373510484 6062187.29071349 -6061921.5219535194
9.5808525369613289 6074391.3705849415 -6074125.4490622068
9.5808553365716076 6086628.818790419 -6086362.7443072116
9.5808581361818881 6098899.7506583938 -6098633.5230166065
9.5808609357921686 6111204.2819993272 -6110937.9010004532
9.5808637354024473 6123542.5291080335 -6123275.9945531664
9.5808665350127278 6135914.6087660566 -6135647.9204558879
9.5808693346230083 6148320.6382440608 -6148053.7959788786
9.580872134233287 6160760.7353042345 -6160493.7388839237
9.5808749338435675 6173235.0182027062 -6172967.8674267465
9.5808777334538462 6185743.6056919768 -6185476.3003594419
9.5808805330641267 6198286.6170233628 -6198019.1569329193
9.5808833326744072 6210864.1719494546 -6210596.5568993622
9.5808861322846859 6223476.3907265905 -6223208.6205146974
9.5808889318949664 6236123.3941173395 -6235855.4685410848
9.5808917315052451 6248805.3033930054 -6248537.2222494157
9.5808945311155256 6261522.2403361378 -6261254.0034218272
9.5808973307258061 6274274.3272430627 -6274005.9343542317
9.5809001303360848 6287061.6869264264 -6286793.1378588602
9.5809029299463653 6299884.4427177515 -6299615.737266819
9.5809057295566458 6312742.718470009 -6312473.8564306619
9.5809085291669245 6325636.6385602048 -6325367.6197269764
9.580911328777205 6338566.3278919822 -6338297.152058986
9.5809141283874837 6351531.9118982377 -6351262.5788591662
9.5809169279977642 6364533.5165437525 -6364264.0260918755
9.5809197276080447 6377571.2683278369 -6377301.6202560021
9.5809225272183234 6390645.2942869952 -6390375.4883876257
9.5809253268286039 6403755.7219975991 -6403485.7580626914
9.5809281264388826 6416902.67957858 -6416632.5573997051
9.5809309260491631 6430086.2956941379 -6429816.0150624383
9.5809337256594436 6443306.6995564625 -6443036.2602626523
9.5809365252697223 6456564.0209284723 -6456293.4227628345
9.5809393248800028 6469858.3901265673 -6469587.6328789545
9.5809421244902833 6483189.9380234014 -6482919.0214832323
9.580944924100562 6496558.796050664 -6496287.7200069241
9.5809477237108425 6509965.0962018874 -6509693.8604431255
9.5809505233211212 6523408.9710352598 -6523137.5753495898
9.5809533229314017 6536890.5536764627 -6536618.9978515608
9.5809561225416822 6550409.9778215196 -6550138.2616446232
9.5809589221519609 6563967.3777396632 -6563695.5009975694
9.5809617217622414 6577562.8882762184 -6577290.8507552836
9.5809645213725201 6591196.6448555039 -6590924.4463416412
9.5809673209828006 6604868.7834837483 -6604596.4237624267
9.5809701205930811 6618579.440752022 -6618306.9196082661
9.5809729202033598 6632328.753839191 -6632056.0710575795
9.5809757198136403 6646116.860514883 -6645844.0158795472
9.580978519423919 6659943.8991424721 -6659670.892437093
9.5809813190341995 6673810.0086820815 -6673536.8396898909
9.58098411864448 6687715.3286936041 -6687441.9971973831
9.5809869182547587 6701659.9993397379 -6701386.5051218141
9.5809897178650392 6715644.1613890426 -6715370.5042312909
9.5809925174753197 6729667.956219011 -6729394.13590285
9.5809953170855984 6743731.525819161 -6743457.5421255529
9.5809981166958789 6757835.0127941426 -6757560.8655035924
9.5810009163061576 6771978.5603668652 -6771704.2492594188
9.5810037159164381 6786162.3123816438 -6785887.8372368859
9.5810065155267186 6800386.4133073594 -6800111.7739044139
9.5810093151369973 6814651.0082406448 -6814376.2043581717
9.5810121147472778 6828956.2429090813 -6828681.2743252777
9.5810149143575565 6843302.2636744203 -6843027.1301670168
9.581017713967837 6857689.2175358199 -6857413.9188820794
9.5810205135781175 6872117.2521331022 -6871841.7881098213
9.5810233131883962 6886586.5157500301 -6886310.8861335339
9.5810261127986767 6901097.1573176011 -6900821.3618837446
9.5810289124089572 6915649.3264173642 -6915373.3649415299
9.5810317120192359 6930243.1732847504 -6929967.0455418481
9.5810345116295164 6944878.8488124311 -6944602.5545768943
9.5810373112397951 6959556.5045536868 -6959280.0435994733
9.5810401108500756 6974276.2927258052 -6973999.6648263941
9.5810429104603561 6989038.3662134912 -6988761.5711418828
9.5810457100706348 7003842.878572301 -7003565.9161010161
9.5810485096809153 7018689.9840320991 -7018412.8539331751
9.581051309291194 7033579.8375005275 -7033302.5395455193
9.5810541089014745 7048512.5945665035 -7048235.1285264827
9.581056908511755 7063488.411503735 -7063210.7771492861
9.5810597081220337 7078507.4452742562 -7078229.6423754748
9.5810625077323142 7093569.8535319837 -7093291.8818584783
9.5810653073425947 7108675.7946262974 -7108397.6539471867
9.5810681069528734 7123825.4276056392 -7123547.1176895481
9.5810709065631539 7139018.9122211318 -7138740.4328361936
9.5810737061734326 7154256.4089302244 -7153977.7598440768
9.5810765057837131 7169538.0789003549 -7169259.2598801404
9.5810793053939936 7184864.0840126369 -7184585.0948250005
9.5810821050042723 7200234.5868655676 -7199955.427276656
9.5810849046145528 7215649.750778757 -7215370.420554216
9.5810877042248315 7231109.7397966813 -7230830.2387016555
9.581090503835112 7246614.7186924564 -7246335.0464915866
9.5810933034453925 7262164.8529716358 -7261885.0094290571
9.5810961030556712 7277760.3088760301 -7277480.2937553739
9.5810989026659517 7293401.2533875536 -7293121.0664519416
9.5811017022762321 7309087.8542320849 -7308807.4952441305
9.5811045018865109 7324820.2798833586 -7324539.7486051656
9.5811073014967914 7340598.6995668784 -7340317.9957600366
9.5811101011070701 7356423.283263851 -7356142.406689438
9.5811129007173506 7372294.2017151471 -7372013.1521337247
9.581115700327631 7388211.6264252849 -7387930.4035968985
9.5811184999379098 7404175.729666438 -7403894.3333506156
9.5811212995481903 7420186.6844824655 -7419905.1144382143
9.581124099158469 7436244.6646929691 -7435962.9206787758
9.5811268987687495 7452349.8448973726 -7452067.9266712004
9.5811296983790299 7468502.400479028 -7468220.3077983167
9.5811324979893087 7484702.5076093432 -7484420.2402310073
9.5811352975995892 7500950.3432519399 -7500667.9009323651
9.5811380972098696 7517246.0851668296 -7516963.4676618744
9.5811408968201484 7533589.9119146233 -7533307.1189796152
9.5811436964304288 7549982.0028607575 -7549699.0342504913
9.5811464960407076 7566422.5381797543 -7566139.3936484922
9.5811492956509881 7582911.6988595007 -7582628.3781609703
9.5811520952612685 7599449.6667055599 -7599166.1695929505
9.5811548948715473 7616036.6243455019 -7615752.9505714653
9.5811576944818277 7632672.7552332673 -7632388.9045499153
9.5811604940921065 7649358.2436535535 -7649074.2158124559
9.581163293702387 7666093.2747262297 -7665809.069478414
9.5811660933126674 7682878.0344107775 -7682593.6515067266
9.5811688929229462 7699712.7095107585 -7699428.1487004086
9.5811716925332266 7716597.487678309 -7716312.7487110486
9.5811744921435071 7733532.5574186649 -7733247.6400433322
9.5811772917537859 7750518.1080947109 -7750233.0120595926
9.5811800913640663 7767554.329931559 -7767269.0549843907
9.5811828909743451 7784641.4140211567 -7784355.9599091178
9.5811856905846255 7801779.5523269195 -7801493.9187966343
9.581188490194906 7818968.9376883944 -7818683.1244859286
9.5811912898051848 7836209.763825953 -7835923.7706968132
9.5811940894154652 7853502.225345511 -7853216.0520346435
9.581196889025744 7870846.5177432792 -7870560.1639950657
9.5811996886360244 7888242.8374105394 -7887956.3029687982
9.5812024882463049 7905691.381638458 -7905404.6662464403
9.5812052878565837 7923192.3486229191 -7922905.4520233087
9.5812080874668641 7940745.9374693958 -7940458.8594043069
9.5812108870771446 7958352.3481978467 -7958065.0884088222
9.5812136866874233 7976011.7817476438 -7975724.3399756532
9.5812164862977038 7993724.4399825325 -7993436.8159679715
9.5812192859079826 8011490.525695621 -8011202.7191783069
9.581222085518263 8029310.2426143987 -8029022.2533335714
9.5812248851285435 8047183.7954057902 -8046895.6231001094
9.5812276847388222 8065111.3896812368 -8064823.034088782
9.5812304843491027 8083093.2320018122 -8082804.6928600781
9.5812332839593815 8101129.529883367 -8100840.8069292624
9.5812360835696619 8119220.4918017071 -8118931.5847715549
9.5812388831799424 8137366.327197806 -8137077.2358273398
9.5812416827902211 8155567.2464830456 -8155277.9705074085
9.5812444824005016 8173823.4610444941 -8173534.0001982357
9.5812472820107804 8192135.1832502112 -8191845.5372672882
9.5812500816210608 8210502.6264545945 -8210212.7950683674
9.5812528812313413 8228926.0050037513 -8228635.9879469816
9.58125568084162 8247405.5342409071 -8247115.3312457586
9.5812584804519005 8265941.4305118518 -8265651.0413098847
9.581261280062181 8284533.9111704119 -8284243.3354925839
9.5812640796724597 8303183.1945839636 -8302892.432160628
9.5812668792827402 8321889.5001389803 -8321598.5506998831
9.5812696788930189 8340653.048246609 -8340361.9115208872
9.5812724785032994 8359474.0603482891 -8359182.7360644676
9.5812752781135799 8378352.7589214016 -8378061.2468073945
9.5812780777238586 8397289.367484957 -8396997.6672680639
9.5812808773341391 8416284.1106053181 -8415992.22201222
9.5812836769444178 8435337.2139019538 -8435045.1366587169
9.5812864765546983 8454448.904053241 -8454156.6378853079
9.5812892761649788 8473619.4088022895 -8473326.9534344822
9.5812920757752575 8492848.9569628146 -8492556.3121193312
9.581294875385538 8512137.7784250416 -8511844.9438294545
9.5812976749958185 8531486.1041616462 -8531193.0795368999
9.5813004746060972 8550894.166233737 -8550600.9513021465
9.5813032742163777 8570362.1977968719 -8570068.7922801208
9.5813060738266564 8589890.4331071172 -8589596.8367262539
9.5813088734369369 8609479.1075271387 -8609185.3200025782
9.5813116730472174 8629128.4575323407 -8628834.4785838574
9.5813144726574961 8648838.7207170334 -8648544.5500637647
9.5813172722677766 8668610.1358006503 -8668315.7731610909
9.5813200718780553 8688442.9426339976 -8688148.3877259977
9.5813228714883358 8708337.382205544 -8708042.6347463094
9.5813256710986163 8728293.6966477558 -8727998.7563538458
9.581328470708895 8748312.129243467 -8748016.9958307892
9.5813312703191755 8768392.9244322907 -8768097.5976161025
9.581334069929456 8788536.3278170768 -8788240.8073119819
9.5813368695397347 8808742.5861704051 -8808446.8716903515
9.5813396691500152 8829011.9474411216 -8828716.0386993997
9.5813424687602939 8849344.6607609205 -8849048.5574701596
9.5813452683705744 8869740.9764509592 -8869444.6783231292
9.5813480679808549 8890201.1460285299 -8889904.6527749337
9.5813508675911336 8910725.4222137593 -8910428.733545037
9.5813536672014141 8931314.0589363649 -8931017.1745624859
9.5813564668116928 8951967.3113424405 -8951670.2309727054
9.5813592664219733 8972685.4358013012 -8972388.1591443382
9.5813620660322538 8993468.6899123583 -8993171.2166761216
9.5813648656425325 9014317.332512049 -9014019.6624038164
9.581367665252813 9035231.6236808021 -9034933.7564071734
9.5813704648630935 9056211.8247500584 -9055913.7600169498
9.5813732644733722 9077258.1983093265 -9076959.9358219728
9.5813760640836527 9098371.0082132928 -9098072.5476762448
9.5813788636939314 9119550.5195889771 -9119251.8607060984
9.5813816633042119 9140796.9988429248 -9140498.141317388
9.5813844629144924 9162110.7136684563 -9161811.657202743
9.5813872625247711 9183491.9330529589 -9183192.6773488577
9.5813900621350516 9204940.9272852298 -9204641.4720438328
9.5813928617453303 9226457.9679628611 -9226158.3128845636
9.5813956613556108 9248043.3279996794 -9247743.4727841727
9.5813984609658913 9269697.2816332262 -9269397.2259795032
9.58140126057617 9291420.104432296 -9291119.8480386436
9.5814040601864505 9313212.0733045153 -9312911.6158685125
9.581406859796731 9335073.4665039778 -9334772.807722494
9.5814096594070097 9357004.5636389256 -9356703.7032081187
9.5814124590172902 9379005.6456794832 -9378704.5832947977
9.5814152586275689 9401076.9949654415 -9400775.7303216066
9.5814180582378494 9423218.895214092 -9422917.4280051161
9.5814208578481299 9445431.6315281093 -9445129.9614472836
9.5814236574584086 9467715.4904034939 -9467413.6171433832
9.5814264570686891 9490070.7597375605 -9489768.6829900052
9.5814292566789678 9512497.7288369797 -9512195.4482930936
9.5814320562892483 9534996.6884258743 -9534694.2037760429
9.5814348558995288 9557567.9306539707 -9557265.2415878437
9.5814376555098075 9580211.7491047923 -9579908.8553112857
9.581440455120088 9602928.438803928 -9602625.339971222
9.5814432547303685 9625718.2962273397 -9625414.9920428731
9.5814460543406472 9648581.6193097252 -9648278.1094601974
9.5814488539509277 9671518.7074529473 -9671214.9916243106
9.5814516535612064 9694529.8615345042 -9694225.9394119661
9.5814544531714869 9717615.3839160707 -9717311.2551840898
9.5814572527817674 9740775.5784520824 -9740471.2427943666
9.5814600523920461 9764010.750498388 -9763706.207597889
9.5814628520023266 9787321.2069209516 -9787016.4564598668
9.5814656516126053 9810707.2561046202 -9810402.297764387
9.5814684512228858 9834169.2079619411 -9833864.041423237
9.5814712508331663 9857707.3739420436 -9857401.9988847803
9.581474050443445 9881322.0670395792 -9881016.4831429049
9.5814768500537255 9905013.6018037219 -9904707.8087460157
9.581479649664006 9928782.2943472248 -9928476.2918060925
9.5814824492742847 9952628.4623555448 -9952322.2500078194
9.5814852488845652 9976552.4250960201 -9976246.0026177596
9.5814880484948439 10000554.503427114 -10000247.870493596
9.5814908481051244 10024635.019807722 -10024328.176093446
9.5814936477154049 10048794.298306538 -10048487.243485216
9.5814964473256836 10073032.664611477 -10072725.398356039
9.5814992469359641 10097350.446039183 -10097042.968021765
9.5815020465462428 10121747.971544573 -10121440.281436522
9.5815048461565233 10146225.571730468 -10145917.669202337
9.5815076457668038 10170783.578857277 -10170475.463578822
9.5815104453770825 10195422.326852746 -10195113.998492924
9.581513244987363 10220142.151321784 -10219833.609548749
9.5815160445976417 10244943.389556337 -10244634.634037439
9.5815188442079222 10269826.380545348 -10269517.410947129
9.5815216438182027 10294791.464984775 -10294482.280972967
9.5815244434284814 10319838.985287672 -10319529.586527195
9.5815272430387619 10344969.28559435 -10344659.671749311
9.5815300426490424 10370182.711782599 -10369872.882516284
9.5815328422593211 10395479.611477979 -10395169.566452853
9.5815356418696016 10420860.334064184 -10420550.07294189
9.5815384414798803 10446325.230693478 -10446014.753134836
9.5815412410901608 10471874.654297203 -10471563.959962199
9.5815440407004413 10497508.959596345 -10497198.048144136
9.58154684031072 10523228.503112195 -10522917.374201102
9.5815496399210005 10549033.643177064 -10548722.296464572
9.5815524395312792 10574924.739945078 -10574613.175087832
9.5815552391415597 10600902.155403053 -10600590.372056853
9.5815580387518402 10626966.253381433 -10626654.251201237
9.5815608383621189 10653117.399565311 -10652805.178205226
9.5815636379723994 10679355.961505519 -10679043.520618802
9.5815664375826799 10705682.308629803 -10705369.647868859
9.5815692371929586 10732096.812254068 -10731783.931270439
9.5815720368032391 10758599.845593696 -10758286.744038071
9.5815748364135178 10785191.783774963 -10784878.461297166
9.5815776360237983 10811873.003846504 -10811559.460095491
9.5815804356340788 10838643.884790881 -10838330.119414743
9.5815832352443575 10865504.807536224 -10865190.820182178
9.581586034854638 10892456.154967949 -10892141.945282338
9.5815888344649167 10919498.311940558 -10919183.879568851
9.5815916340751972 10946631.665289527 -10946317.009876309
9.5815944336854777 10973856.603843264 -10973541.72503224
9.5815972332957564 11001173.518435162 -11000858.415869147
9.5816000329060369 11028582.801915728 -11028267.475236651
9.5816028325163174 11056084.849164804 -11055769.2980137
9.5816056321265961 11083680.057103867 -11083364.281120876
9.5816084317368766 11111368.82470841 -11111052.823532775
9.5816112313471553 11139151.553020421 -11138835.326290485
9.5816140309574358 11167028.645160945 -11166712.192514142
9.5816168305677163 11195000.506342724 -11194683.827415584
9.581619630177995 11223067.543882938 -11222750.638311081
9.5816224297882755 11251230.167216033 -11250913.034634164
9.5816252293985542 11279488.787906626 -11279171.427948533
9.5816280290088347 11307843.819662523 -11307526.231961073
9.5816308286191152 11336295.678347804 -11335977.862534944
9.5816336282293939 11364844.781996017 -11364526.737702768
9.5816364278396744 11393491.550823463 -11393173.277679915
9.5816392274499549 11422236.407242557 -11421917.904877869
9.5816420270602336 11451079.775875308 -11450761.043917703
9.5816448266705141 11480022.083566874 -11479703.121643636
9.5816476262807928 11509063.75939923 -11508744.567136699
9.5816504258910733 11538205.234704912 -11537885.811728485
9.5816532255013538 11567446.94308088 -11567127.289015004
9.5816560251116325 11596789.320402464 -11596469.434870636
9.581658824721913 11626232.804837411 -11625912.687462172
9.5816616243321917 11655777.836860035 -11655457.487262966
9.5816644239424722 11685424.859265462 -11685104.277067184
9.5816672235527527 11715174.317183984 -11714853.502004156
9.5816700231630314 11745026.658095511 -11744705.609552817
9.5816728227733119 11774982.331844116 -11774661.049556274
9.5816756223835924 11805041.790652703 -11804720.274236454
9.5816784219938711 11835205.489137767 -11834883.738208871
9.5816812216041516 11865473.884324254 -11865151.898497494
9.5816840212144303 11895847.435660543 -11895525.214549715
9.5816868208247108 11926326.605033519 -11926004.148251427
9.5816896204349913 11956911.856783761 -11956589.163942222
9.58169242004527 11987603.657720845 -11987280.728430677
9.5816952196555505 12018402.477138745 -12018079.311009768
9.5816980192658292 12049308.786831345 -12048985.383472379
9.5817008188761097 12080323.061108077 -12079999.420126932
9.5817036184863902 12111445.77680965 -12111121.897813126
9.5817064180966689 12142677.413323905 -12142353.295917796
9.5817092177069494 12174018.45260179 -12173694.096390866
9.5817120173172299 12205469.37917343 -12205144.783761444
9.5817148169275086 12237030.68016433 -12236705.84515401
9.5817176165377891 12268702.845311686 -12268377.770304734
9.5817204161480678 12300486.366980825 -12300161.051577911
9.5817232157583483 12332381.740181744 -12332056.183982505
9.5817260153686288 12364389.46258579 -12364063.665188821
9.5817288149789075 12396510.034542445 -12396183.995545303
9.581731614589188 12428743.959096242 -12428417.678095439
9.5817344141994667 12461091.742003797 -12460765.218594795
9.5817372138097472 12493553.891750967 -12493227.125528174
9.5817400134200277 12526130.919570139 -12525803.910126904
9.5817428130303064 12558823.339457631 -12558496.086386248
9.5817456126405869 12591631.668191237 -12591304.171082934
9.5817484122508674 12624556.425347883 -12624228.683792818
9.5817512118611461 12657598.133321419 -12657270.146908682
9.5817540114714266 12690757.317340545 -12690429.085658146
9.5817568110817053 12724034.505486863 -12723706.028121736
9.5817596106919858 12757430.22871306 -12757101.505251056
9.5817624103022663 12790945.020861229 -12790616.050887108
9.581765209912545 12824579.418681318 -12824250.201778753
9.5817680095228255 12858333.961849725 -12858004.497601291
9.5817708091331042 12892209.192988014 -12891879.480975192
9.5817736087433847 12926205.657681782 -12925875.697484948
9.5817764083536652 12960323.904499652 -12959993.695698075
9.5817792079639439 12994564.485012418 -12994234.027184255
9.5817820075742244 13028927.953812324 -13028597.246534621
9.5817848071845031 13063414.86853249 -13063083.911381172
9.5817876067947836 13098025.789866479 -13097694.58241635
9.5817904064050641 13132761.281588007 -13132429.823412742
9.5817932060153428 13167621.910570797 -13167290.201242942
9.5817960056256233 13202608.246808585 -13202276.285899552
9.5817988052359038 13237720.863435274 -13237388.650515335
9.5818016048461825 13272960.336745234 -13272627.871383518
9.581804404456463 13308327.246213753 -13307994.527978243
9.5818072040667417 13343822.174517645 -13343489.202975173
9.5818100036770222 13379445.707556 -13379112.482272241
9.5818128032873027 13415198.434471104 -13414864.955010576
9.5818156028975814 13451080.947669502 -13450747.213595556
9.5818184025078619 13487093.842843223 -13486759.853718044
9.5818212021181406 13523237.718991166 -13522903.474375768
9.5818240017284211 13559513.17844064 -13559178.677894859
9.5818268013387016 13595920.826869071 -13595586.06995156
9.5818296009489803 13632461.273325866 -13632126.259594098
9.5818324005592608 13669135.130254449 -13668799.859264703
9.5818352001695413 13705943.013514452 -13705607.484821815
9.58183799977982 13742885.542404078 -13742549.755562441
9.5818407993901005 13779963.339682633 -13779627.294244682
9.5818435990003792 13817177.031593226 -13816840.727110442
9.5818463986106597 13854527.247885639 -13854190.683908289
9.5818491982209402 13892014.621839369 -13891677.797916507
9.5818519978312189 13929639.790286848 -13929302.705966309
9.5818547974414994 13967403.393636836 -13967066.048465226
9.5818575970517781 14005306.075897984 -14004968.469420683
9.5818603966620586 14043348.484702591 -14043010.616463743
9.5818631962723391 14081531.271330528 -14081193.140873039
9.5818659958826178 14119855.090733347 -14119516.697598882
9.5818687954928983 14158320.601558579 -14157981.945287554
9.5818715951031788 14196928.466174202 -14196589.546305781
9.5818743947134575 14235679.350693308 -14235340.166765399
9.581877194323738 14274573.92499895 -14274234.4765482
9.5818799939340167 14313612.862769185 -14313273.149330975
9.5818827935442972 14352796.841502303 -14352456.862610744
9.5818855931545777 14392126.542542256 -14391786.297730181
9.5818883927648564 14431602.651104266 -14431262.139903231
9.5818911923751369 14471225.856300645 -14470885.078240918
9.5818939919854156 14510996.851166803 -14510655.805777365
9.5818967915956961 14550916.332687465 -14550575.019495999
9.5818995912059766 14590985.001823073 -14590643.420355966
9.5819023908162553 14631203.563536409 -14630861.713318743
9.5819051904265358 14671572.726819409 -14671230.607374957
9.5819079900368163 14712093.204720192 -14711750.815571411
9.581910789647095 14752765.714370288 -14752423.055038318
9.5819135892573755 14793590.977012087 -14793248.047016744
9.5819163888676542 14834569.718026489 -14834226.51688626
9.5819191884779347 14875702.66696078 -14875359.194192817
9.5819219880882152 14916990.557556707 -14916646.812676826
9.5819247876984939 14958434.127778791 -14958090.110301461
9.5819275873087744 15000034.119842835 -14999689.829281177
9.5819303869190531 15041791.280244676 -15041446.716110459
9.5819331865293336 15083706.359789148 -15083361.521592779
9.5819359861396141 15125780.113619266 -15125435.00086979
9.5819387857498928 15168013.30124565 -15167667.91345074
9.5819415853601733 15210406.686576173 -15210061.023242129
9.5819443849704538 15252961.037945829 -15252615.09857757
9.5819471845807325 15295677.128146855 -15295330.912247915
9.581949984191013 15338555.734459072 -15338209.241531596
9.5819527838012917 15381597.638680469 -15381250.868225206
9.5819555834115722 15424803.627158022 -15424456.578674318
9.5819583830218527 15468174.490818752 -15467827.16380455
9.5819611826321314 15511711.025201047 -15511363.419152876
9.5819639822424119 15555414.030486204 -15555066.144899178
9.5819667818526906 15599284.311530231 -15598936.145898039
9.5819695814629711 15643322.677895896 -15642974.231710799
9.5819723810732516 15687529.943885043 -15687181.21663787
9.5819751806835303 15731906.928571139 -15731557.919751279
9.5819779802938108 15776454.455832087 -15776105.164927486
9.5819807799040912 15821173.354383305 -15820823.780880459
9.58198357951437 15866064.457811058 -15865714.601195006
9.5819863791246505 15911128.604606058 -15910778.464360379
9.5819891787349292 15956366.638197331 -15956016.213804135
9.5819919783452097 16001779.406986345 -16001428.697926272
9.5819947779554902 16047367.76438142 -16047016.770133631
9.5819975775657689 16093132.568832405 -16092781.288874578
9.5820003771760494 16139074.683865625 -16138723.117673948
9.5820031767863281 16185194.978119124 -16184843.125168288
9.5820059763966086 16231494.325378163 -16231142.18514136
9.5820087760068891 16277973.604611028 -16277621.176559942
9.5820115756171678 16324633.700005107 -16324280.983609907
9.5820143752274483 16371475.501003262 -16371122.495732602
9.5820171748377287 16418499.90234049 -16418146.607661497
9.5820199744480075 16465707.804080877 -16465354.219459148
9.582022774058288 16513100.111654852 -16512746.236554446
9.5820255736685667 16560677.735896729 -16560323.569780165
9.5820283732788472 16608441.593082571 -16608087.135410817
9.5820311728891276 16656392.604968334 -16656037.855200805
9.5820339724994064 16704531.698828338 -16704176.656422887
9.5820367721096869 16752859.807494039 -16752504.471906954
9.5820395717199656 16801377.869393114 -16801022.240079109
9.5820423713302461 16850086.828588862 -16849730.90500107
9.5820451709405265 16898987.634819921 -16898631.416409891
9.5820479705508053 16948081.243540317 -16947724.729758006
9.5820507701610858 16997368.615959834 -16997011.806253601
9.5820535697713645 17046850.719084706 -17046493.612901308
9.582056369381645 17096528.525758628 -17096171.122543208
9.5820591689919254 17146403.014704119 -17146045.313900206
9.5820619686022042 17196475.170564216 -17196117.171613712
9.5820647682124847 17246745.983944509 -17246387.686287694
9.5820675678227651 17297216.451455522 -17296857.854531031
9.5820703674330439 17347887.575755425 -17347528.679000251
9.5820731670433243 17398760.365593113 -17398401.168442603
9.5820759666536031 17449835.835851625 -17449476.337739468
9.5820787662638836 17501115.007591929 -17500755.207950152
9.582081565874164 17552598.908097059 -17552238.806356024
9.5820843654844428 17604288.570916604 -17603928.166504994
9.5820871650947232 17656185.035911575 -17655824.328256391
9.582089964705002 17708289.349299632 -17707928.337826185
9.5820927643152825 17760602.563700702 -17760241.247832604
9.5820955639255629 17813125.738182966 -17812764.117342129
9.5820983635358417 17865859.938309215 -17865498.01191584
9.5821011631461221 17918806.236183595 -17918444.003656168
9.5821039627564026 17971965.710498746 -17971603.171254031
9.5821067623666814 18025339.446583301 -18024976.600036331
9.5821095619769618 18078928.536449805 -18078565.382013872
9.5821123615872406 18132734.078843031 -18132370.615929689
9.582115161197521 18186757.179288689 -18186393.40730774
9.5821179608078015 18240998.950142536 -18240634.868502021
9.5821207604180803 18295460.510639906 -18295096.118746098
9.5821235600283607 18350142.98694564 -18349778.284203045
9.5821263596386395 18405047.512204457 -18404682.498015795
9.5821291592489199 18460175.226591714 -18459809.900357921
9.5821319588592004 18515527.277364615 -18515161.638484836
9.5821347584694792 18571104.818913829 -18570738.8667854
9.5821375580797596 18626909.012815546 -18626542.746833999
9.5821403576900401 18682941.027883973 -18682574.44744302
9.5821431573003188 18739202.040224273 -18738835.144715805
9.5821459569105993 18795693.233285945 -18795326.02210002
9.5821487565208781 18852415.797916654 -18852048.270441495
9.5821515561311585 18909370.932416502 -18909003.088038482
9.582154355741439 18966559.842592768 -18966191.680696409
9.5821571553517177 19023983.741815109 -19023615.261783071
9.5821599549619982 19081643.85107122 -19081275.052284289
9.582162754572277 19139541.399022978 -19139172.28086007
9.5821655541825574 19197677.622063056 -19197308.183901198
9.5821683537928379 19256053.76437201 -19255684.005586337
9.5821711534031166 19314671.077975858 -19314300.997939609
9.5821739530133971 19373530.822804142 -19373160.42088864
9.5821767526236776 19432634.266748484 -19432263.542323142
9.5821795522339563 19491982.685721651 -19491611.638153959
9.5821823518442368 19551577.363717105 -19551205.992372621
9.5821851514545155 19611419.592869058 -19611047.897111397
9.582187951064796 19671510.673513062 -19671138.652703896
9.5821907506750765 19731851.914247103 -19731479.567746144
9.5821935502853552 19792444.631993227 -19792071.959158223
9.5821963498956357 19853290.152059682 -19852917.152246412
9.5821991495059144 19914389.808203597 -19914016.480765857
9.5822019491161949 19975744.942694206 -19975371.286983803
9.5822047487264754 20037356.906376593 -20036982.921743337
9.5822075483367541 20099227.058736026 -20098852.744527724
9.5822103479470346 20161356.767962806 -20160982.123525247
9.5822131475573151 20223747.411017686 -20223372.435694639
9.5822159471675938 20286400.373697873 -20286025.066831075
9.5822187467778743 20349317.050703581 -20348941.411632732
9.582221546388153 20412498.845705155 -20412122.873767905
9.5822243459984335 20475947.171410784 -20475570.865942728
9.582227145608714 20539663.449634813 -20539286.809969477
9.5822299452189927 20603649.11136663 -20603272.136835475
9.5822327448292732 20667905.596840166 -20667528.28677256
9.5822355444395519 20732434.355603971 -20732056.709327199
9.5822383440498324 20797236.846591946 -20796858.863431185
9.5822411436601129 20862314.538194653 -20861936.217472974
9.5822439432703916 20927668.908331268 -20927290.249369625
9.5822467428806721 20993301.444522161 -20992922.446639378
9.5822495424909526 21059213.643962093 -21058834.306474861
9.5822523421012313 21125407.01359408 -21125027.335816942
9.5822551417115118 21191883.070183866 -21191503.051429212
9.5822579413217905 21258643.340395097 -21258262.979973152
9.582260740932071 21325689.360865124 -21325308.658083942
9.5822635405423515 21393022.678281486 -21392641.632446937
9.5822663401526302 21460644.849459056 -21460263.45987482
9.5822691397629107 21528557.441417877 -21528175.707385428
9.5822719393731894 21596762.031461682 -21596379.95228029
9.5822747389834699 21665260.207257111 -21664877.782223821
9.5822775385937504 21734053.566913608 -21733670.795323242
9.5822803382040291 21803143.719064064 -21802760.600209199
9.5822831378143096 21872532.282946132 -21872148.816117097
9.5822859374245901 21942220.888484292 -21941837.072969154
9.5822887370348688 22012211.176372651 -22011827.011457216
9.5822915366451493 22082504.798158463 -22082120.283126254
9.582294336255428 22153103.416326381 -22152718.550458636
9.5822971358657085 22224008.704383492 -22223623.486959148
9.582299935475989 22295222.346945085 -22294836.777240772
9.5823027350862677 22366746.039821196 -22366360.117111228
9.5823055346965482 22438581.490103938 -22438195.2136603
9.5823083343068269 22510730.416255578 -22510343.785347916
9.5823111339171074 22583194.548197448 -22582807.56209306
9.5823139335273879 22655975.627399631 -22655588.285363458
9.5823167331376666 22729075.406971447 -22728687.708266057
9.5823195327479471 22802495.65175277 -22802107.595638353
9.5823223323582258 22876238.138406161 -22875849.724140521
9.5823251319685063 22950304.655509826 -22949915.882348362
9.5823279315787868 23024697.003651418 -23024307.870847121
9.5823307311890655 23099416.995522693 -23099027.502326131
9.582333530799346 23174466.456015013 -23174076.601674322
9.5823363304096265 23249847.222315729 -23249457.0060766
9.5823391300199052 23325561.144005407 -23325170.565111082
9.5823419296301857 23401610.083155986 -23401219.140847243
9.5823447292404644 23477995.914429776 -23477604.607944913
9.5823475288507449 23554720.525179379 -23554328.853754207
9.5823503284610254 23631785.815548547 -23631393.778416384
9.5823531280713041 23709193.698573932 -23708801.294965588
9.5823559276815846 23786946.100287758 -23786553.329431519
9.5823587272918633 23865044.95982144 -23864651.820943065
9.5823615269021438 23943492.229510162 -23943098.721832868
9.5823643265124243 24022289.874998413 -24021895.997742858
9.582367126122703 24101439.875346489 -24101045.627730772
9.5823699257329835 24180944.223137975 -24180549.604377616
9.582372725343264 24260804.924588192 -24260409.933896128
9.5823755249535427 24341023.999653675 -24340628.636240236
9.5823783245638232 24421603.482142642 -24421207.745215554
9.5823811241741019 24502545.419826511 -24502149.30859087
9.5823839237843824 24583851.874552403 -24583455.388210677
9.5823867233946629 24665524.922356725 -24665128.060108732
9.5823895230049416 24747566.653579764 -24747169.414622664
9.5823923226152221 24829979.172981404 -24829581.556509688
9.5823951222255008 24912764.599857867 -24912366.605063342
9.5823979218357813 24995925.068159558 -24995526.694231335
9.5824007214460618 25079462.726610009 -25079063.972734496
9.5824035210563405 25163379.738825925 -25162980.604186807
9.582406320666621 25247678.283438355 -25247278.767216589
9.5824091202769015 25332360.554214999 -25331960.655588794
9.5824119198871802 25417428.760183647 -25417028.478328459
9.5824147194974607 25502885.125756785 -25502484.459845301
9.5824175191077394 25588731.890857369 -25588330.840059493
9.5824203187180199 25674971.311045766 -25674569.874528609
9.5824231183283004 25761605.657647893 -25761203.834575757
9.5824259179385791 25848637.217884589 -25848235.007418957
9.5824287175488596 25936068.295002174 -25935665.696301695
9.5824315171591383 26023901.208404265 -26023498.220624749
9.5824343167694188 26112138.293784801 -26111734.91607919
9.5824371163796993 26200781.903262343 -26200378.134780712
9.582439915989978 26289834.405515667 -26289430.245405201
9.5824427156002585 26379298.185920626 -26378893.633325618
9.582445515210539 26469175.646688301 -26468770.700750127
9.5824483148208177 26559469.20700448 -26559063.866861593
9.5824511144310982 26650181.303170465 -26649775.567958377
9.5824539140413769 26741314.388745196 -26740908.25759647
9.5824567136516574 26832870.934688762 -26832464.406732988
9.5824595132619379 26924853.429507267 -26924446.503871061
9.5824623128722166 27017264.379399087 -27016857.055206072
9.5824651124824971 27110106.308402501 -27109698.584773287
9.5824679120927758 27203381.758544769 -27202973.634596948
9.5824707117030563 27297093.289992634 -27296684.764840759
9.5824735113133368 27391243.481204275 -27390834.553959846
9.5824763109236155 27485834.929082707 -27485425.598854166
9.582479110533896 27580870.249130677 -27580460.515023384
9.5824819101441765 27676352.075607028 -27675941.936723251
9.5824847097544552 27772283.061684579 -27771872.517123476
9.5824875093647357 27868665.879609551 -27868254.928467162
9.5824903089750144 27965503.220862519 -27965091.862231743
9.5824931085852949 28062797.796320908 -28062386.029291492
9.5824959081955754 28160552.336423125 -28160140.160081651
9.5824987078058541 28258769.591334224 -28258357.004764087
9.5825015074161346 28357452.331113212 -28357039.333394617
9.5825043070264133 28456603.345881991 -28456189.936091922
9.5825071066366938 28556225.445995931 -28555811.623208154
9.5825099062469743 28656321.462216124 -28655907.225501157
9.582512705857253 28756894.245883271 -28756479.594308376
9.5825155054675335 28857946.669093352 -28857531.601722516
9.582518305077814 28959481.624874961 -28959066.140768886
9.5825211046880927 29061502.027368389 -29061086.125584468
9.5825239042983732 29164010.812006477 -29163594.491598781
9.5825267039086519 29267010.935697258 -29266594.195716526
9.5825295035189324 29370505.377008386 -29370088.216502
9.5825323031292129 29474497.136353377 -29474079.554365352
9.5825351027394916 29578989.236179713 -29578571.231750678
9.5825379023497721 29683984.721158769 -29683566.293325953
9.5825407019600508 29789486.658377662 -29789067.806174882
9.5825435015703313 29895498.137532949 -29895078.859990582
9.5825463011806118 30002022.271126293 -30001602.567271262
9.5825491007908905 30109062.194662068 -30108642.063517835
9.582551900401171 30216621.066846937 -30216200.507433474
9.5825547000114515 30324702.06979141 -30324281.081125192
9.5825574996217302 30433308.409213386 -30432886.990307372
9.5825602992320107 30542443.314643756 -30542021.464507364
9.5825630988422894 30652110.039634049 -30651687.757273149
9.5825658984525699 30762311.861966182 -30761889.146383073
9.5825686980628504 30873052.083864287 -30872628.934057683
9.5825714976731291 30984334.03220867 -30983910.447173677
9.5825742972834096 31096161.058751944 -31095737.037480053
9.5825770968936883 31208536.540337302 -31208112.081816353
9.5825798965039688 31321463.879119001 -31321038.982333187
9.5825826961142493 31434946.50278509 -31434521.166714918
9.582585495724528 31548987.864782389 -31548562.088404682
9.5825882953348085 31663591.44454373 -31663165.226831593
9.582591094945089 31778760.747717477 -31778334.087640285
9.5825938945553677 31894499.306399446 -31894072.202922828
9.5825966941656482 32010810.679367099 -32010383.131452911
9.5825994937759269 32127698.452316172 -32127270.458922494
9.5826022933862074 32245166.238099713 -32244737.798180811
9.5826050929964879 32363217.676969513 -32362788.789475836
9.5826078926067666 32481856.436820056 -32481427.100698203
9.5826106922170471 32601086.213434927 -32600656.427627642
9.5826134918273258 32720910.73073579 -32720480.494181935
9.5826162914376063 32841333.741033845 -32840903.052668381
9.5826190910478868 32962359.025283903 -32961927.884037871
9.5826218906581655 33083990.393341091 -33083558.798141591
9.582624690268446 33206231.684220213 -33205799.633990392
9.5826274898787247 33329086.766357724 -33328654.260016743
9.5826302894890052 33452559.537876423 -33452126.574339446
9.5826330890992857 33576653.926852949 -33576220.505031124
9.5826358887095644 33701373.891587973 -33700940.010388404
9.5826386883198449 33826723.42087917 -33826289.079204902
9.5826414879301254 33952706.534297146 -33952271.731047146
9.5826442875404041 34079327.282464094 -34078892.016533233
9.5826470871506846 34206589.747335389 -34206154.017614417
9.5826498867609633 34334498.04248412 -34334061.847859636
9.5826526863712438 34463056.313388638 -34462619.652743079
9.5826554859815243 34592268.737723082 -34591831.609934703
9.582658285591803 34722139.525650918 -34721701.929593764
9.5826610852020835 34852672.92012158 -34852234.854665473
9.5826638848123622 34983873.197170198 -34983434.661180712
9.5826666844226427 35115744.666220464 -35115305.658558905
9.5826694840329232 35248291.670390688 -35247852.189914063
9.5826722836432019 35381518.586803123 -35381078.632364132
9.5826750832534824 35515429.826896533 -35514989.397343531
9.5826778828637629 35650029.836741999 -35649588.930918992
9.5826806824740416 35785323.097362123 -35784881.71410872
9.5826834820843221 35921314.125053622 -35920872.263205044
9.5826862816946008 36058007.471713342 -36057565.130100377
9.5826890813048813 36195407.72516764 -36194964.902616628
9.5826918809151618 36333519.509505391 -36333076.204838201
9.5826946805254405 36472347.485414468 -36471903.69744847
9.582697480135721 36611896.350521818 -36611452.078069866
9.5827002797459997 36752170.839737192 -36751726.081607595
9.5827030793562802 36893175.725600541 -36892730.480597042
9.5827058789665607 37034915.818633102 -37034470.085554861
9.5827086785768394 37177395.967692278 -37176949.745333828
9.5827114781871199 37320621.060330302 -37320174.347481549
9.5827142777974004 37464596.023156829 -37464148.818603024
9.5827170774076791 37609325.82220526 -37608878.124726951
9.5827198770179596 37754815.463303141 -37754367.271676175
9.5827226766282383 37901069.992446624 -37900621.30544211
9.5827254762385188 38048094.496178851 -38047645.312563136
9.5827282758487993 38195894.101972453 -38195444.420507103
9.582731075459078 38344473.978616238 -38344023.798057996
9.5827338750693585 38493839.336606048 -38493388.655706838
9.5827366746796372 38643995.428539857 -38643544.246046737
9.5827394742899177 38794947.549517147 -38794495.86417228
9.5827422739001982 38946701.037542701 -38946248.84808334
9.5827450735104769 39099261.273934752 -39098808.57909321
9.5827478731207574 39252633.683737651 -39252180.48224128
9.5827506727310379 39406823.73613897 -39406370.026710123
9.5827534723413166 39561836.944891207 -39561382.726247221
9.5827562719515971 39717678.868738152 -39717224.139591314
9.5827590715618758 39874355.111845955 -39873899.870903485
9.5827618711721563 40031871.324238859 -40031415.57020288
9.5827646707824368 40190233.2022397 -40189776.933807202
9.5827674703927155 40349446.488915369 -40348989.704778187
9.582770270002996 40509516.974527203 -40509059.673371993
9.5827730696132747 40670450.496986315 -40669992.677494518
9.5827758692235552 40832252.942313977 -40831794.603161804
9.5827786688338357 40994930.245107152 -40994471.384965546
9.5827814684441144 41158488.389009029 -41158029.006543636
9.5827842680543949 41322933.407185018 -41322473.50105615
9.5827870676646754 41488271.382803991 -41487810.951666616
9.5827898672749541 41654508.449524887 -41654047.492028594
9.5827926668852346 41821650.791988686 -41821189.306777649
9.5827954664955133 41989704.646315895 -41989242.632028855
9.5827982661057938 42158676.300609708 -42158213.755879931
9.5828010657160743 42328572.095464714 -42328109.01891996
9.582803865326353 42499398.424481377 -42498934.814743876
9.5828066649366335 42671161.734786436 -42670697.59047287
9.5828094645469122 42843868.527558871 -42843403.847280324
9.5828122641571927 43017525.358562008 -43017060.14092394
9.5828150637674732 43192138.838681661 -43191673.082283884
9.5828178633777519 43367715.634470314 -43367249.337906949
9.5828206629880324 43544262.468697429 -43543795.630556889
9.5828234625983129 43721786.120906129 -43721318.739771083
9.5828262622085916 43900293.427976005 -43899825.502423339
9.5828290618188721 44079791.284692541 -44079322.81329333
9.5828318614291508 44260286.644322924 -44259817.625642397
9.5828346610394313 44441786.519198537 -44441316.951796055
9.5828374606497118 44624297.981304035 -44623827.863733046
9.5828402602599905 44807828.162873097 -44807357.493681118
9.582843059870271 44992384.256991126 -44991913.034719683
9.5828458594805497 45177973.518204875 -45177501.741389498
9.5828486590908302 45364603.263139099 -45364130.930309281
9.5828514587011107 45552280.871120147 -45551807.980799302
9.5828542583113894 45741013.7848069 -45740540.335512325
9.5828570579216699 45930809.510829061 -45930335.501071922
9.5828598575319504 46121675.620432705 -46121201.048717991
9.5828626571422291 46313619.750133321 -46313144.614959799
9.5828654567525096 46506649.602376461 -46506173.902236655
9.5828682563627883 46700772.946206145 -46700296.679586291
9.5828710559730688 46895997.617941007 -46895520.783321023
9.5828738555833493 47092331.521858342 -47091854.117711805
9.582876655193628 47289782.630885966 -47289304.655680045
9.5828794548039085 47488358.987302378 -47487880.439497821
9.5828822544141872 47688068.703445122 -47687589.581496216
9.5828850540244677 47888919.96242734 -47888440.264781877
9.5828878536347482 48090921.018862762 -48090440.74396199
9.5828906532450269 48294080.199599236 -48293599.345877819
9.5828934528553074 48498405.904461063 -48497924.470347062
9.5828962524655861 48703906.607000023 -48703424.590914853
9.5828990520758666 48910590.855255045 -48910108.255613424
9.5829018516861471 49118467.272521041 -49117984.087730967
9.5829046512964258 49327544.558126926 -49327060.786589615
9.5829074509067063 49537831.488222867 -49537347.128332742
9.5829102505169867 49749336.916576877 -49748851.966721512
9.5829130501272655 49962069.775380768 -49961584.233940862
9.582915849737546 50176039.076065816 -50175552.941415139
9.5829186493478247 50391253.910128161 -50390767.180633508
9.5829214489581052 50607723.449964136 -50607236.123985305
9.5829242485683857 50825456.949715637 -50824969.025605381
9.5829270481786644 51044463.746125519 -51043975.222229503
9.5829298477889449 51264753.259403259 -51264264.134060018
9.5829326473992236 51486334.994101174 -51485845.265642069
9.5829354470095041 51709218.540001176 -51708728.206750363
9.5829382466197846 51933413.573012203 -51932922.63328658
9.5829410462300633 52158929.856078394 -52158438.308187559
9.5829438458403438 52385777.240098499 -52385285.082344718
9.5829466454506242 52613965.664856292 -52613472.895534441
9.582949445060903 52843505.159962259 -52843011.777359784
9.5829522446711835 53074405.845806897 -53073911.848203771
9.5829550442814622 53306677.934525587 -53306183.320194274
9.5829578438917427 53540331.730975226 -53539836.498180628
9.5829606435020231 53775377.633722633 -53774881.780722044
9.5829634431123019 54011826.136045374 -54011329.661088444
9.5829662427225824 54249687.826944642 -54249190.728273317
9.5829690423328611 54488973.392170623 -54488475.668019108
9.5829718419431416 54729693.615260586 -54729195.263855301
9.582974641553422 54971859.378589712 -54971360.398149244
9.5829774411637008 55215481.664434761 -55214982.053169809
9.5829802407739813 55460571.556051046 -55460071.312164381
9.5829830403842617 55707140.238762736 -55706639.36044915
9.5829858399945405 55955199.001066625 -55954697.486512884
9.5829886396048209 56204759.235749729 -56204257.083134525
9.5829914392150997 56455832.441020668 -56455329.648514569
9.5829942388253802 56708430.22165522 -56707926.787420623
9.5829970384356606 56962564.290156089 -56962060.212347172
9.5829998380459394 57218246.467927225 -57217741.744689889
9.5830026376562198 57475488.686462872 -57474983.315934703
9.5830054372664986 57734302.988551535 -57733796.968861736
9.5830082368767791 57994701.529495001 -57994194.85876435
9.5830110364870595 58256696.578342855 -58256189.254683666
9.5830138360973383 58520300.519142412 -58519792.540658459
9.5830166357076187 58785525.852204487 -58785017.216990978
9.5830194353178992 59052385.195385084 -59051875.901528582
9.583022234928178 59320891.285383411 -59320381.330961794
9.5830250345384584 59591056.97905641 -59590546.362138823
9.5830278341487372 59862895.254749887 -59862383.973396674
9.5830306337590176 60136419.213646628 -60135907.265909284
9.5830334333692981 60411642.081131764 -60411129.465052888
9.5830362329795769 60688577.208175451 -60688063.921788678
9.5830390325898573 60967238.072733328 -60966724.114063278
9.5830418322001361 61247638.281164832 -61247123.648227066
9.5830446318104165 61529791.569669835 -61529276.26047077
9.583047431420697 61813711.805743575 -61813195.818280458
9.5830502310309758 62099412.989650525 -62098896.321911357
9.5830530306412562 62386909.25591708 -62386391.905880556
9.5830558302515367 62676214.874843687 -62675696.84047915
9.5830586298618154 62967344.254036635 -62966825.533304013
9.5830614294720959 63260311.939959303 -63259792.530809045
9.5830642290823747 63555132.619503714 -63554612.519876733
9.5830670286926551 63851821.121582784 -63851300.329410404
9.5830698283029356 64150392.418742999 -64149870.931946874
9.5830726279132143 64450861.628798313 -64450339.445290387
9.5830754275234948 64753244.016485371 -64752721.134167798
9.5830782271337736 65057554.995140314 -65057031.411905415
9.583081026744054 65363810.12839774 -65363285.842127934
9.5830838263543345 65672025.131911792 -65671500.14047952
9.5830866259646132 65982215.875099957 -65981690.176367633
9.5830894255748937 66294398.382909857 -66293871.974729799
9.5830922251851742 66608588.837609418 -66608061.717823781
9.5830950247954529 66924803.580600627 -66924275.747041337
9.5830978244057334 67243059.11425738 -67242530.564746082
9.5831006240160121 67563372.103787601 -67562842.836135566
9.5831034236262926 67885759.37912035 -67885229.391128421
9.5831062232365731 68210237.936817914 -68209707.226276457
9.5831090228468518 68536824.942013383 -68536293.506702185
9.5831118224571323 68865537.730374098 -68865005.568062335
9.583114622067411 69196393.810091436 -69195860.918537572
9.5831174216776915 69529410.863897175 -69528877.240848884
9.583120221287972 69864606.751107246 -69864072.3943014
9.5831230208982507 70201999.509692654 -70201464.416855186
9.5831258205085312 70541607.358378351 -70541071.527224228
9.5831286201188117 70883448.698770687 -70882912.127003819
9.5831314197290904 71227542.11751312 -71227004.8028263
9.5831342193393709 71573906.388471261 -71573368.328546062
9.5831370189496496 71922560.474948108 -71922021.667454839
9.5831398185599301 72273523.53192921 -72272983.974526837
9.5831426181702106 72626814.908357814 -72626274.598693863
9.5831454177804893 72982454.149441659 -72981913.085152164
9.5831482173907698 73340460.998991206 -73339919.177700639
9.5831510170010485 73700855.401789725 -73700312.821110889
9.583153816611329 74063657.505995601 -74063114.163529575
9.5831566162216095 74428887.665578172 -74428343.558914214
9.5831594158318882 74796566.442787141 -74796021.569502637
9.5831622154421687 75166714.610655516 -75166168.96831587
9.5831650150524474 75539353.155537575 -75538806.741696149
9.5831678146627279 75914503.279681668 -75913956.091879696
9.5831706142730084 76292186.403838456 -76291638.439604968
9.5831734138832871 76672424.169905901 -76671875.426757634
9.5831762134935676 77055238.443610579 -77054688.919051886
9.5831790131038481 77440651.317226589 -77440101.008749351
9.5831818127141268 77828685.112332657 -77828134.017416239
9.5831846123244073 78219362.38260749 -78218810.49871859
9.583187411934686 78612705.916664347 -78612153.241256982
9.5831902115449665 79008738.740925208 -79008185.271440566
9.583193011155247 79407484.122535393 -79406929.856401786
9.5831958107655257 79808965.572319761 -79808410.506952509
9.5831986103758062 80213206.847780123 -80212650.980581492
9.5832014099860849 80620231.956134945 -80619675.284494027
9.5832042095963654 81030065.157402366 -81029507.678695023
9.5832070092066459 81442730.967526853 -81442172.679115593
9.5832098088169246 81858254.161550403 -81857695.06078431
9.5832126084272051 82276659.776828632 -82276099.861043245
9.5832154080374856 82697973.116293237 -82697412.382810503
9.5832182076477643 83122219.751760542 -83121658.197888687
9.5832210072580448 83549425.527287409 -83548863.150320843
9.5832238068683235 83979616.562575683 -83979053.359794915
9.583226606478604 84412819.25642547 -84412255.225097016
9.5832294060888845 84849060.29023768 -84848495.427613944
9.5832322056991632 85288366.631567344 -85287800.93488653
9.5832350053094437 85730765.537728995 -85730199.004215002
9.5832378049197224 86176284.559453651 -86175717.186315984
9.5832406045300029 86624951.54459843 -86624383.329032093
9.5832434041402834 87076794.641910493 -87076225.581095889
9.5832462037505621 87531842.304845735 -87531272.395948559
9.5832490033608426 87990123.29544346 -87989552.535614595
9.5832518029711231 88451666.68825677 -88451095.074632168
9.5832546025814018 88916501.874341667 -88915929.404042274
9.5832574021916823 89384658.565304011 -89384085.23543565
9.583260201801961 89856166.797405705 -89855592.605058938
9.5832630014122415 90331056.935732067 -90330481.877982125
9.583265801022522 90809359.678419977 -90808783.752326638
9.5832686006328007 91291106.060948625 -91290529.263556078
9.5832714002430812 91776327.460494414 -91775749.788831174
9.5832741998533599 92265055.600350216 -92264477.051429018
9.5832769994636404 92757322.554409474 -92756743.125227123
9.5832797990739209 93253160.751718074 -93252580.439255357
9.5832825986841996 93752602.981094316 -93752021.782315895
9.5832853982944801 94255682.39581649 -94255100.307670757
9.5832881979047606 94762432.518381864 -94761849.537800848
9.5832909975150393 95272887.245337024 -95272303.369236246
9.5832937971253198 95787080.852180272 -95786496.07745865
9.5832965967355985 96305047.998338491 -96304462.321878195
9.583299396345879 96826823.732218772 -96826237.15088512
9.5833021959561595 97352443.496336386 -97351856.006977707
9.5833049955664382 97881943.132520616 -97881354.731968135
9.5833077951767187 98415358.887199834 -98414769.572267532
9.5833105947869974 98952727.416766346 -98952137.184250861
9.5833133943972779 99494085.793023363 -99493494.639703825
9.5833161940075584 100039471.50871514 -100038879.43135305
9.5833189936178371 100588922.48314218 -100588329.47848131
9.5833217932281176 101142477.06786191 -101141883.13262813
9.5833245928383981 101700174.05247693 -101699579.1833781
9.5833273924486768 102262052.67051217 -102261456.86423801
9.5833301920589573 102828152.60538289 -102827555.8586048
9.583332991669236 103398513.9964557 -103397916.30582668
9.5833357912795165 103973177.4452025 -103972578.80735697
9.583338590889797 104552184.02145003 -104551584.43300371
9.5833413905000757 105135575.26972707 -105134974.72727683
9.5833441901103562 105723393.21570963 -105722791.71583337
9.5833469897206349 106315680.37276676 -106315077.91202322
9.5833497893309154 106912479.74860997 -106911876.32353862
9.5833525889411959 107513834.85204574 -107513230.45916662
9.5833553885514746 108119789.69983453 -108119184.33564809
9.5833581881617551 108730388.82365738 -108729782.4846444
9.5833609877720356 109345677.27719209 -109345069.95981343
9.5833637873823143 109965700.64330146 -109965092.34399797
9.5833665869925948 110590505.04133594 -110589895.75652829
9.5833693866028735 111220137.13455118 -111219526.86063969
9.583372186213154 111854644.13764353 -111854032.87100802
9.5833749858234345 112494073.8244064 -112493461.56140606
9.5833777854337132 113138474.53550798 -113137861.27248119
9.5833805850439937 113787895.18639301 -113787280.91965714
9.5833833846542724 114442385.2753123 -114441770.00116363
9.5833861842645529 115101994.89148048 -115101378.60619393
9.5833889838748334 115766774.72336499 -115766157.42319405
9.5833917834851121 116436776.06710942 -116436157.74828592
9.5833945830953926 117112050.83509165 -117111431.49382563
9.5833973827056731 117792651.56462148 -117792031.197101
9.5834001823159518 118478631.42677854 -118478010.02916948
9.5834029819262323 119170044.23539519 -119169421.80384113
9.583405781536511 119866944.45618531 -119866320.9868073
9.5834085811467915 120569387.21602128 -120568762.70491773
9.583411380757072 121277428.31236282 -121276802.75560923
9.5834141803673507 121991124.22284111 -121990497.61648995
9.5834169799776312 122710532.11500041 -122709904.45508091
9.5834197795879099 123435709.85619998 -123435081.13871798
9.5834225791981904 124166716.02367781 -124166086.24461553
9.5834253788084709 124903609.9147829 -124902979.07009874
9.5834281784187496 125646451.55737659 -125645819.64300501
9.5834309780290301 126395301.72040586 -126394668.73225711
9.5834337776393088 127150221.92465264 -127149587.8586126
9.5834365772495893 127911274.4536631 -127910639.30559307
9.5834393768598698 128678522.36485915 -128677886.13059568
9.5834421764701485 129452029.50083522 -129451392.17618988
9.583444976080429 130231860.50084551 -130231222.08160467
9.5834477756907095 131018080.81248429 -131017441.29440898
9.5834505753009882 131810756.70356283 -131810116.08238843
9.5834533749112687 132609955.27418752 -132609313.54562366
9.5834561745215474 133415744.46904194 -133415101.62877223
9.5834589741318279 134228193.08987659 -134227549.13355839
9.5834617737421084 135047370.80821186 -135046725.7314761
9.5834645733523871 135873348.17825758 -135872701.9767085
9.5834673729626676 136706196.65005377 -136705549.31926876
9.5834701725729463 137545988.58283433 -137545340.11836365
9.5834729721832268 138392797.25862101 -138392147.65598759
9.5834757717935073 139246696.89605126 -139246046.15075046
9.583478571403786 140107762.66444421 -140107110.7719436
9.5834813710140665 140976070.69811007 -140975417.65384918
9.583484170624347 141851698.11090639 -141851043.91029653
9.5834869702346257 142734723.01104438 -142734067.64946833
9.5834897698449062 143625224.51615503 -143624567.98896685
9.5834925694551849 144523282.76861811 -144522625.07114282
9.5834953690654654 145428978.95115882 -145428320.07869226
9.5834981686757459 146342395.30271783 -146341735.25052631
9.5835009682860246 147263615.1345976 -147262953.89791772
9.5835037678963051 148192722.84689343 -148192060.42093185
9.5835065675065838 149129803.94521323 -149129140.32514632
9.5835093671168643 150074945.05769107 -150074280.23866469
9.5835121667271448 151028233.95230776 -151027567.92943704
9.5835149663374235 151989759.55451345 -151989092.32288247
9.583517765947704 152959611.9651643 -152958943.51982585
9.5835205655579845 153937882.47877866 -153937212.81475395
9.5835233651682632 154924663.60211957 -154923992.714398
9.5835261647785437 155920049.0731104 -155919376.95664921
9.5835289643888224 156924133.88008961 -156923460.52981365
9.5835317639991029 157937014.28141272 -157936339.69221419
9.5835345636093834 158958787.82540408 -158958111.99214217
9.5835373632196621 159989553.37067181 -159988876.28817248
9.5835401628299426 161029411.1067906 -161028732.76984623
9.5835429624402213 162078462.57536057 -162077782.9787297
9.5835457620505018 163136810.69144785 -163136129.82985488
9.5835485616607823 164204559.76541555 -164203877.63355044
9.583551361271061 165281815.52515411 -165281132.11767206
9.5835541608813415 166368685.13871866 -166368000.45023981
9.583556960491622 167465277.23738143 -167464591.26249051
9.5835597601019007 168571701.93911222 -168571014.6723583
9.5835625597121812 169688070.87248853 -169687382.30838466
9.5835653593224599 170814497.20104784 -170813807.33407074
9.5835681589327404 171951095.64809269 -171950404.47268239
9.5835709585430209 173097982.52195564 -173097290.0325152
9.5835737581532996 174255275.74173602 -174254581.93263116
9.5835765577635801 175423094.8635146 -175422399.72907335
9.5835793573738588 176601561.10706326 -176600864.64157566
9.5835821569841393 177790797.38305172 -177790099.58076945
9.5835849565944198 178990928.32076639 -178990229.1759024
9.5835877562046985 180202080.29635316 -180201379.80308136
9.583590555814979 181424381.46159399 -181423679.61404887
9.5835933554252595 182657961.77322519 -182657258.56550142
9.5835961550355382 183902953.02281797 -183902248.44897011
9.5835989546458187 185159488.86722469 -185158782.92126676
9.5836017542560974 186427704.85960227 -186426997.53550738
9.5836045538663779 187707738.48103607 -187707029.77273604
9.5836073534766584 188999729.17276731 -188999019.07415232
9.5836101530869371 190303818.36903781 -190303106.87395599
9.5836129526972176 191620149.53056785 -191619436.63282487
9.5836157523074963 192948868.17868465 -192948153.87204334
9.5836185519177768 194290121.930107 -194289406.20828691
9.5836213515280573 195644060.53240871 -195643343.38908577
9.583624151138336 197010835.90017155 -197010117.32897761
9.5836269507486165 198390602.15184039 -198389882.14636278
9.583629750358897 199783515.6473054 -199782794.20108658
9.5836325499691757 201189735.02621475 -201189012.13275182
9.5836353495794562 202609421.24704295 -202608696.89978728
9.5836381491897349 204042737.62692961 -204042011.81928629
9.5836409488000154 205489849.88230392 -205489122.60763142
9.5836437484102959 206950926.17031658 -206950197.42192626
9.5836465480205746 208426137.13109186 -208425406.90224755
9.5836493476308551 209915655.93082175 -209914924.2147392
9.5836521472411338 211419658.30571854 -211418925.09556505
9.5836549468514143 212938322.60685307 -212937587.89574701
9.5836577464616948 214471829.84588489 -214471093.62689516
9.5836605460719735 216020363.74171314 -216019626.00785875
9.583663345682254 217584110.76807123 -217583371.51232079
9.5836661452925345 219163260.20208398 -219162519.41735515
9.5836689449028132 220758004.17380798 -220757261.85296708
9.5836717445130937 222368537.71677643 -222367793.85263786
9.5836745441233724 223995058.8195774 -223994313.40490311
9.5836773437336529 225637768.47848296 -225637021.50598198
9.5836801433439334 227296870.75115919 -227296122.21348706
9.5836829429542121 228972572.81147897 -228971822.70123723
9.5836857425644926 230665085.00546011 -230664333.31519577
9.5836885421747713 232374620.90836298 -232373867.63056794
9.5836913417850518 234101397.38296607 -234100642.51007661
9.5836941413953323 235845634.63905334 -235844878.16344953
9.583696941005611 237607556.29413551 -237606798.20814061
9.5836997406158915 239387389.4354457 -239386629.73132566
9.5837025402261702 241185364.68322805 -241184603.35319087
9.5837053398364507 243001716.25535181 -243000953.29154697
9.5837081394467312 244836682.03328952 -244835917.42780736
9.5837109390570099 246690503.62948668 -246689737.37435782
9.5837137386672904 248563426.45615035 -248562658.54334509
9.5837165382775709 250455699.79550141 -250454930.21692905
9.5837193378878496 252367576.8715204 -252366805.61902866
9.5837221374981301 254299314.92322129 -254298541.98859566
9.5837249371084088 256251175.27949455 -256250400.65445769
9.5837277367186893 258223423.43555012 -258222647.11176109
9.5837305363289698 260216329.13100708 -260215551.10006076
9.5837333359392485 262230166.42967027 -262229386.68309668
9.583736135549529 264265213.80102825 -264264432.33029184
9.5837389351598077 266321754.20351771 -266320971.00001672
9.5837417347700882 268400075.16959646 -268399290.22466218
9.5837445343803687 270500468.89267021 -270499682.19756627
9.5837473339906474 272623232.31592649 -272622443.86184818
9.5837501336009279 274768667.22311229 -274767877.00118577
9.5837529332112084 276937080.33129984 -276936288.33258146
9.5837557328214871 279128783.38571006 -279127989.60118562
9.5837585324317676 281344093.25662309 -281343297.67720699
9.5837613320420463 283583332.03844243 -283582534.6549769
9.5837641316523268 285846827.15096807 -285846027.95422256
9.5837669312626073 288134911.44292027 -288134110.42359054
9.583769730872886 290447923.29777169 -290447120.44647902
9.5837725304831665 292786206.74195945 -292785402.04924983
9.5837753300934452 295150111.55552757 -295149305.01187086
9.5837781297037257 297539993.38527524 -297539184.98106432
9.5837809293140062 299956213.86046273 -299955403.58601272
9.5837837289242849 302399140.71113664 -302398328.55668408
9.5837865285345654 304869147.88914067 -304868333.84484249
9.5837893281448459 307366615.69189489 -307365799.74782765
9.5837921277551246 309891930.88902265 -309891113.03518164
9.5837949273654051 312445486.85185975 -312444667.07815808
9.5837977269756838 315027683.68595499 -315026861.98222262
9.5838005265859643 317638928.3666333 -317638104.72261608
9.5838033261962448 320279634.87770492 -320278809.28306383
9.5838061258065235 322950224.35337722 -322949396.79768717
9.583808925416804 325651125.22347981 -325650295.69622886
9.5838117250270827 328382773.36209875 -328381941.852687
9.5838145246373632 331145612.23967844 -331144778.73741704
9.5838173242476437 333940093.07870829 -333939257.57281852
9.5838201238579224 336766675.01307344 -336765837.49268562
9.5838229234682029 339625825.25117034 -339624985.70532274
9.5838257230784833 342518019.24290264 -342517177.66054058
9.5838285226887621 345443740.85063291 -345442897.22060746
9.5838313222990426 348403482.5242303 -348402636.83529729
9.5838341219093213 351397745.48032391 -351396897.72114289
9.5838369215196018 354427039.88582832 -354426190.04496133
9.5838397211298822 357491885.04590923 -357491033.11181974
9.583842520740161 360592809.59648412 -360591955.55753583
9.5838453203504415 363730351.70139009 -363729495.54584575
9.5838481199607202 366905059.254345 -366904200.97036523
9.5838509195710007 370117490.08584774 -370116629.66148984
9.5838537191812811 373368212.17512006 -373367349.59833676
9.5838565187915599 376657803.86725402 -376656939.12589222
9.5838593184018404 379986854.09572589 -379985987.17752546
9.5838621180121208 383355962.61038077 -383355093.5029732
9.5838649176223996 386765740.21107334 -386764868.9019804
9.5838677172326801 390216808.98713213 -390215935.46376461
9.5838705168429588 393709802.56278324 -393708926.81243968
9.5838733164532393 397245366.34870118 -397244488.3585664
9.5838761160635197 400824157.79987139 -400823277.55701506
9.5838789156737985 404446846.67998177 -404445964.1713571
9.583881715284079 408114115.33247322 -408113230.5449155
9.5838845148943577 411826658.95844412 -411825771.87866932
9.5838873145046382 415585185.90161663 -415584296.51621985
9.5838901141149186 419390417.94059217 -419389526.23604614
9.5838929137251974 423243090.58858359 -423242196.55123717
9.5838957133354779 427143953.40084291 -427143057.01691961
9.5838985129457583 431093770.28999412 -431092871.54559046
9.5839013125560371 435093319.84951884 -435092418.73060274
9.5839041121663175 439143395.68565553 -439142492.17806476
9.5839069117765963 443244806.75790387 -443243900.84734434
9.5839097113868768 447398377.72842234 -447397469.4004665
9.5839125109971572 451604949.3205905 -451604038.56067556
9.583915310607436 455865378.68698049 -455864465.4804067
9.5839181102177164 460180539.78705406 -460179624.11898309
9.5839209098279952 464551323.7748301 -464550405.63028312
9.5839237094382757 468978639.3968423 -468977718.7606982
9.5839265090485561 473463413.40070474 -473462490.25769824
9.5839293086588349 478006590.95461625 -478005665.2893362
9.5839321082691153 482609136.07810497 -482608207.87499225
9.5839349078793958 487272032.0843454 -487271101.32769114
9.5839377074896746 491996282.03444695 -491995348.70839047
9.583940507099955 496782909.20404351 -496781973.29257035
9.5839433067102338 501632957.56258059 -501632019.04952049
9.5839461063205142 506547492.26567733 -506546551.13470221
9.5839489059307947 511527600.16096157 -511526656.39558327
9.5839517055410735 516574390.3078391 -516573443.89140743
9.5839545051513539 521688994.51157862 -521688045.42727911
9.5839573047616327 526872567.87217289 -526871616.1030246
9.5839601043719131 532126289.34844983 -532125334.87730306
9.5839629039821936 537451362.3379128 -537450405.14744687
9.5839657035924724 542849015.27279532 -542848055.3455162
9.5839685032027528 548320502.23287463 -548319539.55111265
9.5839713028130316 553867103.5755322 -553866138.12143946
9.583974102423312 559490126.58366597 -559489158.33921421
9.5839769020335925 565190906.13193536 -565189935.07891309
9.5839797016438713 570970805.37200344 -570969831.49201381
9.5839825012541517 576831216.43739617 -576830239.71185398
9.5839853008644322 582773561.16859376 -582772581.57872319
9.5839881004747109 588799291.85900831 -588798309.38584006
9.5839909000849914 594909892.02248418 -594908906.64685285
9.5839936996952702 601106877.18310511 -601105888.88564634
9.5839964993055506 607391795.68799245 -607390804.44914031
9.5839992989158311 613766229.54384077 -613765235.34382463
9.5840020985261098 620231795.27806354 -620230798.09690523
9.5840048981363903 626790144.8252883 -626789144.64279938
9.5840076977466691 633442966.43999255 -633441963.23577094
9.5840104973569495 640191985.63631678 -640190979.38974392
9.58401329696723 647038966.15582287 -647037956.84606051
9.5840160965775087 653985710.9642359 -653984698.57022285
9.5840188961877892 661034063.27810466 -661033047.77855372
9.5840216957980697 668185907.62235224 -668184888.99574673
9.5840244954083484 675443170.91986501 -675442149.14445531
9.5840272950186289 682807823.6142323 -682806798.66803277
9.5840300946289076 690281880.82665002 -690280852.68743527
9.5840328942391881 697867403.54818809 -697866372.19348931
9.5840356938494686 705566499.86881232 -705565465.27591395
9.5840384934597473 713381326.24425328 -713380288.39018917
9.5840412930700278 721314088.80208933 -721313047.66363883
9.5840440926803065 729367044.6885227 -729366000.24220693
9.584046892290587 737542503.45730174 -737541455.6793797
9.5840496919008675 745842828.50202215 -745841777.36848688
9.5840524915111462 754270438.53354251 -754269384.02011681
9.5840552911214267 762827809.1040107 -762826751.18614292
9.5840580907317072 771517474.17944968 -771516412.83230972
9.5840608903419859 780342027.76235139 -780340962.96082628
9.5840636899522664 789304125.566203 -789303057.28489256
9.5840664895625451 798406486.74375963 -798405414.95697188
9.5840692891728256 807651895.67111003 -807650820.35285676
9.5840720887831061 817043203.7895 -817042124.91349208
9.5840748883933848 826583331.50709307 -826582249.04673576
9.5840776880036653 836275270.16276276 -836274184.09115064
9.584080487613944 846122084.05438399 -846120994.3442961
9.5840832872242245 856126912.53404284 -856125819.15793777
9.584086086834505 866292972.17243803 -866291875.1024487
9.5840888864447837 876623558.99514818 -876622458.20307684
9.5840916860550642 887122050.79339278 -887120946.25070512
9.5840944856653447 897791909.51240158 -897790801.19022167
9.5840972852756234 908636683.72011411 -908635571.58921874
9.5841000848859039 919660011.15931273 -919658895.19012547
9.5841028844961826 930865621.38642919 -930864501.54901505
9.5841056841064631 942257338.50024068 -942256214.76429975
9.5841084837167436 953839083.96398377 -953837956.29884541
9.5841112833270223 965614879.52452445 -965613747.89914107
9.5841140829373028 977588850.23237967 -977587714.61532032
9.5841168825475815 989765227.56654787 -989764087.92599189
9.584119682157862 1002148352.6681858 -1002147208.9719162
9.5841224817681425 1014742679.6874373 -1014741531.9028338
9.5841252813784212 1027552779.2482237 -1027551627.3422563
9.5841280809887017 1040583342.0352335 -1040582185.9744551
9.5841308805989822 1053839182.5082331 -1053838022.2587725
9.5841336802092609 1067325242.7487813 -1067324078.2763358
9.5841364798195414 1081046596.4446545 -1081045427.7144823
9.5841392794298201 1095008453.0177596 -1095007279.9946725
9.5841420790401006 1109216161.9010618 -1109214984.5494173
9.5841448786503811 1123675216.9706869 -1123674035.2543793
9.5841476782606598 1138391261.1404147 -1138390075.0228682
9.5841504778709403 1153370091.1240098 -1153368900.5681696
9.584153277481219 1168617662.3725877 -1168616467.3409111
9.5841560770914995 1184140094.1954579 -1184138894.6499064
9.58415887670178 1199943675.071013 -1199942470.9730425
9.5841616763120587 1216034868.1558349 -1216033659.4663868
9.5841644759223392 1232420317.0008497 -1232419103.6803417
9.5841672755326197 1249106851.4829884 -1249105633.4913049
9.5841700751428984 1266101493.9617162 -1266100271.2581983
9.5841728747531789 1283411465.669872 -1283410238.2133079
9.5841756743634576 1301044193.3491998 -1301042961.0978136
9.5841784739737381 1319007316.1411886 -1319006079.0526311
9.5841812735840186 1337308692.7441719 -1337307450.7755091
9.5841840731942973 1355956408.8481889 -1355955161.9558911
9.5841868728045778 1374958784.8601465 -1374957533.0000768
9.5841896724148565 1394324383.9326391 -1394323127.0600419
9.584192472025137 1414062020.3090596 -1414060758.3785491
9.5841952716354175 1434180767.9992094 -1434179500.9647574
9.5841980712456962 1454689969.8005116 -1454688697.6154351
9.5842008708559767 1475599246.6805677 -1475597969.2975161
9.5842036704662572 1496918507.5375714 -1496917224.9085133
9.5842064700765359 1518657959.355293 -1518656671.4315031
9.5842092696868164 1540828117.7710488 -1540826824.5030937
9.5842120692970951 1563439818.0760689 -1563438519.4137943
9.5842148689073756 1586504226.6676927 -1586502922.5602081
9.5842176685176561 1610032852.9738736 -1610031543.3695374
9.5842204681279348 1634037561.8742204 -1634036246.7206254
9.5842232677382153 1658530586.6389534 -1658529265.882911
9.584226067348494 1683524542.410861 -1683523215.9983852
9.5842288669587745 1709032440.2571847 -1709031108.133476
9.584231666569055 1735067701.817039 -1735066363.9264677
9.5842344661793337 1761644174.5739145 -1761642830.8600032
9.5842372657896142 1788776147.7836018 -1788774798.189008
9.5842400653998929 1816478369.0895154 -1816477013.5560136
9.5842428650101734 1844766061.8582997 -1844764700.3267627
9.5842456646204539 1873654943.2718399 -1873653575.6822193
9.5842484642307326 1903161243.21277 -1903159869.5040774
9.5842512638410131 1933301723.9835186 -1933300344.0938053
9.5842540634512936 1964093700.8999195 -1964092314.7662554
9.5842568630615723 1995555063.8036821 -1995553671.3621347
9.5842596626718528 2027704299.540894 -2027702900.7265069
9.5842624622821315 2060560515.4546471 -2060559110.2014172
9.584265261892412 2094143463.9442883 -2094142052.1851432
9.5842680615026925 2128473568.14604 -2128472149.8128142
9.5842708611129712 2163571948.7930865 -2163570523.8164968
9.5842736607232517 2199460452.3179398 -2199459020.6275606
9.5842764603335304 2236161680.2600889 -2236160241.7843261
9.5842792599438109 2273699020.0487776 -2273697574.7148428
9.5842820595540914 2312096677.2349958 -2312095224.9688787
9.5842848591643701 2351379709.2464366 -2351378249.9728765
9.5842876587746506 2391574060.7525411 -2391572594.3949995
9.5842904583849311 2432706600.7224927 -2432705127.2031217
9.5842932579952098 2474805161.2698827 -2474803680.5094962
9.5842960576054903 2517898578.3823462 -2517897090.3003874
9.584298857215769 2562016734.6367931 -2562015239.1513023
9.5843016568260495 2607190604.0163608 -2607189101.0439425
9.58430445643633 2653452298.9400458 -2653450788.395834
9.5843072560466087 2700835119.6315217 -2700833601.4291439
9.5843100556568892 2749373605.9603362 -2749372080.0118785
9.5843128552671679 2799103591.8954248 -2799102058.111393
9.5843156548774484 2850062262.7188659 -2850060721.0081463
9.5843184544877289 2902288215.1620407 -2902286665.4318619
9.5843212540980076 2955821520.6299033 -2955819962.7857928
9.5843240537082881 3010703791.6957664 -3010702225.6415095
9.5843268533185686 3066978252.0609703 -3066976677.698566
9.5843296529288473 3124689810.1788492 -3124688227.4084644
9.5843324525391278 3183885136.7625465 -3183883545.48247
9.5843352521494065 3244612746.4118342 -3244611146.5184274
9.584338051759687 3306923083.6090293 -3306921474.9966764
9.5843408513699675 3370868613.3477702 -3370866995.9088283
9.5843436509802462 3436503916.672915 -3436502290.2976589
9.5843464505905267 3503885791.4392419 -3503884156.0158095
9.5843492502008054 3573073358.6179318 -3573071714.0322685
9.5843520498110859 3644128174.4874315 -3644126520.6232295
9.5843548494213664 3717114349.0838275 -3717112685.8224664
9.5843576490316451 3792098671.3095241 -3792096998.5300078
9.5843604486419256 3869150741.1191416 -3869149058.6980329
9.5843632482522061 3948343109.247489 -3948341417.0588427
9.5843660478624848 4029751424.9603782 -4029749722.8756709
9.5843688474727653 4113454592.3500247 -4113452880.2380834
9.584371647083044 4199534935.7480011 -4199533213.4749274
9.5843744466933245 4288078374.8497581 -4288076642.2788525
9.584377246303605 4379174610.2012663 -4379172867.1929455
9.5843800459138837 4472917319.7526464 -4472915566.1643629
9.5843828455241642 4569404367.2167978 -4569402602.9029522
9.5843856451344429 4668738023.0421286 -4668736247.853981
9.5843884447447234 4771025198.8778133 -4771023412.6633902
9.5843912443550039 4876377696.4577484 -4876375899.0617456
9.5843940439652826 4984912471.920248 -4984910663.1839323
9.5843968435755631 5096751916.6436529 -5096750096.4047585
9.5843996431858436 5212024155.7733269 -5212022323.8659468
9.5844024427961223 5330863365.7038517 -5330861521.9583273
9.5844052424064028 5453410111.8942785 -5453408256.1370811
9.5844080420166815 5579811708.5071325 -5579809840.5607452
9.584410841626962 5710222601.4565954 -5710220721.1393862
9.5844136412372425 5844804776.5932007 -5844802883.7192926
9.5844164408475212 5983728194.9262285 -5983726289.3053637
9.5844192404578017 6127171256.8894749 -6127169338.3268728
9.5844220400680804 6275321297.9012098 -6275319366.1974201
9.5844248396783609 6428375117.5804815 -6428373172.5312309
9.5844276392886414 6586539545.2411709 -6586537586.6372051
9.5844304388989201 6750032044.4668608 -6750030072.0937748
9.5844332385092006 6919081359.8808231 -6919079373.5188913
9.5844360381194811 7093928209.4385405 -7093926208.8625336
9.5844388377297598 7274826025.8952112 -7274824010.8742075
9.5844416373400403 7462041751.4263191 -7462039721.7235079
9.584444436950319 7655856689.7435055 -7655854645.1159821
9.5844472365605995 7856567420.4215212 -7856565360.6200714
9.58445003617088 8064486780.6440468 -8064484705.4129219
9.5844528357811587 8279944920.0225296 -8279942829.0992136
9.5844556353914392 8503290434.6308451 -8503288327.7458067
9.5844584350017179 8734891587.1120052 -8734889463.9884434
9.5844612346119984 8975137620.2455692 -8975135480.599144
9.5844640342222789 9224440172.1419506 -9224438015.6804981
9.5844668338325576 9483234802.0551224 -9483232628.4783649
9.5844696334428381 9751982636.6755123 -9751980445.6747456
9.5844724330531186 10031172147.645138 -10031169938.90291
9.5844752326633973 10321321072.289354 -10321318845.479124
9.5844780322736778 10622978490.7589 -10622976245.544682
9.5844808318839565 10936727074.018684 -10936724810.05467
9.584483631494237 11263185518.761986 -11263183235.692154
9.5844864311045175 11603011186.99194 -11603008884.449642
9.5844892307147962 11956902969.743431 -11956900647.350954
9.5844920303250767 12325604396.960335 -12325602054.328445
9.5844948299353554 12709907017.30068 -12709904654.028143
9.5844976295456359 13110654074.803816 -13110651690.476883
9.5845004291559164 13528744512.255196 -13528742106.447073
9.5845032287661951 13965137334.09038 -13965134906.360661
9.5845060283764756 14420856365.989634 -14420853915.883705
9.5845088279867543 14896995452.234629 -14896992979.283043
9.5845116275970348 15394724136.610262 -15394721640.328068
9.5845144272073153 15915293878.416655 -15915291358.302696
9.584517226817594 16460044861.285612 -16460042316.821785
9.5845200264278745 17030413459.074226 -17030410889.724693
9.584522826038155 17627940431.316635 -17627937836.526989
9.5845256256484337 18254279929.744698 -18254277308.941078
