# serie phase 2 p5_w1.73_c1.20_dt2_k2 : t x1 x2 (dt2=1.3901231711593138e-05, depart t=15.906000000000001 etat bascule x1 x2 v1 v2 = 33328.252550849014 -33118.800158979575 1110184.4671272589 -1107380.6699131622)
15.99997232637037 505484880.01203209 -505474998.20106947
15.999986227602083 509747956.42876959 -509738041.36568618
16.000000128833793 514057890.42550749 -514047941.91399515
16.000014030065504 518415317.50932574 -518405335.35141659
16.000027931297218 522820883.44854516 -522810867.44459313
16.000041832528929 527275244.46506196 -527265194.41372442
16.000055733760639 531779067.43078983 -531768983.12900859
16.00006963499235 536333030.06830662 -536322911.31128907
16.000083536224064 540937821.1558094 -540927667.73700905
16.000097437455775 545594140.73647881 -545583952.44757581
16.000111338687486 550302700.33236063 -550292476.96324205
16.000125239919196 555064223.16287327 -555053964.50161254
16.00013914115091 559879444.36805665 -559869150.20089364
16.000153042382621 564749111.23667502 -564738781.34799516
16.000166943614332 569673983.43928957 -569663617.6116029
16.000180844846046 574654833.26642811 -574644431.28034806
16.000194746077756 579692445.8719734 -579682007.50619507
16.000208647309467 584787619.5219003 -584777144.55317879
16.000222548541178 589941165.84849417 -589930654.05162239
16.000236449772892 595153910.11018264 -595143361.25796866
16.000250351004603 600426691.45712471 -600416105.32036912
16.000264252236313 605760363.20269716 -605749739.55017006
16.000278153468024 611155793.10102391 -611145131.69944119
16.000292054699738 616613863.63070309 -616603164.2447027
16.000305955931449 622135472.28488934 -622124734.6770072
16.000319857163159 627721531.86788487 -627710755.79853058
16.000333758394873 633372970.79840589 -633362156.02583766
16.000347659626584 639090733.41969275 -639079879.69999242
16.000361560858295 644875780.31663954 -644864887.40368676
16.000375462090005 650729088.64011717 -650718156.28556383
16.00038936332172 656651652.43868124 -656640680.39192498
16.00040326455343 662644482.99784422 -662633471.00600171
16.000417165785141 668708609.18710923 -668697556.99498928
16.000431067016851 674845077.81496632 -674833985.1650424
16.000444968248566 681054953.99205458 -681043820.62443674
16.000458869480276 687339321.50270295 -687328147.15510976
16.000472770711987 693699283.18506944 -693688067.59279931
16.000486671943698 700135961.32009089 -700124704.21599281
16.000500573175412 706650498.02948415 -706639199.14392829
16.000514474407122 713244055.68303335 -713232714.74388099
16.000528375638833 719917817.31540167 -719906434.04797471
16.000542276870547 726672987.05272198 -726661561.17977214
16.000556178102258 733510790.54922426 -733499321.79090178
16.000570079333968 740432475.43415916 -740420963.50798106
16.000583980565679 747439311.76929724 -747427756.39011455
16.000597881797393 754532592.51728368 -754520993.39724922
16.000611783029104 761713634.02113664 -761701990.86967146
16.000625684260815 768983776.49518359 -768972089.01894307
16.000639585492525 776344384.52774978 -776332652.43058944
16.000653486724239 783796847.59590876 -783785070.57884943
16.00066738795595 791342580.59262371 -791330758.35381615
16.000681289187661 798983024.3666091 -798971156.60129797
16.000695190419375 806719646.27526617 -806707732.67575395
16.000709091651085 814553940.75103545 -814541981.00664485
16.000722992882796 822487429.88154233 -822475423.67857885
16.000736894114507 830521664.00391626 -830509611.02563024
16.000750795346221 838658222.31366158 -838646122.2402091
16.000764696577932 846898713.48848593 -846886565.99688959
16.000778597809642 855244776.32749295 -855232581.09160173
16.000792499041353 863698080.40617681 -863685837.09662557
16.000806400273067 872260326.74764585 -872248035.03181386
16.000820301504778 880933248.51053059 -880920908.05249941
16.000834202736488 889718611.69404876 -889706222.15456009
16.000848103968202 898618215.86069691 -898605776.89710903
16.000862005199913 907633894.87706637 -907621406.14331007
16.000875906431624 916767517.67330039 -916754978.81983435
16.000889807663334 926020989.02171588 -926008399.6954813
16.000903708895049 935396250.33512819 -935383610.17950261
16.000917610126759 944895280.4854461 -944882589.14019632
16.00093151135847 954520096.64311457 -954507353.74434912
16.00094541259018 964272755.13800001 -964259960.31812084
16.000959313821895 974155352.34233189 -974142505.22998488
16.000973215053605 984170025.57633424 -984157125.7963593
16.000987116285316 994318954.03720748 -994306001.21058774
16.001001017517027 1004604359.7521323 -1004591353.4959422
16.001014918748741 1015028508.5559981 -1015015448.4833511
16.001028819980451 1025593711.0945728 -1025580596.8145678
16.001042721212162 1036302323.8538533 -1036289154.9715203
16.001056622443876 1047156750.2163776 -1047143526.3326223
16.001070523675587 1058159441.5452874 -1058146162.2568353
16.001084424907297 1069312898.2969443 -1069299563.1962838
16.001098326139008 1080619671.1629679 -1080606279.8382919
16.001112227370722 1092082362.2425513 -1092068914.277698
16.001126128602433 1103703626.2459726 -1103690121.220366
16.001140029834144 1115486171.7302196 -1115472609.2188079
16.001153931065854 1127432762.367696 -1127419141.9408896
16.001167832297568 1139546218.2490258 -1139532539.4726343
16.001181733529279 1151829417.2209454 -1151815679.6561131
16.00119563476099 1164285296.2603672 -1164271499.4635084
16.001209535992704 1176916852.8857095 -1176902996.4084408
16.001223437224414 1189727146.6066473 -1189713229.9957209
16.001237338456125 1202719300.4134347 -1202705323.2106695
16.001251239687836 1215896502.3070047 -1215882464.0492158
16.00126514091955 1229262006.8711321 -1229247907.0900598
16.001279042151261 1242819136.8879447 -1242804975.1101818
16.001292943382971 1256571284.9981229 -1256557060.7450416
16.001306844614682 1270521915.407171 -1270507628.1948466
16.001320745846396 1284674565.6392114 -1284660214.9783471
16.001334647078107 1299032848.3397894 -1299018433.7356372
16.001348548309817 1313600453.1292043 -1313585974.0814872
16.001362449541531 1328381148.5079868 -1328366604.5108171
16.001376350773242 1343378783.8161595 -1343364174.3579571
16.001390252004953 1358597291.2479796 -1358582615.8113887
16.001404153236663 1374040687.9239368 -1374025945.9857407
16.001418054468378 1389713078.0218396 -1389698269.0528736
16.001431955700088 1405618654.9688721 -1405603778.4339359
16.001445856931799 1421761703.6965961 -1421746759.054364
16.001459758163509 1438146602.9609184 -1438131589.6638472
16.001473659395224 1454777827.7291286 -1454762745.2233653
16.001487560626934 1471659951.6361923 -1471644799.3614786
16.001501461858645 1488797649.5125442 -1488782426.9021204
16.001515363090355 1506195699.9857388 -1506180406.4662447
16.00152926432207 1523858988.1583698 -1523843623.1497452
16.00154316555378 1541792508.3647835 -1541777071.2801654
16.001557066785491 1560001367.0091779 -1559985857.2547965
16.001570968017205 1578490785.4878175 -1578475202.4628906
16.001584869248916 1597266103.1981223 -1597250446.2947469
16.001598770480626 1616332780.6375506 -1616317049.240593
16.001612671712337 1635696402.5953085 -1635680596.0822921
16.001626572944051 1655362681.4399736 -1655346799.1809642
16.001640474175762 1675337460.5063074 -1675321501.8637967
16.001654375407472 1695626717.5846303 -1695610681.9134176
16.001668276639183 1716236568.5161967 -1716220455.1632671
16.001682177870897 1737173270.8982394 -1737157079.202641
16.001696079102608 1758443227.9024043 -1758426957.1951218
16.001709980334319 1780052992.2105145 -1780036641.8143408
16.001723881566033 1802009270.0717061 -1801992839.3011117
16.001737782797743 1824318925.4851296 -1824302413.6461296
16.001751684029454 1846988984.5125761 -1846972390.9025931
16.001765585261165 1870026639.7255886 -1870009963.6333146
16.001779486492879 1893439254.7917755 -1893422495.49703
16.001793387724589 1917234369.2052288 -1917217525.9788148
16.0018072889563 1941419703.1660905 -1941402775.2696466
16.001821190188011 1966003162.6146116 -1965986149.3004622
16.001835091419725 1990992844.4251833 -1990975744.9361851
16.001848992651436 2016397041.766017 -2016379855.3354023
16.001862893883146 2042224249.630496 -2042206975.4817135
16.00187679511486 2068483170.5462995 -2068465807.8928514
16.001890696346571 2095182720.4687498 -2095165268.5140247
16.001904597578282 2122332034.8651044 -2122314492.8022089
16.001918498809992 2149940474.9967046 -2149922842.0082889
16.001932400041706 2178017634.4062004 -2177999909.6642823
16.001946301273417 2206573345.6174326 -2206555528.2832165
16.001960202505128 2235617687.0557899 -2235599776.2794828
16.001974103736838 2265160990.1971717 -2265142985.1177945
16.001988004968553 2295213846.9540577 -2295195746.699254
16.002001906200263 2325787117.3075967 -2325768920.9934354
16.002015807431974 2356891937.1948252 -2356873643.925601
16.002029708663684 2388539726.6606374 -2388521335.528666
16.002043609895399 2420742198.2845421 -2420723708.3699503
16.002057511127109 2453511365.8926315 -2453492776.263144
16.00207141235882 2486859553.5655303 -2486840863.2762518
16.002085313590534 2520799404.9536924 -2520780613.0468845
16.002099214822245 2555343892.9118004 -2555324998.4166527
16.002113116053955 2590506329.4647102 -2590487331.397109
16.002127017285666 2626300376.1175809 -2626281273.4798703
16.00214091851738 2662740054.5235763 -2662720846.3043151
16.002154819749091 2699839757.5231986 -2699820442.6969118
16.002168720980801 2737614260.5697684 -2737594838.096693
16.002182622212512 2776078733.5561676 -2776059202.3819919
16.002196523444226 2815248753.0588932 -2815229112.1144924
16.002210424675937 2855140315.0157471 -2855120563.2169108
16.002224325907648 2895769847.8544989 -2895749984.1016536
16.002238227139362 2937154226.0906467 -2937134249.2685709
16.002252128371072 2979310784.4131045 -2979290693.3906388
16.002266029602783 3022257332.2775445 -3022237125.9072933
16.002279930834494 3066012169.0278921 -3065991846.1459203
16.002293832066208 3110594099.5674491 -3110573658.99297
16.002307733297918 3156022450.6022143 -3156001891.1372714
16.002321634529629 3202317087.4799123 -3202296407.9090538
16.00233553576134 3249498431.6491795 -3249477630.7391243
16.002349436993054 3297587478.764636 -3297566555.2639313
16.002363338224765 3346605817.4649782 -3346584770.103651
16.002377239456475 3396575648.851913 -3396554476.3411121
16.002391140688186 3447519806.6994386 -3447498507.7310677
16.0024050419199 3499461778.4243751 -3499440351.6707182
16.002418943151611 3552425726.8502755 -3552404170.9636116
16.002432844383321 3606436512.7986765 -3606414826.4108872
16.002446745615035 3661519718.5428829 -3661497900.265048
16.002460646846746 3717701672.1614304 -3717679720.583416
16.002474548078457 3775009472.8300714 -3774987386.5201058
16.002488449310167 3833471017.0929542 -3833448794.5971947
16.002502350541882 3893115026.1556482 -3893092665.9977374
16.002516251773592 3953971074.2447362 -3953948574.9253454
16.002530153005303 4016069618.080833 -4016046978.0771956
16.002544054237013 4079442027.5143604 -4079419245.2797947
16.002557955468728 4144120617.3756189 -4144097691.3390355
16.002571856700438 4210138680.5932388 -4210115609.1586394
16.002585757932149 4277530522.6379437 -4277507304.1839037
16.002599659163863 4346331497.3512993 -4346308130.2304401
16.002613560395574 4416578044.222085 -4416554526.7605295
16.002627461627284 4488307727.1762629 -4488284057.6730795
16.002641362858995 4561559274.9497252 -4561535451.6763582
16.002655264090709 4636372623.1161146 -4636348644.3157959
16.00266916532242 4712788957.8463221 -4712764821.7334709
16.00268306655413 4790850761.4801512 -4790826466.2397556
16.002696967785841 4870601859.9944992 -4870577403.7814846
16.002710869017555 4952087472.4567614 -4952062853.3953362
16.002724770249266 5035354262.5571337 -5035329478.7401257
16.002738671480977 5120450392.3181181 -5120425441.8062849
16.002752572712691 5207425578.0844383 -5207400458.9057636
16.002766473944401 5296331148.9031534 -5296305859.052125
16.002780375176112 5387220107.4079742 -5387194644.8448391
16.002794276407823 5480147193.3290911 -5480121555.9790916
16.002808177639537 5575168949.7559614 -5575143135.5085497
16.002822078871247 5672343792.2881088 -5672317798.9961414
16.002835980102958 5771732081.2139187 -5771705906.6928272
16.002849881334669 5873396196.8681316 -5873369838.8950691
16.002863782566383 5977400618.3255606 -5977374074.638525
16.002877683798093 6083812005.5969992 -6083785273.8939342
16.002891585029804 6192699285.5025082 -6192672363.4403734
16.002905486261515 6304133741.4079084 -6304106626.6017275
16.002919387493229 6418189107.0203648 -6418161797.042244
16.00293328872494 6534941664.4487095 -6534914156.826828
16.00294718995665 6654470346.748251 -6654442638.9658213
16.002961091188364 6776856845.1802931 -6776828934.6744938
16.002974992420075 6902185721.4304314 -6902157605.5913057
16.002988893651786 7030544525.0438051 -7030516201.2131262
16.003002794883496 7162023916.3509598 -7161995381.8210659
16.00301669611521 7296717795.1730185 -7296689047.1856089
16.003030597346921 7434723435.6124411 -7434694471.3573408
16.003044498578632 7576141627.253067 -7576112443.8669491
16.003058399810342 7721076823.1131372 -7721047417.6782084
16.003072301042057 7869637294.7152271 -7869607664.2578745
16.003086202273767 8021935294.6582546 -8021905436.1476488
16.003100103505478 8178087227.1007166 -8178057137.4473715
16.003114004737192 8338213826.5886965 -8338183502.6429863
16.003127905968903 8502440345.6891451 -8502409784.2397718
16.003141807200613 8670896751.9169464 -8670865949.6893635
16.003155708432324 8843717934.4733734 -8843686888.1281528
16.003169609664038 9021043921.3481998 -9021012627.4793549
16.003183510895749 9203020107.3695221 -9202988562.5027676
16.003197412127459 9389797493.824789 -9389765694.4157562
16.00321131335917 9581532940.3140659 -9581500882.7464466
16.003225214590884 9778389429.5378494 -9778357110.1214943
16.003239115822595 9980536345.7696152 -9980503760.738554
16.003253017054305 10188149767.809052 -10188116913.319458
16.00326691828602 10401412777.268017 -10401379649.396105
16.00328081951773 10620515783.088251 -10620482377.828098
16.003294720749441 10845656863.256666 -10845623176.517963
16.003308621981152 11077042124.746933 -11077008152.352657
16.003322523212866 11314886082.781721 -11314851820.465734
16.003336424444576 11559412060.584709 -11559377503.989267
16.003350325676287 11810852610.870499 -11810817755.54368
16.003364226907998 12069449960.404627 -12069414801.797668
16.003378128139712 12335456479.056784 -12335421012.521324
16.003392029371422 12609135174.870718 -12609099395.655945
16.003405930603133 12890760216.775387 -12890724120.02508
16.003419831834844 13180617486.679562 -13180581067.429033
16.003433733066558 13479005162.810579 -13478968415.983505
16.003447634298269 13786234336.292751 -13786197256.697882
16.003461535529979 14102629663.100985 -14102592245.428741
16.003475436761693 14428530053.678104 -14428492292.497049
16.003489337993404 14764289402.668106 -14764251292.421282
16.003503239225115 15110277361.399345 -15110238896.400475
16.003517140456825 15466880155.944353 -15466841330.373901
16.003531041688539 15834501453.786774 -15834462261.687859
16.00354494292025 16213563282.353054 -16213523717.627205
16.003558844151961 16604507002.91007 -16604467059.312819
16.003572745383671 17007794343.59663 -17007754014.732935
16.003586646615386 17423908495.63522 -17423867774.954708
16.003600547847096 17853355277.088696 -17853314157.880733
16.003614449078807 18296664368.851364 -18296622844.23991
16.003628350310521 18754390627.939293 -18754348690.87756
16.003642251542232 19227115483.540405 -19227073126.805313
16.003656152773942 19715448421.694805 -19715405637.881199
16.003670054005653 20220028564.964996 -20219985346.479633
16.003683955237367 20741526353.958031 -20741482693.013329
16.003697856469078 21280645338.107388 -21280601226.714905
16.003711757700788 21838124083.722729 -21838079513.686371
16.003725658932499 22414738207.990185 -22414693170.899147
16.003739560164213 23011302548.29903 -23011257035.520412
16.003753461395924 23628673477.059013 -23628627479.730145
16.003767362627634 24267751373.034924 -24267704882.055344
16.003781263859349 24929483261.134708 -24929436267.157806
16.003795165091059 25614865633.630318 -25614818127.054607
16.00380906632277 26324947466.889755 -26324899437.849762
16.003822967554481 27060833448.918118 -27060784887.274876
16.003836868786195 27823687434.333588 -27823638329.664688
16.003850770017905 28614736144.91003 -28614686486.499237
16.003864671249616 29435273135.38895 -29435222912.21534
16.003878572481327 30286663046.034927 -30286612246.761528
16.003892473713041 31170346165.37257 -31170294778.334484
16.003906374944751 32087843328.653625 -32087791341.845589
16.003920276176462 33040761179.965958 -33040708581.029305
16.003934177408173 34030797828.514656 -34030744604.723686
16.003948078639887 35059748932.417549 -35059695070.665222
16.003961979871598 36129514246.566772 -36129459733.349724
16.003975881103308 37242104674.521606 -37242049495.924431
16.003989782335022 38399649868.314194 -38399594009.992928
16.004003683566733 39604406424.327759 -39604349871.492584
16.004017584798444 40858766728.069443 -40858709465.466492
16.004031486030154 42165268505.92524 -42165210517.81749
16.004045387261868 43526605147.837082 -43526546417.984276
16.004059288493579 44945636871.191116 -44945577382.828621
16.00407318972529 46425402803.548439 -46425342539.365036
16.004087090957 47969134069.740135 -47969073011.854622
16.004100992188715 49580267977.715332 -49580206107.651878
16.004114893420425 51262463407.550575 -51262400706.212761
16.004128794652136 53019617519.080727 -53019553966.724159
16.00414269588385 54855883906.020699 -54855819482.224152
16.004156597115561 56775692338.287132 -56775627021.922066
16.004170498347271 58783770249.720757 -58783704018.919128
16.004184399578982 60885166146.046364 -60885098978.166618
16.004198300810696 63085275127.226913 -63085206998.818047
16.004212202042407 65389866740.514786 -65389797627.278305
16.004226103274117 67805115405.103867 -67805045281.853546
16.004240004505828 70337633677.463898 -70337562518.08316
16.004253905737542 72994508657.504974 -72994436434.901688
16.004267806969253 75783341871.720047 -75783268557.778625
16.004281708200963 78712293009.588943 -78712218575.119537
16.004295609432678 81790127934.905472 -81790052349.589951
16.004309510664388 85026271445.368561 -85026194677.703171
16.004323411896099 88430865313.207794 -88430787330.442154
16.004337313127809 92014832205.761963 -92014752973.834183
16.004351214359524 95789946161.223679 -95789865644.691254
16.004365115591234 99768910382.071671 -99768828544.037827
16.004379016822945 103965443207.79074 -103965360009.8259
16.004392918054656 108394373242.39771 -108394288644.45566
16.00440681928637 113071744742.6059 -113071658702.93427
16.00442072051808 118014934522.42137 -118014846997.4659
16.004434621749791 123242781802.37103 -123242692746.67316
16.004448522981502 128775732630.07199 -128775641996.15915
16.004462424213216 134636000728.97369 -134635908467.24179
16.004476325444926 140847746896.59998 -140847652955.18726
16.004490226676637 147437279381.6738 -147437183706.32544
16.004504127908351 154433278027.34506 -154433180561.26755
16.004518029140062 161867045382.47165 -161866946066.17621
16.004531930371773 169772788468.32037 -169772687239.45428
16.004545831603483 178187935454.50482 -178187832247.66949
16.004559732835197 187153492161.08127 -187153386907.63605
16.004573634066908 196714444081.36032 -196714336709.21027
16.004587535298619 206920210537.23218 -206920100970.59872
16.004601436530329 217825158658.53842 -217825046817.71085
16.004615337762043 229489186151.26822 -229489071952.3342
16.004629238993754 241978383336.12805 -241978266690.68115
16.004643140225465 255365786732.75443 -255365667547.57605
16.004657041457179 269732238606.08441 -269732116782.7977
16.00467094268889 285167369446.09711 -285167244880.78955
16.0046848439206 301770723419.42633 -301770596002.23798
16.004698745152311 319653050502.38184 -319652920117.05487
16.004712646384025 338937793445.88177 -338937659969.2677
16.004726547615736 359762803079.06274 -359762666380.58179
16.004740448847446 382282321953.7998 -382282181894.84717
16.004754350079157 406669284250.00702 -406669140683.2998
16.004768251310871 433117989500.31677 -433117842269.17395
16.004782152542582 461847219545.51062 -461847068483.05835
16.004796053774292 493103882675.72131 -493103727604.01373
16.004809955006003 527167286871.16547 -527167127600.21045
16.004823856237717 564354166350.79395 -564354002677.4707
16.004837757469428 605024613356.57617 -605024445063.43127
16.004851658701138 649589101788.60938 -649588928642.51331
16.004865559932853 698516832819.35413 -698516654569.99976
16.004879461164563 752345687614.09534 -752345503992.31555
16.004893362396274 811694141901.30884 -811693952617.18652
16.004907263627985 877275585951.48743 -877275390692.22644
16.004921164859699 949915607309.1991 -949915405736.72046
16.004935066091409 1030572940251.8602 -1030572732000.0793
16.00494896732312 1120364975847.2905 -1120364760519.0249
16.004962868554831 1220598974229.9521 -1220598751393.3967
16.004976769786545 1332810445849.897 -1332810215034.5962
16.004990671018255 1458810597847.2437 -1458810358539.4697
16.005004572249966 1600745312933.0413 -1600745064570.4731
16.00501847348168 1761168894244.468 -1761168636210.0417
16.005032374713391 1943136843942.6816 -1943136575557.4539
16.005046275945102 2150323352560.4629 -2150323073075.2944
16.005060177176812 2387171111841.2856 -2387170820427.105
16.005074078408526 2659083748905.7324 -2659083444642.0815
16.005087979640237 2972674939173.5566 -2972674621035.0488
16.005101880871948 3336093574799.6099 -3336093241639.8296
16.005115782103658 3759451976998.0171 -3759451627530.269
16.005129683335372 4255395158216.9062 -4255394790991.0508
16.005143584567083 4839865293610.1592 -4839864906984.5547
16.005157485798794 5533139564051.2295 -5533139156158.501
16.005171387030508 6361255722928.1387 -6361255291633.0938
16.005185288262219 7357995155576.6084 -7357994698424.0625
16.005199189493929 8567679509931.1387 -8567679024080.6436
16.00521309072564 10049173879230.73 -10049173361374.107
16.005226991957354 11881711003782.637 -11881710450038.658
