# serie phase 2 p7_w1.73_c1.05_dt2_k4 : t x1 x2 (dt2=1.1915341467079832e-05, depart t=21.408000000000001 etat bascule x1 x2 v1 v2 = 235.73788766981315 -224.16955370220001 3184.7294517970795 -3138.2992329404424)
21.600075304449327 8244939.3571069911 -8244704.0902367942
21.600087219790794 8305819.8541658204 -8305584.0922457175
21.600099135132261 8367312.0612227321 -8367075.8019027375
21.600111050473728 8429423.762642445 -8429187.0035551731
21.600122965815196 8492162.8628060129 -8491925.6015665065
21.600134881156663 8555537.3882859796 -8555299.6224915311
21.60014679649813 8619555.4900668897 -8619317.2172968574
21.600158711839597 8684225.4458122179 -8683986.6636278462
21.600170627181065 8749555.6621788312 -8749316.3681230675
21.600182542522532 8815554.6771800593 -8815314.8687773682
21.600194457863996 8882231.1625985447 -8881990.8373547141
21.600206373205463 8949593.9264500737 -8949353.0818520281
21.60021828854693 9017651.9154995997 -9017410.5490152016
21.600230203888398 9086414.2178307418 -9086172.3269085996
21.600242119229865 9155890.0654700007 -9155647.6475392655
21.600254034571332 9226088.837066995 -9225845.8895371594
21.600265949912799 9297020.0606321488 -9296776.580892846
21.600277865254267 9368693.4163331278 -9368449.4017539173
21.600289780595734 9441118.7393515315 -9440874.187281698
21.600301695937201 9514306.0228012633 -9514060.9305695966
21.600313611278668 9588265.4207100719 -9588019.785624655
21.600325526620136 9663007.2510658875 -9662761.0704138763
21.600337441961603 9738541.9989294764 -9738295.2699768785
21.60034935730307 9814880.3196150586 -9814633.0396065116
21.600361272644538 9892033.0419405736 -9891785.2080991138
21.600373187986005 9970011.171549337 -9969762.7810761724
21.600385103327472 10048825.894304825 -10048576.944379101
21.600397018668939 10128488.579760429 -10128239.067538986
21.600408934010403 10209010.784706073 -10208760.707323216
21.60042084935187 10290404.256793654 -10290153.611360904
21.600432764693338 10372680.938243112 -10372429.721848959
21.600444680034805 10455852.969631348 -10455601.179341003
21.600456595376272 10539932.69376603 -10539680.326621173
21.600468510717739 10624932.659646394 -10624679.712664913
21.600480426059207 10710865.62651331 -10710612.096689044
21.600492341400674 10797744.56799088 -10797490.452293353
21.600504256742141 10885582.676321855 -10885327.97169601
21.600516172083609 10974393.366699316 -10974138.070065241
21.600528087425076 11064190.281697106 -11063934.389949763
21.600540002766543 11154987.295801561 -11154730.805810502
21.60055191810801 11246798.520047154 -11246541.428656243
21.600563833449478 11339638.306758689 -11339380.61078581
21.600575748790945 11433521.254402865 -11433262.950639635
21.600587664132412 11528462.212552115 -11528203.29776359
21.600599579473879 11624476.286963578 -11624216.757887946
21.600611494815347 11721578.844776276 -11721318.698124563
21.600623410156814 11819785.519829612 -11819524.752285367
21.600635325498278 11919112.218106318 -11918850.826325301
21.600647240839745 12019575.123303261 -12019313.10391313
21.600659156181212 12121190.702533431 -12120928.052133422
21.60067107152268 12223975.71216258 -12223712.427323174
21.600682986864147 12327947.203784186 -12327683.281046782
21.600694902205614 12433122.530336438 -12432857.966213016
21.600706817547081 12539519.352365067 -12539254.14333785
21.600718732888549 12647155.644435888 -12646889.786956994
21.600730648230016 12756049.70170114 -12755783.192192232
21.600742563571483 12866220.146623822 -12865952.981475752
21.60075447891295 12977685.935864357 -12977418.111436805
21.600766394254418 13090466.367333965 -13090197.879955072
21.600778309595885 13204581.087419288 -13204311.933385286
21.600790224937352 13320050.098382968 -13319780.2739578
21.60080214027882 13436893.765945189 -13436623.267360125
21.600814055620287 13555132.827050997 -13554861.650504248
21.600825970961754 13674788.397828635 -13674516.539484955
21.600837886303221 13795881.981744222 -13795609.437734513
21.600849801644685 13918435.477958206 -13918162.244379105
21.600861716986152 14042471.189889211 -14042197.262802679
21.60087363232762 14168011.833991267 -14167737.209424172
21.600885547669087 14295080.548750252 -14294805.222693937
21.600897463010554 14423700.903905913 -14423424.872315772
21.600909378352021 14553896.909905724 -14553620.168700755
21.600921293693489 14685693.027597213 -14685415.572659576
21.600933209034956 14819114.178165661 -14818836.005340228
21.600945124376423 14954185.753324082 -14953906.858417971
21.60095703971789 15090933.625762794 -15090654.004544906
21.600968955059358 15229384.15986607 -15229103.808066616
21.600980870400825 15369564.22270355 -15369283.136013564
21.600992785742292 15511501.195304425 -15511219.369375279
21.60100470108376 15655222.984222678 -15654940.414665584
21.601016616425227 15800758.033401722 -15800474.715787226
21.601028531766694 15948135.336347418 -15947851.266204888
21.601040447108161 16097384.448618388 -16097099.621435493
21.601052362449629 16248535.500643086 -16248249.911865264
21.601064277791096 16401619.210873226 -16401332.855903149
21.60107619313256 16556666.899283608 -16556379.773480633
21.601088108474027 16713710.501228644 -16713422.599908257
21.601100023815494 16872782.58166628 -16872493.900099531
21.601111939156961 17033916.349760365 -17033626.883173298
21.601123854498429 17197145.673872814 -17196855.417445879
21.601135769839896 17362505.096957196 -17362214.045824662
21.601147685181363 17530029.852366157 -17529738.001615502
21.601159600522831 17699755.880085316 -17699463.224756621
21.601171515864298 17871719.843406424 -17871426.378491741
21.601183431205765 18045959.146053366 -18045664.866496094
21.601195346547232 18222511.949775036 -18222216.850469273
21.6012072618887 18401417.192419227 -18401121.268209115
21.601219177230167 18582714.606502682 -18582417.852181744
21.601231092571634 18766444.738292456 -18766147.148602918
21.601243007913101 18952648.967414778 -18952350.53704688
21.601254923254569 19141369.527007978 -19141070.250599276
21.601266838596036 19332649.524436291 -19332349.39657094
21.601278753937503 19526532.962582223 -19526231.977790255
21.601290669278967 19723064.761736289 -19722762.914492879
21.601302584620434 19922290.78210251 -19921988.06682723
21.601314499961902 20124257.846939344 -20123954.257995389
21.601326415303369 20329013.766356513 -20328709.298049934
21.601338330644836 20536607.361789096 -20536302.008368012
21.601350245986303 20747088.491170201 -20746782.246823985
21.601362161327771 20960508.074824981 -20960200.933683459
21.601374076669238 21176918.122109514 -21176610.078242123
21.601385992010705 21396371.758818261 -21396062.806233205
21.601397907352172 21618923.25538614 -21618613.388029531
21.60140982269364 21844628.055910733 -21844317.26766571
21.601421738035107 22073542.808021624 -22073231.092707466
21.601433653376574 22305725.393624943 -22305412.744996157
21.601445568718042 22541234.960552242 -22540921.372297641
21.601457484059509 22780131.955143735 -22779817.420885496
21.601469399400976 23022478.155797016 -23022162.66908972
21.601481314742443 23268336.707514141 -23268020.261843793
21.601493230083911 23517772.157480381 -23517454.74626343
21.601505145425374 23770850.491709199 -23770532.10829151
21.601517060766842 24027639.17279008 -24027319.810445916
21.601528976108309 24288207.178776778 -24287886.830707736
21.601540891449776 24552625.043255173 -24552303.702589128
21.601552806791243 24820964.896630906 -24820642.556420915
21.601564722132711 25093300.508678865 -25092977.161902063
21.601576637474178 25369707.332398087 -25369382.971954547
21.601588552815645 25650262.549217917 -25649937.167929504
21.601600468157113 25935045.115602516 -25934718.706211716
21.60161238349858 26224135.811102349 -26223808.366271067
21.601624298840047 26517617.287903465 -26517288.800211813
21.601636214181514 26815574.12192766 -26815244.583872702
21.601648129522982 27118092.865539189 -27117762.269533686
21.601660044864449 27425262.101914395 -27424930.440285511
21.601671960205916 27737172.501133543 -27736839.766121529
21.601683875547383 28053916.878057215 -28053583.061814073
21.601695790888851 28375590.25205113 -28375255.346639231
21.601707706230318 28702289.908626869 -28701953.906017572
21.601719621571785 29034115.463067789 -29033778.355140012
21.601731536913249 29371168.926112182 -29370830.704650957
21.601743452254716 29713554.771769658 -29713215.42846464
21.601755367596184 30061380.007349078 -30061039.533793055
21.601767282937651 30414754.245779447 -30414412.63346678
21.601779198279118 30773789.780309051 -30773447.020634122
21.601791113620585 31138601.661671638 -31138257.745927233
21.601803028962053 31509307.777811468 -31508962.697187155
21.60181494430352 31886028.936263684 -31885682.681844145
21.601826859644987 32268888.949290104 -32268541.512053419
21.601838774986454 32658014.721875139 -32657666.09269106
21.601850690327922 33053536.342690475 -33053186.512318652
21.601862605669389 33455587.17814232 -33455236.137230493
21.601874521010856 33864303.969618611 -33863951.708700754
21.601886436352324 34279826.934060588 -34279473.443555035
21.601898351693791 34702299.867987297 -34701945.138194807
21.601910267035258 35131870.255106941 -35131514.276208736
21.601922182376725 35568689.377655543 -35568332.139711298
21.601934097718193 36012912.431609415 -36012553.924555205
21.601946013059656 36464698.64592386 -36464338.859570064
21.601957928401124 36924211.40595793 -36923850.329987101
21.601969843742591 37391618.381251305 -37391256.00521598
21.601981759084058 37867091.657826774 -37866727.971147232
21.601993674425525 38350807.87520121 -38350442.867163189
21.602005589766993 38842948.368295006 -38842582.028047375
21.60201750510846 39343699.314437792 -39343331.630990177
21.602029420449927 39853251.885676883 -39852882.847897224
21.602041335791395 40371802.406605944 -40371432.003218003
21.602053251132862 40899552.517942153 -40899180.73752296
21.602065166474329 41436709.346087746 -41436336.177065015
21.602077081815796 41983485.678924181 -41983111.109573618
21.602088997157264 42540100.148100026 -42539724.166542642
21.602100912498731 43106777.418082327 -43106400.012281634
21.602112827840198 43683748.382255219 -43683369.540014386
21.602124743181665 44271250.366368197 -44270870.075327143
21.602136658523133 44869527.339641921 -44869145.587274328
21.6021485738646 45478830.133858927 -45478446.907469191
21.602160489206067 46099416.670783743 -46099031.957503855
21.602172404547531 46731552.198271118 -46731165.985057473
21.602184319888998 47375509.535436042 -47375121.809066176
21.602196235230466 48031569.327281356 -48031180.074350595
21.602208150571933 48700020.309197523 -48699629.516115561
21.6022200659134 49381159.581766836 -49380767.23475422
21.602231981254867 50075292.896330543 -50074898.981415093
21.602243896596335 50782734.95179309 -50782339.454806224
21.602255811937802 51503809.703165129 -51503412.609738089
21.602267727279269 52238850.682374462 -52238451.977934465
21.602279642620736 52988201.331894889 -52987801.001661167
21.602291557962204 53752215.351777866 -53751813.380757615
21.602303473303671 54531257.06069459 -54530853.433678828
21.602315388645138 55325701.77162917 -55325296.473188482
21.602327303986606 56135936.182899795 -56135529.197379977
21.602339219328073 56962358.785215467 -56961950.096733056
21.60235113466954 57805380.285512902 -57804969.877950601
21.602363050011007 58665424.048359804 -58665011.905361779
21.602374965352475 59542926.555752851 -59542512.660719909
21.602386880693938 60438337.886175908 -60437922.222260565
21.602398796035406 61352122.213834509 -61351704.763935924
21.602410711376873 62284758.329032168 -62284339.075790934
21.60242262671834 63236740.180701599 -63236319.106494419
21.602434542059807 64208577.442163885 -64208154.529098101
21.602446457401275 65200796.101239339 -65200371.331147298
21.602458372742742 66213939.075903364 -66213512.430336669
21.602470288084209 67248566.856739774 -67248138.316963345
21.602482203425676 68305258.177516818 -68304827.724502832
21.602494118767144 69384610.715280026 -69384178.329701662
21.602506034108611 70487241.821436048 -70486807.483661056
21.602517949450078 71613789.285390869 -71613352.975475028
21.602529864791546 72764912.132378295 -72764473.830058604
21.602541780133013 73941291.457214609 -73940851.141902372
21.60255369547448 75143631.295822054 -75143188.946595684
21.602565610815947 76372659.536462218 -76372215.132059932
21.602577526157415 77629128.872735023 -77628682.391547278
21.602589441498882 78913817.800502837 -78913369.220564574
21.602601356840349 80227531.661045209 -80227080.960027844
21.602613272181813 81571103.732884616 -81570650.888087839
21.60262518752328 82945396.37485373 -82944941.363197058
21.602637102864747 84351302.223132938 -84350845.021147028
21.602649018206215 85789745.44514814 -85789286.028965831
21.602660933547682 87261683.05340232 -87261221.398749426
21.602672848889149 88768106.28249158 -88767642.364677444
21.602684764230617 90310042.032743514 -90309575.826651201
21.602696679572084 91888554.384146601 -91888085.864222884
21.602708594913551 93504746.184466705 -93504275.324711695
21.602720510255018 95159760.715657145 -95159287.489613652
21.602732425596486 96854783.442953572 -96854307.823696092
21.602744340937953 98591043.851317242 -98590565.811440647
21.60275625627942 100369817.37418152 -100369336.88578939
21.602768171620887 102192427.41974866 -102191944.45444126
21.602780086962355 104060247.50046477 -104059762.02932663
21.602792002303822 105974703.47162397 -105974215.46521112
21.602803917645289 107937275.88545544 -107936785.31378219
21.602815832986757 109949502.46746555 -109949009.29999086
21.60282774832822 112012980.72224207 -112012484.92785555
21.602839663669688 114129370.67640312 -114128872.22341047
21.602851579011155 116300397.76690175 -116299896.62300982
21.602863494352622 118527855.8834244 -118527352.01572573
21.602875409694089 120813610.57422255 -120813103.94917938
21.602887325035557 123159602.42536439 -123159093.00879219
21.602899240377024 125567850.62404321 -125567338.38109362
21.602911155718491 128040456.71735068 -128039941.61249389
21.602923071059958 130579608.57867983 -130579090.57568638
21.602934986401426 133187584.59481432 -133187063.65673625
21.602946901742893 135866758.08763504 -135866234.17678648
21.60295881708436 138619601.98537806 -138619075.06331494
21.602970732425828 141448693.75948682 -141448163.7869862
21.602982647767295 144356720.64417389 -144356187.58121222
21.602994563108762 147346485.15712398 -147345948.96285489
21.603006478450229 150420910.94108051 -150420371.57381162
21.603018393791697 153583048.94748074 -153582506.36464971
21.603030309133164 156836083.98497137 -156835538.14312112
21.603042224474631 160183341.65719977 -160182792.51195267
21.603054139816095 163628295.71628645 -163627743.22231773
21.603066055157562 167174575.8602308 -167174019.97124085
21.603077970499029 170825976.00469148 -170825416.67337725
21.603089885840497 174586463.06205282 -174585900.24007797
21.603101801181964 178460186.26307216 -178459619.90103632
21.603113716523431 182451487.05929554 -182450917.10670218
21.603125631864899 186564909.64728352 -186564336.05250669
21.603137547206366 190805212.1592032 -190804634.86945298
21.603149462547833 195177378.56774309 -195176797.52902967
21.6031613778893 199686631.35716215 -199686046.51425853
21.603173293230768 204338445.01655191 -204337856.31295511
21.603185208572235 209138560.41608733 -209137967.79397801
21.603197123913702 214093000.13196614 -214092403.53216669
21.603209039255169 219208084.7912395 -219207484.15317035
21.603220954596637 224490450.51377931 -224489845.77541342
21.603232869938104 229947067.53524974 -229946458.63306534
21.603244785279571 235585260.10203353 -235584646.97096476
21.603256700621039 241412727.73694396 -241412110.3103295
21.603268615962502 247437567.98336667 -247436946.19289616
21.60328053130397 253668300.74472502 -253667674.52038321
21.603292446645437 260113894.34670752 -260113263.616716
21.603304361986904 266783793.46103701 -266783158.15179345
21.603316277328371 273687949.04218447 -273687309.07819909
21.603328192669839 280836850.44234282 -280836205.74617213
21.603340108011306 288241559.88500905 -288240910.37718654
21.603352023352773 295913749.49465227 -295913095.09361607
21.60336393869424 303865741.09822077 -303865081.72023797
21.603375854035708 312110549.03466338 -312109884.59375072
21.603387769377175 320661926.2320075 -320661256.63984859
21.603399684718642 329534413.83567423 -329533739.00153291
21.60341160006011 338743394.69957638 -338742714.53020567
21.603423515401577 348305151.08336872 -348304465.48291558
21.603435430743044 358236926.93270296 -358236235.80260855
21.603447346084511 368556995.15686822 -368556298.39576316
21.603459261425979 379284730.36132783 -379284027.86492229
21.603471176767446 390440687.53924984 -390439979.2002182
21.603483092108913 402046687.27851278 -402045972.98637241
21.603495007450377 414125908.09958833 -414125187.74057221
21.603506922791844 426702986.60506874 -426702260.06199151
21.603518838133311 439804126.19422817 -439803393.34634531
21.603530753474779 453457215.17823899 -453456475.90109843
21.603542668816246 467691955.22314745 -467691209.3884334
21.603554584157713 482540001.15153229 -482539248.62690061
21.603566499499181 498035113.24879289 -498034353.89769745
21.603578414840648 514213323.35046345 -514212557.03197306
21.603590330182115 531113116.13428861 -531112342.70289373
21.603602245523582 548775627.20504665 -548774846.51045501
21.60361416086505 567244859.74928355 -567244071.63620436
21.603626076206517 586567921.747504 -586567126.05541968
21.603637991547984 606795285.97100949 -606794482.533934
21.603649906889451 627981075.26325655 -627980263.90947938
21.603661822230919 650183375.91549814 -650182556.46731305
21.603673737572386 673464582.29741275 -673463754.57082999
21.603685652913853 697891776.30611837 -697890940.11055934
21.603697568255321 723537145.65341306 -723536300.79138613
21.603709483596784 750478445.5341059 -750477591.80086124
21.603721398938251 778799508.82331705 -778798646.00648022
21.603733314279719 808590810.63285339 -808589938.51203442
21.603745229621186 839950093.85297155 -839949212.19934905
21.603757144962653 872983063.21620309 -872982171.79208028
21.603769060304121 907804156.47014678 -907803255.02847767
21.603780975645588 944537402.46697176 -944536490.75085521
21.603792890987055 983317377.3795675 -983316455.12170577
21.603804806328522 1024290271.8939286 -1024289338.8160479
21.60381672166999 1067615084.1273665 -1067614139.9395963
21.603828637011457 1113464955.2407739 -1113463999.6409812
21.603840552352924 1162028667.2992399 -1162027699.9723144
21.603852467694391 1213512325.9637558 -1213511346.5808415
21.603864383035859 1268141254.1674232 -1268140262.385092
21.603876298377326 1326162127.1069858 -1326161122.5663471
21.603888213718793 1387845383.8047976 -1387844366.1305377
21.603900129060261 1453487956.3609869 -1453486925.1603322
21.603912044401728 1523416364.9194336 -1523415319.7810299
21.603923959743192 1597990234.5846364 -1597989175.0773351
21.603935875084659 1677606300.3584559 -1677605226.029999
21.603947790426126 1762702977.8667176 -1762701888.2423103
21.603959705767593 1853765591.7127521 -1853764486.2935102
21.603971621109061 1951332370.2203407 -1951331248.4816022
21.603983536450528 2056001335.7185869 -2056000197.1080699
21.603995451791995 2168438244.2317848 -2168437088.1675763
21.604007367133462 2289385758.4956455 -2289384584.3640018
21.60401928247493 2419674074.815917 -2419672881.968854
21.604031197816397 2560233269.0738945 -2560232056.8265419
21.604043113157864 2712107682.2929215 -2712106449.9206138
21.604055028499332 2876472734.1496639 -2876471480.884737
21.604066943840799 3054654636.8158827 -3054653361.8441348
21.604078859182266 3248153586.4120603 -3248152288.8688393
21.604090774523733 3458671140.1315112 -3458669819.0973759
21.604102689865201 3688142651.3385267 -3688141305.8344259
21.604114605206668 3938775842.5209227 -3938774471.5028262
21.604126520548135 4213096858.927526 -4213095461.2804294
21.604138435889602 4514005481.1706028 -4514004055.7018156
21.604150351231066 4844841605.5284853 -4844840150.9601002
21.604162266572533 5209465655.4022274 -5209464170.3626375
21.604174181914001 5612356308.1513395 -5612354791.1656656
21.604186097255468 6058729863.1917992 -6058728312.6710443
21.604198012596935 6554686814.8031158 -6554685229.0318422
21.604209927938403 7107392834.5044317 -7107391211.6267071
21.60422184327987 7725303558.0883961 -7725301896.0917044
21.604233758621337 8418445520.3144741 -8418443817.0112305
21.604245673962804 9198769580.6537762 -9198767833.659996
21.604257589304272 10080598661.5783 -10080596868.288877
21.604269504645739 11081199192.921116 -11081197350.481031
21.604281419987206 12221516232.389767 -12221514337.6604
21.604293335328673 13527127156.504051 -13527125206.023539
21.604305250670141 15029490128.070419 -15029488118.006744
21.604317166011608 16767594349.96097 -16767592276.056126
21.604329081353075 18790164216.973888 -18790162074.476944
21.604340996694543 21158636478.689968 -21158634262.276287
21.60435291203601 23951230568.387108 -23951228272.060093
21.604364827377474 27268587130.603058 -27268584747.573612
21.604376742718941 31241691537.624695 -31241689060.162052
21.604388658060408 36043183830.265823 -36043181249.511047
