# serie phase 2 p4_w2.27_c1.20_dt2_k2 : t x1 x2 (dt2=1.1198441119223875e-05, depart t=44.033999999999999 etat bascule x1 x2 v1 v2 = 1926074.3211511692 -1918008.8099415423 98574270.394488052 -98367484.712414443)
44.107685742564492 212074560210.80283 -212071878605.78589
44.107696941005614 214311754713.92218 -214309059001.86224
44.107708139446729 216578526908.30322 -216575816977.58829
44.10771933788785 218875347297.48965 -218872623035.32721
44.107730536328965 221202695140.1019 -221199956432.50323
44.107741734770087 223561058636.51996 -223558305368.2843
44.107752933211209 225950935120.05746 -225948167174.7558
44.107764131652324 228372831252.74539 -228370048512.70404
44.107775330093446 230827263225.85019 -230824465572.13416
44.107786528534568 233314756965.25491 -233311944277.65094
44.107797726975683 235835848341.83218 -235833020498.83151
44.107808925416805 238391083386.94611 -238388240265.72702
44.10782012385792 240981018513.22202 -240978159989.63202
44.107831322299042 243606220740.72672 -243603346689.26447
44.107842520740164 246267267928.70859 -246264378222.50555
44.107853719181279 248964749013.0498 -248961843523.85156
44.1078649176224 251699264249.58469 -251696342847.73196
44.107876116063515 254471425463.44907 -254468488017.85846
44.107887314504637 257281856304.62555 -257278902682.76993
44.107898512945759 260131192509.85541 -260128222577.74393
44.107909711386874 263020082171.09616 -263017095793.25406
44.107920909827996 265949186010.70569 -265946183050.15366
44.107932108269118 268919177663.53998 -268916157981.77325
44.107943306710233 271930743966.1601 -271927707423.12711
44.107954505151355 274984585253.3454 -274981531707.42615
44.10796570359247 278081415662.12122 -278078344970.10529
44.107976902033592 281221963443.51196 -281218875460.57611
44.107988100474714 284406971282.23663 -284403865861.922
44.107999298915828 287637196624.57477 -287634073618.76373
44.10801049735695 290913412014.63544 -290910271273.52808
44.108021695798065 294236405439.271 -294233246811.36115
44.108032894239187 297606980681.87677 -297603804013.92761
44.108044092680309 301025957685.33759 -301022762822.35687
44.108055291121424 304494172924.38422 -304490959709.59918
44.108066489562546 308012479787.62463 -308009248062.45618
44.108077688003668 311581748969.54297 -311578498573.57965
44.108088886444783 315202868872.74695 -315199599643.71851
44.108100084885905 318876746020.7605 -318873457794.51074
44.10811128332702 322604305481.6756 -322600998092.13495
44.108122481768142 326386491302.9801 -326383164582.13776
44.108133680209264 330224266957.88989 -330220920735.7652
44.108144878650378 334118615803.52283 -334115249908.13635
44.1081560770915 338070541551.26685 -338067155808.61108
44.108167275532615 342081068749.70294 -342077662983.71216
44.108178473973737 346151243280.45416 -346147817312.97394
44.108189672414859 350282132867.35046 -350278686518.10663
44.108200870855974 354474827599.30554 -354471360685.87256
44.108212069297096 358730440467.31769 -358726952805.08643
44.108223267738218 363050107916.01971 -363046599318.16467
44.108234466179333 367434990410.21863 -367431460687.66467
44.108245664620455 371886273016.87634 -371882721978.26465
44.10825686306157 376405166003.00073 -376401593454.65424
44.108268061502692 380992905449.93457 -380989311195.82275
44.108279259943814 385650753884.53967 -385647137726.24268
44.108290458384928 390380000927.80255 -390376362664.47473
44.10830165682605 395181963961.38336 -395178303389.71606
44.108312855267165 400057988812.67334 -400054305726.85699
44.108324053708287 405009450458.92798 -405005744650.61365
44.108335252149409 410037753751.07196 -410034025009.33185
44.108346450590524 415144334157.78528 -415140582269.07294
44.108357649031646 420330658530.50085 -420326883278.61023
44.108368847472761 425598225889.97711 -425594427056.0011
44.108380045913883 430948568235.11932 -430944745597.40741
44.108391244355005 436383251374.75073 -436379404708.86603
44.10840244279612 441903875783.05316 -441900004861.72827
44.108413641237242 447512077479.44116 -447508182072.53357
44.108424839678364 453209528933.63721 -453205608808.08362
44.108436038119478 458997939996.75671 -458993994916.52655
44.1084472365606 464879058859.23669 -464875088585.28473
44.108458435001715 470854673036.46735 -470850677326.68542
44.108469633442837 476926610383.02582 -476922588992.19373
44.108480831883959 483096740136.42432 -483092692816.15955
44.108492030325074 489366973991.34265 -489362900490.04919
44.108503228766196 495739267205.33636 -495735167268.15265
44.108514427207311 502215619737.04584 -502211493105.79156
44.108525625648433 508798077417.96924 -508793923831.09125
44.108536824089555 515488733158.90613 -515484552351.42297
44.10854802253067 522289728192.21216 -522285519895.65796
44.108559220971792 529203253351.05249 -529199017293.41931
44.108570419412914 536231550386.88245 -536227286292.56177
44.108581617854028 543376913326.42694 -543372620916.14984
44.10859281629515 550641689869.48035 -550637368860.25659
44.108604014736265 558028282828.89417 -558023932933.94983
44.108615213177387 565539151614.18213 -565534772542.89648
44.108626411618509 573176813760.19324 -573172405218.03381
44.108637610059624 580943846502.39734 -580939408190.85388
44.108648808500746 588842888400.35754 -588838420016.87463
44.108660006941861 596876641011.05603 -596872142248.96448
44.108671205382983 605047870613.74768 -605043341162.19421
44.108682403824105 613359409988.11938 -613354849531.995
44.10869360226522 621814160247.62402 -621809568467.49109
44.108704800706342 630415092729.8429 -630410469301.86047
44.108715999147464 639165250945.89368 -639160595541.74146
44.108727197588578 648067752590.94019 -648063064877.7406
44.1087383960297 657125791617.9071 -657121071258.14624
44.108749594470815 666342640376.65247 -666337887028.09863
44.108760792911937 675721651820.89185 -675716865136.51343
44.108771991353059 685266261785.25024 -685261441413.13074
44.108783189794174 694979991334.93604 -694975136918.18823
44.108794388235296 704866449190.62317 -704861560367.30066
44.108805586676411 714929334231.2262 -714924410634.23376
44.108816785117533 725172438077.35925 -725167479334.36084
44.108827983558655 735599647758.36682 -735594653491.69153
44.10883918199977 746214948465.95605 -746209918292.50256
44.108850380440892 757022426397.55566 -757017359928.69397
44.108861578882014 768026271692.6842 -768021168534.15588
44.108872777323128 779230781465.67041 -779225641217.48596
44.10888397576425 790640362938.2959 -790635185194.63037
44.108895174205365 802259536676.0564 -802254321025.1427
44.108906372646487 814092939931.77185 -814087685955.79138
44.108917571087609 826145330100.61365 -826140037375.58496
44.108928769528724 838421588290.63342 -838416256386.2981
44.108939967969846 850926723013.09485 -850921351492.8009
44.108951166410961 863665873997.11572 -863660462417.69824
44.108962364852083 876644316133.3064 -876638864044.96582
44.108973563293205 889867463551.2533 -889861970497.43066
44.10898476173432 903340873835.88745 -903335339353.13721
44.108995960175442 917070252388.03979 -917064676005.89917
44.109007158616564 931061456934.67371 -931055838175.52954
44.109018357057678 945320502194.5509 -945314840573.5033
44.1090295554988 959853564705.26733 -959847859729.99011
44.109040753939915 974666987817.90234 -974661238988.50024
44.109051952381037 989767286865.77808 -989761493674.64099
44.109063150822159 1005161154514.0931 -1005155316445.7463
44.109074349263274 1020855466297.4987 -1020849582828.4503
44.109085547704396 1036857286352.951 -1036851356951.5354
44.109096746145511 1053173873355.5693 -1053167897481.7867
44.109107944586633 1069812686665.4852 -1069806663770.8381
44.109119143027755 1086781392694.0447 -1086775322221.3698
44.10913034146887 1104087871498.1379 -1104081752881.4343
44.109141539909992 1121740223611.741 -1121734056275.9946
44.109152738351113 1139746777124.1479 -1139740560485.1509
44.109163936792228 1158116095014.9402 -1158109828479.1064
44.10917513523335 1176856982756.01 -1176850665720.1868
44.109186333674465 1195978496191.448 -1195972128042.7219
44.109197532115587 1215489949706.6919 -1215483529822.1907
44.109208730556709 1235400924698.7837 -1235394452445.4734
44.109219928997824 1255721278360.1099 -1255714753094.5864
44.109231127438946 1276461152788.4912 -1276454573856.7678
44.109242325880061 1297630984437.271 -1297624351174.5588
44.109253524321183 1319241513919.46 -1319234825649.9448
44.109264722762305 1341303796180.8359 -1341297052217.4485
44.10927592120342 1363829211057.3999 -1363822410701.5803
44.109287119644542 1386829474233.4316 -1386822616774.8887
44.109298318085663 1410316648617.1333 -1410309733333.5967
44.109309516526778 1434303156151.5388 -1434296182308.5059
44.1093207149679 1458801790079.3333 -1458794756929.8086
44.109331913409015 1483825727681.0833 -1483818634465.3123
44.109343111850137 1509388543507.1677 -1509381389452.363
44.109354310291259 1535504223124.7788 -1535497007444.8394
44.109365508732374 1562187177402.5266 -1562179899297.75
44.109376707173496 1589452257355.8992 -1589444916012.6858
44.109387905614611 1617314769578.2236 -1617307364168.7739
44.109399104055733 1645790492282.9622 -1645783021964.9651
44.109410302496855 1674895691984.3801 -1674888155900.6941
44.10942150093797 1704647140844.7798 -1704639538123.1047
44.109432699379092 1735062134718.093 -1735054464470.6338
44.109443897820206 1766158511921.1917 -1766150773244.3123
44.109455096261328 1797954672765.4844 -1797946864739.3533
44.10946629470245 1830469599883.2878 -1830461721571.5137
44.109477493143565 1863722879384.9382 -1863714929834.1951
44.109488691584687 1897734722884.6196 -1897726701124.2625
44.109499890025809 1932525990434.8118 -1932517895476.4817
44.109511088466924 1968118214411.0173 -1968110045248.2354
44.109522286908046 2004533624390.8435 -2004525379998.5935
44.109533485349161 2041795173073.6499 -2041786852407.9497
44.109544683790283 2079926563289.2644 -2079918165286.7256
44.109555882231405 2118952276146.8757 -2118943799724.25
44.10956708067252 2158897600377.8157 -2158889044431.5295
44.109578279113641 2199788662928.9321 -2199780026334.6074
44.109589477554756 2241652460865.7979 -2241643742477.7593
44.109600675995878 2284516894648.7075 -2284508093299.4766
44.109611874437 2328410802846.917 -2328401917346.6904
44.109623072878115 2373363998360.79 -2373355027496.9033
44.109634271319237 2419407306225.2007 -2419398248761.5767
44.109645469760359 2466572603071.0557 -2466563457747.6367
44.109656668201474 2514892858326.1025 -2514883623858.2661
44.109667866642596 2564402177240.5239 -2564392852318.4814
44.109679065083711 2615135845827.8169 -2615126429115.9941
44.109690263524833 2667130377816.0161 -2667120867952.4155
44.109701461965955 2720423563709.5581 -2720413959305.1021
44.10971266040707 2775054522068.1494 -2775044821706.0039
44.109723858848191 2831063753114.105 -2831053955348.9824
44.109735057289306 2888493194786.4624 -2888483298143.9038
44.109746255730428 2947386281366.6519 -2947376284342.2886
44.10975745417155 3007788004806.8716 -3007777905865.6606
44.109768652612665 3069744978901.1846 -3069734776476.625
44.109779851053787 3133305506445.9604 -3133295198939.2822
44.109791049494909 3198519649545.0713 -3198509235324.3999
44.109802247936024 3265439303224.894 -3265428780624.3901
44.109813446377146 3334118272532.8979 -3334107639851.8682
44.109824644818261 3404612353303.5679 -3404601608805.5488
44.109835843259383 3476979416787.0527 -3476968558698.8662
44.109847041700505 3551279498346.5039 -3551268524857.2803
44.109858240141619 3627574890442.9487 -3627563799703.1206
44.109869438582741 3705930240139.0278 -3705919030259.291
44.109880637023856 3786412651367.0322 -3786401320417.2725
44.109891835464978 3869091792221.0894 -3869080338229.2744
44.1099030339061 3954040007549.7456 -3954028428500.7822
44.109914232347215 4041332437140.5586 -4041320730975.1094
44.109925430788337 4131047139807.71 -4131035304420.9722
44.109936629229459 4223265223712.6191 -4223253256953.064
44.109947827670574 4318070983266.2471 -4318058882934.3154
44.109959026111696 4415552042984.9785 -4415539806831.7334
44.109970224552811 4515799508694.4346 -4515787134420.168
44.109981422993933 4618908126501.3984 -4618895611754.1895
44.109992621435055 4724976449978.7871 -4724963792353.0117
44.110003819876169 4834107016039.2383 -4834094213074.0293
44.110015018317291 4946406530000.8984 -4946393579178.5479
44.110026216758406 5061986060381.6113 -5061972959125.9229
44.110037415199528 5180961243995.3818 -5180947989669.9609
44.11004861364065 5303452501957.293 -5303439091863.7783
44.110059812081765 5429585267247.3721 -5429571698623.6035
44.110071010522887 5559490224524.9521 -5559476494543.0762
44.110082208964009 5693303562928.8213 -5693289668693.3232
44.110093407405124 5831167242650.333 -5831153181196.0039
44.110104605846246 5973229276119.4004 -5973215044409.2246
44.110115804287361 6119644024697.3691 -6119629619620.3408
44.110127002728483 6270572511832.2061 -6270557930201.0605
44.110138201169605 6426182753698.3184 -6426167992247.1797
44.110149399610719 6586650108413.1992 -6586635163795.1436
44.110160598051841 6752157644997.0527 -6752142513781.5781
44.110171796492956 6922896533322.4043 -6922881211992.8057
44.110182994934078 7099066456389.5459 -7099050941340.1895
44.1101941933752 7280876046358.6602 -7280860333892.1543
44.110205391816315 7468543345867.8701 -7468527432192.1289
44.110216590257437 7662296296276.9717 -7662280177502.1631
44.110227788698559 7862373254595.7227 -7862356926731.0986
44.110238987139674 8069023540979.9746 -8069006999930.5781
44.110250185580796 8282508018817.9229 -8282491260381.1621
44.110261384021911 8503099709577.1572 -8503082729439.249
44.110272582463033 8731084444740.6621 -8731067238472.9268
44.110283780904155 8966761557334.0352 -8966744120389.0469
44.110294979345269 9210444615739.1094 -9210426943446.6875
44.110306177786391 9462462202680.8008 -9462444290243.8457
44.110317376227506 9723158742495.8223 -9723140584985.9668
44.110328574668628 9992895380038.6367 -9992876972391.7324
44.11033977310975 10272050914828.133 -10272032251839.535
44.110350971550865 10561022794316.91 -10561003870636.574
44.110362169991987 10860228170476.303 -10860208980603.67
44.110373368433109 11170105024209.176 -11170085562487.848
44.110384566874224 11491113362458.902 -11491093623071.076
44.110395765315346 11823736493284.846 -11823716470245.518
44.110406963756461 12168482384580.133 -12168462071731.051
44.110418162197583 12525885112575.496 -12525864503578.84
44.110429360638705 12896506406771.568 -12896485495103.363
44.110440559079819 13280937298480.076 -13280916077423.305
44.110451757520941 13679799880752.928 -13679778343390.334
44.110462955962056 14093749188132.256 -14093727327338.83
44.110474154403178 14523475205350.385 -14523453013785.506
44.1104853528443 14969705014879.914 -14969682484979.131
44.110496551285415 15433205094083.342 -15433182218049.775
44.110507749726537 15914783773633.732 -15914760543429.08
44.110518948167652 16415293869884.689 -16415270277219.811
44.110530146608774 16935635504966.512 -16935611541291.562
44.110541345049896 17476759129610.1 -17476734786104.203
44.110552543491011 18039668765027.449 -18039644032587.871
44.110563741932133 18625425481610.359 -18625400350841.16
44.110574940373255 19235151133845.023 -19235125595045.152
44.110586138814369 19870032372572.828 -19870006415723.648
44.110597337255491 20531324957665.812 -20531298572417.984
44.110608535696606 21220358396333.766 -21220331571993.496
44.110619734137728 21938540934605.898 -21938513660120.488
44.11063093257885 22687364932118.926 -22687337196061.586
44.110642131019965 23468412653192.328 -23468384443746.215
44.110653329461087 24283362510341.461 -24283333815282.898
44.110664527902202 25133995799830.133 -25133966606510.945
44.110675726343324 26022203972729.258 -26022174268058.18
44.110686924784446 26949996489234.039 -26949966259657.145
44.110698123225561 27919509308656.387 -27919478540136.469
44.110709321666683 28933014072791.332 -28932982750786.164
44.110720520107805 29992928046158.598 -29992896155598.027
44.110731718548919 31101824883040.359 -31101792408302.121
44.110742916990041 32262446298472.52 -32262413223356.727
44.110754115431156 33477714728271.293 -33477681035973.48
44.110765313872278 34750747072154.289 -34750712745236.957
44.1107765123134 36084869623862.18 -36084834644224.695
44.110787710754515 37483634303267.625 -37483598652114.391
44.110798909195637 38950836317937.219 -38950799975744.008
44.110810107636752 40490533395327.555 -40490496341805.852
44.110821306077874 42107066742429.422 -42107028956488.664
44.110832504518996 43805083906846.977 -43805045366554.516
44.110843702960111 45589563733025.719 -45589524415564.375
44.110854901401233 47465843629210.484 -47465803510833.492
44.110866099842355 49439649385287.758 -49439608441270.953
44.110877298283469 51517127809398.305 -51517086013989.305
44.110888496724591 53704882482597.867 -53704839808962.062
44.110899695165706 56010012966034.562 -56009969386197.672
44.110910893606828 58440157835020.391 -58440113319807.297
44.11092209204795 61003541959760.453 -61003496478730.086
44.110933290489065 63709028503364.875 -63708982024740.766
44.110944488930187 66566176165986.219 -66566128656582.5
44.110955687371302 69585302269799.57 -69585253694941.93
44.110966885812424 72777552354591.312 -72777502678032.609
44.110978084253546 76154977039233.562 -76154926223063.641
44.110989282694661 79730617001577.266 -79730565006126.438
44.111000481135783 83518597041132.781 -83518543824868.594
44.111011679576904 87534230315754.859 -87534175835171.422
44.111022878018019 91794133989983.172 -91794078199482.562
44.111034076459141 96316357700529.078 -96316300552294.062
44.111045274900256 101120526436345.39 -101120467880202.72
44.111056473341378 106227999653335.47 -106227939636608.98
44.1110676717825 111662048699697.38 -111661987167049.97
44.111078870223615 117448054922889.33 -117447991816152.78
44.111090068664737 123613731171750.05 -123613666429741.61
44.111101267105852 130189369804694.69 -130189303363019.23
44.111112465546974 137208120775924.14 -137208052566760.58
44.111123663988096 144706303906708.06 -144706233858578.38
44.111134862429211 152723760076862.97 -152723688114382.41
44.111146060870333 161304246801323.91 -161304172844930.38
44.111157259311454 170495884511720.62 -170495808477381.28
44.111168457752569 180351660870852.94 -180351582669745.69
44.111179656193691 190930001624480.78 -190929921162648.16
44.111190854634806 202295417892870.62 -202295335070843.22
44.111202053075928 214519241442252.62 -214519156154638.91
44.11121325151705 227680461428905.06 -227680373563943.97
44.111224449958165 241866678415132.16 -241866587854204.53
44.111235648399287 257175194208883.75 -257175100825978.16
44.111246846840402 273714259354803.56 -273714163015931.25
44.111258045281524 291604504029420.19 -291604404591973.69
44.111269243722646 310980582798301.62 -310980480110350.5
44.111280442163761 331993069342356.38 -331992963241872.81
44.111291640604883 354810644084451.19 -354810534398456.81
44.111302839046004 379622625909148.12 -379622512452773.06
44.111314037487119 406641909177078.75 -406641791752522.06
44.111325235928241 436108379416111.06 -436108257811489.81
44.111336434369356 468292895969003.88 -468292769957077.5
44.111347632810478 503501948118040.62 -503501817454793.75
44.1113588312516 542083113636294.06 -542082978059359.62
44.111370029692715 584431476400376.62 -584431335627277.5
44.111381228133837 630997194009601.75 -630997047735786.75
44.111392426574952 682294449000446.5 -682294296897090.75
44.111403625016074 738912070552037 -738911912263574.88
44.111414823457196 801526180344050.75 -801526015485401.38
44.111426021898311 870915300359267.38 -870915128512707.12
44.111437220339432 947978466948872.88 -947978287660501.75
44.111448418780554 1033757030737287.1 -1033756843513025.9
44.111459617221669 1129460994892978.2 -1129460799194022.5
44.111470815662791 1236500966229812.5 -1236500761467455
44.111482014103906 1356527080145495 -1356526865675210.8
44.111493212545028 1491476632608341.5 -1491476407723013.5
44.11150441098615 1643632637883814.8 -1643632401805946
44.111515609427265 1815696168963664.5 -1815695920836399.8
44.111526807868387 2010876181368398 -2010875920245133.2
44.111538006309502 2233001643755732.8 -2233001368588050.8
44.111549204750624 2486662303965809 -2486662013589412.5
44.111560403191746 2777386451274123.5 -2777386144392371.5
44.111571601632861 3111866801175954.5 -3111866476340510
44.111582800073982 3498249422737497.5 -3498249078325477
44.111593998515097 3946505878327958.5 -3946505512514823.5
44.111605196956219 4468916076989049 -4468915687716282.5
44.111616395397341 5080699679350525 -5080699264286887
44.111627593838456 5800848615000512 -5800848171495332
44.111638792279578 6653234473101599 -6653233998128131
44.1116499907207 7668095407985332 -7668094898071614
44.111661189161815 8884052735723694 -8884052186867572
44.111672387602937 10350875431159676 -10350874838723596
44.111683586044052 12133313815478642 -12133313174058366
44.111694784485174 14316482277675932 -14316481580935292
44.111705982926296 17013518770260564 -17013518010721576
44.11171718136741 20376643167533236 -20376642336306812
44.111728379808532 24613376003602056 -24613375090038764
44.111739578249647 30010737403088852 -30010736394320576
