# serie phase 2 p4_w1.73_c1.05_dt2s4_k2 : t x1 x2 (dt2=3.4753079278982844e-06, depart t=120.498 etat bascule x1 x2 v1 v2 = -1619894.0717007094 1614768.9517646823 -66097783.110165134 65993041.736715235)
120.59030417856498 -161690465353.85474 161688843320.62912
120.59030765387291 -162100101225.07098 162098477138.45798
120.59031112918083 -162511035167.72098 162509409023.81891
120.59031460448877 -162923272121.00247 162921643915.89981
120.59031807979669 -163336817046.05328 163335186775.82855
120.59032155510462 -163751674926.06268 163750042586.78445
120.59032503041254 -164167850766.38345 164166216354.11032
120.59032850572048 -164585349594.64468 164583713105.4252
120.5903319810284 -165004176460.86511 165002537890.73782
120.59033545633633 -165424336437.5672 165422695782.56055
120.59033893164425 -165845834619.89169 165844191876.02399
120.59034240695219 -166268676125.71304 166267031288.99249
120.59034588226011 -166692866095.75543 166691219162.18002
120.59034935756804 -167118409693.70938 167116760659.26691
120.59035283287596 -167545312106.34912 167543660967.01715
120.5903563081839 -167973578543.65057 167971925295.39639
120.59035978349182 -168403214238.91 168401558877.69058
120.59036325879975 -168834224448.86349 168832566970.62546
120.59036673410768 -169266614453.80692 169264954854.48651
120.59037020941561 -169700389557.71674 169698727833.23981
120.59037368472353 -170135555088.3714 170133891234.65338
120.59037716003147 -170572116397.4736 170570450410.4194
120.59038063533939 -171010078860.77301 171008410736.27707
120.59038411064732 -171449447878.18994 171447777612.13614
120.59038758595524 -171890228873.93958 171888556462.2012
120.59039106126318 -172332427296.65698 172330752735.09674
120.5903945365711 -172776048619.52286 172774371903.9928
120.59039801187903 -173221098340.38995 173219419466.73148
120.59040148718695 -173667581981.91028 173665900945.95401
120.59040496249489 -174115505091.66299 174113821889.22888
120.59040843780282 -174564873242.28317 174563187869.18036
120.59041191311074 -175015692031.59106 175014004483.61786
120.59041538841868 -175467967082.72232 175466277355.6662
120.5904188637266 -175921704044.259 175920012133.89655
120.59042233903453 -176376908590.36121 176375214492.45804
120.59042581434245 -176833586420.89954 176831890131.21039
120.59042928965039 -177291743261.58838 177290044775.85696
120.59043276495831 -177751384864.11978 177749684178.0788
120.59043624026624 -178212517006.29831 178210814115.66937
120.59043971557416 -178675145492.17661 178673440392.67026
120.5904431908821 -179139276152.19174 179137568839.50735
120.59044666619002 -179604914843.3024 179603205313.12817
120.59045014149795 -180072067449.12689 180070355697.13983
120.59045361680587 -180540739880.08194 180539025901.94781
120.59045709211381 -181010938073.52216 181009221864.89545
120.59046056742173 -181482667993.88055 181480949550.40442
120.59046404272966 -181955935632.80969 181954214950.11597
120.59046751803758 -182430747009.32379 182429024083.0329
120.59047099334552 -182907108169.94156 182905382995.66248
120.59047446865344 -183385025188.82996 183383297762.16022
120.59047794396137 -183864504167.94882 183862774484.47446
120.5904814192693 -184345551237.19623 184343819292.4917
120.59048489457723 -184828172554.55487 184826438344.18311
120.59048836988515 -185312374306.23917 185310637825.75143
120.59049184519309 -185798162706.84317 185796423951.77911
120.59049532050101 -186285543999.48965 186283802965.3772
120.59049879580894 -186774524455.97974 186772781138.33508
120.59050227111686 -187265110376.94363 187263364771.27124
120.5905057464248 -187757308091.99216 187755560193.78464
120.59050922173272 -188251123959.86911 188249373764.60724
120.59051269704065 -188746564368.60471 188744811871.75739
120.59051617234859 -189243635735.66986 189241880932.69406
120.59051964765651 -189742344508.13126 189740587394.47202
120.59052312296444 -190242697162.80743 190240937733.89777
120.59052659827236 -190744700206.42581 190742938457.68665
120.5905300735803 -191248360175.7807 191246596102.62091
120.59053354888822 -191753683637.89218 191751917235.70853
120.59053702419615 -192260677190.16592 192258908454.34302
120.59054049950407 -192769347460.55399 192767576386.46417
120.59054397481201 -193279701107.71649 193277927690.71997
120.59054745011993 -193791744821.18448 193789969056.62909
120.59055092542786 -194305485321.52335 194303707204.7446
120.59055440073578 -194820929360.49771 194819148886.81882
120.59055787604372 -195338083721.23703 195336300885.96875
120.59056135135164 -195856955218.4021 195855170016.84274
120.59056482665957 -196377550698.35278 196375763125.78815
120.59056830196749 -196899877039.31665 196898087091.02005
120.59057177727543 -197423941151.55859 197422148822.79077
120.59057525258335 -197949749977.55142 197947955263.56049
120.59057872789128 -198477310492.14758 198475513388.16898
120.5905822031992 -199006629702.75186 199004830204.00833
120.59058567850714 -199537714649.49518 199535912751.19678
120.59058915381506 -200070572405.40933 200068768102.75327
120.59059262912299 -200605210076.60275 200603403364.77344
120.59059610443092 -201141634802.43759 201139825676.60657
120.59059957973885 -201679853755.70755 201678042211.03345
120.59060305504677 -202219874142.81689 202218060174.44537
120.59060653035471 -202761703203.96066 202759886807.02441
120.59061000566263 -203305348213.30585 203303529382.92447
120.59061348097056 -203850816479.17365 203848995210.4537
120.5906169562785 -204398115344.22293 204396291632.25784
120.59062043158642 -204947252185.63461 204945426025.50464
120.59062390689435 -205498234415.29742 205496405802.06955
120.59062738220227 -206051069479.99454 206049238408.72253
120.59063085751021 -206605764861.59158 206603931327.31592
120.59063433281813 -207162328077.22556 207160492074.97333
120.59063780812606 -207720766679.49496 207718928204.27991
120.59064128343398 -208281088256.65118 208279247303.47357
120.59064475874192 -208843300432.79083 208841456996.63745
120.59064823404984 -209407410868.0495 209405564943.89359
120.59065170935777 -209973427258.79657 209971578841.59781
120.59065518466569 -210541357337.83133 210539506422.53577
120.59065865997363 -211111208874.57996 211109355456.11996
120.59066213528155 -211682989675.2941 211681133748.58835
120.59066561058948 -212256707583.25046 212254849143.20386
120.5906690858974 -212832370478.95157 212830509520.4552
120.59067256120534 -213409986280.32788 213408122798.25897
120.59067603651326 -213989562942.94107 213987696932.16296
120.59067951182119 -214571108460.18857 214569239915.55066
120.59068298712911 -215154630863.50934 215152759779.84698
120.59068646243705 -215740138222.59088 215738264594.72543
120.59068993774497 -216327638645.5777 216325762468.31641
120.5906934130529 -216917140279.28076 216915261547.41672
120.59069688836082 -217508651309.38843 217506770017.70056
120.59070036366876 -218102179960.67862 218100296103.93161
120.59070383897668 -218697734497.23224 218695848070.17648
120.59070731428461 -219295323222.64804 219293434220.01959
120.59071078959253 -219894954480.25876 219893062896.77927
120.59071426490047 -220496636653.34848 220494742483.72519
120.5907177402084 -221100378165.37152 221098481404.29721
120.59072121551633 -221706187480.17245 221704288122.32535
120.59072469082426 -222314073102.20761 222312171142.25137
120.59072816613218 -222924043576.76801 222922139009.35162
120.59073164144012 -223536107490.20343 223534200309.96124
120.59073511674804 -224150273470.14832 224148363671.69992
120.59073859205597 -224766550185.74854 224764637763.69876
120.59074206736389 -225384946347.88992 225383031296.82874
120.59074554267183 -226005470709.42804 226003553023.93057
120.59074901797975 -226628132065.41949 226626211740.04587
120.59075249328768 -227252939253.35458 227251016282.64999
120.5907559685956 -227879901153.39157 227877975531.88614
120.59075944390354 -228509026688.59216 228507098410.80096
120.59076291921146 -229140324825.15857 229138393885.58148
120.59076639451939 -229773804572.67203 229771870965.79376
120.59076986982731 -230409474984.33289 230407538704.62289
120.59077334513525 -231047345157.20206 231045406199.1145
120.59077682044317 -231687424232.44409 231685482590.41782
120.5907802957511 -232329721395.57166 232327777064.03006
120.59078377105902 -232974245876.6915 232972298850.04251
120.59078724636696 -233621006950.75223 233619057223.38828
120.59079072167488 -234270013937.79337 234268061504.09131
120.59079419698281 -234921276203.19617 234919321057.51724
120.59079767229073 -235574803157.93573 235572845294.62549
120.59080114759867 -236230604258.83496 236228643672.22324
120.59080462290659 -236888689008.81998 236886725693.22083
120.59080809821452 -237549066957.17719 237547100906.88879
120.59081157352244 -238211747699.81189 238209778909.11658
120.59081504883038 -238876740879.50867 238874769342.67279
120.5908185241383 -239544056186.19321 239542081897.46713
120.59082199944623 -240213703357.19589 240211726310.8139
120.59082547475417 -240885692177.517 240883712367.6973
120.59082895006209 -241560032480.09363 241558049901.03821
120.59083242537002 -242236734146.06827 242234748791.96289
120.59083590067794 -242915807105.05908 242913818970.07324
120.59083937598588 -243597261335.43185 243595270413.71869
120.5908428512938 -244281106864.5737 244279113150.26996
120.59084632660173 -244967353769.16855 244965357256.3945
120.59084980190966 -245656012175.47424 245654012858.33362
120.59085327721759 -246347092259.6015 246345090132.18149
120.59085675252551 -247040604247.79471 247038599304.16586
120.59086022783345 -247736558416.71426 247734550650.93042
120.59086370314137 -248434965093.72086 248432954499.81912
120.5908671784493 -249135834657.16153 249133821229.16223
120.59087065375722 -249839177536.65756 249837161268.56412
120.59087412906516 -250545004213.39417 250542985099.19305
120.59087760437308 -251253325220.41205 251251303254.07278
120.59088107968101 -251964151142.90091 251962126318.37598
120.59088455498893 -252677492618.4946 252675464929.71933
120.59088803029687 -253393360337.56824 253391329778.46082
120.59089150560479 -254111765043.53748 254109731607.99884
120.59089498091272 -254832717533.15933 254830681215.07315
120.59089845622064 -255556228656.83514 255554189450.06769
120.59090193152858 -256282309318.91537 256280267217.31555
120.5909054068365 -257010970478.00644 257008925475.40564
120.59090888214443 -257742223147.2793 257740175237.49142
120.59091235745235 -258476078394.78036 258474027571.60165
120.59091583276029 -259212547343.74405 259210493600.95312
120.59091930806821 -259951641172.90765 259949584504.26538
120.59092278337614 -260693371116.82791 260691311516.07739
120.59092625868408 -261437748466.19998 261435685927.06644
120.590929733992 -262184784568.17807 262182719084.36884
120.59093320929993 -262934490826.69846 262932422391.90286
120.59093668460785 -263686878702.80429 263684807310.69363
120.59094015991579 -264441959714.97287 264439885359.20035
120.59094363522371 -265199745439.44467 265197668113.64529
120.59094711053164 -265960247510.5546 265958167208.34512
120.59095058583956 -266723477621.06549 266721394336.0444
120.5909540611475 -267489447522.50372 267487361248.2511
120.59095753645542 -268258169025.49689 268256079755.57437
120.59096101176335 -269029654000.11386 269027561728.06464
120.59096448707128 -269803914376.20688 269801819095.55551
120.59096796237921 -270580962143.75583 270578863848.0083
120.59097143768713 -271360809353.2149 271358708035.85843
120.59097491299507 -272143468115.86142 272141363770.3645
120.59097838830299 -272928950604.147 272926843223.95926
120.59098186361092 -273717269052.05084 273715158630.603
120.59098533891884 -274508435755.43552 274506322286.13934
120.59098881422678 -275302463072.40497 275300346548.65314
120.5909922895347 -276099363423.66479 276097243838.83099
120.59099576484263 -276899149292.88483 276897026640.32343
120.59099924015055 -277701833227.06433 277699707500.11047
120.59100271545849 -278507427836.89948 278505299028.86908
120.59100619076641 -279315945797.15295 279313813901.34247
120.59100966607434 -280127399847.02631 280125264856.71271
120.59101314138226 -280941802790.53473 280939664698.97546
120.5910166166902 -281759167496.88416 281757026297.31708
120.59102009199812 -282579506900.85089 282577362586.49426
120.59102356730605 -283402834003.16364 283400686567.21582
120.59102704261399 -284229161870.888 284227011306.52765
120.59103051792191 -285058503637.81396 285056349938.19983
120.59103399322984 -285890872504.84528 285888715663.11615
120.59103746853776 -286726281740.39172 286724121749.66632
120.5910409438457 -287564744680.76379 287562581534.14075
120.59104441915362 -288406274730.57037 288404108421.12811
120.59104789446155 -289250885363.11877 289248715883.91553
120.59105136976947 -290098590120.81714 290096417464.89081
120.59105484507741 -290949402615.57996 290947226775.94794
120.59105832038533 -291803336529.2359 291801157498.8952
120.59106179569326 -292660405613.9389 292658223385.86597
120.59106527100118 -293520623692.58124 293518438259.73187
120.59106874630912 -294384004659.20966 294381816014.51892
120.59107222161704 -295250562479.4444 295248370615.82666
120.59107569692497 -296120311190.90088 296118116101.24957
120.5910791722329 -296993264903.61407 296991066580.8017
120.59108264754083 -297869437800.466 297867236237.34412
120.59108612284875 -298748844137.61566 298746639327.01465
120.59108959815669 -299631498244.93213 299629290179.66125
120.59109307346461 -300517414526.4306 300515203199.27789
120.59109654877254 -301406607460.71088 301404392864.44299
120.59110002408046 -302299091601.39911 302296873728.76135
120.5911034993884 -303194881577.59277 303192660421.30896
120.59110697469632 -304093992094.3078 304091767647.08014
120.59111045000425 -304996437932.92944 304994210187.43854
120.59111392531217 -305902233951.66602 305900002900.57074
120.59111740062011 -306811395086.00525 306809160721.94269
120.59112087592803 -307723936349.17426 307721698664.75958
120.59112435123596 -308639872832.60211 308637631820.42859
120.5911278265439 -309559219706.38586 309556975359.02466
120.59113130185182 -310481992219.7594 310479744529.75958
120.59113477715975 -311408205701.56567 311405954661.4541
120.59113825246767 -312337875560.73199 312335621163.01318
120.59114172777561 -313271017286.74872 313268759523.90485
120.59114520308353 -314207646450.15088 314205385314.64166
120.59114867839146 -315147778703.00311 315145514187.26569
120.59115215369938 -316091429779.38812 316089161875.83704
120.59115562900732 -317038615495.89819 317036344196.92523
120.59115910431524 -317989351752.12976 317987077050.104
120.59116257962317 -318943654531.18188 318941376418.44946
120.59116605493109 -319901539900.15765 319899258369.04175
120.59116953023903 -320863024010.66925 320860739053.46997
120.59117300554695 -321828123099.34625 321825834708.34058
120.59117648085488 -322796853488.34741 322794561655.78912
120.5911799561628 -323769231585.8761 323766936303.99554
120.59118343147074 -324745273886.69891 324742975147.70319
120.59118690677866 -325724996972.66833 325722694768.74091
120.59119038208659 -326708417513.24829 326706111836.54913
120.59119385739452 -327695552266.04364 327693243108.70905
120.59119733270245 -328686418077.33319 328684105431.47565
120.59120080801037 -329681031882.60632 329678715740.31451
120.59120428331831 -330679410707.10345 330677091060.44208
120.59120775862623 -331681571666.35992 331679248507.36969
120.59121123393416 -332687531966.75378 332685205287.45123
120.59121470924208 -333697308906.05737 333694978698.43488
120.59121818455002 -334710919873.99231 334708586130.01794
120.59122165985794 -335728382352.78851 335726045064.40594
120.59122513516587 -336749713917.74719 336747373076.87561
120.59122861047379 -337774932237.80731 337772587836.34125
120.59123208578173 -338804055076.11627 338801707105.92572
120.59123556108966 -339837100290.60455 339834748743.53461
120.59123903639758 -340874085834.56409 340871730702.43506
120.59124251170552 -341915029757.23071 341912671031.83789
120.59124598701344 -342959950204.37042 342957587877.48407
120.59124946232137 -344008865418.87006 344006499482.23523
120.59125293762929 -345061793741.33191 345059424186.66846
120.59125641293723 -346118753610.6723 346116380429.67474
120.59125988824515 -347179763564.7243 347177386749.06177
120.59126336355308 -348244842240.84454 348242461782.16052
120.591266838861 -349314008376.52423 349311624266.43665
120.59127031416894 -350387280810.00464 350384893040.10565
120.59127378947686 -351464678480.89667 351462287042.75262
120.59127726478479 -352546220430.80487 352543825315.95618
120.59128074009271 -353631925803.95532 353629527003.91632
120.59128421540065 -354721813847.82843 354719411354.08734
120.59128769070857 -355815903913.79596 355813497717.81488
120.5912911660165 -356914215457.76227 356911805550.97681
120.59129464132442 -358016768040.80981 358014354414.62921
120.59129811663236 -359123581329.85004 359121163975.65698
120.59130159194028 -360234675098.27789 360232254007.42847
120.59130506724821 -361350069226.63135 361347644390.45483
120.59130854255613 -362469783703.25549 362467355113.05438
120.59131201786407 -363593838624.97095 363591406272.02069
120.59131549317199 -364722254197.74738 364719818073.29645
120.59131896847992 -365855050737.38165 365852610832.65137
120.59132244378785 -366992248670.18036 366989804976.36475
120.59132591909578 -368133868533.64728 368131421041.91296
120.5913293944037 -369279930977.17596 369277479678.66217
120.59133286971164 -370430456762.74683 370428001648.56512
120.59133634501957 -371585466765.62903 371583007826.86334
120.59133982032749 -372744981975.08783 372742519202.79419
120.59134329563543 -373909023495.09656 373906556880.30322
120.59134677094335 -375077612545.05365 375075142078.7608
120.59135024625128 -376250770460.50427 376248296133.68396
120.5913537215592 -377428518693.8678 377426040497.46381
120.59135719686714 -378610878815.16998 378608396740.09778
120.59136067217506 -379797872512.78064 379795386549.92719
120.59136414748299 -380989521594.15601 380987031734.37976
120.59136762279091 -382185847986.58673 382183354220.71747
120.59137109809885 -383386873737.95093 383384376056.78955
120.59137457340677 -384592621017.47278 384590119411.79132
120.5913780487147 -385803112116.48651 385800606577.02808
120.59138152402262 -387018369449.20538 387015859966.68384
120.59138499933056 -388238415553.49628 388235902118.59625
120.59138847463848 -389463273091.66046 389460755695.03717
120.59139194994641 -390692964851.21918 390690443483.49847
120.59139542525433 -391927513745.70508 391924988397.48309
120.59139890056227 -393166942815.45898 393164413477.30219
120.59140237587019 -394411275228.43292 394408741890.87799
120.59140585117812 -395660534280.99805 395657996934.5517
120.59140932648604 -396914743398.75897 396912202033.89777
120.59141280179398 -398173926137.3739 398171380744.54431
120.5914162771019 -399438106183.38049 399435556752.99866
120.59141975240983 -400707307355.02722 400704753877.47876
120.59142322771775 -401981553603.11145 401978996068.75153
120.59142670302569 -403260869011.82312 403258307410.9762
120.59143017833361 -404545277799.5943 404542712122.55408
120.59143365364154 -405834804319.95508 405832234556.98431
120.59143712894948 -407129473062.39539 407126899203.72583
120.5914406042574 -408429308653.2334 408426730689.06561
120.59144407956533 -409734335856.48962 409731753776.99286
120.59144755487326 -411044579574.76782 411041993370.08002
120.59145103018119 -412360064850.14203 412357474510.36951
120.59145450548911 -413680816865.04962 413678222380.26703
120.59145798079705 -415006860943.19141 415004262303.44165
120.59146145610497 -416338222550.43829 416335619745.7323
120.5914649314129 -417674927295.7439 417672320316.06061
120.59146840672082 -419017000932.06421 419014389767.35034
120.59147188202876 -420364469357.28357 420361853997.45361
120.59147535733668 -421717358615.14752 421714739050.08344
120.59147883264461 -423075694896.2027 423073071115.75391
120.59148230795253 -424439504538.74329 424436876532.7265
120.59148578326047 -425808814029.76428 425806181787.96344
120.59148925856839 -427183650005.92175 427181013518.08783
120.59149273387632 -428564039254.49976 428561398510.35065
120.59149620918424 -429950008714.38477 429947363703.6051
120.59149968449218 -431341585477.04706 431338936189.28815
120.5915031598001 -432738796787.52924 432736143212.40881
120.59150663510803 -434141670045.44189 434139012172.54419
120.59151011041595 -435550232805.96661 435547570624.84198
120.59151358572389 -436964512780.86621 436961846281.03113
120.59151706103181 -438384537839.50269 438381867010.43964
120.59152053633974 -439810336009.8623 439807660841.01953
120.59152401164766 -441241935479.58807 441239255960.37946
120.5915274869556 -442679364597.02026 442676680716.82532
120.59153096226352 -444122651872.24438 444119963620.40802
120.59153443757145 -445571825978.1463 445569133343.9787
120.59153791287937 -447026915751.47552 447024218724.25189
120.59154138818731 -448487950193.91663 448485248762.8772
120.59154486349524 -449954958473.16821 449952252627.51813
120.59154833880316 -451427969924.02972 451425259652.93872
120.5915518141111 -452907014049.49646 452904299342.09888
120.59155528941902 -454392120521.86267 454389401367.2572
120.59155876472695 -455883319183.83264 455880595571.08228
120.59156224003488 -457380640049.64026 457377911967.77209
120.59156571534281 -458884113306.17651 458881380744.18158
120.59156919065073 -460393769314.12561 460391032260.95874
120.59157266595867 -461909638609.10944 461906897053.68915
120.59157614126659 -463431751902.8407 463429005834.04901
120.59157961657452 -464960140084.28406 464957389490.96637
120.59158309188244 -466494834220.82642 466492079091.79132
120.59158656719038 -468035865559.45581 468033105883.47491
120.5915900424983 -469583265527.94885 469580501293.75677
120.59159351780623 -471137065736.0675 471134296932.36157
120.59159699311415 -472697297976.76392 472694524592.20404
120.59160046842209 -474263994227.39502 474261216250.60358
120.59160394373001 -475837186650.9458 475834404070.50739
120.59160741903794 -477416907597.26196 477414120401.72345
120.59161089434586 -479003189604.29187 479000397782.16199
120.5916143696538 -480596065399.33704 480593268939.08636
120.59161784496172 -482195567900.31287 482192766790.37366
120.59162132026965 -483801730217.01843 483798924445.78442
120.59162479557757 -485414585652.41614 485411775208.24243
120.59162827088551 -487034167703.9201 487031352575.12299
120.59163174619343 -488660510064.69507 488657690239.55182
120.59163522150136 -490293646624.96497 490290822091.71368
120.59163869680928 -491933611473.3313 491930782220.17084
120.59164217211722 -493580438898.1012 493577604913.19092
120.59164564742515 -495234163388.62549 495231324660.08508
120.59164912273307 -496894819636.64728 496891976152.5567
120.59165259804101 -498562442537.66022 498559594286.05939
120.59165607334893 -500237067192.27716 500234214161.16589
120.59165954865686 -501918728907.60962 501915871084.94739
120.59166302396478 -503607463198.65717 503604600572.36304
120.59166649927272 -505303305789.70758 505300438347.65991
120.59166997458064 -507006292615.74731 507003420345.78363
120.59167344988857 -508716459823.883 508713582713.79987
120.5916769251965 -510433843774.77386 510430961812.32672
120.59168040050443 -512158481044.07477 512155594216.9776
120.59168387581235 -513890408423.89014 513887516719.81549
120.59168735112029 -515629662924.2395 515626766330.81824
120.59169082642821 -517376281774.53351 517373380279.35468
120.59169430173614 -519130302425.0614 519127396015.67194
120.59169777704406 -520891762548.48999 520888851212.39465
120.591701252352 -522660700041.37378 522657783766.03491
120.59170472765992 -524437153025.67725 524434231798.51459
120.59170820296785 -526221159850.30847 526218233658.69904
120.59171167827577 -528012759092.66455 528009827923.94238
120.59171515358371 -529811989560.18848 529809053401.64453
120.59171862889163 -531618890291.93848 531615949130.82037
120.59172210419956 -533433500560.16895 533430554383.68085
120.59172557950748 -535255859871.92401 535252908667.22638
120.59172905481542 -537086007970.64325 537083051724.85266
120.59173253012334 -538923984837.77911 538921023537.96814
120.59173600543127 -540769830694.42792 540766864327.62482
120.59173948073919 -542623586002.97278 542620614556.1615
120.59174295604713 -544485291468.73907 544482314928.85883
120.59174643135506 -546354988041.66284 546352006395.60809
120.59174990666298 -548232716917.97235 548229730152.59253
120.59175338197092 -550118519541.88232 550115527643.98169
120.59175685727884 -552012437607.30164 552009440563.63904
120.59176033258677 -553914513059.55444 553911510856.84314
120.59176380789469 -555824788097.11377 555821780722.02124
120.59176728320263 -557743305173.34888 557740292612.4967
120.59177075851055 -559670106998.28699 559667089238.25049
120.59177423381848 -561605236540.38721 561602213567.69531
120.5917777091264 -563548737028.32996 563545708829.46509
120.59178118443434 -565500651952.8197 565497618514.21753
120.59178465974226 -567461025068.40076 567457986376.44983
120.59178813505019 -569429900395.2887 569426856436.33044
120.59179161035811 -571407322221.21631 571404272981.54468
120.59179508566605 -573393335103.29236 573390280569.15381
120.59179856097397 -575387983869.87634 575384924027.4696
120.5918020362819 -577391313622.46667 577388248457.94238
120.59180551158983 -579403369737.604 579400299237.06458
120.59180898689776 -581424197868.78992 581421122018.28931
120.59181246220568 -583453843948.42126 583450762733.96484
120.59181593751362 -585492354189.73877 585489267597.28308
120.59181941282154 -587539775088.79065 587536683104.24304
120.59182288812947 -589596153426.41284 589593056035.63147
120.59182636343739 -591661536270.22437 591658433459.01794
120.59182983874533 -593735970976.63782 593732862730.76526
120.59183331405325 -595819505192.8866 595816391498.05688
120.59183678936118 -597912186859.06738 597909067700.93933
120.5918402646691 -600014064210.20032 600010939574.38232
120.59184373997704 -602125185778.30383 602122055650.35388
120.59184721528496 -604245600394.48621 604242464759.91138
120.59185069059289 -606375357191.05334 606372216035.30957
120.59185416590083 -608514505603.63513 608511358912.1272
120.59185764120875 -610663095373.3269 610659943131.40808
120.59186111651668 -612821176548.84863 612818018741.82056
120.5918645918246 -614988799488.7207 614985636101.83301
120.59186806713254 -617166014863.45703 617162845881.90723
120.59187154244046 -619352873657.77661 619349699066.70972
120.59187501774839 -621549427172.83228 621546246957.3407
120.59187849305631 -623755727028.45679 623752541173.58008
120.59188196836425 -625971825165.42761 625968633656.15222
120.59188544367217 -628197773847.75012 628194576669.00903
120.5918889189801 -630433625664.95825 630430422801.63098
120.59189239428802 -632679433534.43372 632676224971.34595
120.59189586959596 -634935250703.74304 634932036425.6665
120.59189934490388 -637201130752.99487 637197910744.64697
120.59190282021181 -639477127597.21472 639473901843.2583
120.59190629551973 -641763295488.74023 641760063973.7832
120.59190977082767 -644059689019.6355 644056451728.23096
120.59191324613559 -646366363124.12427 646363120040.7699
120.59191672144352 -648683373081.04248 648680124190.18042
120.59192019675145 -651010774516.31262 651007519802.32935
120.59192367205938 -653348623405.43579 653345362852.66162
120.5919271473673 -655696976076.00488 655693709668.71399
120.59193062267524 -658055889210.23755 658052616932.64758
120.59193409798316 -660425419847.52991 660422141683.80176
120.59193757329109 -662805625387.03125 662802341321.26868
120.59194104859901 -665196563590.23987 665193273606.48938
120.59194452390695 -667598292583.61951 667594996665.87012
120.59194799921487 -670010870861.23706 670007568993.41992
120.5919514745228 -672434357287.42151 672431049453.40967
120.59195494983074 -674868811099.44531 674865497283.05347
120.59195842513866 -677314291910.22778 677310972095.21216
120.59196190044659 -679770859711.05981 679767533881.11768
120.59196537575451 -682238574874.35022 682235243013.11963
120.59196885106245 -684717498156.39624 684714160247.45605
120.59197232637037 -687207690700.17566 687204346727.04492
120.5919758016783 -689709214038.16113 689705863984.29907
120.59197927698622 -692222130095.15918 692218773943.96472
120.59198275229416 -694746501191.17139 694743138925.98291
120.59198622760208 -697282390044.27954 697279021648.37488
120.59198970291001 -699829859773.55432 699826485230.15015
120.59199317821793 -702388973901.98718 702385593194.23877
120.59199665352587 -704959796359.44812 704956409470.44922
120.59200012883379 -707542391485.66711 707538998398.44971
120.59200360414172 -710136824033.23926 710133424730.77307
120.59200707944964 -712743159170.65454 712739753635.8468
120.59201055475758 -715361462485.35413 715358050701.04932
120.5920140300655 -717991799986.81177 717988381935.79138
120.59201750537343 -720634238109.64124 720630813774.62354
120.59202098068135 -723288843716.72668 723285413080.36621
120.59202445598929 -725955684102.3811 725952247147.26855
120.59202793129721 -728634826995.53198 728631383704.19385
120.59203140660514 -731326340562.93079 731322890917.8291
120.59203488191307 -734030293412.39099 734026837395.9231
120.592038357221 -736746754596.05164 736743292190.54968
120.59204183252892 -739475793613.66992 739472324801.40063
120.59204530783686 -742217480415.94067 742214005179.1051
120.59204878314478 -744971885407.84338 744968403728.57654
120.59205225845271 -747739079452.01758 747735591312.38831
120.59205573376065 -750519133872.16528 750515639254.17578
120.59205920906857 -753312120456.48206 753308619342.0675
120.5920626843765 -756118111461.11829 756114603832.14685
120.59206615968442 -758937179613.66785 758933665451.93994
120.59206963499236 -761769398116.68665 761765877403.93494
120.59207311030028 -764614840651.24207 764611313369.13098
120.59207658560821 -767473581380.49023 767470047510.61584
120.59208006091613 -770345694953.2843 770342154477.17371
120.59208353622407 -773231256507.81311 773227709406.92444
120.59208701153199 -776130341675.27051 776126787930.99243
120.59209048683992 -779043026583.55518 779039466177.20654
120.59209396214784 -781969387861.00244 781965820773.83179
120.59209743745578 -784909502640.14832 784905928853.33398
120.5921009127637 -787863448561.52441 787859868056.17395
120.59210438807163 -790831303777.48438 790827716534.63416
120.59210786337955 -793813146956.06421 793809552956.6792
120.59211133868749 -796809057284.87415 796805456509.84753
120.59211481399541 -799819114475.02441 799815506905.17725
120.59211828930334 -802843398765.08496 802839784381.16589
120.59212176461126 -805881990925.07727 805878369707.76221
120.5921252399192 -808934972260.50122 808931344190.39282
120.59212871522712 -812002424616.39563 811998789674.02307
120.59213219053505 -815084430381.43494 815080788547.25366
120.59213566584297 -818181072492.05957 818177423746.45081
120.59213914115091 -821292434436.64111 821288778759.9115
120.59214261645883 -824418600259.6853 824414937632.06653
120.59214609176676 -827559654566.06995 827555984967.71851
120.59214956707469 -830715682525.31934 830712005936.31616
120.59215304238262 -833886769875.91382 833883086276.26392
120.59215651769054 -837073002929.63794 837069312299.2699
120.59215999299848 -840274468575.96606 840270770894.73193
120.59216346830641 -843491254286.48535 843487549534.16003
120.59216694361433 -846723448119.35571 846719736275.63672
120.59217041892227 -849971138723.81091 849967419768.31775
120.59217389423019 -853234415344.69714 853230689256.97144
120.59217736953812 -856513367827.0509 856509634586.55554
120.59218084484604 -859808086620.71619 859804346206.83521
120.59218432015398 -863118662785.0022 863114915177.04016
120.5921877954619 -866445187993.38171 866441433170.56372
120.59219127076983 -869787754538.22986 869783992479.70093
120.59219474607775 -873146455335.60278 873142686020.42737
120.59219822138569 -876521383930.05908 876517607337.22083
120.59220169669361 -879912634499.52417 879908850607.92554
120.59220517200154 -883320301860.19507 883316510648.65686
120.59220864730946 -886744481471.48938 886740682918.75037
120.5922121226174 -890185269441.03699 890181463525.75354
120.59221559792532 -893642762529.71497 893638949230.46069
120.59221907323325 -897117058156.72681 897113237451.99194
120.59222254854117 -900608254404.72656 900604426272.91785
120.59222602384911 -904116450024.98865 904112614444.42871
120.59222949915703 -907641744442.62134 907637901391.54834
120.59223297446496 -911184237761.8269 911180387218.39429
120.59223644977288 -914744030771.20703 914740172713.48291
120.59223992508082 -918321224949.11572 918317359355.0824
120.59224340038874 -921915922469.05957 921912049316.6134
120.59224687569667 -925528226205.14575 925524345472.09656
120.59225035100459 -929158239737.57739 929154351401.64807
120.59225382631253 -932806067358.19702 932802171397.02307
120.59225730162045 -936471814076.07947 936467910467.2085
120.59226077692838 -940155585623.17615 940151674344.06763
120.59226425223632 -943857488460.0072 943853569488.03186
120.59226772754424 -947577629781.40442 947573703093.84399
120.59227120285217 -951316117522.30457 951312183096.3512
120.59227467816009 -955073060363.59607 955069118176.35181
120.59227815346803 -958848567738.01758 958844617766.49414
120.59228162877595 -962642749836.10779 962638792057.22607
120.59228510408389 -966455717612.20728 966451752002.79675
120.59228857939181 -970287582790.51587 970283609327.31433
120.59229205469974 -974138457871.2041 974134476530.85693
120.59229553000766 -978008456136.57812 978004466895.63818
120.5922990053156 -981897691657.30139 981893694492.22839
120.59230248062352 -985806279298.66943 985802274185.82935
120.59230595593145 -989734334726.94312 989730321642.60791
120.59230943123937 -993681974415.73901 993677953336.08618
120.59231290654731 -997649315652.47534 997645286553.58728
120.59231638185523 -1001636476544.8751 1001632439402.7386
120.59231985716316 -1005643576027.533 1005639530818.0391
120.59232333247108 -1009670733868.5359 1009666680567.479
120.59232680777902 -1013718070676.1453 1013714009259.223
120.59233028308694 -1017785707905.5396 1017781638348.3521
120.59233375839487 -1021873767865.6178 1021869690143.6672
120.59233723370279 -1025982373725.8654 1025978287814.5557
120.59234070901073 -1030111649523.2806 1030107555397.9166
120.59234418431865 -1034261720169.3647 1034257617805.1521
120.59234765962658 -1038432711457.1757 1038428600829.22
120.5923511349345 -1042624750068.4441 1042620631151.7506
120.59235461024244 -1046837963580.7573 1046833836350.2303
120.59235808555036 -1051072480474.8077 1051068344905.2502
120.59236156085829 -1055328430141.7042 1055324286207.8173
120.59236503616623 -1059605942890.3538 1059601790566.7358
120.59236851147415 -1063905149954.9092 1063900989216.056
120.59237198678208 -1068226183502.2838 1068222014322.5876
120.59237546209 -1072569176639.7357 1072564998993.4846
120.59237893739794 -1076934263422.5223 1076930077283.8999
120.59238241270586 -1081321578861.6254 1081317384204.7101
120.59238588801379 -1085731258931.5453 1085727055730.3102
120.59238936332171 -1090163440578.168 1090159228806.4799
120.59239283862965 -1094618261726.7032 1094614041358.3221
120.59239631393757 -1099095861289.697 1099091632298.2759
120.5923997892455 -1103596379175.1172 1103592141534.2009
120.59240326455343 -1108119956294.5149 1108115709977.5405
120.59240673986136 -1112666734571.259 1112662479551.5544
120.59241021516928 -1117236856948.8472 1117232593199.6306
120.59241369047722 -1121830467399.2976 1121826194893.6777
120.59241716578514 -1126447710931.6125 1126443429642.5872
120.59242064109307 -1131088733600.323 1131084443500.7788
120.59242411640099 -1135753682514.1165 1135749383576.8286
120.59242759170893 -1140442705844.5393 1140438398042.1707
120.59243106701685 -1145155952834.7781 1145151636139.8784
120.59243454232478 -1149893573808.5295 1149889248193.5354
120.5924380176327 -1154655720178.9526 1154651385616.1863
120.59244149294064 -1159442544457.6995 1159438200919.3689
120.59244496824856 -1164254200264.0337 1164249847722.2314
120.59244844355649 -1169090842334.0295 1169086480760.7322
120.59245191886441 -1173952626529.865 1173948255896.9329
120.59245539417235 -1178839709849.1995 1178835330128.376
120.59245886948027 -1183752250434.6331 1183747861597.5439
120.5924623447882 -1188690407583.2581 1188686009601.4106
120.59246582009614 -1193654341756.3035 1193649934601.0864
120.59246929540406 -1198644214588.8699 1198639798231.5522
120.59247277071199 -1203660188899.7507 1203655763311.4817
120.59247624601991 -1208702428701.3489 1208697993853.1567
120.59247972132785 -1213771099209.6882 1213766655072.4797
120.59248319663577 -1218866366854.5212 1218861913399.0815
120.5924866719437 -1223988399289.5278 1223983936486.519
120.59249014725162 -1229137365402.6123 1229132893222.5735
120.59249362255956 -1234313435326.2998 1234308953739.646
120.59249709786748 -1239516780448.23 1239512289425.2515
120.59250057317541 -1244747573421.7527 1244743072932.6147
120.59250404848333 -1250005988176.6189 1250001478191.3611
120.59250752379127 -1255292199929.7734 1255287680418.3083
120.59251099909919 -1260606385196.2556 1260601856128.3687
120.59251447440712 -1265948721800.2068 1265944183145.5557
120.59251794971505 -1271319388885.9729 1271314840614.0864
120.59252142502298 -1276718566929.3193 1276714009009.5972
120.5925249003309 -1282146437748.7546 1282141870150.4668
120.59252837563884 -1287603184516.9543 1287598607209.24
120.59253185094676 -1293088991772.2996 1293084404724.1665
120.59253532625469 -1298604045430.5291 1298599448610.8528
120.59253880156261 -1304148532796.5027 1304143926174.0264
120.59254227687055 -1309722642576.0745 1309718026119.4077
120.59254575217847 -1315326564888.0781 1315321938565.696
120.5925492274864 -1320960491276.439 1320955855056.6821
120.59255270279432 -1326624614722.3926 1326619968573.4661
120.59255617810226 -1332319129656.8167 1332314473546.7891
120.59255965341018 -1338044231972.6936 1338039565869.4961
120.59256312871811 -1343800119037.6936 1343795442909.1201
120.59256660402603 -1349586989706.8743 1349582303520.5798
120.59257007933397 -1355405044335.5012 1355400348059.0017
120.5925735546419 -1361254484792.0012 1361249778392.6726
120.59257702994982 -1367135514471.033 1367130797916.1099
120.59258050525776 -1373048338306.6929 1373043611563.269
120.59258398056568 -1378993162785.8472 1378988425820.8735
120.59258745587361 -1384970195961.5854 1384965448741.8701
120.59259093118153 -1390979647466.8188 1390974889959.0259
120.59259440648947 -1397021728528.001 1397016960698.6499
120.59259788179739 -1403096651978.9883 1403091873794.4534
120.59260135710532 -1409204632275.0349 1409199843701.5439
120.59260483241324 -1415345885506.9246 1415341086510.5586
120.59260830772118 -1421520629415.238 1421515819961.9302
120.5926117830291 -1427729083404.7644 1427724263460.2988
120.59261525833703 -1433971468559.0576 1433966638089.0693
120.59261873364495 -1440248007655.1335 1440243166625.1074
120.59262220895289 -1446558925178.3076 1446554073553.5774
120.59262568426081 -1452904447337.1799 1452899585082.9272
120.59262915956874 -1459284802078.7739 1459279929160.0278
120.59263263487667 -1465700219103.8223 1465695335485.4583
120.5926361101846 -1472150929882.2012 1472146035528.9402
120.59263958549252 -1478637167668.5227 1478632262544.9304
120.59264306080046 -1485159167517.8787 1485154251588.3647
120.59264653610838 -1491717166301.7419 1491712239530.5591
120.59265001141631 -1498311402724.0232 1498306465075.2661
120.59265348672423 -1504942117337.2905 1504937168774.8953
120.59265696203217 -1511609552559.1516 1511604593046.8948
120.59266043734009 -1518313952688.7944 1518308982190.292
120.59266391264802 -1525055563923.6973 1525050582402.4038
120.59266738795594 -1531834634376.5056 1531829641795.7136
120.59267086326388 -1538651414092.075 1538646410414.9136
120.59267433857181 -1545506155064.6907 1545501140254.125
120.59267781387973 -1552399111255.4568 1552394085274.2869
120.59268128918767 -1559330538609.8567 1559325501420.7168
120.59268476449559 -1566300695075.4958 1566295646640.8533
120.59268823980352 -1573309840620.0203 1573304780902.1748
120.59269171511144 -1580358237249.2141 1580353166210.2966
120.59269519041938 -1587446149025.2812 1587441066627.2529
120.5926986657273 -1594573842085.3171 1594568748289.9685
120.59270214103523 -1601741584659.957 1601736479428.9072
120.59270561634315 -1608949647092.2224 1608944530386.918
120.59270909165109 -1616198301856.553 1616193173638.2671
120.59271256695901 -1623487823578.033 1623482683807.864
120.59271604226694 -1630818489051.8132 1630813337690.6843
120.59271951757486 -1638190577262.7329 1638185414271.3909
120.5927229928828 -1645604369405.1357 1645599194744.1497
120.59272646819072 -1653060148902.8916 1653054962532.6523
120.59272994349865 -1660558201429.6226 1660553003310.3413
120.59273341880657 -1668098814929.137 1668093605020.8445
120.59273689411451 -1675682279636.071 1675677057898.6167
120.59274036942243 -1683308888096.7415 1683303654489.792
120.59274384473036 -1690978935190.2122 1690973689673.251
120.59274732003828 -1698692718149.5718 1698687460681.8975
120.59275079534622 -1706450536583.4368 1706445267124.1624
120.59275427065414 -1714252692497.6765 1714247411005.7283
120.59275774596207 -1722099490317.3564 1722094196751.4727
120.59276122127 -1729991236908.9155 1729985931227.6458
120.59276469657793 -1737928241602.5667 1737922923764.2705
120.59276817188585 -1745910816214.9268 1745905486177.7729
120.59277164719379 -1753939275071.8838 1753933932793.8486
120.59277512250172 -1762013935031.7014 1762008580470.5679
120.59277859780964 -1770135115508.3679 1770129748621.7249
120.59278207311758 -1778303138495.1821 1778297759240.4229
120.5927855484255 -1786518328588.5786 1786512936922.8999
120.59278902373343 -1794781013012.2075 1794775608892.6084
120.59279249904135 -1803091521641.2671 1803086105024.5476
120.59279597434929 -1811450187027.0889 1811444757869.8491
120.59279944965721 -1819857344421.9734 1819851902680.6123
120.59280292496514 -1828313331804.2917 1828307877435.0061
120.59280640027306 -1836818489903.8467 1836813022862.6294
120.592809875581 -1845373162227.5024 1845367682470.1416
120.59281335088892 -1853977695085.085 1853972202567.1631
120.59281682619685 -1862632437615.5532 1862626932292.4453
120.59282030150477 -1871337741813.4417 1871332223640.3149
120.59282377681271 -1880093962555.5828 1880088431487.3945
120.59282725212063 -1888901457628.1118 1888895913619.6086
120.59283072742856 -1897760587753.759 1897755030759.4758
120.59283420273648 -1906671716619.4207 1906666146593.6787
120.59283767804442 -1915635210904.0344 1915629627800.9407
120.59284115335234 -1924651440306.7468 1924645844080.1924
120.59284462866027 -1933720777575.3726 1933715168179.0315
120.59284810396819 -1942843598535.1636 1942837975922.4917
120.59285157927613 -1952020282117.8828 1952014646242.1167
120.59285505458405 -1961251210391.1768 1961245561205.3315
120.59285852989198 -1970536768588.2715 1970531106045.1406
120.5928620051999 -1979877345137.9866 1979871669190.1399
120.59286548050784 -1989273331695.0593 1989267642294.8416
120.59286895581576 -1998725123170.8047 1998719420270.3345
120.59287243112369 -2008233117764.1052 2008227401315.2739
120.59287590643162 -2017797716992.7175 2017791986947.1875
120.59287938173955 -2027419325724.9219 2027413582034.125
120.59288285704748 -2037098352211.5232 2037092594826.6602
120.59288633235541 -2046835208118.1836 2046829436990.2219
120.59288980766334 -2056630308558.1013 2056624523637.7744
120.59289328297126 -2066484072125.0469 2066478273362.8523
120.5928967582792 -2076396920926.7542 2076391108272.9521
120.59290023358712 -2086369280618.6721 2086363454023.2842
120.59290370889505 -2096401580438.0938 2096395739850.9014
120.59290718420297 -2106494253238.6421 2106488398609.1855
120.59291065951091 -2116647735525.126 2116641866802.7026
120.59291413481883 -2126862467488.7815 2126856584622.4441
120.59291761012676 -2137138893042.8975 2137132995981.4531
120.59292108543468 -2147477459858.8242 2147471548550.8325
120.59292456074262 -2157878619402.3762 2157872693796.1479
120.59292803605054 -2168342826970.6406 2168336887014.2361
120.59293151135847 -2178870541729.1775 2178864587370.4055
120.59293498666639 -2189462226749.6245 2189456257936.04
120.59293846197433 -2200118349047.7231 2200112365726.6265
120.59294193728225 -2210839379621.7554 2210833381740.1899
120.59294541259018 -2221625793491.4102 2221619780996.1616
120.5929488878981 -2232478069737.0771 2232472042574.6719
120.59295236320604 -2243396691539.5498 2243390649656.2524
120.59295583851396 -2254382146220.189 2254376089562.002
120.59295931382189 -2265434925281.5122 2265428853794.1729
120.59296278912981 -2276555524448.2598 2276549438077.2397
120.59296626443775 -2287744443708.8999 2287738342399.4028
120.59296973974567 -2299002187357.5864 2298996071054.5469
120.5929732150536 -2310329264036.5835 2310323132684.665
120.59297669036152 -2321726186779.1709 2321720040322.7646
120.59298016566946 -2333193473053.0137 2333187311436.2363
120.59298364097739 -2344731644804.019 2344725467970.7114
120.59298711628531 -2356341228500.6748 2356335036394.3999
120.59299059159325 -2368022755178.8989 2368016547742.9399
120.59299406690117 -2379776760487.3926 2379770537664.752
120.5929975422091 -2391603784733.4775 2391597546466.8745
120.59300101751703 -2403504372929.4604 2403498119161.3296
120.59300449282496 -2415479074839.5225 2415472805512.0122
120.59300796813288 -2427528445027.1235 2427522160082.0942
120.59301144344082 -2439653042902.9292 2439646742281.9502
120.59301491874874 -2451853432773.3179 2451847116417.668
120.59301839405667 -2464130183889.3896 2464123851740.0527
120.59302186936459 -2476483870496.5396 2476477522494.2046
120.59302534467253 -2488915071884.6304 2488908707969.6895
120.59302881998045 -2501424372438.6709 2501417992551.2163
120.59303229528838 -2514012361690.0933 2514005965769.9165
120.5930357705963 -2526679634368.6289 2526673222355.2183
120.59303924590424 -2539426790454.7456 2539420362287.2847
120.59304272121216 -2552254435232.7119 2552247990850.0771
120.59304619652009 -2565163179344.2412 2565156718685.0005
120.59304967182801 -2578153638842.7529 2578147161845.1636
120.59305314713595 -2591226435248.2515 2591219941850.2578
120.59305662244387 -2604382195602.8403 2604375685742.0718
120.5930600977518 -2617621552526.8677 2617615026140.6377
120.59306357305972 -2630945144275.7114 2630938601301.0146
120.59306704836766 -2644353614797.2031 2644347055170.7134
120.59307052367558 -2657847613789.7319 2657841037447.8003
120.59307399898351 -2671427796761.0132 2671421203639.666
120.59307747429143 -2685094825087.5122 2685088215122.4487
120.59308094959937 -2698849366074.5918 2698842739201.1826
120.5930844249073 -2712692093017.3306 2712685449170.6147
120.59308790021522 -2726623685262.0391 2726617024376.7227
120.59309137552316 -2740644828268.5127 2740638150278.9663
120.59309485083108 -2754756213672.9663 2754749518513.2236
120.59309832613901 -2768958539351.73 2768951826955.4849
120.59310180144693 -2783252509485.6548 2783245779786.2593
120.59310527675487 -2797638834625.2935 2797632087555.7554
120.59310875206279 -2812118231756.8374 2812111467249.8179
120.59311222737072 -2826691424368.835 2826684642356.647
120.59311570267865 -2841359142519.6665 2841352342934.2725
120.59311917798658 -2856122122905.8081 2856115305678.8174
120.5931226532945 -2870981108930.9019 2870974273993.5679
120.59312612860244 -2885936850775.6382 2885929998058.8574
120.59312960391036 -2900990105468.4536 2900983234902.7622
120.59313307921829 -2916141636957.0547 2916134748472.6265
120.59313655452621 -2931392216180.7993 2931385309707.4434
120.59314002983415 -2946742621143.9263 2946735696611.085
120.59314350514207 -2962193636989.6279 2962186694326.3735
120.59314698045 -2977746056075.019 2977739095210.0522
120.59315045575792 -2993400678046.9941 2993393698908.6411
120.59315393106586 -3009158309918.9697 3009151312435.1802
120.59315740637378 -3025019766148.5527 3025012750246.897
120.59316088168171 -3040985868716.1055 3040978834323.772
120.59316435698963 -3057057447204.269 3057050394248.062
120.59316783229757 -3073235338878.4189 3073228267284.7559
120.59317130760549 -3089520388768.0977 3089513298463.0063
120.59317478291342 -3105913449749.395 3105906340658.5117
120.59317825822134 -3122415382628.3271 3122408254676.8931
120.59318173352928 -3139027056225.2334 3139019909338.0928
120.5931852088372 -3155749347460.1465 3155742181561.7437
120.59318868414513 -3172583141439.2046 3172575956453.5815
120.59319215945307 -3189529331542.106 3189522127392.8989
120.59319563476099 -3206588819510.6245 3206581596121.0625
120.59319911006892 -3223762515538.1758 3223755272831.0771
120.59320258537684 -3241051338360.4502 3241044076258.2197
120.59320606068478 -3258456215347.1719 3258448933771.7983
120.5932095359927 -3275978082594.9502 3275970781468.0029
120.59321301130063 -3293617885021.2729 3293610564263.8999
120.59321648660855 -3311376576459.6304 3311369235992.5552
120.59321996191649 -3329255119755.7788 3329247759499.2969
120.59322343722441 -3347254486865.1948 3347247106739.1719
120.59322691253234 -3365375658951.7188 3365368258875.5874
120.59323038784026 -3383619626487.3789 3383612206380.1353
120.5932338631482 -3401987389353.4502 3401979949133.6514
120.59323733845612 -3420479956942.7427 3420472496528.5034
120.59324081376406 -3439098348263.1665 3439090867572.1567
120.59324428907198 -3457843592042.543 3457836090991.9844
120.59324776437991 -3476716726834.6987 3476709205341.3618
120.59325123968783 -3495718801126.8755 3495711259107.0767
120.59325471499577 -3514850873448.4629 3514843310818.0605
120.59325819030369 -3534114012481.0825 3534106429155.4751
120.59326166561162 -3553509297170.0205 3553501693064.1426
120.59326514091954 -3573037816837.0171 3573030191865.3364
120.59326861622748 -3592700671294.4912 3592693025371.0059
120.5932720915354 -3612498970961.1426 3612491303999.377
120.59327556684333 -3632433836979.0249 3632426148892.0273
120.59327904215125 -3652506401332.04 3652498692032.3784
120.59328251745919 -3672717806965.9331 3672710076365.6924
120.59328599276711 -3693069207909.7954 3693061455920.5742
120.59328946807504 -3713561769399.0435 3713553995931.9502
120.59329294338298 -3734196667999.9692 3734188872965.6196
120.5932964186909 -3754975091735.8428 3754967275044.3555
120.59329989399883 -3775898240214.5679 3775890401775.561
120.59330336930675 -3796967324758.001 3796959464480.5894
120.59330684461469 -3818183568532.8564 3818175686325.6484
120.59331031992261 -3839548206683.229 3839540302454.3213
120.59331379523054 -3861062486464.8311 3861054560121.8066
120.59331727053846 -3882727667380.9292 3882719718830.8535
120.5933207458464 -3904545021319.9678 3904537050469.3843
120.59332422115432 -3926515832694.9473 3926507839449.874
120.59332769646225 -3948641398584.5918 3948633382850.519
120.59333117177017 -3970923028876.2861 3970914990558.1704
120.59333464707811 -3993362046410.8276 3993353985413.0903
120.59333812238603 -4015959787129.0142 4015951703355.5356
120.59334159769396 -4038717600220.1294 4038709493574.2461
120.59334507300188 -4061636848272.3403 4061628718656.8413
120.59334854830982 -4084718907424.9531 4084710754742.0757
120.59335202361774 -4107965167522.6631 4107956991674.0889
120.59335549892567 -4131377032271.7681 4131368833158.6191
120.5933589742336 -4154955919398.3931 4154947696921.228
120.59336244954153 -4178703260808.7461 4178695014867.5562
120.59336592484945 -4202620502751.4614 4202612233245.666
120.59336940015739 -4226709105981.9902 4226700812810.4331
120.59337287546531 -4250970545929.1504 4250962228990.0957
120.59337635077324 -4275406312863.8057 4275397972054.9331
120.59337982608116 -4300017912069.7583 4300009547288.1602
120.5933833013891 -4324806864016.8486 4324798475159.0244
120.59338677669702 -4349774704536.2632 4349766291498.1157
120.59339025200495 -4374922984998.1851 4374914547675.0161
120.59339372731289 -4400253272491.7393 4400244810778.2451
120.59339720262081 -4425767150007.2754 4425758663797.543
120.59340067792874 -4451466216621.0312 4451457705808.5332
120.59340415323666 -4477352087682.2178 4477343552159.8086
120.5934076285446 -4503426395002.5332 4503417834662.4434
120.59341110385252 -4529690787048.2031 4529682201782.0361
120.59341457916045 -4556146929134.5479 4556138318833.2744
120.59341805446837 -4582796503623.085 4582787868177.04
120.59342152977631 -4609641210121.1963 4609632549420.0732
120.59342500508423 -4636682765684.4756 4636674079617.3213
120.59342848039216 -4663922905021.7305 4663914193476.9404
120.59343195570008 -4691363380702.6992 4691354643568.0146
120.59343543100802 -4719005963368.5938 4718997200531.0947
120.59343890631594 -4746852441945.3086 4746843653291.4082
120.59344238162387 -4774904623859.5869 4774895809275.0303
120.59344585693179 -4803164335258.0117 4803155494627.8682
120.59344933223973 -4831633421228.8301 4831624554437.4883
120.59345280754765 -4860313746026.8926 4860304852958.0557
120.59345628285558 -4889207193301.5547 4889198273838.2354
120.5934597581635 -4918315666327.6318 4918306720352.1484
120.59346323347144 -4947641088239.3867 4947632115633.3564
120.59346670877936 -4977185402267.6729 4977176402912.0068
120.59347018408729 -5006950571980.3516 5006941545755.25
120.59347365939522 -5036938581525.8984 5036929528310.8447
120.59347713470315 -5067151435880.2881 5067142355554.0439
120.59348061001107 -5097591161097.2412 5097582053537.8418
120.59348408531901 -5128259804561.7939 5128250669646.541
120.59348756062693 -5159159435247.4102 5159150272852.8682
120.59349103593486 -5190292143976.4873 5190282953978.4756
120.59349451124278 -5221660043684.4512 5221650825958.04
120.59349798655072 -5253265269687.5293 5253256024107.0352
120.59350146185865 -5285109979954.0059 5285100706392.9834
120.59350493716657 -5317196355379.2646 5317187053710.5029
120.59350841247451 -5349526600064.582 5349517270160.0967
120.59351188778243 -5382102941599.7871 5382093583330.8164
120.59351536309036 -5414927631349.8213 5414918244586.8193
120.59351883839828 -5448002944745.0693 5447993529357.6992
120.59352231370622 -5481331181575.876 5481321737433.0049
120.59352578901414 -5514914666291.0918 5514905193260.7852
120.59352926432207 -5548755748300.6484 5548746246250.1641
120.59353273962999 -5582856802282.332 5582847271078.1123
120.59353621493793 -5617220228492.8154 5617210668000.4824
120.59353969024585 -5651848453083.0811 5651838863167.4287
120.59354316555378 -5686743928418.1748 5686734308943.1641
120.5935466408617 -5721909133401.416 5721899484230.168
120.59355011616964 -5757346573803.1133 5757336894797.9023
120.59355359147756 -5793058782593.8877 5793049073616.1357
120.59355706678549 -5829048320282.6006 5829038581192.8701
120.59356054209341 -5865317775258.9912 5865308005916.9775
120.59356401740135 -5901869764141.2949 5901859964405.8213
120.59356749270927 -5938706932128.5615 5938697101857.5713
120.5935709680172 -5975831953357.998 5975822092408.5479
120.59357444332512 -6013247531267.3154 6013237639495.5674
120.59357791863306 -6050956398962.2373 6050946476223.4541
120.59358139394098 -6088961319589.2207 6088951365737.7568
120.59358486924891 -6127265086713.3379 6127255101602.6328
120.59358834455684 -6165870524701.6279 6165860508184.2002
120.59359181986477 -6204780489111.8398 6204770441039.2773
120.59359529517269 -6243997867086.7119 6243987787309.667
120.59359877048063 -6283525577753.8945 6283515466122.0762
120.59360224578856 -6323366572631.4844 6323356428993.6484
120.59360572109648 -6363523836039.4863 6363513660243.4307
120.59360919640442 -6404000385517.0869 6403990177409.6426
120.59361267171234 -6444799272245.8965 6444789031672.9209
120.59361614702027 -6485923581479.3398 6485913308285.707
120.59361962232819 -6527376432978.1191 6527366127007.7148
120.59362309763613 -6569160981452.043 6569150642547.7529
120.59362657294405 -6611280417008.2305 6611270045011.9365
120.59363004825198 -6653737965605.7979 6653727560358.3682
120.5936335235599 -6696536889516.9365 6696526450858.2168
120.59363699886784 -6739680487794.8223 6739670015563.6279
120.59364047417576 -6783172096748.3867 6783161590782.4951
120.59364394948369 -6827015090423.8535 6827004550559.9941
120.59364742479161 -6871212881093.4385 6871202307167.2871
120.59365090009955 -6915768919751.0879 6915758311597.2549
120.59365437540747 -6960686696615.4307 6960676054067.4551
120.5936578507154 -7005969741640.1846 7005959064530.5234
120.59366132602332 -7051621625031.9258 7051610913191.9463
120.59366480133126 -7097645957775.623 7097635211035.5947
120.59366827663918 -7144046392167.7354 7144035610356.8193
120.59367175194711 -7190826622357.1641 7190815805303.4033
120.59367522725503 -7237990384894.4141 7237979532424.7275
120.59367870256297 -7285541459288.6357 7285530571228.8057
120.59368217787089 -7333483668573.0137 7333472744747.6787
120.59368565317882 -7381820879878.5615 7381809920111.2051
120.59368912848674 -7430557005016.4033 7430546009129.3467
120.59369260379468 -7479696001068.6963 7479684968883.0879
120.5936960791026 -7529241870988.3047 7529230802324.1094
120.59369955441053 -7579198664207.542 7579187558883.5322
120.59370302971847 -7629570477256.0498 7629559335089.7949
120.59370650502639 -7680361454387.8457 7680350275195.7031
120.59370998033432 -7731575788217.8633 7731564571814.9678
120.59371345564224 -7783217720367.9287 7783206466568.1826
120.59371693095018 -7835291542122.4697 7835280250738.5322
120.5937204062581 -7887801595094.2002 7887790265937.4766
120.59372388156604 -7940752271899.8613 7940740904780.4941
120.59372735687396 -7994148016846.1035 7994136611572.9609
120.59373083218189 -8047993326625.7568 8047981883006.4199
120.59373430748981 -8102292751024.7891 8102281268865.5439
120.59373778279775 -8157050893640.0283 8157039372745.8545
120.59374125810567 -8212272412607.6367 8212260852782.1963
120.5937447334136 -8267962021342.7021 8267950422388.3262
120.59374820872152 -8324124489290.3398 8324112851008.0195
120.59375168402946 -8380764642688.2705 8380752964877.6465
120.59375515933738 -8437887365340.9346 8437875647800.2822
120.59375863464531 -8495497599405.5029 8495485841931.7246
120.59376210995323 -8553600346190.1426 8553588548578.752
120.59376558526117 -8612200666964.457 8612188829009.5703
120.59376906056909 -8671303683782.6133 8671291805276.9365
120.59377253587702 -8730914580318.9189 8730902661053.7344
120.59377601118494 -8791038602716.502 8791026642481.6582
120.59377948649288 -8851681060449.1855 8851669059033.082
120.5937829618008 -8912847327196.8457 8912835284386.4258
120.59378643710873 -8974542841734.2051 8974530757314.9375
120.59378991241665 -9036773108833.4082 9036760982589.2773
120.59379338772459 -9099543700180.9629 9099531531894.4551
120.59379686303251 -9162860255309.0059 9162848044761.0957
120.59380033834044 -9226728482541.1016 9226716229511.2402
120.59380381364838 -9291154159953.0488 9291141864219.1504
120.5938072889563 -9356143136348.4668 9356130797686.8945
120.59381076426423 -9421701332250.1094 9421688950435.6641
120.59381423957215 -9487834740906.4922 9487822315712.3945
120.59381771488009 -9554549429314.7109 9554536960512.5879
120.59382119018801 -9621851539259.5801 9621839026619.4551
120.59382466549594 -9689747288369.1426 9689734731659.4199
120.59382814080386 -9758242971186.8027 9758230370174.252
120.5938316161118 -9827344960260.498 9827332314710.2383
120.59383509141972 -9897059707249.6152 9897047016925.1055
120.59383856672765 -9967393744049.2832 9967381008712.3008
120.59384204203558 -10038353683932.85 10038340903343.482
120.59384551734351 -10109946222712.705 10109933396629.332
120.59384899265143 -10182178139919.455 10182165268098.73
120.59385246795937 -10255056300000.537 10255043382197.377
120.59385594326729 -10328587653538.115 10328574689505.682
120.59385941857522 -10402779238486.312 10402766227976
120.59386289388314 -10477638181428.477 10477625124189.891
120.59386636919108 -10553171698855.279 10553158594636.223
120.593869844499 -10629387098463.531 10629373947009.99
120.59387331980693 -10706291780475.939 10706278581532.068
120.59387679511485 -10783893238982.01 10783879992290.107
120.59388027042279 -10862199063301.52 10862185768602.021
120.59388374573071 -10941216939369.982 10941203596401.436
120.59388722103864 -11020954651146.812 11020941259645.863
120.59389069634656 -11101420082046.648 11101406641748.025
120.5938941716545 -11182621216394.328 11182607727030.82
120.59389764696242 -11264566140904.016 11264552602206.459
120.59390112227035 -11347263046182.264 11347249457879.521
120.59390459757827 -11430720228256.377 11430706590075.322
120.59390807288621 -11514946090128.027 11514932401793.523
120.59391154819414 -11599949143352.5 11599935404587.383
120.59391502350206 -11685738009644.498 11685724220169.561
120.59391849881 -11772321422510.143 11772307582044.109
120.59392197411792 -11859708228906.996 11859694337166.51
120.59392544942585 -11947907390931.385 11947893447630.984
120.59392892473377 -12036927987533.91 12036913992386.01
120.59393240004171 -12126779216264.414 12126765168979.285
120.59393587534963 -12217470395045.912 12217456295331.666
120.59393935065756 -12309010963978.232 12308996811540.797
120.59394282596548 -12401410487172.057 12401396281715.154
120.59394630127342 -12494678654614.291 12494664395839.422
120.59394977658134 -12588825284065.221 12588810971671.641
120.59395325188927 -12683860322987.574 12683845956672.271
120.5939567271972 -12779793850508.291 12779779429965.965
120.59396020250513 -12876636079414.557 12876621604337.6
120.59396367781305 -12974397358182.98 12974382828261.453
120.59396715312099 -13073088173043.807 13073073587965.416
120.59397062842891 -13172719150080.766 13172704509530.844
120.59397410373684 -13273301057366.645 13273286361028.127
120.59397757904476 -13374844807135.646 13374830054689.047
120.5939810543527 -13477361457993.32 13477346649116.707
120.59398452966062 -13580862217164.857 13580847351533.832
120.59398800496855 -13685358442782.324 13685343520069.996
120.59399148027647 -13790861646211.32 13790846666088.285
120.59399495558441 -13897383494417.961 13897368456552.273
120.59399843089233 -14004935812377.312 14004920716434.465
120.59400190620026 -14113530585523.893 14113515431166.789
120.59400538150818 -14223179962244.723 14223164749133.652
120.59400885681612 -14333896256416.24 14333880984208.852
120.59401233212405 -14445691949985.869 14445676618337.146
120.59401580743197 -14558579695599.062 14558564304161.301
120.59401928273991 -14672572319272.012 14672556867694.787
120.59402275804783 -14787682823112.041 14787667311042.186
120.59402623335576 -14903924388086.135 14903908815167.709
120.59402970866368 -15021310376838.557 15021294742712.826
120.59403318397162 -15139854336558.172 15139838640863.574
120.59403665927954 -15259570001896.648 15259554244268.77
120.59404013458747 -15380471297939.23 15380455478010.775
120.59404360989539 -15502572343228.01 15502556460628.77
120.59404708520333 -15625887452840.143 15625871507196.975
120.59405056051125 -15750431141520.328 15750415132457.119
120.59405403581918 -15876218126869.809 15876202054007.445
120.5940575111271 -16003263332593.633 16003247195549.977
120.59406098643504 -16131581891805.682 16131565690195.535
120.59406446174296 -16261189150393.344 16261172883828.422
120.59406793705089 -16392100670443.523 16392084338532.42
120.59407141235882 -16524332233730.648 16524315836078.809
120.59407488766675 -16657899845267.996 16657883381477.68
120.59407836297467 -16792819736924.174 16792803206594.426
120.59408183828261 -16929108371105.406 16929091773832.027
120.59408531359053 -17066782444504.891 17066765779880.396
120.59408878889846 -17205858891921.514 17205842159535.111
120.59409226420638 -17346354890147.887 17346338089585.432
120.59409573951432 -17488287861930.549 17488270992774.516
120.59409921482224 -17631675480003.488 17631658541832.934
120.59410269013017 -17776535671196.215 17776518663586.746
120.59410616543809 -17922886620617.016 17922869543140.758
120.59410964074603 -18070746775913.707 18070729628139.258
120.59411311605396 -18220134851614.906 18220117633107.301
120.59411659136188 -18371069833552.418 18371052543873.102
120.59412006666982 -18523570983364.945 18523553622071.727
120.59412354197774 -18677657843086.902 18677640409733.922
120.59412701728567 -18833350239822.625 18833332733960.312
120.59413049259359 -18990668290509.016 18990650711684.055
120.59413396790153 -19149632406767.473 19149614754522.758
120.59413744320945 -19310263299847.734 19310245573722.332
120.59414091851738 -19472581985665.984 19472564185195.102
120.5941443938253 -19636609789936.863 19636591914651.793
120.59414786913324 -19802368353404.355 19802350402832.449
120.59415134444116 -19969879637170.133 19969861610834.746
120.59415481974909 -20139165928125.41 20139147825545.871
120.59415829505701 -20310249844486.688 20310231665178.25
120.59416177036495 -20483154341436.031 20483136084909.828
120.59416524567287 -20657902716870.719 20657884382633.719
120.5941687209808 -20834518617264.59 20834500204819.562
120.59417219628872 -21013026043640.195 21013007552485.656
120.59417567159666 -21193449357656.695 21193430787286.859
120.59417914690458 -21375813287817.652 21375794637722.398
120.59418262221251 -21560142935796.059 21560124205460.871
120.59418609752043 -21746463782885.051 21746444971790.98
120.59418957282837 -21934801696573.168 21934782804196.777
120.59419304813629 -22125182937248.496 22125163963061.816
120.59419652344423 -22317634165033.707 22317615108504.188
120.59419999875215 -22512182446755.031 22512163307345.484
120.59420347406008 -22708855263049.395 22708836040217.953
120.594206949368 -22907680515610.152 22907661208810.215
120.59421042467594 -23108686534576.191 23108667143256.375
120.59421389998386 -23311902086065.996 23311882609670.074
120.59421737529179 -23517356379862.957 23517336817829.812
120.59422085059973 -23725079077254.41 23725059429017.98
120.59422432590765 -23935100299024.594 23935080564013.82
120.59422780121558 -24147450633607.191 24147430811245.957
120.5942312765235 -24362161145401.176 24362141235108.254
120.59423475183144 -24579263383254.562 24579243384443.555
120.59423822713936 -24798789389117.867 24798769301197.152
120.59424170244729 -25020771706873.172 25020751529245.848
120.59424517775521 -25245243391338.168 25245223123401.984
120.59424865306315 -25472238017454.797 25472217658602.102
120.59425212837107 -25701789689663.945 25701769239281.625
120.594255603679 -25933933051471.109 25933912508940.52
120.59425907898692 -26168703295206.242 26168682659903.156
120.59426255429486 -26406136171981.898 26406115443276.438
120.59426602960278 -26646268001856.355 26646247179112.926
120.59426950491071 -26889135684205.305 26889114766782.531
120.59427298021863 -27134776708306.258 27134755695556.918
120.59427645552657 -27383229164141.227 27383208055412.188
120.59427993083449 -27634531753422.086 27634510548054.238
120.59428340614242 -27888723800844.105 27888702498172.285
120.59428688145034 -28145845265572.559 28145823864925.48
120.59429035675828 -28405936752971.176 28405915253671.375
120.5942938320662 -28669039526570.867 28669017927934.613
120.59429730737413 -28935195520289.867 28935173821627.098
120.59430078268205 -29204447350909.617 29204425551523.863
120.59430425798999 -29476838330813.625 29476816430001.934
120.59430773329791 -29752412480995.012 29752390478047.879
120.59431120860584 -30031214544334.586 30031192438535.871
120.59431468391377 -30313289999162.496 30313267789789.348
120.5943181592217 -30598685073107.047 30598662759429.824
120.59432163452963 -30887446757236.703 30887424338518.898
120.59432510983756 -31179622820503.16 31179600296001.312
120.59432858514549 -31475261824492.398 31475239193456.016
120.59433206045341 -31774413138492.309 31774390400163.781
120.59433553576135 -32077126954881.777 32077104108496.297
120.59433901106927 -32383454304852.008 32383431349637.477
120.5943424863772 -32693447074464.371 32693424009641.324
120.59434596168512 -33007158021056.312 33007134845837.816
120.59434943699306 -33324640790003.086 33324617503594.66
120.59435291230098 -33645949931842.027 33645926533441.547
120.59435638760891 -33971140919769.387 33971117408566.996
120.59435986291683 -34300270167517.762 34300246542695.777
120.59436333822477 -34633395047625.344 34633371308358.156
120.59436681353269 -34970573910106.117 34970550055560.102
120.59437028884062 -35311866101528.156 35311842130861.57
120.59437376414854 -35657331984513.242 35657307896876.133
120.59437723945648 -36007032957664.336 36007008752198.43
120.5943807147644 -36361031475936.859 36361007151775.469
120.59438419007233 -36719391071460.109 36719366627728.023
120.59438766538025 -37082176374824.023 37082151810637.406
120.59439114068819 -37449453136835.648 37449428451301.93
120.59439461599611 -37821288250766.758 37821263442984.531
120.59439809130404 -38197749775096.102 38197724844155.008
120.59440156661196 -38578906956762.078 38578881901742.695
120.5944050419199 -38964830254942.766 38964805074916.5
120.59440851722782 -39355591365368.219 39355566059397.188
120.59441199253575 -39751263245182.664 39751237812319.578
120.59441546784367 -40151920138374.727 40151894577662.773
120.59441894315161 -40557637601780.57 40557611912253.297
120.59442241845954 -40968492531684.32 40968466712365.5
120.59442589376746 -41384563191024.266 41384537240927.789
120.5944293690754 -41805929237222.383 41805903155352.125
120.59443284438332 -42232671750651.852 42232645536001.539
120.59443631969125 -42664873263763.43 42664846915316.516
120.59443979499918 -43102617790883.844 43102591307613.391
120.59444327030711 -43545990858699.016 43545964239567.539
120.59444674561503 -43995079537447.562 43995052781406.914
120.59445022092297 -44449972472843.227 44449945578834.438
120.59445369623089 -44910759918733.734 44910732885686.898
120.59445717153882 -45377533770532.531 45377506597366.648
120.59446064684674 -45850387599425.695 45850360285048.523
120.59446412215468 -46329416687392.016 46329389230699.93
120.5944675974626 -46814718063044.562 46814690462922.414
120.59447107277053 -47306390538316.422 47306362793637.383
120.59447454807845 -47804534746018.336 47804506855643.742
120.59447802338639 -48309253178285.062 48309225141064.25
120.59448149869431 -48820650225944.234 48820622040714.406
120.59448497400224 -49338832218819.328 49338803884405.367
120.59448844931016 -49863907466997.25 49863878982211.57
120.5944919246181 -50395986303094.797 50395957666737.172
120.59449539992602 -50935181125532.648 50935152336390.039
120.59449887523395 -51481606442866.047 51481577499712.445
120.59450235054187 -52035378919173.094 52035349820769.336
120.59450582584981 -52596617420553.82 52596588165647.406
120.59450930115773 -53165443062762.844 53165413650087.773
120.59451277646566 -53741979259998.188 53741949688274.766
120.59451625177358 -54326351774881.398 54326322042816.055
120.59451972708152 -54918688769673.547 54918658875958.641
120.59452320238944 -55519120858743.969 55519090802057.609
120.59452667769737 -56127781162335.062 56127750941340.898
120.59453015300531 -56744805361658.406 56744774975005.438
120.59453362831323 -57370331755354.031 57370301201676.406
120.59453710362116 -58004501317359.82 58004470595276.633
120.59454057892908 -58647457756218.406 58647426864333.484
120.59454405423702 -59299347575864.227 59299316512765.922
120.59454752954494 -59960320137945.805 59960288902206.781
120.59455100485287 -60630527725706.094 60630496315883.102
120.5945544801608 -61310125609478.656 61310094024112.312
120.59455795546873 -61999272113841.664 61999240351456.227
120.59456143077665 -62698128686470.938 62698096745574.086
120.59456490608459 -63406859968744.625 63406827847827.211
120.59456838139251 -64125633868145.664 64125601565681.469
120.59457185670044 -64854621632528.945 64854589146974.469
120.59457533200836 -65593997926279.094 65593965256073.281
120.5945788073163 -66343940908430.109 66343908051994.109
120.59458228262422 -67104632312806.453 67104599268543.352
120.59458575793215 -67876257530241.172 67876224296535.758
120.59458923324007 -68659005692915.969 68658972268134.453
120.59459270854801 -69453069760891.844 69453036143381.602
120.59459618385593 -70258646610916.914 70258612799006.203
120.59459965916386 -71075937127540.953 71075903119538.641
120.59460313447178 -71905146296634.141 71905112090829.422
120.59460660977972 -72746483301361.484 72746448896023.609
120.59461008508764 -73600161620683.844 73600127014061.781
120.59461356039557 -74466399130482.594 74466364320804.781
120.59461703570349 -75345418207372.75 75345383192846.781
120.59462051101143 -76237445835258.188 76237410614070.484
120.59462398631935 -77142713714756.578 77142678285072.094
120.59462746162728 -78061458375543.984 78061422735505.875
120.59463093693522 -78993921291729.75 78993885439459.078
120.59463441224314 -79940349000327.75 79940312933923.125
120.59463788755107 -80900993222931.438 80900956940468.688
120.59464136285899 -81876110990700.609 81876074490232.438
120.59464483816693 -82865964772734.281 82865928052289.922
120.59464831347485 -83870822607956.172 83870785665541.031
120.59465178878278 -84890958240608.906 84890921074204.203
120.5946552640907 -85926651259475.062 85926613867037.469
120.59465873939864 -86978187240904.562 86978149620365.797
120.59466221470656 -88045857895826.344 88045820045092.828
120.59466569001449 -89129961220821.094 89129923137773.562
120.59466916532241 -90230801653371.547 90230763335864.625
120.59467264063035 -91348690231457.641 91348651677319.453
120.59467611593827 -92483944757622.578 92483905964654.359
120.59467959124621 -93636889967628 93636850933603.641
120.59468306655413 -94807857703852.812 94807818426518.469
120.59468654186206 -95997187093591.422 95997147570665.047
120.59469001716998 -97205224732394.453 97205184961565.375
120.59469349247792 -98432324872647.812 98432284851576.297
120.59469696778584 -99678849617483.859 99678809343800.625
120.59470044309377 -100945169120226.83 100945128591532.58
120.59470391840169 -102231661789624.47 102231621003489.44
120.59470739370963 -103538714500929.05 103538673454892.5
120.59471086901755 -104866722813068.25 104866681504637.98
120.59471434432548 -106216091192126.94 106216049618778.81
120.5947178196334 -107587233241300.89 107587191400478.25
120.59472129494134 -108980571937557.59 108980529826670.81
120.59472477024926 -110396539875235.11 110396497491660.98
120.59472824555719 -111835579516755.38 111835536857836.66
120.59473172086513 -113298143450722.11 113298100513766.89
120.59473519617305 -114784694657637.19 114784651439918.36
120.59473867148098 -116295706783519.97 116295663282274.66
120.5947421467889 -117831664421596.67 117831620634025.59
120.59474562209684 -119393063402455.53 119393019325722.45
120.59474909740476 -120980411092865.03 120980366724096.16
120.59475257271269 -122594226703486.36 122594182039769.66
120.59475604802061 -124235041605936.55 124234996644321.16
120.59475952332855 -125903399659404.89 125903354396900.44
120.59476299863647 -127599857547168.94 127599811980744.91
120.5947664739444 -129324985123373.22 129324939249958.25
120.59476994925232 -131079365770334.64 131079319586815.84
120.59477342456026 -132863596766845.67 132863550270067.95
120.59477689986818 -134678289667773.3 134678242854538.59
120.59478037517611 -136524070695338.28 136524023562404.86
120.59478385048403 -138401581142565.78 138401533686647.47
120.59478732579197 -140311477789213.53 140311430006978.97
120.59479080109989 -142254433330662.66 142254385218734.5
120.59479427640782 -144231136820248.09 144231088375202.28
120.59479775171575 -146242294125402.38 146242245343767.19
120.59480122702368 -148288628398205.66 148288579276461.03
120.5948047023316 -150370880560866.75 150370831095443.31
120.59480817763954 -152489809806465.03 152489759993743.34
120.59481165294746 -154646194115715.91 154646143952025.5
120.59481512825539 -156840830790125.06 156840780271743.56
120.59481860356331 -159074537002392.22 159074486125544.41
120.59482207887125 -161348150364433.44 161348099125290.34
120.59482555417917 -163662529513753.47 163662477908431.41
120.5948290294871 -166018554718742.47 166018502743302.03
120.59483250479502 -168417128503719.09 168417076154164.19
120.59483598010296 -170859176294281.41 170859123566558.19
120.59483945541089 -173345647083897.78 173345593973893.62
120.59484293071881 -175877514122364.69 175877460625907.09
120.59484640602675 -178455775626942.06 178455721739797.62
120.59484988133467 -181081455517113.66 181081401234986.88
120.5948533566426 -183755604173660.09 183755549492192.28
120.59485683195052 -186479299223127.44 186479244137895.56
120.59486030725846 -189253646348398.56 189253590854914
120.59486378256638 -192079780126714.78 192079724220422.12
120.59486725787431 -194958864895870.22 194958808572146.06
120.59487073318223 -197892095649649.62 197892038903801.25
120.59487420849017 -200880698963770.78 200880641791034.84
120.59487768379809 -203925933953466.91 203925876349008.12
120.59488115910602 -207029093263794.97 207029035222704.78
120.59488463441394 -210191504093919.62 210191445611214.78
120.59488810972188 -213414529256755.94 213414470327377.06
120.5948915850298 -216699568275360.16 216699508894170.28
120.59489506033773 -220048058517454.78 220047998679237.88
120.59489853564565 -223461476369488.25 223461416068947.66
120.59490201095359 -226941338451844.72 226941277683601.66
120.59490548626151 -230489202876864.97 230489141635456.88
120.59490896156944 -234106670551184.59 234106608831063.5
120.59491243687737 -237795386524325.81 237795324319856.69
120.5949159121853 -241557041385202.59 241556978690661.62
120.59491938749322 -245393372708613.41 245393309518186.19
120.59492286280116 -249306166553683.09 249306102861462.91
120.59492633810908 -253297259016160.5 253297194816146.47
120.59492981341701 -257368537836806.69 257368473122901.84
120.59493328872493 -261521944068262.75 261521878834272.12
120.59493676403287 -265759473802713.03 265759408042341.69
120.5949402393408 -270083179962759.28 270083113669610.28
120.59494371464872 -274495174158099.88 274495107325672.19
120.59494718995666 -278997628610829.59 278997561232516
120.59495066526458 -283592778151978.12 283592710221063.06
120.59495414057251 -288282922292251.56 288282853801908.81
120.59495761588043 -293070427370289.06 293070358313579.5
120.59496109118837 -297957728781591.31 297957659151460.62
120.59496456649629 -302947333291453.94 302947263080730.12
120.59496804180422 -308041821435061.12 308041750636452.12
120.59497151711214 -313243850009081.69 313243778615172.75
120.59497499242008 -318556154658266.94 318556082661518.19
120.594978467728 -323981552561094.62 323981479953838.19
120.59498194303593 -329522945219020.56 329522871993458.12
120.59498541834385 -335183321353259.31 335183247501459.12
120.59498889365179 -340965759913694.19 340965685427588.12
120.59499236895971 -346873433206020.44 346873358077401.31
120.59499584426764 -352909610140794.62 352909534361313.06
120.59499931957556 -359077659609744.38 359077583170905.62
120.5950027948835 -365381053996138.06 365380976889298.94
120.59500627019142 -371823372824369.12 371823295040734.69
120.59500974549935 -378408306554759.44 378408228085379.69
120.59501322080727 -385139660530466.5 385139581366233
120.59501669611521 -392021359082264.25 392021279213906.44
120.59502017142313 -399057449799960.12 399057369218041.81
120.59502364673106 -406252107977231.44 406252026672147.12
120.59502712203899 -413609641236610.81 413609559198581.75
120.59503059734692 -421134494344575.44 421134411563645.81
120.59503407265484 -428831254224347 428831170690379.88
120.59503754796278 -436704655175729.06 436704570878402.19
120.59504102327071 -444759584311809 444759499240610.62
120.59504449857863 -453001087222316.62 453001001366541.12
120.59504797388657 -461434373873816.88 461434287222560.25
120.59505144919449 -470064824758389.69 470064737300544.88
120.59505492450242 -478897997302542.44 478897909026794.69
120.59505839981034 -487939632548178.62 487939543443000.56
120.59506187511828 -497195662118677.19 497195572172323.81
120.5950653504262 -506672215483185.69 506672124683689.19
120.59506882573413 -516375627534654.25 516375535869818.62
120.59507230104205 -526312446496084.88 526312353953480.69
120.59507577634999 -536489442170165.38 536489348737123.88
120.59507925165791 -546913614549844.06 546913520213451.56
120.59508272696584 -557592202807501.25 557592107554593.12
120.59508620227376 -568532694680343.88 568532598497498.5
120.5950896775817 -579742836272343.5 579742739145875.88
120.59509315288962 -591230642293319.38 591230544209274.75
120.59509662819755 -603004406756503.38 603004307700650.38
120.59510010350547 -615072714157458.25 615072614115282
120.59510357881341 -627444451161078 627444350117773.25
120.59510705412133 -640128818818012.75 640128716758476.5
120.59511052942926 -653135345339446.38 653135242248270.25
120.59511400473718 -666473899458974.25 666473795320436.75
120.59511748004512 -680154704412973.5 680154599211032
120.59512095535304 -694188352569634.5 694188246287917.12
120.59512443066097 -708585820740132 708585713361929.12
120.59512790596889 -723358486207184.75 723358377715440.12
120.59513138127683 -738518143510596.5 738518033887898.25
120.59513485658475 -754077022028114 754076911256685.38
120.59513833189268 -770047804393768 770047692455457.62
120.5951418072006 -786443645799885.5 786443532676157.62
120.59514528250854 -803278194227539.38 803278079899463.62
120.59514875781647 -820565611655299.38 820565496103540.12
120.5951522331244 -838320596302462.88 838320479507268.38
120.59515570843233 -856558405960711 856558287901902.12
120.59515918374025 -875294882472899 875294763129857.62
120.59516265904819 -894546477423737.38 894546356775394.25
120.59516613435611 -914330279110107 914330157134929.5
120.59516960966404 -934664040860533.75 934663917536513
120.59517308497196 -955566210778446.38 955566086083084.12
120.5951765602799 -977055962990814 977055836901108.88
120.59518003558782 -999153230485383.5 999153102977816.75
120.59518351089575 -1021878739630430.4 1021878610680951.4
120.59518698620367 -1045254046471426.8 1045253916055437.8
120.59519046151161 -1069301574905587.4 1069301442997928.1
120.59519393681953 -1094044656842202.6 1094044523417133.9
120.59519741212746 -1119507574468374.1 1119507439499561
120.59520088743538 -1145715604740250.5 1145715468200745
120.59520436274332 -1172695066233758.8 1172694928095982.2
120.59520783805124 -1200473368490677.8 1200473228726402.2
120.59521131335917 -1229079064003630.2 1229078922583959
120.59521478866709 -1258541903013956.5 1258541759909304
120.59521826397503 -1288892891280479.5 1288892746460551.5
120.59522173928295 -1320164350996085.5 1320164204429856.5
120.59522521459088 -1352389985056938.5 1352389836712630.5
120.5952286898988 -1385604944885623 1385604794730682.2
120.59523216520674 -1419845902016677 1419845750017750.2
120.59523564051466 -1455151123690625.5 1455150969813535.2
120.59523911582259 -1491560552702759.8 1491560396912478.8
120.59524259113051 -1529115891774433.5 1529115734035057.8
120.59524606643845 -1567860692740582.2 1567860533015304
120.59524954174638 -1607840450846417.5 1607840289097496.2
120.5952530170543 -1649102704488353 1649102540677085.8
120.59525649236224 -1691697140758419 1691696974845109.8
120.59525996767016 -1735675707155771.2 1735675539099698.5
120.59526344297809 -1781092729874028.8 1781092559633412
120.59526691828601 -1828005039108214.2 1828004866640180.2
120.59527039359395 -1876472101827647.2 1876471927088193
120.59527386890187 -1926556162521821.8 1926555985465778
120.5952773442098 -1978322392456669.5 1978322213037661
120.59528081951773 -2031839048015739.2 2031838866186144.8
120.59528429482566 -2087177638743985.8 2087177454454895.5
120.59528777013358 -2144413105761364.5 2144412918962536.8
120.59529124544152 -2203624011257572.2 2203623821897387.8
120.59529472074944 -2264892739835094.5 2264892547860508.5
120.59529819605737 -2328305712541237 2328305517897729.5
120.59530167136529 -2393953614481735 2393953417113260
120.59530514667323 -2461931636966875.5 2461931436815806
120.59530862198115 -2532339735240404.5 2532339532247477.5
120.59531209728908 -2605282902927181.5 2605282697031439
120.595315572597 -2680871464373285 2680871255512013.5
120.59531904790494 -2759221386210101.5 2759221174318767.5
120.59532252321286 -2840454609560496.5 2840454394572680.5
120.59532599852079 -2924699404402859.5 2924699186250186.5
120.59532947382871 -3012090747788837 3012090526400903.5
120.59533294913665 -3102770727660608 3102770502964907
120.59533642444457 -3196888974226435.5 3196888746148277
120.5953398997525 -3294603121007926 3294602889470354.5
120.59534337506042 -3396079297810059.5 3396079062733767
120.59534685036836 -3501492658129434.5 3501492419432670
120.59535032567629 -3611027943707009 3611027701305484
120.59535380098421 -3724880089116027.5 3724879842922817
120.59535727629215 -3843254869536384 3843254619461822
120.59536075160007 -3966369595263578.5 3966369341215149.5
120.595364226908 -4094453856646599.5 4094453598528823.5
120.59536770221592 -4227750323610622.5 4227750061324936.5
120.59537117752386 -4366515604224624 4366515337669256
120.59537465283178 -4511021167167857 4511020896237694
120.59537812813971 -4661554333488448 4661554058074900
120.59538160344763 -4818419343349742 4818419063340593
120.59538507875557 -4981938504347584 4981938219626843
120.59538855406349 -5152453428184763 5152453138632501
120.59539202937142 -5330326363418151 5330326068910335
120.59539550467935 -5515941632643608 5515941333051923
120.59539897998728 -5709707183198058 5709706878389720
120.5954024552952 -5912056261502336 5912055951339896
120.59540593060314 -6123449222201448 6123448906542586
120.59540940591106 -6344375484027886 6344375162725193
120.59541288121899 -6575355645902557 6575355318803305
120.59541635652691 -6816943778018986 6816943444964887
120.59541983183485 -7069729903872470 7069729564699419
120.59542330714277 -7334342691496158 7334342346033964
120.5954267824507 -7611452373475272 7611452021547374
120.59543025775862 -7901773917406528 7901773558829693
120.59543373306656 -8206070471063480 8206070105647487
120.59543720837448 -8525157108953526 8525156736500828
120.59544068368241 -8859904909729092 8859904530034458
120.59544415899033 -9211245397581936 9211245010432076
120.59544763429827 -9580175383864942 9580174989038110
120.5954511096062 -9967762249107084 9967761846372650
120.59545458491412 -10375149710653782 10375149299771782
120.59545806022206 -10803564126681358 10803563707402024
120.59546153552998 -11254321391448812 11254320963512060
120.59546501083791 -11728834484501176 11728834047636068
120.59546848614583 -12228621743882016 12228621297806192
120.59547196145377 -12755315940941220 12755315485360286
120.59547543676169 -13310674243637052 13310673778243932
120.59547891206962 -13896589167145450 13896588691619698
120.59548238737754 -14515100620454350 14515100134461412
120.59548586268548 -15168409172793706 15168408675984138
120.5954893379934 -15858890679019328 15858890171027954
120.59549281330133 -16589112419233142 16589111899678164
120.59549628860925 -17361850930025372 17361850398507410
120.59549976391719 -18180111726344304 18180111182445368
120.59550323922511 -19047151139745588 19047150583027992
120.59550671453304 -19966500527275340 19966499957280516
120.59551018984097 -20941993141600008 20941992557847256
120.5955136651489 -21977793990004648 21977793391989776
120.59551714045682 -23078433058102320 23078432445296196
120.59552061576476 -24248842324888396 24248841696735392
120.59552409107268 -25494397051351832 25494396407268132
