# serie phase 2 p5_w2.80_c1.20_dt2s2_k2 : t x1 x2 (dt2=4.6713388471966146e-06, depart t=5.6699999999999999 etat bascule x1 x2 v1 v2 = 47022.263305070563 -46628.60422684424 2514792.586859405 -2506331.9475060529)
5.7282983088130139 568503548.01773047 -568486586.14650297
5.7283029801518612 570913075.74652112 -570896085.15502238
5.7283076514907085 573335896.75681996 -573318877.35983932
5.7283123228295558 575772101.42689633 -575755053.13886118
5.7283169941684031 578221780.86562645 -578204703.60060084
5.7283216655072495 580685026.91934109 -580667920.59102321
5.7283263368460968 583161932.17874575 -583144796.70046628
5.7283310081849441 585652589.98591542 -585635425.27063525
5.7283356795237914 588157094.44136322 -588139900.40167153
5.7283403508626387 590675540.41118562 -590658316.95929778
5.728345022201486 593208023.53428364 -593190770.58203912
5.7283496935403333 595754640.2296617 -595737357.68852198
5.7283543648791806 598315487.70380485 -598298175.48485124
5.7283590362180279 600890663.95813584 -600873321.97206748
5.7283637075568743 603480267.79655194 -603462895.95368373
5.7283683788957216 606084398.83304334 -606066997.04330361
5.7283730502345689 608703157.49939334 -608685725.67232168
5.7283777215734162 611336645.05296266 -611319183.09770775
5.7283823929122635 613984963.58455777 -613967471.40987527
5.7283870642511108 616648216.02638435 -616630693.54063463
5.7283917355899581 619326506.16008723 -619308953.27123308
5.7283964069288054 622019938.62487793 -622002355.24048257
5.7284010782676527 624728618.92575049 -624711004.95297492
5.7284057496064991 627452653.44178665 -627435008.78738773
5.7284104209453464 630192149.43455195 -630174474.00487995
5.7284150922841937 632947215.0565834 -632929508.75757968
5.728419763623041 635717959.35997033 -635700222.09716499
5.7284244349618882 638504492.30502892 -638486723.98353851
5.7284291063007355 641306924.76907265 -641289125.29359782
5.7284337776395828 644125368.55527806 -644107537.83010125
5.7284384489784301 646959936.40164888 -646942074.33063185
5.7284431203172774 649810741.99007797 -649792848.47665942
5.7284477916561238 652677899.95551038 -652659974.90270329
5.7284524629949711 655561525.89520705 -655543569.20559669
5.7284571343338184 658461736.37811136 -658443747.95385253
5.7284618056726657 661378648.95431852 -661360628.69713306
5.728466477011513 664312382.16465068 -664294329.97582519
5.7284711483503603 667263055.55033839 -667244971.3307215
5.7284758196892076 670230789.66280913 -670212673.31280911
5.7284804910280549 673215706.07358551 -673197557.49316776
5.7284851623669022 676217927.38429332 -676199746.47297752
5.7284898337057486 679237577.2367816 -679219363.89363945
5.7284945050445959 682274780.32335603 -682256534.44700849
5.7284991763834432 685329662.39712632 -685311383.885741
5.7285038477222905 688402350.28247023 -688384039.03375888
5.7285085190611378 691492971.8856144 -691474627.79682994
5.7285131903999851 694601656.20533431 -694583279.17326868
5.7285178617388324 697728533.34377515 -697710123.26475608
5.7285225330776797 700873734.51739335 -700855291.28728187
5.728527204416527 704037392.0680232 -704018915.5822109
5.7285318757553734 707219639.47406757 -707201129.62747395
5.7285365470942207 710420611.36181545 -710402068.04888487
5.728541218433068 713640443.51688766 -713621866.63158691
5.7285458897719153 716879272.89581275 -716860662.33162785
5.7285505611107626 720137237.63773406 -720118593.28766763
5.7285552324496098 723414477.0762502 -723395798.83281863
5.7285599037884571 726711131.75139022 -726692419.50662076
5.7285645751273044 730027343.42172587 -730008597.06715381
5.7285692464661517 733363255.07662117 -733344474.50328672
5.7285739178049981 736719010.94862294 -736700196.04706836
5.7285785891438454 740094756.52599359 -740075907.18626034
5.7285832604826927 743490638.56538677 -743471754.67701256
5.72858793182154 746906805.10466933 -746887886.55668485
5.7285926031603873 750343405.4758904 -750324452.15681648
5.7285972744992346 753800590.31840003 -753781602.11624455
5.7286019458380819 757278511.5921191 -757259488.39437401
5.7286066171769292 760777322.59096253 -760758264.28460062
5.7286112885157765 764297177.95641792 -764278084.4278897
5.7286159598546229 767838233.69128096 -767819104.82651174
5.7286206311934702 771400647.17355084 -771381482.85793722
5.7286253025323175 774984577.17048609 -774965377.2888931
5.7286299738711648 778590183.85282505 -778570948.28958273
5.7286346452100121 782217628.80917108 -782198357.44807136
5.7286393165488594 785867075.06054604 -785847767.78483939
5.7286439878877067 789538687.07511365 -789519343.76750576
5.728648659226554 793232630.78307509 -793213251.32572365
5.7286533305654013 796949073.59173954 -796929657.86625087
5.7286580019042477 800688184.40077031 -800668732.28819621
5.728662673243095 804450133.61761129 -804430644.99844527
5.7286673445819423 808235093.17309332 -808215567.92726755
5.7286720159207896 812043236.53722632 -812023674.54410791
5.7286766872596369 815874738.73517632 -815855139.873564
5.7286813585984842 819729776.36343193 -819710140.51155269
5.7286860299373314 823608527.60616136 -823588854.64166665
5.7286907012761787 827511172.25176382 -827491462.05172622
5.728695372615026 831437891.70961714 -831418144.15052664
5.7287000439538724 835388869.02702439 -835369083.98478496
5.7287047152927197 839364288.9063623 -839344466.25628817
5.728709386631567 843364337.72243333 -843344477.33924544
5.7287140579704143 847389203.540025 -847369305.29784727
5.7287187293092616 851439076.1316793 -851419139.90403485
5.7287234006481089 855514146.99567425 -855494172.6554817
5.7287280719869562 859614609.37422192 -859594596.79379165
5.7287327433258035 863740658.27188408 -863720607.32291448
5.7287374146646508 867892490.47420919 -867872401.0277828
5.7287420860034972 872070304.56659317 -872050176.49317288
5.7287467573423445 876274300.95336866 -876254134.12279379
5.7287514286811918 880504681.87712359 -880484476.15860593
5.7287561000200391 884761651.43825412 -884741406.70037401
5.7287607713588864 889045415.61475396 -889025131.72545636
5.7287654426977337 893356182.28224325 -893335859.10883379
5.728770114036581 897694161.23424125 -897673798.64338219
5.7287747853754283 902059564.20268416 -902039162.06039023
5.7287794567142756 906452604.87869394 -906432163.05032825
5.728784128053122 910873498.93360031 -910853017.28387034
5.7287887993919693 915322464.04021955 -915301942.43317294
5.7287934707308166 919799719.89439273 -919779158.19341302
5.7287981420696639 924305488.2367878 -924284886.30459034
5.7288028134085112 928839992.87496984 -928819350.57359743
5.7288074847473585 933403459.70574188 -933382776.89656055
5.7288121560862058 937996116.73776066 -937975393.28145528
5.728816827425053 942618194.11443079 -942597429.87100065
5.7288214987639003 947269924.1370815 -947249118.96583605
5.7288261701027468 951951541.28843045 -951930695.04798484
5.728830841441594 956663282.2563374 -956642394.80460811
5.7288355127804413 961405385.95785129 -961384457.15205145
5.7288401841192886 966178093.56355655 -966157123.26019156
5.7288448554581359 970981648.52222204 -970960636.5770849
5.7288495267969832 975816296.58575714 -975795242.8539238
5.7288541981358305 980682285.83447874 -980661190.17030358
5.7288588694746778 985579866.70269346 -985558728.95980465
5.7288635408135251 990509292.00459981 -990488112.03589439
5.7288682121523715 995470816.96051478 -995449594.61815417
5.7288728834912188 1000464699.2234298 -1000443434.3588347
5.7288775548300661 1005491198.905899 -1005469891.3697451
5.7288822261689134 1010550578.6072674 -1010529228.2494798
5.7288868975077607 1015643103.4412398 -1015621710.1109885
5.728891568846608 1020769041.0638006 -1020747604.6094955
5.7288962401854553 1025928661.7014843 -1025907181.9707705
5.7289009115243026 1031122238.1800041 -1031100715.0197562
5.7289055828631499 1036350045.9532433 -1036328479.2095609
5.7289102542019963 1041612363.1326154 -1041590752.6508179
5.7289149255408436 1046909470.5167974 -1046887816.1414185
5.7289195968796909 1052241651.6218411 -1052219953.1966239
5.7289242682185382 1057609192.7116685 -1057587450.0795605
5.7289289395573855 1063012382.8289572 -1062990595.8321046
5.7289336108962328 1068451513.8264203 -1068429682.3061628
5.7289382822350801 1073926880.3984878 -1073905004.1953533
5.7289429535739274 1079438780.1133935 -1079416859.0670929
5.7289476249127746 1084987513.4456744 -1084965547.3950953
5.7289522962516211 1090573383.8090897 -1090551372.5922918
5.7289569675904684 1096196697.5899642 -1096174641.044174
5.7289616389293156 1101857764.180959 -1101835662.1425631
5.7289663102681629 1107556896.015281 -1107534748.3198211
5.7289709816070102 1113294408.601337 -1113272215.0835042
5.7289756529458575 1119070620.5578358 -1119048381.0514648
5.7289803242847048 1124885853.6493464 -1124863567.9874098
5.7289849956235521 1130740432.8223183 -1130718100.8369207
5.7289896669623994 1136634686.2415726 -1136612307.7639449
5.7289943383012458 1142568945.3272686 -1142546520.1877618
5.7289990096400931 1148543544.7923529 -1148521072.8204324
5.7290036809789404 1154558822.6804988 -1154536303.7047381
5.7290083523177877 1160615120.4045446 -1160592554.2526195
5.729013023656635 1166712782.7854373 -1166690169.2841196
5.7290176949954823 1172852158.0916862 -1172829497.0668373
5.7290223663343296 1179033598.0793386 -1179010889.3559036
5.7290270376731769 1185257458.0324829 -1185234701.4344847
5.7290317090120242 1191524096.8042855 -1191501292.1548178
5.7290363803508706 1197833876.8585708 -1197811023.9797921
5.7290410516897179 1204187164.3119543 -1204164263.0250812
5.7290457230285652 1210584328.9765327 -1210561379.1018333
5.7290503943674125 1217025744.4031463 -1217002745.7599342
5.7290550657062598 1223511787.9252148 -1223488740.3318419
5.7290597370451071 1230042840.7031579 -1230019743.9770083
5.7290644083839544 1236619287.7694097 -1236596141.7268925
5.7290690797228017 1243241518.074038 -1243218322.5305805
5.729073751061649 1249909924.5309727 -1249886679.3010142
5.7290784224004954 1256624904.0648565 -1256601608.9618406
5.7290830937393427 1263386857.6585243 -1263363512.4948928
5.72908776507819 1270196190.4011245 -1270172794.9883096
5.7290924364170372 1277053311.5368869 -1277029865.6853046
5.7290971077558845 1283958634.5145535 -1283935138.0335963
5.7291017790947318 1290912577.0374761 -1290889029.7355056
5.7291064504335791 1297915561.1143937 -1297891962.7987337
5.7291111217724264 1304968013.1109016 -1304944363.5878308
5.7291157931112737 1312070363.8016179 -1312046662.8763623
5.7291204644501201 1319223048.4230607 -1319199295.8997862
5.7291251357889674 1326426506.7272506 -1326402702.4090555
5.7291298071278147 1333681183.0360451 -1333657326.7249525
5.729134478466662 1340987526.2962143 -1340963617.7931645
5.7291391498055093 1348345990.1352744 -1348322029.2401171
5.7291438211443566 1355757032.9180894 -1355733019.4295759
5.7291484924832039 1363221117.8042502 -1363197051.520026
5.7291531638220512 1370738712.8062453 -1370714593.5228417
5.7291578351608985 1378310290.8484328 -1378286118.3612587
5.7291625064997449 1385936329.8268316 -1385912103.9301662
5.7291671778385922 1393617312.6697392 -1393593033.1567235
5.7291718491774395 1401353727.3991916 -1401329394.0618198
5.7291765205162868 1409146067.1932747 -1409121679.8223863
5.7291811918551341 1416994830.4493089 -1416970388.8345804
5.7291858631939814 1424900520.8479104 -1424876024.7778471
5.7291905345328287 1432863647.4179492 -1432839096.6798761
5.729195205871676 1440884724.6024156 -1440860118.9824691
5.7291998772105233 1448964272.3252087 -1448939611.6083281
5.7292045485493697 1457102816.058867 -1457078100.0287857
5.729209219888217 1465300886.8932483 -1465276115.332485
5.7292138912270643 1473559021.6051781 -1473534194.2950277
5.7292185625659116 1481877762.7290795 -1481852879.4496043
5.7292232339047588 1490257658.6286039 -1490232719.1586246
5.7292279052436061 1498699263.5692773 -1498674267.6863642
5.7292325765824534 1507203137.7921729 -1507178085.2726359
5.7292372479213007 1515769847.5886323 -1515744738.2075121
5.729241919260148 1524399965.3760509 -1524374798.9071097
5.7292465905989944 1533094069.774745 -1533068845.9904568
5.7292512619378417 1541852745.6859136 -1541827464.3574548
5.729255933276689 1550676584.3707182 -1550651245.2679577
5.7292606046155363 1559566183.5304961 -1559540786.4219856
5.7292652759543836 1568522147.3881259 -1568496692.0410907
5.7292699472932309 1577545086.7705595 -1577519572.9508879
5.7292746186320782 1586635619.1925473 -1586610046.6647809
5.7292792899709255 1595794368.9415672 -1595768737.4688909
5.7292839613097728 1605021967.1639843 -1604996276.5082159
5.7292886326486192 1614319051.9524577 -1614293301.8740377
5.7292933039874665 1623686268.4346154 -1623660458.6925967
5.7292979753263138 1633124268.8630185 -1633098399.2150557
5.7293026466651611 1642633712.7064342 -1642607782.9087734
5.7293073180040084 1652215266.7424383 -1652189276.549906
5.7293119893428557 1661869605.1513743 -1661843554.3173671
5.729316660681703 1671597409.6116846 -1671571297.8881578
5.7293213320205503 1681399369.3966389 -1681373196.5340962
5.7293260033593976 1691276181.4724865 -1691249947.2199686
5.729330674698244 1701228550.5980477 -1701202254.7031207
5.7293353460370913 1711257189.4257767 -1711230831.6345215
5.7293400173759386 1721362818.6043148 -1721336398.6613154
5.7293446887147859 1731546166.8825607 -1731519684.5308928
5.7293493600536332 1741807971.2152841 -1741781426.1965034
5.7293540313924805 1752148976.8703034 -1752122368.9244339
5.7293587027313277 1762569937.5372596 -1762543266.402782
5.729363374070175 1773071615.4380121 -1773044880.8518517
5.7293680454090223 1783654781.4386761 -1783627983.1361904
5.7293727167478687 1794320215.1633394 -1794293352.8783064
5.729377388086716 1805068705.1094854 -1805041778.5740912
5.7293820594255633 1815901048.7651417 -1815874057.7099683
5.7293867307644106 1826818052.7277901 -1826790996.8818023
5.7293914021032579 1837820532.8250701 -1837793411.9156036
5.7293960734421052 1848909314.2373004 -1848882127.9900486
5.7294007447809525 1860085231.6218507 -1860057979.7608519
5.7294054161197998 1871349129.2393999 -1871321811.4870243
5.7294100874586471 1882701861.0821099 -1882674477.1590466
5.7294147587974935 1894144291.0037408 -1894116840.6289842
5.7294194301363408 1905677292.851752 -1905649775.7425888
5.7294241014751881 1917301750.601419 -1917274166.4734142
5.7294287728140354 1929018558.4919946 -1928990907.0589783
5.7294334441528827 1940828621.164959 -1940800902.1390126
5.72943811549173 1952732853.8043849 -1952705066.8958271
5.7294427868305773 1964732182.2794616 -1964704327.1968338
5.7294474581694246 1976827543.2892129 -1976799619.7392659
5.7294521295082719 1989019884.5094459 -1988991892.1971252
5.7294568008471183 2001310164.7419698 -2001282103.3704011
5.7294614721859656 2013699354.0661225 -2013671223.336597
5.7294661435248129 2026188433.9926469 -2026160233.6046064
5.7294708148636602 2038778397.6199629 -2038750127.2709854
5.7294754862025075 2051470249.7928648 -2051441909.1786489
5.7294801575413548 2064265007.2636962 -2064236596.0780463
5.7294848288802021 2077163698.8560424 -2077135216.790853
5.7294895002190493 2090167365.6309867 -2090138812.3762274
5.7294941715578966 2103277061.0559685 -2103248436.2996678
5.729498842896743 2116493851.176296 -2116465154.6045256
5.7295035142355903 2129818814.7893627 -2129790046.0862215
5.7295081855744376 2143253043.6216071 -2143224202.4692054
5.7295128569132849 2156797642.5082693 -2156768728.5867119
5.7295175282521322 2170453729.5759912 -2170424742.5633616
5.7295221995909795 2184222436.4283161 -2184193376.0006595
5.7295268709298268 2198104908.3341322 -2198075774.1654382
5.7295315422686741 2212102304.4191222 -2212073096.1813087
5.7295362136075214 2226215797.8602595 -2226186515.2231555
5.7295408849463678 2240446576.0834131 -2240417218.7147403
5.7295455562852151 2254795840.9641237 -2254766408.5294805
5.7295502276240624 2269264809.0315909 -2269235301.1944337
5.7295548989629097 2283854711.67594 -2283825128.0975652
5.729559570301757 2298566795.3588381 -2298537135.6983647
5.7295642416406043 2313402321.8275027 -2313372585.7418542
5.7295689129794516 2328362568.3321691 -2328332755.4760537
5.7295735843182989 2343448827.847074 -2343418937.8729677
5.7295782556571462 2358662409.2950397 -2358632441.8531666
5.7295829269959926 2374004637.7756968 -2373974592.51401
5.7295875983348399 2389476854.7974319 -2389446731.3615947
5.7295922696736872 2405080418.5131278 -2405050216.5464945
5.7295969410125345 2420816703.9597445 -2420786423.1033401
5.7296016123513818 2436687103.3018374 -2436656743.1943383
5.7296062836902291 2452693026.0790715 -2452662586.3567848
5.7296109550290764 2468835899.4578133 -2468805379.7546577
5.7296156263679237 2485117168.486866 -2485086568.43435
5.7296202977067709 2501538296.3574333 -2501507615.5846362
5.7296249690456174 2518100764.6673789 -2518070002.8009281
5.7296296403844647 2534806073.6898732 -2534775230.3539248
5.7296343117233119 2551655742.6465106 -2551624817.4627271
5.7296389830621592 2568651309.9849553 -2568620302.572484
5.7296436544010065 2585794333.6612372 -2585763243.6366887
5.7296483257398538 2603086391.4267664 -2603055218.4041924
5.7296529970787011 2620529081.1201553 -2620497824.7110267
5.7296576684175484 2638124020.9639359 -2638092680.7771196
5.7296623397563957 2655872849.8662672 -2655841425.5080047
5.7296670110952421 2673777227.7277284 -2673745718.8016119
5.7296716824340894 2691838835.7532873 -2691807241.8602366
5.7296763537729367 2710059376.7695494 -2710027697.5077882
5.729681025111784 2728440575.5473995 -2728408810.5124321
5.7296856964506313 2746984179.1301146 -2746952327.9147015
5.7296903677894786 2765691957.1670671 -2765660019.3612013
5.7296950391283259 2784565702.2531128 -2784533677.443995
5.7296997104671732 2803607230.2737894 -2803575118.0458031
5.7297043818060205 2822818380.7564292 -2822786180.6911159
5.7297090531448669 2842201017.2272902 -2842168728.9033237
5.7297137244837142 2861757027.5748401 -2861724650.5680013
5.7297183958225615 2881488324.4193039 -2881455858.3024545
5.7297230671614088 2901396845.4885883 -2901364289.831646
5.7297277385002561 2921484554.000701 -2921451908.3706102
5.7297324098391034 2941753439.0528288 -2941720703.0135374
5.7297370811779507 2962205516.0171676 -2962172689.1295972
5.729741752516798 2982842826.9436312 -2982809908.7656507
5.7297464238556453 3003667440.9696097 -3003634431.0560083
5.7297510951944917 3024681454.7368908 -3024648352.639349
5.729755766533339 3045886992.8158717 -3045853798.0829339
5.7297604378721863 3067286208.1372476 -3067252920.3142924
5.7297651092110335 3088881282.4312787 -3088847901.0604916
5.7297697805498808 3110674426.6748133 -3110640951.2951555
5.7297744518887281 3132667881.5462132 -3132634311.6933937
5.7297791232275754 3154863917.8883352 -3154830253.0947804
5.7297837945664227 3177264837.1797266 -3177231076.9745493
5.72978846590527 3199872972.0142126 -3199839115.923183
5.7297931372441164 3222690686.5890322 -3222656734.1345453
5.7297978085829637 3245720377.2016797 -3245686327.9027247
5.729802479921811 3268964472.7556615 -3268930326.1277905
5.7298071512606583 3292425435.2753191 -3292391190.830615
5.7298118225995056 3316105760.4299049 -3316071417.6769485
5.7298164939383529 3340007978.0670958 -3339973536.5109334
5.7298211652772002 3364134652.7561731 -3364100111.8982835
5.7298258366160475 3388488384.3409996 -3388453743.6792607
5.7298305079548948 3413071808.5030313 -3413037067.5316858
5.7298351792937412 3437887597.334568 -3437852755.544189
5.7298398506325885 3462938459.922461 -3462903516.7999182
5.7298445219714358 3488227142.9424572 -3488192097.9708805
5.7298491933102831 3513756431.2644258 -3513721283.923171
5.7298538646491304 3539529148.5686846 -3539493898.3332973
5.7298585359879777 3565548157.9736443 -3565512804.3158226
5.729863207326825 3591816362.6750259 -3591780905.0625844
5.7298678786656723 3618336706.5968747 -3618301144.4937077
5.7298725500045196 3645112175.0546064 -3645076507.9206495
5.729877221343366 3672145795.4303489 -3672110022.7215414
5.7298818926822133 3699440637.860846 -3699404759.0290923
5.7298865640210606 3726999815.9381618 -3726963830.4312921
5.7298912353599079 3754826487.4234672 -3754790394.6851978
5.7298959066987551 3782923854.9741807 -3782887654.4440751
5.7299005780376024 3811295166.8847523 -3811258857.9981799
5.7299052493764497 3839943717.8413482 -3839907300.0294442
5.729909920715297 3868872849.6907549 -3868836322.3803778
5.7299145920541443 3898085952.2238121 -3898049314.837503
5.7299192633929907 3927586463.9736471 -3927549715.9295864
5.729923934731838 3957377873.0290689 -3957341013.741034
5.7299286060706853 3987463717.8634086 -3987426746.7407298
5.7299332774095326 4017847588.1791482 -4017810504.6266661
5.7299379487483799 4048533125.7686777 -4048495929.186697
5.7299426200872272 4079524025.3915234 -4079486715.1757693
5.7299472914260745 4110824035.6683984 -4110786611.20997
5.7299519627649218 4142436959.992455 -4142399420.6777797
5.7299566341037691 4174366657.4581017 -4174329002.6688886
5.7299613054426155 4206617043.8077278 -4206579272.9209194
5.7299659767814628 4239192092.3967905 -4239154204.7845168
5.7299706481203101 4272095835.1776061 -4272057830.2071342
5.7299753194591574 4305332363.702282 -4305294240.7359676
5.7299799907980047 4338905830.1452227 -4338867588.5404615
5.729984662136852 4372820448.3455782 -4372782087.4547539
5.7299893334756993 4407080494.8701229 -4407042014.0405579
5.7299940048145466 4441690310.0970373 -4441651708.6709394
5.7299986761533939 4476654299.3209515 -4476615576.6353636
5.7300033474922403 4511976933.8798618 -4511938089.2666073
5.7300080188310876 4547662752.304286 -4547623785.0899172
5.7300126901699349 4583716361.4891663 -4583677270.9949083
5.7300173615087822 4620142437.8891039 -4620103223.4308004
5.7300220328476295 4656945728.7374125 -4656906389.6254702
5.7300267041864767 4694131053.2894621 -4694091588.8287945
5.730031375525324 4731703304.0909109 -4731663713.5808811
5.7300360468641713 4769667448.2713957 -4769627731.0057592
5.7300407182030186 4808028528.8642101 -4807988684.1310558
5.730045389541865 4846791666.1525774 -4846751693.2342682
5.7300500608807123 4885962059.0431528 -4885921957.2162666
5.7300547322195596 4925544986.4673281 -4925504755.0025949
5.7300594035584069 4965545808.8109808 -4965505446.9732237
5.7300640748972542 5005969969.3733492 -5005929476.4214201
5.7300687462361015 5046822995.8556271 -5046782371.042345
5.7300734175749488 5088110501.8800335 -5088069744.4521189
5.7300780889137961 5129838188.5400085 -5129797297.738019
5.7300827602526434 5172011845.9823093 -5171970821.040575
5.7300874315914898 5214637355.0216875 -5214596195.1682434
5.7300921029303371 5257720688.7888966 -5257679393.2454147
5.7300967742691844 5301267914.4128389 -5301226482.3945627
5.7301014456080317 5345285194.7375841 -5345243625.4532557
5.730106116946879 5389778790.0751791 -5389737082.7269707
5.7301107882857263 5434755059.9950266 -5434713213.77847
5.7301154596245736 5480220465.1506395 -5480178479.2545519
5.7301201309634209 5526181569.1447821 -5526139442.7511959
5.7301248023022682 5572645040.4337111 -5572602772.7177982
5.7301294736411146 5619617654.2715702 -5619575244.4015675
5.7301341449799619 5667106294.6959076 -5667063741.8330402
5.7301388163188092 5715117956.5552492 -5715075259.8536549
5.7301434876576565 5763659747.5796547 -5763616906.1863041
5.7301481589965038 5812738890.4954166 -5812695903.5500364
5.7301528303353511 5862362725.184886 -5862319591.8198757
5.7301575016741984 5912538710.8924561 -5912495430.23281
5.7301621730130456 5963274428.4779434 -5963230999.6411657
5.7301668443518929 6014577582.7183704 -6014534004.8143921
5.7301715156907393 6066456004.6594515 -6066412276.7905464
5.7301761870295866 6118917654.0179033 -6118873775.2786026
5.7301808583684339 6171970621.6357574 -6171926591.1127605
5.7301855297072812 6225623131.988061 -6225578948.76015
5.7301902010461285 6279883545.7452297 -6279839208.8831778
5.7301948723849758 6334760362.3913479 -6334715870.9578295
5.7301995437238231 6390262222.8998556 -6390217575.9493542
5.7302042150626704 6446397912.4679661 -6446353109.0466805
5.7302088864015177 6503176363.3113165 -6503131402.4570675
5.7302135577403641 6560606657.5203123 -6560561538.2624464
5.7302182290792114 6618698029.9796352 -6618652751.3389254
5.7302229004180587 6677459871.3526621 -6677414432.3412123
5.730227571756906 6736901731.1322107 -6736856130.7533522
5.7302322430957533 6797033320.7594376 -6796987558.0076303
5.7302369144346006 6857864516.8125048 -6857818590.673233
5.7302415857734479 6919405364.266717 -6919359273.7163858
5.7302462571122952 6981666079.828064 -6981619823.8338928
5.7302509284511425 7044657055.3418884 -7044610632.861805
5.7302555997899889 7108388861.2786617 -7108342271.2611885
5.7302602711288362 7172872250.2988768 -7172825491.6830263
5.7302649424676835 7238118160.8989687 -7238071232.6141272
5.7302696138065308 7304137721.1403599 -7304090622.1061764
5.7302742851453781 7370942252.4637804 -7370894981.5900497
5.7302789564842254 7438543273.5910082 -7438495829.7775536
5.7302836278230727 7506952504.5163746 -7506904886.6529284
5.73028829916192 7576181870.5902529 -7576134077.5563374
5.7302929705007672 7646243506.6970091 -7646195537.3618126
5.7302976418396137 7717149761.5297527 -7717101614.7520065
5.7303023131784609 7788913201.9645405 -7788864876.592392
5.7303069845173082 7861546617.5364943 -7861498112.4073811
5.7303116558561555 7935063025.0205011 -7935014338.9610176
5.7303163271950028 8009475673.1193991 -8009426804.9451675
5.7303209985338501 8084798047.2623892 -8084748995.7779255
5.7303256698726974 8161043874.5164957 -8160994638.5150728
5.7303303412115447 8238227128.6142101 -8238177706.8777199
5.730335012550392 8316362035.1003752 -8316312426.3991899
5.7303396838892384 8395463076.6013947 -8395413279.6942234
5.7303443552280857 8475544998.2201357 -8475495011.8538809
5.730349026566933 8556622813.0598564 -8556572635.9694681
5.7303536979057803 8638711807.8805485 -8638661438.7888756
5.7303583692446276 8721827548.891386 -8721776986.5090237
5.7303630405834749 8805985887.6829014 -8805935130.7080383
5.7303677119223222 8891202967.3026848 -8891152014.420948
5.7303723832611695 8977495228.4786358 -8977444078.3629341
5.7303770546000168 9064879415.9934063 -9064828067.3037682
5.7303817259388632 9153372585.2144432 -9153321036.5978546
5.7303863972777105 9242992108.7840424 -9242940358.874279
5.7303910686165578 9333755683.4735031 -9333703730.8909664
5.7303957399554051 9425681337.2059975 -9425629180.5575409
5.7304004112942524 9518787436.252964 -9518735074.1317196
5.7304050826330997 9613092692.608736 -9613040123.5939388
5.730409753971947 9708616171.5483799 -9708563394.2051868
5.7304144253107943 9805377299.3738804 -9805324312.2531948
5.7304190966496416 9903395871.3538532 -9903342672.9921322
5.730423767988488 10002692059.862169 -10002638648.78124
5.7304284393273353 10103286422.72147 -10103232797.428341
5.7304331106661826 10205199911.756746 -10205146070.743408
5.7304377820050298 10308453881.565664 -10308399823.308897
5.7304424533438771 10413070098.511139 -10413015821.472313
5.7304471246827244 10519070749.942686 -10519016252.567554
5.7304517960215717 10626478453.6532 -10626423734.371695
5.730456467360419 10735316267.578169 -10735261324.80419
5.7304611386992663 10845607699.743755 -10845552531.874958
5.7304658100381127 10957376718.47126 -10957321323.888836
5.73047048137696 11070647762.845243 -11070592139.913704
5.7304751527158073 11185445753.452932 -11185389900.51988
5.7304798240546546 11301796103.403021 -11301740018.798925
5.7304844953935019 11419724729.632025 -11419668411.669987
5.7304891667323492 11539258064.506285 -11539201511.481804
5.7304938380711965 11660423067.72871 -11660366277.919445
5.7304985094100438 11783247238.558786 -11783190210.22431
5.7305031807488911 11907758628.35569 -11907701359.737242
5.7305078520877375 12033985853.453772 -12033928342.774006
5.7305125234265848 12161958108.380323 -12161900353.843056
5.7305171947654321 12291705179.425741 -12291647179.215683
5.7305218661042794 12423257458.576742 -12423199210.859241
5.7305265374431267 12556645957.823896 -12556587460.744663
5.730531208781974 12691902323.854088 -12691843575.538925
5.7305358801208213 12829058853.140165 -12828999851.694685
5.7305405514596686 12968148507.439358 -12968089250.9487
5.7305452227985159 13109204929.713472 -13109145416.24202
5.7305498941373623 13252262460.482925 -13252202688.074003
5.7305545654762096 13397356154.628756 -13397296121.304337
5.7305592368150569 13544521798.656031 -13544461502.416431
5.7305639081539042 13693795928.432987 -13693735367.256557
5.7305685794927514 13845215847.420267 -13845155019.263077
5.7305732508315987 13998819645.405725 -13998758548.201242
5.730577922170446 14154646217.761063 -14154584849.419828
5.7305825935092933 14312735285.235737 -14312673643.645035
5.7305872648481406 14473127414.30525 -14473065497.328766
5.730591936186987 14635864038.091864 -14635801843.569342
5.7305966075258343 14800987477.875376 -14800925003.622271
5.7306012788646816 14968540965.212482 -14968478209.019602
5.7306059502035289 15138568664.68413 -15138505624.317274
5.7306106215423762 15311115697.29129 -15311052370.490879
5.7306152928812235 15486228164.519474 -15486164549.000175
5.7306199642200708 15663953173.093725 -15663889266.544067
5.7306246355589181 15844338860.446213 -15844274660.528194
5.7306293068977654 16027434420.920116 -16027369925.268816
5.7306339782366118 16213290132.73267 -16213225338.955833
5.7306386495754591 16401957385.722336 -16401892291.399969
5.7306433209143064 16593488709.906788 -16593423312.590736
5.7306479922531537 16787937804.876888 -16787872102.090408
5.730652663592001 16985359570.054834 -16985293559.29216
5.7306573349308483 17185810135.84523 -17185743814.571129
5.7306620062696956 17389346895.708443 -17389280261.357758
5.7306666776085429 17596028539.187004 -17595961589.164204
5.7306713489473902 17805915085.916748 -17805847817.595444
5.7306760202862375 18019067920.656403 -18019000331.378887
5.7306806916250839 18235549829.368271 -18235481916.445015
5.7306853629639312 18455425036.386635 -18455356797.095798
5.7306900343027785 18678759242.711666 -18678690674.298592
5.7306947056416258 18905619665.46484 -18905550765.141533
5.730699376980473 19136075078.547337 -19136005843.49194
5.7307040483193203 19370195854.542313 -19370126281.898571
5.7307087196581676 19608054007.902702 -19607984094.779419
5.7307133909970149 19849723239.470055 -19849652982.940525
5.7307180623358622 20095278982.370823 -20095208379.472271
5.7307227336747086 20344798449.336826 -20344727497.069828
5.7307274050135559 20598360681.499752 -20598289376.827637
5.7307320763524032 20856046598.711304 -20855974938.559551
5.7307367476912505 21117939051.445072 -21117867032.700703
5.7307414190300978 21384122874.331921 -21384050493.842865
5.7307460903689451 21654684941.389427 -21654612195.963879
5.7307507617077924 21929714223.005287 -21929641109.41106
5.7307554330466397 22209301844.736031 -22209228359.699886
5.730760104385487 22493541147.987656 -22493467288.194626
5.7307647757243334 22782527752.64521 -22782453514.7379
5.7307694470631807 23076359621.721199 -23076285002.299072
5.730774118402028 23375137128.097588 -23375062123.716255
5.7307787897408753 23678963123.435955 -23678887730.606434
5.7307834610797226 23987943009.334866 -23987867224.522816
5.7307881324185699 24302184810.818588 -24302108630.443554
5.7307928037574172 24621799252.242409 -24621722672.677032
5.7307974750962645 24946899835.702347 -24946822853.271564
5.7308021464351118 25277602922.043301 -25277525533.023521
5.7308068177739582 25614027814.563087 -25613950015.181355
5.7308114891128055 25956296845.513577 -25956218631.94672
5.7308161604516528 26304535465.50285 -26304456833.876617
5.7308208317905001 26658872335.905525 -26658793282.293678
5.7308255031293474 27019439424.400726 -27019359944.824139
5.7308301744681946 27386372103.752655 -27386292194.178387
5.7308348458070419 27759809253.957764 -27759728910.2981
5.7308395171458892 28139893367.888618 -28139812586.000103
5.7308441884847365 28526770660.57024 -28526689436.252689
5.7308488598235829 28920591182.226254 -28920509511.221733
5.7308535311624302 29321508935.243019 -29321426813.23481
5.7308582025012775 29729681995.205524 -29729599417.81707
5.7308628738401248 30145272636.162163 -30145189598.955982
5.7308675451789721 30568447460.283363 -30568363958.759937
5.7308722165178194 30999377532.093555 -30999293561.690205
5.7308768878566667 31438238517.452801 -31438154073.542522
5.730881559195514 31885210827.476158 -31885125905.366444
5.7308862305343613 32340479767.592716 -32340394362.524342
5.7308909018732077 32804235691.947128 -32804149799.092915
5.730895573212055 33276674163.359959 -33276587777.823502
5.7309002445509023 33757996119.073326 -33757909235.887707
5.7309049158897496 34248408042.515362 -34248320656.641815
5.7309095872285969 34748122141.330414 -34748034247.656975
5.7309142585674442 35257356531.931107 -35257268125.271233
5.7309189299062915 35776335430.838341 -35776246505.929459
5.7309236012451388 36305289353.101067 -36305199904.603149
5.7309282725839861 36844455318.078789 -36844365340.572853
5.7309329439228325 37394077062.898911 -37393986550.885498
5.7309376152616798 37954405263.907303 -37954314211.804916
5.7309422866005271 38525697766.453499 -38525606168.597008
5.7309469579393744 39108219823.364326 -39108127674.003319
5.7309516292782217 39702244342.471024 -39702151635.768143
5.730956300617069 40308052143.580338 -40307958873.60955
5.7309609719559162 40925932225.290352 -40925838386.03521
5.7309656432947635 41556182042.080231 -41556087627.43206
5.7309703146336108 42199107792.116135 -42199012795.872185
5.7309749859724572 42855024716.238487 -42854929132.100037
5.7309796573113045 43524257408.628555 -43524161230.198982
5.7309843286501518 44207140139.655441 -44207043360.438225
5.7309889999889991 44904017191.444534 -44903919804.84124
5.7309936713278464 45615243206.735771 -45615145206.04393
5.7309983426666937 46341183551.619133 -46341084930.030121
5.731003014005541 47082214692.775871 -47082115443.372704
5.7310076853443883 47838724589.868889 -47838624705.623978
5.7310123566832356 48611113103.770775 -48611012577.54361
5.731017028022082 49399792421.35099 -49399691245.885757
5.7310216993609293 50205187497.582344 -50205085665.505524
5.7310263706997766 51027736515.744995 -51027634019.562843
5.7310310420386239 51867891366.579353 -51867788198.675346
5.7310357133774712 52726118147.257553 -52726014299.889771
5.7310403847163185 53602897681.095314 -53602793146.393715
5.7310450560551658 54498726058.983093 -54498620828.946785
5.7310497273940131 55414115203.545624 -55414009270.039986
5.7310543987328604 56349593457.113129 -56349486811.866905
5.7310590700717068 57305706194.636589 -57305598829.238884
5.7310637414105541 58283016462.735092 -58282908368.632301
5.7310684127494014 59282105646.119553 -59281996814.612198
5.7310730840882487 60303574162.730461 -60303464584.969925
5.731077755427096 61348042188.9739 -61347931855.959106
5.7310824267659433 62416150416.520195 -62416039319.094154
5.7310870981047906 63508560842.216553 -63508448971.062843
5.7310917694436379 64625957592.753609 -64625844938.392754
5.7310964407824851 65769047785.787193 -65768934338.572922
5.7311011121213316 66938562429.342453 -66938448179.45787
5.7311057834601788 68135257361.416595 -68135142298.870239
5.7311104547990261 69359914231.797394 -69359798346.419174
5.7311151261378734 70613341528.241196 -70613224809.678223
5.7311197974767207 71896375649.265213 -71896258086.977509
5.731124468815568 73209882025.930527 -73209763609.186584
5.7311291401544153 74554756295.140778 -74554637013.013031
5.7311338114932626 75931925527.136383 -75931805368.496536
5.7311384828321099 77342349509.979263 -77342228463.493439
5.7311431541709563 78787022094.007355 -78786900148.131149
5.7311478255098036 80266972599.437637 -80266849742.411011
5.7311524968486509 81783267290.43927 -81783143510.281265
5.7311571681874982 83337010919.223648 -83336886203.72699
5.7311618395263455 84929348343.866989 -84929222680.592468
5.7311665108651928 86561466223.877609 -86561339600.148331
5.7311711822040401 88234594797.695145 -88234467200.590591
5.7311758535428874 89950009746.570175 -89949881162.92009
5.7311805248817347 91709034149.579926 -91708904565.957993
5.7311851962205811 93513040534.761444 -93512909937.478775
5.7311898675594284 95363453031.724594 -95363321406.823029
5.7311945388982757 97261749631.387161 -97261616964.632324
5.731199210237123 99209464558.81839 -99209330835.692551
5.7312038815759703 101208190765.62027 -101208055971.31497
5.7312085529148176 103259582548.56525 -103259446667.97368
5.7312132242536649 105365358301.76031 -105365221319.46947
5.7312178955925122 107527303409.97511 -107527165310.25763
5.7312225669313595 109747273291.30032 -109747134058.10617
5.7312272382702059 112027196597.81644 -112027056214.76419
5.7312319096090532 114369078583.51889 -114368937033.8868
5.7312365809479004 116775004649.40732 -116774861916.12405
5.7312412522867477 119247144076.14114 -119247000141.77626
5.731245923625595 121787753955.52336 -121787608802.27739
5.7312505949644423 124399183332.74722 -124399036942.44147
5.7312552663032896 127083877572.07985 -127083729926.14578
5.7312599376421369 129844382959.64307 -129844234039.11143
5.7312646089809842 132683351557.78148 -132683201343.27097
5.7312692803198306 135603546326.49396 -135603394798.19948
5.7312739516586779 138607846528.5256 -138607693666.20618
5.7312786229975252 141699253435.78964 -141699099218.7558
5.7312832943363725 144880896356.21286 -144880740763.31372
5.7312879656752198 148156039001.04129 -148155882010.651
5.7312926370140671 151528086214.52942 -151527927804.53326
5.7312973083529144 155000591089.09503 -155000431236.87497
5.7313019796917617 158577262490.9241 -158577101173.34372
5.731306651030609 162261973022.70752 -162261810216.0965
5.7313113223694554 166058767452.26331 -166058603132.40131
5.7313159937083027 169971871637.58896 -169971705779.6889
5.73132066504715 174005701981.42221 -174005534560.11288
5.7313253363859973 178164875450.78568 -178164706440.09372
5.7313300077248446 182454220199.51736 -182454049572.8486
5.7313346790636919 186878786834.74615 -186878614564.86612
5.7313393504025392 191443860371.39194 -191443686430.40567
5.7313440217413865 196154972922.1254 -196154797281.45648
5.7313486930802338 201017917173.81778 -201017739804.18658
5.7313533644190802 206038760705.40619 -206038581576.80719
5.7313580357579275 211223861206.35959 -211223680288.03772
5.7313627070967748 216579882660.11707 -216579699920.5433
5.7313673784356221 222113812561.11517 -222113627967.96097
5.7313720497744693 227832980239.94678 -227832793760.05753
5.7313767211133166 233745076377.35208 -233744887976.71939
5.7313813924521639 239858173794.03488 -239857983437.76788
5.7313860637910112 246180749610.50842 -246180557262.80368
5.7313907351298585 252721708878.57623 -252721514502.68652
5.7313954064687049 259490409795.21268 -259490213353.41437
5.7314000778075522 266496690618.19717 -266496492071.7562
5.7314047491463995 273750898413.37384 -273750697722.51025
5.7314094204852468 281263919774.2644 -281263716898.11542
5.7314140918240941 289047213666.49762 -289047008563.07886
5.7314187631629414 297112846563.57141 -297112639189.73669
5.7314234345017887 305473530054.18121 -305473320365.58032
5.731428105840636 314142661117.43744 -314142449068.47211
5.7314327771794833 323134365279.79663 -323134150823.5744
5.7314374485183297 332463542887.09637 -332463325975.38257
5.731442119857177 342145918745.23853 -342145699328.40582
5.7314467911960243 352198095406.27588 -352197873433.25153
5.7314514625348716 362637610403.55792 -362637385821.76862
5.7314561338737189 373482997765.23114 -373482770520.54517
5.7314608052125662 384753854168.38867 -384753624205.0553
5.7314654765514135 396470910129.55365 -396470677390.13959
5.7314701478902608 408656106664.79242 -408655871090.1153
5.7314748192291081 421332677893.9809 -421332439423.03931
5.7314794905679545 434525240110.60931 -434524998680.50946
5.7314841619068018 448259887889.71582 -448259643435.59442
5.7314888332456491 462564297862.65613 -462564050317.59955
5.7314935045844964 477467840850.21118 -477467590145.17041
5.7314981759233437 493001703114.5863 -493001449178.28748
5.7315028472621909 509199017569.47382 -509198760328.32404
5.7315075186010382 526095005874.41876 -526094745252.40717
5.7315121899398855 543727132433.22473 -543726868351.81812
5.7315168612787328 562135271425.49658 -562135003803.52942
5.7315215326175792 581361888119.28027 -581361616872.83899
5.7315262039564265 601452235846.51111 -601451960888.81201
5.7315308752952738 622454570171.50781 -622454291412.7677
5.7315355466341211 644420381952.57495 -644420099299.87524
5.7315402179729684 667404651185.34656 -667404364542.48962
5.7315448893118157 691466123716.98242 -691465832984.33911
5.731549560650663 716667613174.97266 -716667318249.32166
5.7315542319895103 743076330708.51074 -743076031482.86841
5.7315589033283576 770764245438.94495 -770763941802.38501
5.731563574667204 799808478866.83093 -799808170704.29358
5.7315682460060513 830291736851.19751 -830291424043.28674
5.7315729173448986 862302783221.91125 -862302465644.68018
5.7315775886837459 895936959568.3042 -895936637093.02661
5.7315822600225932 931296756310.76855 -931296428803.69702
5.7315869313614405 968492440782.92517 -968492108105.03308
5.7315916027002878 1007642748778.9066 -1007642410785.614
5.7315962740391351 1048875646836.7618 -1048875303377.6438
5.7316009453779824 1092329173463.9753 -1092328824382.4508
5.7316056167168288 1138152368573.4888 -1138152013706.489
5.7316102880556761 1186506301621.5852 -1186505940799.2
5.7316149593945234 1237565210335.7603 -1237564843380.8601
5.7316196307333707 1291517763535.1953 -1291517390263.0271
5.731624302072218 1348568463393.5864 -1348568083611.3418
5.7316289734110653 1408939204601.6345 -1408938818107.9871
5.7316336447499125 1472871010375.1582 -1472870616959.7678
5.7316383160887598 1540625968079.5171 -1540625567522.4978
5.7316429874276071 1612489390533.5205 -1612488982604.8701
5.7316476587664535 1688772232889.9683 -1688771817348.9541
5.7316523301053008 1769813799406.0854 -1769813376000.5852
5.7316570014441481 1855984779632.2034 -1855984348097.9937
5.7316616727829954 1947690659579.4722 -1947690219639.4631
5.7316663441218427 2045375560518.7991 -2045375111882.2073
5.73167101546069 2149526566352.8772 -2149526108714.3328
5.7316756867995373 2260678610295.7979 -2260678143334.3789
5.7316803581383846 2379420003101.6543 -2379419526479.8408
5.7316850294772319 2506398698650.4492 -2506398212012.9907
5.7316897008160783 2642329408826.6777 -2642328911799.3623
5.7316943721549256 2788001698806.7969 -2788001190995.1138
5.7316990434937729 2944289216517.833 -2944288697505.5176
5.7317037148326202 3112160237379.3823 -3112159706726.8311
5.7317083861714675 3292689737801.7461 -3292689195044.2852
5.7317130575103148 3487073250134.4438 -3487072694780.4399
5.7317177288491621 3696642798626.228 -3696642230155.0176
5.7317224001880094 3922885272950.7598 -3922884690810.3809
5.7317270715268567 4167463664707.4199 -4167463068312.1216
5.7317317428657031 4432241675997.5488 -4432241064725.0508
5.7317364142045504 4719312311378.0352 -4719311684566.5117
5.7317410855433977 5031031189481.3506 -5031030546426.0996
5.731745756882245 5370055464576.7754 -5370054804526.5342
5.7317504282210923 5739389437963.7754 -5739388760116.6406
5.7317550995599396 6142438174090.5771 -6142437477589.4785
5.7317597708987869 6583070728225.5479 -6583070012153.209
5.7317644422376341 7065694957656.4189 -7065694221029.7402
5.7317691135764814 7595346346797.125 -7595345588560.9082
5.7317737849153279 8177793853463.6357 -8177793072483.5566
5.7317784562541751 8819666515092.8203 -8819665710147.5391
5.7317831275930224 9528605483786.4688 -9528604653558.7422
5.7317877989318697 10313447353132.566 -10313446496199.23
5.731792470270717 11184446169132.535 -11184445283953.152
5.7317971416095643 12153543505544.182 -12153542590448.162
