# serie phase 2 p4_w2.27_c1.05_dt2s4_k2 : t x1 x2 (dt2=2.3996659541194016e-06, depart t=23.334 etat bascule x1 x2 v1 v2 = -1718140.7509984067 1710523.97707853 -85434728.4527217 85244966.02208066)
23.410405363979162 -332558433132.0061 332555075099.97876
23.410407763645118 -333395476145.1286 333392113889.68701
23.41041016331107 -334235154351.7489 334231787864.92035
23.410412562977026 -335077477713.5462 335074106987.33789
23.410414962642978 -335922456236.16138 335919081262.5603
23.410417362308934 -336770099969.41864 336766720740.3916
23.410419761974886 -337620419007.54883 337617035515.04242
23.410422161640842 -338473423489.41382 338470035725.35425
23.410424561306794 -339329123598.73199 339325731555.02509
23.41042696097275 -340187529564.30542 340184133232.83655
23.410429360638702 -341048651660.24792 341045251032.88196
23.410431760304657 -341912500206.21466 341909095274.79578
23.410434159970613 -342779085567.63293 342775676323.9848
23.410436559636565 -343648418155.93451 343645004591.85992
23.410438959302521 -344520508428.78888 344517090536.06989
23.410441358968473 -345395366890.33838 345391944660.73621
23.410443758634429 -346273004091.43427 346269577516.68921
23.410446158300381 -347153430629.87415 347149999701.70557
23.410448557966337 -348036657150.64087 348033221860.74701
23.410450957632289 -348922694346.14276 348919254686.20074
23.410453357298245 -349811552956.45538 349808108918.12115
23.4104557569642 -350703243769.56439 350699795344.47266
23.410458156630153 -351597777621.61005 351594324801.37415
23.410460556296108 -352495165397.133 352491708173.34491
23.410462955962061 -353395418029.32153 353391956393.55176
23.410465355628016 -354298546500.26019 354295080444.05768
23.410467755293968 -355204561841.17987 355201091356.07202
23.410470154959924 -356113475132.70941 356110000210.20197
23.410472554625876 -357025297505.12842 357021818136.70532
23.410474954291832 -357940040138.62177 357936556315.74524
23.410477353957784 -358857714263.5354 358854225977.64575
23.41047975362374 -359778331160.63385 359774838403.14941
23.410482153289696 -360701902161.35895 360698404923.67609
23.410484552955648 -361628438648.09033 361624936921.58325
23.410486952621604 -362557952054.40717 362554445830.42798
23.410489352287556 -363490453865.35162 363486943135.23022
23.410491751953511 -364425955617.69366 364422440372.73761
23.410494151619464 -365364468900.19751 365360949131.69202
23.410496551285419 -366306005353.88971 366302481053.09753
23.410498950951371 -367250576672.32843 367247047830.48987
23.410501350617327 -368198194601.87482 368194661210.20746
23.410503750283283 -369148870941.96545 369145332991.66431
23.410506149949235 -370102617545.38684 370099075027.62415
23.410508549615191 -371059446318.55121 371055899224.47638
23.410510949281143 -372019369221.77386 372015817542.51349
23.410513348947099 -372982398269.55243 372978841996.21014
23.410515748613051 -373948545530.84735 373944984654.50372
23.410518148279007 -374917823129.3642 374914257641.07672
23.410520547944959 -375890243243.83789 375886673134.64087
23.410522947610914 -376865818108.31818 376862243369.22266
23.410525347276867 -377844560012.45697 377840980634.45062
23.410527746942822 -378826481301.7973 378822897275.84448
23.410530146608778 -379811594378.06415 379808005695.10565
23.41053254627473 -380799911699.45667 380796318350.40979
23.410534945940686 -381791445780.94238 381787847756.70074
23.410537345606638 -382786209194.55298 382782606485.98651
23.410539745272594 -383784214569.68188 383780607167.63666
23.410542144938546 -384785474593.38354 384781862488.68188
23.410544544604502 -385790002010.67462 385786385194.11481
23.410546944270454 -386797809624.83655 386794188087.19293
23.41054934393641 -387808910297.72046 387805284029.74323
23.410551743602362 -388823316950.05328 388819685942.46844
23.410554143268318 -389841042561.74615 389837406805.25549
23.410556542934273 -390862100172.20447 390858459657.48541
23.410558942600225 -391886502880.63953 391882857598.34503
23.410561342266181 -392914263846.38245 392910613787.14105
23.410563741932133 -393945396289.19965 393941741443.6153
23.410566141598089 -394979913489.61023 394976253848.26221
23.410568541264041 -396017828789.20526 396014164342.64813
23.410570940929997 -397059155590.96887 397055486329.7323
23.410573340595949 -398103907359.6015 398100233274.19031
23.410575740261905 -399152097621.84491 399148418702.73889
23.410578139927861 -400203739966.80896 400200056204.46289
23.410580539593813 -401258848046.3006 401255159431.1441
23.410582939259768 -402317435575.15454 402313742097.59198
23.410585338925721 -403379516331.56616 403375817981.97662
23.410587738591676 -404445104157.42621 404441400926.16333
23.410590138257628 -405514212958.65753 405510504836.0495
23.410592537923584 -406586856705.55389 406583143681.90338
23.410594937589536 -407663049433.12061 407659331498.70453
23.410597337255492 -408742805241.41742 408739082386.487
23.410599736921444 -409826138295.90338 409822410510.68408
23.4106021365874 -410913062827.78369 410909330102.47498
23.410604536253356 -412003593134.35864 411999855459.13403
23.410606935919308 -413097743579.37482 413094000944.38171
23.410609335585264 -414195528593.37805 414191780988.73779
23.410611735251216 -415296962674.06879 415293210089.87634
23.410614134917171 -416402060386.65948 416398302812.98352
23.410616534583124 -417510836364.23425 417507073791.117
23.410618934249079 -418623305308.11047 418619537725.56769
23.410621333915032 -419739481988.20264 419735709386.22345
23.410623733580987 -420859381243.38824 420855603611.93512
23.410626133246943 -421983017981.87628 421979235310.88483
23.410628532912895 -423110407181.57764 423106619460.9566
23.410630932578851 -424241563890.47772 424237771110.10901
23.410633332244803 -425376503227.01147 425372705376.74982
23.410635731910759 -426515240380.44049 426511437450.11353
23.410638131576711 -427657790611.23248 427653982590.64062
23.410640531242667 -428804169251.44312 428800356130.35944
23.410642930908619 -429954391705.09985 429950573473.27002
23.410645330574575 -431108473448.5885 431104650095.73065
23.410647730240527 -432266430031.04193 432262601546.84668
23.410650129906482 -433428277074.7312 433424443448.86133
23.410652529572438 -434594030275.45874 434590191497.54938
23.41065492923839 -435763705402.95447 435759861462.61279
23.410657328904346 -436937318301.27374 436933469188.07898
23.410659728570298 -438114884889.19818 438111030592.70154
23.410662128236254 -439296421160.63861 439292561670.3631
23.410664527902206 -440481943185.04047 440478078490.48083
23.410666927568162 -441671467107.79187 441667597198.41449
23.410669327234114 -442865009150.63409 442861134015.87689
23.41067172690007 -444062585612.07458 444058705241.34705
23.410674126566025 -445264212867.80231 445260327250.48517
23.410676526231978 -446469907371.10559 446466016496.5509
23.410678925897933 -447679685653.29297 447675789510.82391
23.410681325563885 -448893564324.11609 448889662903.02698
23.410683725229841 -450111560072.19543 450107653361.75153
23.410686124895793 -451333689665.44861 451329777654.88599
23.410688524561749 -452559969951.52124 452556052630.04681
23.410690924227701 -453790417858.22058 453786495215.0119
23.410693323893657 -455025050393.9516 455021122418.15686
23.410695723559609 -456263884648.15601 456259951328.89374
23.410698123225565 -457506937791.7536 457502999118.11285
23.410700522891521 -458754227077.58673 458750283038.62677
23.410702922557473 -460005769840.86719 460001820425.61743
23.410705322223428 -461261583499.62598 461257628697.08594
23.410707721889381 -462521685555.16583 462517725354.30499
23.410710121555336 -463786093592.51642 463782127982.27411
23.410712521221289 -465054825280.89252 465050854250.17786
23.410714920887244 -466327898374.15491 466323921911.84668
23.410717320553196 -467605330711.27411 467601348806.22058
23.410719720219152 -468887140216.79694 468883152857.81592
23.410722119885104 -470173344901.3161 470169352077.19476
23.41072451955106 -471463962861.9425 471459964561.43713
23.410726919217016 -472759012282.78046 472755008494.61658
23.410729318882968 -474058511435.40625 474054502148.27838
23.410731718548924 -475362478679.34918 475358463881.92078
23.410734118214876 -476670932462.57574 476666912143.47913
23.410736517880832 -477983891321.97668 477979865469.81281
23.410738917546784 -479301373883.8573 479297342487.19574
23.410741317212739 -480623398864.43073 480619361911.80957
23.410743716878692 -481949985070.31439 481945942550.24011
23.410746116544647 -483281151399.02917 483277103299.9765
23.410748516210603 -484616916839.50201 484612863149.91382
23.410750915876555 -485957300472.57159 485953241180.85889
23.410753315542511 -487302321471.49719 487298256566.03882
23.410755715208463 -488651999102.4704 488647928571.61316
23.410758114874419 -490006352725.13062 490002276557.18896
23.410760514540371 -491365401793.08301 491361319976.33899
23.410762914206327 -492729165854.42029 492725078377.12347
23.410765313872279 -494097664552.24774 494093571402.61511
23.410767713538235 -495470917625.21118 495466818791.42694
23.410770113204187 -496848944908.02838 496844840378.24396
23.410772512870142 -498231766332.02405 498227656094.35791
23.410774912536098 -499619401925.66766 499615285968.20514
23.41077731220205 -501011871815.11511 501007750125.90839
23.410779711868006 -502409196224.75366 502405068791.82166
23.410782111533958 -503811395477.75018 503807262289.07837
23.410784511199914 -505218489996.60297 505214351040.14325
23.410786910865866 -506630500303.6969 506626355567.36761
23.410789310531822 -508047447021.8623 508043296493.54797
23.410791710197774 -509469350874.93695 509465194542.48822
23.41079410986373 -510896232688.33209 510892070539.56555
23.410796509529685 -512328113389.60181 512323945412.29999
23.410798909195638 -513765014009.01581 513760840190.92706
23.410801308861593 -515206955680.13605 515202776008.97424
23.410803708527546 -516653959640.39691 516649774103.84149
23.410806108193501 -518106047231.68915 518101855817.38495
23.410808507859453 -519563239900.94757 519559042596.5047
23.410810907525409 -521025559200.74213 521021355993.73578
23.410813307191361 -522493026789.87305 522488817667.84357
23.410815706857317 -523965664433.96979 523961449384.42236
23.410818106523269 -525443494006.09338 525439273016.49799
23.410820506189225 -526926537487.34314 526922310545.1344
23.410822905855181 -528414816967.46674 528410584060.04382
23.410825305521133 -529908354645.47449 529904115760.20099
23.410827705187089 -531407172830.25751 531402927954.4613
23.410830104853041 -532911293941.20972 532907043062.18286
23.410832504518996 -534420740508.85364 534416483613.85211
23.410834904184949 -535935535175.47058 535931272251.71436
23.410837303850904 -537455700695.73468 537451431730.40747
23.410839703516857 -538981259937.35101 538976984917.60022
23.410842103182812 -540512235881.69739 540507954794.63391
23.410844502848764 -542048651624.47076 542044364457.16882
23.41084690251472 -543590530376.33771 543586237115.8349
23.410849302180676 -545137895463.58899 545133596096.88599
23.410851701846628 -546690770328.79803 546686464842.85852
23.410854101512584 -548249178531.48395 548244866913.23444
23.410856501178536 -549813143748.77881 549808825985.10864
23.410858900844492 -551382689776.09912 551378365853.85999
23.410861300510444 -552957840527.82178 552953510433.828
23.4108637001764 -554538620037.9646 554534283758.99292
23.410866099842352 -556125052460.87012 556120709983.65942
23.410868499508307 -557717162071.89478 557712813383.146
23.410870899174263 -559314973268.10217 559310618354.47815
23.410873298840215 -560918510568.96118 560914149417.08655
23.410875698506171 -562527798617.04822 562523431213.50928
23.410878098172123 -564142862178.75415 564138488510.09863
23.410880497838079 -565763726144.99573 565759346197.73279
23.410882897504031 -567390415531.93225 567386029292.53223
23.410885297169987 -569022955481.68567 569018562936.5802
23.410887696835939 -570661371263.06641 570656972398.64795
23.410890096501895 -572305688272.30273 572301283074.92456
23.410892496167847 -573955932033.776 573951520489.75208
23.410894895833803 -575612128200.76038 575607710296.36523
23.410897295499758 -577274302556.16687 577269878277.6355
23.41089969516571 -578942481013.29285 578938050346.82031
23.410902094831666 -580616689616.57605 580612252548.31763
23.410904494497618 -582296954542.35364 582292511058.42456
23.410906894163574 -583983302099.62622 583978852186.10156
23.410909293829526 -585675758730.82666 585671302373.74109
23.410911693495482 -587374351012.59399 587369888197.94177
23.410914093161434 -589079105656.5531 589074636370.28784
23.41091649282739 -590790049510.0979 590785573738.13257
23.410918892493346 -592507209557.18127 592502727285.3877
23.410921292159298 -594230612919.10889 594226124133.31799
23.410923691825253 -595960286855.33936 595955791541.3407
23.410926091491206 -597696258764.28894 597691756907.83093
23.410928491157161 -599438556184.14209 599434047770.9314
23.410930890823114 -601187206793.66577 601182691809.36768
23.410933290489069 -602942238413.03101 602937716843.2688
23.410935690155021 -604703679004.63879 604699150834.99365
23.410938089820977 -606471556673.95239 606467021889.96362
23.410940489486929 -608245899670.33411 608241358257.49866
23.410942889152885 -610026736387.88721 610022188331.65955
23.410945288818841 -611814095366.30493 611809540652.09705
23.410947688484793 -613608005291.72424 613603443904.90515
23.410950088150749 -615408494997.58459 615403926923.48071
23.410952487816701 -617215593465.4939 617211018689.38831
23.410954887482657 -619029329826.09888 619024748333.23169
23.410957287148609 -620849733359.96155 620845145135.5293
23.410959686814564 -622676833498.44153 622672238527.59741
23.410962086480517 -624510659824.58484 624506058092.43823
23.410964486146472 -626351242074.01721 626346633565.63367
23.410966885812424 -628198610135.84436 628193994836.24536
23.41096928547838 -630052794053.55823 630048171947.72107
23.410971685144336 -631913824025.94934 631909195098.80713
23.410974084810288 -633781730408.02466 633777094644.46582
23.410976484476244 -635656543711.93127 635651901096.79968
23.410978884142196 -637538294607.88757 637533645125.9823
23.410981283808152 -639427013925.11926 639422357561.19434
23.410983683474104 -641322732652.80212 641318069391.56641
23.41098608314006 -643225481941.01135 643220811767.12817
23.410988482806012 -645135293101.67712 645130615999.76453
23.410990882471967 -647052197609.54688 647047513564.17725
23.410993282137923 -648976227103.15283 648971536098.85266
23.410995681803875 -650907413385.78699 650902715407.03674
23.410998081469831 -652845788426.48254 652841083457.71643
23.411000481135783 -654791384361.00159 654786672386.60767
23.411002880801739 -656744233492.82983 656739514497.14941
23.411005280467691 -658704368294.17761 658699642261.50549
23.411007680133647 -660671821406.98804 660667088321.57202
23.411010079799599 -662646625643.95117 662641885489.99207
23.411012479465555 -664628813989.52612 664624066751.17749
23.411014879131507 -666618419600.96924 666613665262.33728
23.411017278797463 -668615475809.36926 668610714354.51257
23.411019678463418 -670620016120.6897 670615247533.61902
23.411022078129371 -672632074216.8186 672627298481.49683
23.411024477795326 -674651683956.62476 674646901056.9668
23.411026877461278 -676678879377.02087 676674089296.89307
23.411029277127234 -678713694694.03455 678708897417.255
23.411031676793186 -680756164303.88696 680751359814.22485
23.411034076459142 -682806322784.07727 682801511065.25317
23.411036476125094 -684864204894.47632 684859385930.16174
23.41103887579105 -686929845578.4259 686925019352.24304
23.411041275457006 -689003279963.84656 688998446459.36829
23.411043675122958 -691084543364.35303 691079702565.10266
23.411046074788914 -693173671280.37646 693168823169.82739
23.411048474454866 -695270699400.29504 695265843961.87097
23.411050874120821 -697375663601.57202 697370800818.64624
23.411053273786774 -699488599951.90112 699483729807.79663
23.411055673452729 -701609544710.36096 701604667188.35034
23.411058073118681 -703738534328.57629 703733649411.88135
23.411060472784637 -705875605451.88708 705870713123.67871
23.411062872450589 -708020794920.52576 708015895163.92383
23.411065272116545 -710174139770.80322 710169232568.8761
23.411067671782501 -712335677236.302 712330762572.06677
23.411070071448453 -714505444749.07861 714500522605.50049
23.411072471114409 -716683479940.87292 716678550300.86548
23.411074870780361 -718869820644.3269 718864883490.75134
23.411077270446317 -721064504894.21069 721059560209.8761
23.411079670112269 -723267570928.65869 723262618696.32153
23.411082069778224 -725479057190.41309 725474097392.77734
23.411084469444177 -727699002328.07544 727694034947.79211
23.411086869110132 -729927445197.36755 729922470217.03442
23.411089268776085 -732164424862.40137 732159442264.56311
23.41109166844204 -734409980596.9574 734404990364.1051
23.411094068107996 -736664151885.77161 736659154000.34277
23.411096467773948 -738926978425.83093 738921972870.20911
23.411098867439904 -741198500127.67834 741193486884.19287
23.411101267105856 -743478757116.72705 743473736167.65295
23.411103666771812 -745767789734.58398 745762761062.14185
23.411106066437764 -748065638540.38171 748060602126.7373
23.41110846610372 -750372344312.12012 750367300139.38428
23.411110865769672 -752687948048.01721 752682896098.24561
23.411113265435628 -755012490967.86902 755007431223.06213
23.411115665101583 -757346014514.41931 757340946956.52185
23.411118064767535 -759688560354.73853 759683484965.6394
23.411120464433491 -762040170381.61316 762035087143.14526
23.411122864099443 -764400886714.94409 764395795608.88403
23.411125263765399 -766770751703.15503 766765652711.22302
23.411127663431351 -769149807924.61084 769144701028.47046
23.411130063097307 -771538098189.04456 771532983370.30249
23.411132462763259 -773935665538.99573 773930542779.20142
23.411134862429215 -776342553251.25879 776337422531.90442
23.411137262095167 -778758804838.34155 778753666140.86182
23.411139661761123 -781184464049.93286 781179317355.70459
23.411142061427078 -783619574874.38147 783614420164.72351
23.411144461093031 -786064181540.18506 786059018796.35803
23.411146860758986 -788518328517.48999 788513157720.69617
23.411149260424938 -790982060519.60095 790976881650.98376
23.411151660090894 -793455422504.50171 793450235545.14575
23.411154059756846 -795938459676.38696 795933264607.3175
23.411156459422802 -798431217487.20435 798426014289.38745
23.411158859088754 -800933741638.20764 800928530292.5498
23.41116125875471 -803446078081.52039 803440858568.86816
23.411163658420666 -805968273021.71094 805963045322.85083
23.411166058086618 -808500372917.37891 808495137013.03711
23.411168457752574 -811042424482.75256 811037180353.59473
23.411170857418526 -813594474689.29785 813589222315.92871
23.411173257084481 -816156570767.33813 816151310130.30151
23.411175656750434 -818728760207.68628 818723491287.4646
23.411178056416389 -821311090763.28772 821305813540.302
23.411180456082342 -823903610450.87573 823898324905.48535
23.411182855748297 -826506367552.63733 826501073665.13953
23.411185255414249 -829119410617.89136 829114108368.52112
23.411187655080205 -831742788464.77991 831737477833.70984
23.411190054746161 -834376550181.97046 834371231149.31042
23.411192454412113 -837020745130.37048 837015417676.16711
23.411194854078069 -839675422944.85425 839670087049.09119
23.411197253744021 -842340633536.00244 842335289178.59985
23.411199653409977 -845016427091.85352 845011074252.66772
23.411202053075929 -847702854079.66772 847697492738.49109
23.411204452741885 -850399965247.70386 850394595384.26453
23.411206852407837 -853107811627.00903 853102433220.9707
23.411209252073792 -855826444533.2207 855821057564.18225
23.411211651739748 -858555915568.38196 858550520015.8772
23.4112140514057 -861296276622.77051 861290872466.26807
23.411216451071656 -864047579876.7395 864042167095.64233
23.411218850737608 -866809877802.57251 866804456376.2179
23.411221250403564 -869583223166.35181 869577793074.01111
23.411223650069516 -872367669029.83948 872362230250.71741
23.411226049735472 -875163268752.37219 875157821265.60718
23.411228449401424 -877970075992.77051 877964619777.43396
23.41123084906738 -880788144711.26099 880782679746.3573
23.411233248733332 -883617529171.41309 883612055435.87915
23.411235648399288 -886458283942.08923 886452801414.79431
23.411238048065243 -889310463899.4093 889304972559.15479
23.411240447731196 -892174124228.73022 892168624054.24915
23.411242847397151 -895049320426.63843 895043811396.59546
23.411245247063103 -897936108302.95789 897930590395.94897
23.411247646729059 -900834543982.77209 900829017177.3241
23.411250046395011 -903744683908.46045 903739148183.03088
23.411252446060967 -906666584841.75061 906661040174.72729
23.411254845726919 -909600303865.7854 909594750235.48645
23.411257245392875 -912545898387.20435 912540335771.87769
23.411259645058827 -915503426138.24048 915497854516.0636
23.411262044724783 -918472945178.83191 918467364527.91162
23.411264444390739 -921454513898.74988 921448924197.12183
23.411266844056691 -924448191019.74231 924442592245.37097
23.411269243722646 -927454035597.69226 927448427728.47058
23.411271643388599 -930472107024.79224 930466490038.54114
23.411274043054554 -933502465031.73474 933496838906.203
23.411276442720506 -936545169689.91968 936539534402.78357
23.411278842386462 -939600281413.67737 939594636942.54041
23.411281242052414 -942667860962.5072 942662207284.90002
23.41128364171837 -945747969443.33325 945742306536.71289
23.411286041384326 -948840668312.77588 948834996154.52588
23.411288441050278 -951946019379.44214 951940337946.87207
23.411290840716234 -955064084806.23059 955058394076.57568
23.411293240382186 -958194927112.6543 958189227063.0752
23.411295640048142 -961338609177.18103 961332899784.76355
23.411298039714094 -964495194239.59082 964489475481.3457
23.411300439380049 -967664745903.35034 967659017756.21265
23.411302839046002 -970847328138.00488 970841590578.83398
23.411305238711957 -974043005281.58936 974037258287.16858
23.41130763837791 -977251842043.0553 977246085590.09143
23.411310038043865 -980473903504.71619 980468137569.83936
23.411312437709821 -983709255124.71289 983703479684.47607
23.411314837375773 -986957962739.49524 986952177770.37415
23.411317237041729 -990220092566.32288 990214298044.71558
23.411319636707681 -993495711205.78479 993489907108.01111
23.411322036373637 -996784885644.33765 996779071946.63928
23.411324436039589 -1000087683256.8632 1000081859935.4031
23.411326835705545 -1003404171809.2434 1003398338840.1057
23.411329235371497 -1006734419460.9569 1006728576820.1462
23.411331635037453 -1010078494767.6925 1010072642431.1339
23.411334034703408 -1013436466683.9846 1013430604627.5232
23.41133643436936 -1016808404565.8677 1016802532765.2682
23.411338834035316 -1020194378173.5496 1020188496604.4961
23.411341233701268 -1023594457674.1058 1023588566312.2017
23.411343633367224 -1027008713644.1941 1027002812464.9611
23.411346033033176 -1030437217072.788 1030431306051.6663
23.411348432699132 -1033880039363.9331 1033874118476.2809
23.411350832365084 -1037337252339.5228 1037331321560.616
23.41135323203104 -1040808928242.0956 1040802987547.1274
23.411355631696992 -1044295139737.6519 1044289189101.7327
23.411358031362948 -1047795959918.4932 1047789999316.6497
23.411360431028903 -1051311462306.0831 1051305491713.2584
23.411362830694856 -1054841720853.9303 1054835740244.9834
23.411365230360811 -1058386809950.4921 1058380819300.1975
23.411367630026763 -1061946804422.1003 1061940803705.1481
23.411370029692719 -1065521779535.9097 1065515768726.9043
23.411372429358671 -1069111811002.8678 1069105790076.3286
23.411374829024627 -1072716974980.7084 1072710943911.0687
23.411377228690579 -1076337348076.967 1076331306838.5741
23.411379628356535 -1079973007352.0201 1079966955919.1345
23.411382028022487 -1083624030322.1459 1083617968668.9412
23.411384427688443 -1087290494962.6101 1087284423063.1726
23.411386827354399 -1090972479710.7753 1090966397539.1036
23.411389227020351 -1094670063469.2324 1094663970999.2372
23.411391626686306 -1098383325608.9574 1098377222814.4607
23.411394026352259 -1102112345972.4912 1102106232827.2263
23.411396426018214 -1105857204877.145 1105851081354.7563
23.411398825684167 -1109617983118.2292 1109611849192.2712
23.411401225350122 -1113394761972.3066 1113388617616.2441
23.411403625016074 -1117187623200.4714 1117181468387.679
23.41140602468203 -1120996649051.6528 1120990483755.4138
23.411408424347986 -1124821922265.9453 1124815746459.4524
23.411410824013938 -1128663526077.9644 1128657339734.3186
23.411413223679894 -1132521544220.2263 1132515347312.437
23.411415623345846 -1136396060926.5559 1136389853427.54
23.411418023011802 -1140287160935.5178 1140280942818.0996
23.411420422677754 -1144194929493.8762 1144188700730.7869
23.41142282234371 -1148119452360.0828 1148113212923.9602
23.411425222009662 -1152060815807.7891 1152054565671.1772
23.411427621675617 -1156019106629.386 1156012845764.7346
23.41143002134157 -1159994412139.5723 1159988140519.2363
23.411432421007525 -1163986820178.9495 1163980537775.1892
23.411434820673481 -1167996419117.6448 1167990125902.6245
23.411437220339433 -1172023297858.9622 1172016993804.7507
23.411439620005389 -1176067545843.0625 1176061230921.6321
23.411442019671341 -1180129253050.6711 1180122927233.8975
23.411444419337297 -1184208510006.8167 1184202173266.478
23.411446819003249 -1188305407784.5957 1188299060092.373
23.411449218669205 -1192420038008.969 1192413679336.4456
23.411451618335157 -1196552492860.5859 1196546123179.2461
23.411454018001113 -1200702865079.6394 1200696484360.8689
23.411456417667068 -1204871247969.7517 1204864856184.8369
23.41145881733302 -1209057735401.8899 1209051332522.0178
23.411461216998976 -1213262421818.3115 1213256007814.5688
23.411463616664928 -1217485402236.5408 1217478977079.9136
23.411466016330884 -1221726772253.3765 1221720335914.7498
23.411468415996836 -1225986628048.9338 1225980180499.0916
23.411470815662792 -1230265066390.7151 1230258607600.3389
23.411473215328744 -1234562184637.7117 1234555714577.3811
23.4114756149947 -1238878080744.5408 1238871599384.7329
23.411478014660652 -1243212853265.6118 1243206360576.7002
23.411480414326608 -1247566601359.3286 1247560097311.583
23.411482813992563 -1251939424792.323 1251932909355.9092
23.411485213658516 -1256331423943.7241 1256324897088.7034
23.411487613324471 -1260742699809.4573 1260736161505.7859
23.411490012990424 -1265173354006.5806 1265166804224.1091
23.411492412656379 -1269623488777.6536 1269616927486.1267
23.411494812322331 -1274093206995.1433 1274086634164.1995
23.411497211988287 -1278582612165.8621 1278576027765.0325
23.411499611654239 -1283091808435.4429 1283085212434.1516
23.411502011320195 -1287620900592.8486 1287614292960.4121
23.411504410986147 -1292169994074.9163 1292163374780.5425
23.411506810652103 -1296739194970.9395 1296732563983.7275
23.411509210318059 -1301328610027.2871 1301321967316.2268
23.411511609984011 -1305938346652.0593 1305931692186.031
23.411514009649967 -1310568512919.7793 1310561846667.5527
23.411516409315919 -1315219217576.1216 1315212539506.356
23.411518808981874 -1319890570042.6816 1319883880123.9248
23.411521208647827 -1324582680421.781 1324575978622.4692
23.411523608313782 -1329295659501.3123 1329288945789.7695
23.411526007979734 -1334029618759.6211 1334022893104.0588
23.41152840764569 -1338784670370.428 1338777932738.9441
23.411530807311646 -1343560927207.7908 1343554177568.3699
23.411533206977598 -1348358502851.1057 1348351741171.6179
23.411535606643554 -1353177511590.1484 1353170737838.3491
23.411538006309506 -1358018068430.1587 1358011282573.688
23.411540405975462 -1362880289096.9624 1362873491103.345
23.411542805641414 -1367764290042.1345 1367757479878.7786
23.41154520530737 -1372670188448.207 1372663366082.4038
23.411547604973322 -1377598102233.9165 1377591267632.8401
23.411550004639277 -1382548150059.4956 1382541303190.2021
23.41155240430523 -1387520451332.0071 1387513592161.4343
23.411554803971185 -1392515126210.7197 1392508254705.6868
23.411557203637141 -1397532295612.5288 1397525411739.7351
23.411559603303093 -1402572081217.4199 1402565184943.4448
23.411562002969049 -1407634605473.9783 1407627696765.281
23.411564402635001 -1412719991604.9421 1412713070427.8604
23.411566802300957 -1417828363612.8013 1417821429933.5515
23.411569201966909 -1422959846285.4419 1422952900070.1184
23.411571601632865 -1428114565201.834 1428107606416.4082
23.411574001298817 -1433292646737.7703 1433285675348.0901
23.411576400964773 -1438494218071.6499 1438487234043.4399
23.411578800630728 -1443719407190.3103 1443712410489.1704
23.411581200296681 -1448968342894.9028 1448961333486.3081
23.411583599962636 -1454241154806.8208 1454234132656.1206
23.411585999628588 -1459537973373.6755 1459530938446.0933
23.411588399294544 -1464858929875.3198 1464851882135.9521
23.411590798960496 -1470204156429.9204 1470197095843.7368
23.411593198626452 -1475573786000.0845 1475566712531.9265
23.411595598292404 -1480967952399.0315 1480960866013.6123
23.41159799795836 -1486386790296.8193 1486379690958.7231
23.411600397624312 -1491830435226.6201 1491823322900.3015
23.411602797290268 -1497299023591.0471 1497291898240.8308
23.411605196956224 -1502792692668.5344 1502785554258.614
23.411607596622176 -1508311580619.7688 1508304429114.2065
23.411609996288131 -1513855826494.1782 1513848661856.9045
23.411612395954084 -1519425570236.4702 1519418392431.2827
23.411614795620039 -1525020952693.2268 1525013761683.79
23.411617195285991 -1530642115619.5532 1530634911369.3979
23.411619594951947 -1536289201685.7791 1536281984158.3018
23.411621994617899 -1541962354484.2192 1541955123642.6809
23.411624394283855 -1547661718535.9902 1547654474343.5166
23.411626793949807 -1553387439297.884 1553380181717.4646
23.411629193615763 -1559139663169.293 1559132392163.78
23.411631593281719 -1564918537499.1997 1564911253031.3079
23.411633992947671 -1570724210593.2249 1570716912625.531
23.411636392613627 -1576556831720.729 1576549520215.6709
23.411638792279579 -1582416551121.9771 1582409226041.853
23.411641191945535 -1588303520015.3635 1588296181322.3318
23.411643591611487 -1594217890604.697 1594210538260.7747
23.411645991277442 -1600159816086.5452 1600152450053.6082
23.411648390943395 -1606129450657.6436 1606122070897.426
23.41165079060935 -1612126949522.3635 1612119555996.4565
23.411653190275306 -1618152468900.2422 1618145061570.0933
23.411655589941258 -1624206166033.5833 1624198744860.4961
23.411657989607214 -1630288199195.1133 1630280764140.2468
23.411660389273166 -1636398727695.7068 1636391278720.0742
23.411662788939122 -1642537911892.177 1642530448956.6455
23.411665188605074 -1648705913195.1299 1648698436260.4199
23.41166758827103 -1654902894076.8865 1654895403103.5713
23.411669987936982 -1661129018079.4714 1661121513027.9756
23.411672387602938 -1667384449822.6675 1667376930653.2668
23.41167478726889 -1673669355012.1433 1673661821684.9641
23.411677186934845 -1679983900447.647 1679976352922.6653
23.411679586600801 -1686328254031.269 1686320692268.3098
23.411681986266753 -1692702584775.7737 1692695008734.5103
23.411684385932709 -1699107062813.0066 1699099472452.9597
23.411686785598661 -1705541859402.3701 1705534254682.9072
23.411689185264617 -1712007146939.373 1711999527819.708
23.411691584930569 -1718503098964.2524 1718495465403.4443
23.411693984596525 -1725029890170.6672 1725022242127.6199
23.411696384262477 -1731587696414.469 1731580033847.9302
23.411698783928433 -1738176694722.5457 1738169017591.1062
23.411701183594388 -1744797063301.7422 1744789371563.8354
23.411703583260341 -1751448981547.8584 1751441275161.7595
23.411705982926296 -1758132630054.7227 1758124908978.5476
23.411708382592249 -1764848190623.342 1764840454815.0466
23.411710782258204 -1771595846271.137 1771588095688.5168
23.411713181924156 -1778375781241.2517 1778368015841.9409
23.411715581590112 -1785188181011.9429 1785180400753.4136
23.411717981256064 -1792033232306.0508 1792025437145.6121
23.41172038092202 -1798911123100.5549 1798903312995.3521
23.411722780587972 -1805822042636.2102 1805814217543.2241
23.411725180253928 -1812766181427.2656 1812758341303.312
23.411727579919884 -1819743731271.2673 1819735876072.9958
23.411729979585836 -1826754885258.9468 1826747014942.8401
23.411732379251792 -1833799837784.1965 1833791952306.5698
23.411734778917744 -1840878784554.1301 1840870883871.1299
23.411737178583699 -1847991922599.2324 1847984006666.8359
23.411739578249652 -1855139450283.5974 1855131519057.6118
23.411741977915607 -1862321567315.2515 1862313620751.3132
23.411744377581559 -1869538474756.5701 1869530512810.1436
23.411746777247515 -1876790375034.7837 1876782397661.1609
23.411749176913471 -1884077471952.5796 1884069479106.8789
23.411751576579423 -1891399970698.7932 1891391962335.959
23.411753976245379 -1898758077859.1929 1898750053933.9944
23.411756375911331 -1906152001427.3547 1906143961894.385
23.411758775577287 -1913581950815.6414 1913573895629.3167
23.411761175243239 -1921048136866.2754 1921040065980.8345
23.411763574909195 -1928550771862.5061 1928542685232.009
23.411765974575147 -1936090069539.8767 1936081967118.2043
23.411768374241102 -1943666245097.5876 1943658126838.4402
23.411770773907055 -1951279515209.9651 1951271381066.8621
23.41177317357301 -1958930098038.0281 1958921947964.3066
23.411775573238966 -1966618213241.157 1966610047189.9712
23.411777972904918 -1974344081988.8667 1974335899913.187
23.411780372570874 -1982107926972.6848 1982099728825.2969
23.411782772236826 -1989909972418.1333 1989901758151.637
23.411785171902782 -1997750444096.8149 1997742213663.6238
23.411787571568734 -2005629569338.6096 2005621322690.9495
23.41178997123469 -2013547577043.9788 2013539314133.887
23.411792370900642 -2021504697696.3777 2021496418475.7024
23.411794770566598 -2029501163374.7805 2029492867795.1794
23.41179717023255 -2037537207766.3159 2037528895779.2559
23.411799569898506 -2045613066179.0132 2045604737735.7686
23.411801969564461 -2053728975554.6633 2053720630606.3152
23.411804369230413 -2061885174481.8003 2061876812979.2358
23.411806768896369 -2070081903208.791 2070073525102.7024
23.411809168562321 -2078319403657.0447 2078311008897.9282
23.411811568228277 -2086597919434.342 2086589507972.4968
23.411813967894229 -2094917695848.2817 2094909267633.8088
23.411816367560185 -2103278979919.8506 2103270534902.6523
23.411818767226137 -2111682020397.1143 2111673558526.8931
23.411821166892093 -2120127067769.0291 2120118588995.2859
23.411823566558049 -2128614374279.3826 2128605878551.4167
23.411825966224001 -2137144193940.8613 2137135681207.7693
23.411828365889956 -2145716782549.2375 2145708252759.9116
23.411830765555909 -2154332397697.6887 2154323850800.8164
23.411833165221864 -2162991298791.2439 2162982734735.3066
23.411835564887816 -2171693747061.3647 2171685165794.637
23.411837964553772 -2180440005580.657 2180431407051.2048
23.411840364219724 -2189230339277.7148 2189221723433.3953
23.41184276388568 -2198065014952.1008 2198056381740.5608
23.411845163551632 -2206944301289.4624 2206935650658.1372
23.411847563217588 -2215868468876.7871 2215859800772.8999
23.411849962883544 -2224837790217.7969 2224829104588.3574
23.411852362549496 -2233852539748.4775 2233843836540.2812
23.411854762215452 -2242912993852.752 2242904273012.3789
23.411857161881404 -2252019430878.2949 2252010692352.1079
23.411859561547359 -2261172131152.4966 2261163374886.6406
23.411861961213312 -2270371376998.5786 2270362602938.98
23.411864360879267 -2279617452751.8501 2279608660844.2158
23.41186676054522 -2288910644776.1025 2288901834965.9175
23.411869160211175 -2298251241480.168 2298242413712.6953
23.411871559877131 -2307639533334.6333 2307630687554.9131
23.411873959543083 -2317075812888.6958 2317066949041.543
23.411876359209039 -2326560374787.1807 2326551492817.1846
23.411878758874991 -2336093515787.7183 2336084615639.2417
23.411881158540947 -2345675534778.0737 2345666616395.251
23.411883558206899 -2355306732793.6484 2355297796120.3853
23.411885957872855 -2364987413035.125 2364978458015.0967
23.411888357538807 -2374717880886.2856 2374708907462.936
23.411890757204763 -2384498443931.9976 2384489452048.5376
23.411893156870715 -2394329411976.3535 2394320401575.7603
23.41189555653667 -2404211097061.002 2404202068086.0176
23.411897956202626 -2414143813483.6313 2414134765876.7617
23.411900355868578 -2424127877816.6274 2424118811520.1406
23.411902755534534 -2434163608925.9087 2434154523881.8345
23.411905155200486 -2444251327989.9399 2444242224140.0674
23.411907554866442 -2454391358518.9116 2454382235804.7891
23.411909954532394 -2464584026374.1152 2464574884737.0488
23.41191235419835 -2474829659787.4844 2474820499168.5356
23.411914753864302 -2485128589381.3271 2485119409721.313
23.411917153530258 -2495481148188.2515 2495471949427.7427
23.41191955319621 -2505887671671.2588 2505878453750.5786
23.411921952862166 -2516348497744.0327 2516339260603.2554
23.411924352528121 -2526863966791.4248 2526854710370.3745
23.411926752194073 -2537434421690.1255 2537425145928.375
23.411929151860029 -2548060207829.5361 2548050912666.4053
23.411931551525981 -2558741673132.8335 2558732358507.3877
23.411933951191937 -2569479168078.2471 2569469833929.2969
23.411936350857889 -2580273045720.5181 2580263691986.6167
23.411938750523845 -2591123661712.5674 2591114288332.0103
23.411941150189797 -2602031374327.373 2602021981238.1963
23.411943549855753 -2612996544480.0469 2612987131620.0254
23.411945949521709 -2624019535750.1323 2624010103056.7788
23.411948349187661 -2635100714404.1094 2635091261814.6733
23.411950748853616 -2646240449418.1045 2646230976869.5703
23.411953148519569 -2657439112500.8296 2657429619929.915
23.411955548185524 -2668697078116.7344 2668687565459.8892
23.411957947851477 -2680014723509.3784 2680005190702.7837
23.411960347517432 -2691392428725.0308 2691382875704.5967
23.411962747183384 -2702830576636.4902 2702821003337.8545
23.41196514684934 -2714329552967.1372 2714319959325.6646
23.411967546515292 -2725889746315.2202 2725880132266.0005
23.411969946181248 -2737511548178.3579 2737501913656.2041
23.411972345847204 -2749195352978.293 2749185697917.7402
23.411974745513156 -2760941558085.8818 2760931882421.186
23.411977145179112 -2772750563846.3198 2772740867511.4561
23.411979544845064 -2784622773604.6123 2784613056533.2725
23.41198194451102 -2796558593731.2935 2796548855856.8867
23.411984344176972 -2808558433648.3906 2808548674904.0396
23.411986743842927 -2820622705855.6401 2820612926174.1812
23.41198914350888 -2832751825956.9561 2832742025270.937
23.411991543174835 -2844946212687.1494 2844936390928.8276
23.411993942840791 -2857206287938.9175 2857196445040.2593
23.411996342506743 -2869532476790.0962 2869522612682.7744
23.411998742172699 -2881925207531.1636 2881915322146.5557
23.412001141838651 -2894384911693.0273 2894375004962.2153
23.412003541504607 -2906912024075.0723 2906902095928.8398
23.412005941170559 -2919506982773.4722 2919497033142.3032
23.412008340836515 -2932170229209.8022 2932160258023.8799
23.412010740502467 -2944902208159.9155 2944892215349.1201
23.412013140168423 -2957703367783.0986 2957693353277.0059
23.412015539834375 -2970574159651.5171 2970564123379.396
23.41201793950033 -2983515038779.9624 2983504980670.7749
23.412020339166286 -2996526463655.8755 2996516383638.2739
23.412022738832238 -3009608896269.6621 3009598794271.9873
23.412025138498194 -3022762802145.3193 3022752678095.5996
23.412027538164146 -3035988650371.3564 3035978504197.3052
23.412029937830102 -3049286913632.0249 3049276745261.04
23.412032337496054 -3062658068238.8452 3062647877598.0059
23.41203473716201 -3076102594162.4497 3076092381178.5156
23.412037136827962 -3089620975064.7554 3089610739664.1646
23.412039536493918 -3103213698331.4409 3103203440440.3081
23.41204193615987 -3116881255104.7461 3116870974648.8608
23.412044335825826 -3130624140316.5991 3130613837221.4248
23.412046735491781 -3144442852722.0728 3144432526912.7437
23.412049135157734 -3158337894933.1641 3158327546334.4839
23.412051534823689 -3172309773452.9243 3172299401989.3647
23.412053934489641 -3186358998709.9263 3186348604305.6245
23.412056334155597 -3200486085093.0708 3200475667671.8286
23.412058733821549 -3214691550986.7427 3214681110472.0234
23.412061133487505 -3228975918806.3203 3228965455121.2476
23.412063533153457 -3243339715034.0444 3243329228101.4004
23.412065932819413 -3257783470255.2334 3257772959997.457
23.412068332485369 -3272307719194.873 3272297185534.0576
23.412070732151321 -3286913000754.5674 3286902443612.459
23.412073131817277 -3301599858049.8633 3301589277347.8589
23.412075531483229 -3316368838447.9429 3316358234107.0879
23.412077931149184 -3331220493605.7134 3331209865546.7002
23.412080330815137 -3346155379508.269 3346144727651.4346
23.412082730481092 -3361174056507.7432 3361163380773.0679
23.412085130147045 -3376277089362.5547 3376266389669.6592
23.412087529813 -3391465047277.0503 3391454323545.1943
23.412089929478952 -3406738503941.5513 3406727756089.6313
23.412092329144908 -3422098037572.8003 3422087265519.3477
23.412094728810864 -3437544230954.8223 3437533434618.001
23.412097128476816 -3453077671480.2046 3453066850777.8091
23.412099528142772 -3468698951191.7944 3468688106041.2476
23.412101927808724 -3484408666824.8223 3484397797143.1733
23.41210432747468 -3500207419849.4536 3500196525553.377
23.412106727140632 -3516095816513.7754 3516084897519.5669
23.412109126806588 -3532074467887.2153 3532063524110.7915
23.41211152647254 -3548143989904.4072 3548133021261.3018
23.412113926138495 -3564305003409.5195 3564294009814.8818
23.412116325804451 -3580558134201.0361 3580547115569.6294
23.412118725470403 -3596904013076.9888 3596892969323.1875
23.412121125136359 -3613343275880.6548 3613332206918.4429
23.412123524802311 -3629876563546.7207 3629865469289.6885
23.412125924468267 -3646504522147.9326 3646493402509.2749
23.412128324134219 -3663227802942.2305 3663216657834.7451
23.412130723800175 -3680047062420.3511 3680035891756.4355
23.412133123466127 -3696962962353.9429 3696951766045.5928
23.412135523132083 -3713976169844.1606 3713964947802.9663
23.412137922798035 -3731087357370.7842 3731076109507.9297
23.412140322463991 -3748297202841.8428 3748285929068.103
23.412142722129946 -3765606389643.7339 3765595089869.4722
23.412145121795898 -3783015606691.8818 3783004280827.0469
23.412147521461854 -3800525548481.9302 3800514196436.0552
23.412149921127806 -3818136915141.4561 3818125536823.6553
23.412152320793762 -3835850412482.2173 3835839007801.1841
23.412154720459714 -3853666752052.9629 3853655320916.9663
23.41215712012567 -3871586651192.7817 3871575193509.665
23.412159519791622 -3889610833085.0273 3889599348762.2056
23.412161919457578 -3907740026811.7881 3907728515756.2451
23.41216431912353 -3925974967408.9399 3925963429527.2261
23.412166718789486 -3944316395921.7734 3944304831120.0029
23.412169118455441 -3962765059461.2144 3962753467645.0625
23.412171518121394 -3981321711260.6323 3981310092335.3335
23.412173917787349 -3999987110733.2471 3999975464603.5918
23.412176317453302 -4018762023530.146 4018750350100.479
23.412178717119257 -4037647221598.8984 4037635520773.1147
23.412181116785209 -4056643483242.8125 4056631754924.3555
23.412183516451165 -4075751593180.8076 4075739837272.6665
23.412185916117117 -4094972342607.9331 4094960559012.6406
23.412188315783073 -4114306529256.5137 4114294717876.1426
23.412190715449029 -4133754957457.9482 4133743118194.1094
23.412193115114981 -4153318438205.1729 4153306570959.0112
23.412195514780937 -4172997789215.7837 4172985893887.9766
23.412197914446889 -4192793834995.8594 4192781911486.6138
23.412200314112845 -4212707406904.4302 4212695455113.4795
23.412202713778797 -4232739343218.6553 4232727363045.2568
23.412205113444752 -4252890489199.6895 4252878480542.6211
23.412207513110705 -4273161697159.2695 4273149659916.8281
23.41220991277666 -4293553826526.9976 4293541760596.9941
23.412212312442612 -4314067743918.3545 4314055649198.1133
23.412214712108568 -4334704323203.4624 4334692199589.8164
23.412217111774524 -4355464445576.5659 4355452292965.8555
23.412219511440476 -4376348999626.2622 4376336817914.3306
23.412221911106432 -4397358881406.4985 4397346670488.6895
23.412224310772384 -4418494994508.3545 4418482754279.5098
23.41222671043834 -4439758250132.5762 4439745980487.0312
23.412229110104292 -4461149567162.8965 4461137267994.4795
23.412231509770248 -4482669872240.1572 4482657543442.1836
23.4122339094362 -4504320099837.2686 4504307741302.5391
23.412236309102155 -4526101192334.9424 4526088803955.7412
23.412238708768111 -4548014100098.2617 4548001681766.3516
23.412241108434063 -4570059781554.0703 4570047333160.6904
23.412243508100019 -4592239203269.2178 4592226724705.0791
23.412245907765971 -4614553340029.6787 4614540831184.9619
23.412248307431927 -4637003174920.5488 4636990635684.9014
23.412250707097879 -4659589699406.8838 4659577129669.416
23.412253106763835 -4682313913415.4121 4682301313064.6953
23.412255506429787 -4705176825417.1816 4705164194341.2432
23.412257906095743 -4728179452511.0879 4728166790597.4072
23.412260305761695 -4751322820508.3545 4751310127643.8623
23.412262705427651 -4774607964017.9258 4774595240088.999
23.412265105093606 -4798035926532.7852 4798023171425.2432
23.412267504759559 -4821607760517.2695 4821594974116.3721
23.412269904425514 -4845324527495.3408 4845311709685.7842
23.412272304091466 -4869187298139.7773 4869174448805.6895
23.412274703757422 -4893197152362.418 4893184271387.3574
23.412277103423374 -4917355179405.4238 4917342266672.375
23.41227950308933 -4941662477933.46 4941649533324.8291
23.412281902755282 -4966120156126.9961 4966107179524.6074
23.412284302421238 -4990729331776.6348 4990716323061.7295
23.412286702087194 -5015491132378.4385 5015478091431.668
23.412289101753146 -5040406695230.3525 5040393621931.7754
23.412291501419102 -5065477167529.7549 5065464061758.835
23.412293901085054 -5090703706472.0439 5090690568107.6455
23.412296300751009 -5116087479350.3154 5116074308270.6982
23.412298700416962 -5141629663656.2256 5141616459739.0449
23.412301100082917 -5167331447181.9229 5167318210304.2207
23.412303499748869 -5193194028123.1689 5193180758161.373
23.412305899414825 -5219218615183.6357 5219205312013.5557
23.412308299080777 -5245406427680.3281 5245393091177.1523
23.412310698746733 -5271758695650.2207 5271745325688.5107
23.412313098412689 -5298276659958.082 5298263256411.7686
23.412315498078641 -5324961572405.5557 5324948135147.9346
23.412317897744597 -5351814695841.501 5351801224745.2314
23.412320297410549 -5378837304273.5498 5378823799210.6484
23.412322697076505 -5406030682980.9023 5406017143822.7393
23.412325096742457 -5433396128628.4492 5433382555245.7451
23.412327496408412 -5460934949382.2031 5460921341645.0234
23.412329896074365 -5488648465026.0029 5488634822803.7549
23.41233229574032 -5516538007079.5908 5516524330241.0176
23.412334695406273 -5544604918918.0576 5544591207331.2373
23.412337095072228 -5572850555892.6279 5572836809424.9658
23.412339494738184 -5601276285452.8203 5601262503971.0479
23.412341894404136 -5629883487270.041 5629869670640.209
23.412344294070092 -5658673553362.5449 5658659701450.0205
23.412346693736044 -5687647888221.8975 5687634000891.3584
23.412349093402 -5716807908940.876 5716793986056.3076
23.412351493067952 -5746155045342.8535 5746141086767.5439
23.412353892733908 -5775690740112.6738 5775676745709.21
23.41235629239986 -5805416448929.0078 5805402418559.2695
23.412358692065816 -5835333640598.291 5835319574123.4473
23.412361091731771 -5865443797190.2178 5865429694470.7217
23.412363491397723 -5895748414174.79 5895734275070.375
23.412365891063679 -5926249000560.9697 5926234824930.6445
23.412368290729631 -5956947079036.9482 5956932866738.9932
23.412370690395587 -5987844186112.0098 5987829937003.9697
23.412373090061539 -6018941872260.1133 6018927586198.7939
23.412375489727495 -6050241702065.1484 6050227378906.6123
23.412377889393447 -6081745254367.8672 6081730893967.4287
23.412380289059403 -6113454122414.5713 6113439724626.792
23.412382688725355 -6145369914007.46 6145355478686.1426
23.412385088391311 -6177494251656.8252 6177479778655.0088
23.412387488057266 -6209828772735.0479 6209814261905.0039
23.412389887723219 -6242375129632.3711 6242360580825.5967
23.412392287389174 -6275134989914.5342 6275120402981.749
23.412394687055126 -6308110036482.2793 6308095411273.4199
23.412397086721082 -6341301967732.7129 6341287304096.9268
23.412399486387034 -6374712497722.5957 6374697795508.2373
23.41240188605299 -6408343356333.542 6408328615388.165
23.412404285718942 -6442196289439.2666 6442181509609.6221
23.412406685384898 -6476273059074.7549 6476258240206.7842
23.412409085050854 -6510575443607.457 6510560585546.2861
23.412411484716806 -6545105237910.5068 6545090340500.4414
23.412413884382762 -6579864253538.0664 6579849316622.5859
23.412416284048714 -6614854318902.7402 6614839342324.4941
23.412418683714669 -6650077279455.0977 6650062263055.8984
23.412421083380622 -6685534997865.3613 6685519941486.1777
23.412423483046577 -6721229354207.293 6721214257688.2471
23.41242588271253 -6757162246144.2812 6757147109324.6416
23.412428282378485 -6793335589117.6387 6793320411835.8145
23.412430682044437 -6829751316537.2051 6829736098630.7393
23.412433081710393 -6866411379974.2754 6866396121279.8418
23.412435481376349 -6903317749356.7988 6903302449710.1934
23.412437881042301 -6940472413166.9707 6940457072403.1074
23.412440280708257 -6977877378641.2842 6977861996594.1885
23.412442680374209 -7015534671972.9023 7015519248475.7051
23.412445080040165 -7053446338516.5176 7053430873401.4482
23.412447479706117 -7091614442995.7676 7091598936094.1494
23.412449879372073 -7130041069713.1631 7130025520855.4072
23.412452279038025 -7168728322762.5312 7168712731778.1289
23.41245467870398 -7207678326244.0723 7207662692961.5908
23.412457078369933 -7246893224482.0635 7246877548729.1377
23.412459478035888 -7286375182245.2178 7286359463848.5449
23.412461877701844 -7326126384969.7744 7326110623755.1074
23.412464277367796 -7366149038985.3262 7366133234777.4688
23.412466677033752 -7406445371743.3516 7406429524366.1484
23.412469076699704 -7447017632048.6436 7447001741324.9766
23.41247147636566 -7487868090293.6035 7487852156045.3848
23.412473876031612 -7528999038695.3867 7528983060743.5508
23.412476275697568 -7570412791535.9863 7570396769700.4834
23.41247867536352 -7612111685405.3467 7612095619505.1387
23.412481075029476 -7654098079447.4209 7654081969300.4707
23.412483474695431 -7696374355609.3008 7696358201032.5674
23.412485874361384 -7738942918893.5439 7738926719702.9756
23.412488274027339 -7781806197613.5146 7781789953624.043
23.412490673693291 -7824966643651.917 7824950354677.4473
23.412493073359247 -7868426732722.6279 7868410398576.0332
23.412495473025199 -7912188964635.8076 7912172585128.9219
23.412497872691155 -7956255863566.3105 7956239438509.9209
23.412500272357107 -8000629978325.4639 8000613507529.3037
23.412502672023063 -8045313882636.2598 8045297365909.002
23.412505071689015 -8090310175411.9766 8090293612561.2246
23.412507471354971 -8135621481038.3848 8135604871870.667
23.412509871020927 -8181250449659.4473 8181233793980.207
23.412512270686879 -8227199757466.665 8227183055080.2568
23.412514670352834 -8273472106992.0508 8273455357701.7285
23.412517070018787 -8320070227404.8535 8320053431012.7646
23.412519469684742 -8366996874812.0479 8366980031119.2246
23.412521869350694 -8414254832562.6514 8414237941369.0059
23.41252426901665 -8461846911555.8789 8461829972660.1924
23.412526668682602 -8509775950553.21 8509758963753.124
23.412529068348558 -8558044816494.4902 8558027781586.502
23.412531468014514 -8606656404818.0791 8606639321597.5312
23.412533867680466 -8655613639785.0244 8655596508046.0967
23.412536267346422 -8704919474807.4297 8704902294343.1309
23.412538667012374 -8754576892781.0352 8754559663383.1953
23.41254106667833 -8804588906422.1055 8804571627881.3672
23.412543466344282 -8854958558608.6328 8854941230714.4414
23.412545866010237 -8905688922725.9414 8905671545266.5391
23.41254826567619 -8956783103016.7168 8956765675779.1328
23.412550665342145 -9008244234935.5859 9008226757705.627
23.412553065008098 -9060075485508.2793 9060057958070.5215
23.412555464674053 -9112280053695.4648 9112262475833.2461
23.412557864340009 -9164861170761.2656 9164843542256.6738
23.412560264005961 -9217822100646.6387 9217804421280.5039
23.412562663671917 -9271166140347.584 9271148409899.4707
23.412565063337869 -9324896620298.3496 9324878838546.5488
23.412567463003825 -9379016904759.3633 9378999071480.877
23.412569862669777 -9433530392210.584 9433512507181.123
23.412572262335733 -9488440515749.9219 9488422578743.8906
23.412574662001685 -9543750743496.7793 9543732754287.2715
23.412577061667641 -9599464579000.9102 9599446537359.6953
23.412579461333593 -9655585561656.7402 9655567467354.2539
23.412581860999548 -9712117267123.1641 9712099119928.5039
23.412584260665504 -9769063307748.6816 9769045107429.5898
23.412586660331456 -9826427333002.3203 9826409079325.1797
23.412589059997412 -9884213029910.2578 9884194722640.0781
23.412591459663364 -9942424123498.1133 9942405762398.5234
23.41259385932932 -10001064377239.256 10001045962072.49
23.412596258995272 -10060137593508.963 10060119124035.857
23.412598658661228 -10119647614044.648 10119629090024.623
23.41260105832718 -10179598320412.26 10179579741603.312
23.412603457993136 -10239993634478.934 10239975000637.629
23.412605857659091 -10300837518891.816 10300818829773.273
23.412608257325044 -10362133977563.518 10362115232921.404
23.412610656990999 -10423887056163.791 10423868255750.305
23.412613056656951 -10486100842618.021 10486081986183.885
23.412615456322907 -10548779467612.477 10548760554906.924
23.412617855988859 -10611927105106.203 10611908135876.971
23.412620255654815 -10675547972849.893 10675528946843.205
23.412622655320767 -10739646332911.723 10739627249872.283
23.412625054986723 -10804226492210.467 10804207351881.449
23.412627454652675 -10869292803055.531 10869273605178.561
23.412629854318631 -10934849663694.553 10934830408009.701
23.412632253984587 -11000901518868.402 11000882205114.172
23.412634653650539 -11067452860373.713 11067433488287.027
23.412637053316494 -11134508227633.07 11134488796949.262
23.412639452982447 -11202072208272.969 11202052718725.766
23.412641852648402 -11270149438709.693 11270129890031.207
23.412644252314355 -11338744604743.375 11338724996664.09
23.41264665198031 -11407862442160.014 11407842774408.775
23.412649051646262 -11477507737341.672 11477488009645.672
23.412651451312218 -11547685327885.258 11547665539970.021
23.412653850978174 -11618400103229.734 11618380254819.109
23.412656250644126 -11689657005292.117 11689637096108.262
23.412658650310082 -11761461029112.088 11761441058875.453
23.412661049976034 -11833817223505.584 11833797191934.906
23.41266344964199 -11906730691727.562 11906710598539.846
23.412665849307942 -11980206592143.916 11980186437054.422
23.412668248973898 -12054250138912.625 12054229921634.857
23.41267064863985 -12128866602674.5 12128846322920.193
23.412673048305805 -12204061311253.488 12204040968732.59
23.412675447971758 -12279839650366.859 12279819244787.521
23.412677847637713 -12356207064345.279 12356186595413.842
23.412680247303669 -12433169056862.82 12433148524283.795
23.412682646969621 -12510731191677.416 12510710595153.475
23.412685046635577 -12588899093381.848 12588878432613.807
23.412687446301529 -12667678448165.043 12667657722851.852
23.412689845967485 -12747075004584.188 12747054214422.91
23.412692245633437 -12827094574347.652 12827073719033.453
23.412694645299393 -12907743033109.189 12907722112335.32
23.412697044965345 -12989026321273.361 12989005334731.145
23.412699444631301 -13070950444812.279 13070929392191.096
23.412701844297256 -13153521476093.986 13153500357081.254
23.412704243963208 -13236745554722.627 13236724369003.793
23.412706643629164 -13320628888390.652 13320607635649.17
23.412709043295116 -13405177753743.154 13405156433660.473
23.412711442961072 -13490398497254.709 13490377109510.258
23.412713842627024 -13576297536118.328 13576276080389.496
23.41271624229298 -13662881359147.578 13662859835109.699
23.412718641958932 -13750156527691.738 13750134935018.076
23.412721041624888 -13838129676563.904 13838108014925.639
23.41272344129084 -13926807514982.451 13926785784048.654
23.412725840956796 -14016196827526.17 14016175026963.795
23.412728240622751 -14106304475103.301 14106282604577.162
23.412730640288704 -14197137395934.562 14197115455107.322
23.412733039954659 -14288702606550.322 14288680595082.467
23.412735439620612 -14381007202802.35 14380985120352.178
23.412737839286567 -14474058360890.338 14474036207113.939
23.412740238952519 -14567863338403.486 14567841112954.729
23.412742638618475 -14662429475376.965 14662407177907.471
23.412745038284427 -14757764195364.025 14757741825523.156
23.412747437950383 -14853875006523.852 14853852563958.689
23.412749837616335 -14950769502725.336 14950746987080.664
23.412752237282291 -15048455364667.109 15048432775585.391
23.412754636948247 -15146940361014.283 15146917698135.648
23.412757036614199 -15246232349551.654 15246209612513.879
23.412759436280155 -15346339278353.84 15346316466792.322
23.412761835946107 -15447269186973.035 15447246300520.781
23.412764235612062 -15549030207644.312 15549007245931.916
23.412766635278015 -15651630566508.555 15651607529164.174
23.41276903494397 -15755078584853.881 15755055471503.221
23.412771434609922 -15859382680375.557 15859359490641.848
23.412773834275878 -15964551368454.496 15964528101958.477
23.412776233941834 -16070593263454.963 16070569919814.855
23.412778633607786 -16177517080041.779 16177493658873.27
23.412781033273742 -16285331634517.172 16285308135433.387
23.412783432939694 -16394045846177.893 16394022268789.385
23.41278583260565 -16503668738692.48 16503645082607.201
23.412788232271602 -16614209441499.311 16614185706322.588
23.412790631937558 -16725677191226.061 16725653376560.582
23.41279303160351 -16838081333130.32 16838057438576.105
23.412795431269465 -16951431322562.09 16951407347716.471
23.412797830935418 -17065736726448.641 17065712670906.238
23.412800230601373 -17181007224801.752 17180983088154.455
23.412802630267329 -17297252612247.902 17297228394084.842
23.412805029933281 -17414482799581.861 17414458499489.389
23.412807429599237 -17532707815344.121 17532683432905.783
23.412809829265189 -17651937807422.238 17651913342218.758
23.412812228931145 -17772183044676.609 17772158496285.855
23.412814628597097 -17893453918591.562 17893429286588.527
23.412817028263053 -18015760944952.066 18015736228908.848
23.412819427929005 -18139114765545.496 18139089965031.258
23.412821827594961 -18263526149890.16 18263501264471.125
23.412824227260916 -18389005996990.371 18388981026229.781
23.412826626926869 -18515565337118.691 18515540280576.789
23.412829026592824 -18643215333626.312 18643190190860.316
23.412831426258776 -18771967284780.758 18771942055344.832
23.412833825924732 -18901832625632.676 18901807309077.902
23.412836225590684 -19032822929911.891 19032797525786.25
23.41283862525664 -19164949911952.73 19164924419801.07
23.412841024922592 -19298225428649.262 19298199848013.266
23.412843424588548 -19432661481442.172 19432635811860.344
23.4128458242545 -19568270218335.598 19568244459343.219
23.412848223920456 -19705063935946.223 19705038087075.34
23.412850623586412 -19843055081584.766 19843029142364.148
23.412853023252364 -19982256255370.445 19982230225325.562
23.412855422918319 -20122680212378.688 20122654091031.684
23.412857822584272 -20264339864822.383 20264313651692.039
23.412860222250227 -20407248284268.738 20407221978870.453
23.41286262191618 -20551418703890.812 20551392305736.562
23.412865021582135 -20696864520754.609 20696838029352.922
23.412867421248087 -20843599298143.371 20843572712999.301
23.412869820914043 -20991636767918.684 20991610088533.773
23.412872220579995 -21140990832918.727 21140964058790.98
23.412874620245951 -21291675569396.191 21291648700020.039
23.412877019911907 -21443705229494.34 21443678264360.613
23.412879419577859 -21597094243763.32 21597067182359.211
23.412881819243815 -21751857223717.121 21751830065526.152
23.412884218909767 -21908008964431.914 21907981708933.906
23.412886618575723 -22065564447186.316 22065537093857.359
23.412889018241675 -22224538842144.438 22224511390456.852
23.41289141790763 -22384947511082.551 22384919960504.855
23.412893817573583 -22546806010159.902 22546778360156.781
23.412896217239538 -22710130092734.508 22710102342766.773
23.412898616905494 -22874935712225.824 22874907861750.387
23.412901016571446 -23041239025023.031 23041211073492.855
23.412903416237402 -23209056393441.742 23209028340305.816
23.412905815903354 -23378404388729.594 23378376233432.891
23.41290821556931 -23549299794120.879 23549271536104.324
23.412910615235262 -23721759607941.168 23721731246641.602
23.412913014901218 -23895801046763.52 23895772581613.656
23.41291541456717 -24071441548616.73 24071412979045.121
23.412917814233126 -24248698776246.836 24248670101677.832
23.412920213899078 -24427590620433 24427561840286.715
23.412922613565033 -24608135203358.18 24608106317050.449
23.412925013230989 -24790350882035.707 24790321888978.047
23.412927412896941 -24974256251793.883 24974227151393.457
23.412929812562897 -25159870149818.137 25159840941477.707
23.412932212228849 -25347211658752.379 25347182341870.27
23.412934611894805 -25536300110361.66 25536270684331.711
23.412937011560757 -25727155089256.004 25727125553467.539
23.412939411226713 -25919796436676.859 25919766790514.637
23.412941810892665 -26114244254347.34 26114214497191.508
23.412944210558621 -26310518908388.109 26310489039614.168
23.412946610224576 -26508641033299.207 26508611052277.961
23.412949009890529 -26708631536009.449 26708601442106.969
23.412951409556484 -26910511599994.84 26910481392572.41
23.412953809222437 -27114302689467.074 27114272367881.152
23.412956208888392 -27320026553633.5 27319996117235.668
23.412958608554344 -27527705231030.66 27527674679167.582
23.4129610082203 -27737361053930.965 27737330385944.344
23.412963407886252 -27949016652824.934 27948985868051.449
23.412965807552208 -28162694960981.578 28162664058752.855
23.41296820721816 -28378419219087.223 28378388198729.773
23.412970606884116 -28596212979963.727 28596181840798.906
23.412973006550072 -28816100113368.852 28816068854712.809
23.412975406216024 -29038104810878.895 29038073432042.516
23.41297780588198 -29262251590857.469 29262220091146.332
23.412980205547932 -29488565303510.656 29488533682224.977
23.412982605213887 -29717071136030.055 29717039392464.637
23.41298500487984 -29947794617825.477 29947762751269.66
23.412987404545795 -30180761625849.281 30180729635586.891
23.412989804211747 -30415998390013.195 30415966275322.484
23.412992203877703 -30653531498701.508 30653499258855.102
23.412994603543655 -30893387904381.262 30893355538646.109
23.412997003209611 -31135594929310.531 31135562436947.844
23.412999402875567 -31380180271348.102 31380147651613.293
23.413001802541519 -31627172009866.836 31627139262009.48
23.413004202207475 -31876598611771.227 31876565735034.984
23.413006601873427 -32128488937621.422 32128455931243.992
23.413009001539383 -32382872247866.871 32382839111079.926
23.413011401205335 -32639778209191.758 32639744941220.891
23.41301380087129 -32899236900973.113 32899203501037.77
23.413016200537243 -33161278821854.844 33161245289168.262
23.413018600203198 -33425934896440.758 33425901230209.914
23.413020999869154 -33693236482107.289 33693202681532.828
23.413023399535106 -33963215375938.258 33963181440214.438
23.413025799201062 -34235903821784.887 34235869750099.504
23.413028198867014 -34511334517454.941 34511300308989.273
23.41303059853297 -34789540622032.059 34789506275960.797
23.413032998198922 -35070555763327.16 35070521278818.34
23.413035397864878 -35354414045466.398 35354379421681.336
23.41303779753083 -35641150056617.516 35641115292710.742
23.413040197196786 -35930798876856.961 35930763971976.148
23.413042596862738 -36223396086180.492 36223361039466.383
23.413044996528694 -36518977772663.195 36518942583249.539
23.413047396194649 -36817580540767.914 36817545207781.383
23.413049795860601 -37119241519807.234 37119206042367.375
23.413052195526557 -37423998372561.297 37423962749780.422
23.413054595192509 -37731889304056.062 37731853535039.211
23.413056994858465 -38042953070504.531 38042917154349.375
23.413059394524417 -38357228988412.828 38357192924209.602
23.413061794190373 -38674756943855.875 38674720730687.297
23.413064193856325 -38995577401927.203 38995541038868.398
23.413066593522281 -39319731416365.234 39319694902483.656
23.413068993188237 -39647260639359.859 39647223973715.203
23.413071392854189 -39978207331544.531 39978170513188.672
23.413073792520144 -40312614372173.141 40312577400150.023
23.413076192186097 -40650525269492.227 40650488142837.812
23.413078591852052 -40991984171308.258 40991946889050.43
23.413080991518004 -41337035875752.336 41336998436910.797
23.41308339118396 -41685725842252.484 41685688245838.695
23.413085790849912 -42038100202715.031 42038062447732.109
23.413088190515868 -42394205772917.289 42394167858359.922
23.41309059018182 -42754090064118.312 42754051988972.68
23.413092989847776 -43117801294890.547 43117763058134.219
23.413095389513732 -43485388403182.18 43485350003784.031
23.413097789179684 -43856901058606.508 43856862495526.617
23.41310018884564 -44232389674970.727 44232350947160.297
23.413102588511592 -44611905423046.188 44611866529447.43
23.413104988177547 -44995500243586.891 44995461183132.945
23.4131073878435 -45383226860600.016 45383187632214.859
23.413109787509455 -45775138794871.438 45775099397469.766
23.413112187175408 -46171290377757.547 46171250810244.68
23.413114586841363 -46571736765246.297 46571697026518.086
23.413116986507315 -46976533952291.57 46976494041234.289
23.413119386173271 -47385738787429 47385698702919.242
23.413121785839227 -47799408987680.594 47799368728585.172
23.413124185505179 -48217603153749.344 48217562718925.172
23.413126585171135 -48640380785515.297 48640340173809.289
23.413128984837087 -49067802297840.211 49067761508089.164
23.413131384503043 -49499929036684.859 49499888067715.359
23.413133784168995 -49936823295544.492 49936782146172.789
23.413136183834951 -50378548332208.445 50378507001240.336
23.413138583500903 -50825168385860.227 50825126872090.945
23.413140983166858 -51276748694516.328 51276706996730.438
23.413143382832814 -51733355512814.977 51733313629786.234
23.413145782498766 -52195056130160.586 52195014060651.828
23.413148182164722 -52661918889235.602 52661876631998.625
23.413150581830674 -53134013204885.5 53133970758660.93
23.41315298149663 -53611409583386.086 53611366946903.266
23.413155381162582 -54094179642098.773 54094136814075.633
23.413157780828538 -54582396129525.211 54582353108668.125
23.41316018049449 -55076132945771.75 55076089730775.422
23.413162580160446 -55575465163432.867 55575421752980.195
23.413164979826398 -56080469048896.281 56080425441658.219
23.413167379492354 -56591222084089.883 56591178278725.305
23.413169779158309 -57107802988675.234 57107758983830.812
23.413172178824261 -57630291742692.43 57630247537002.469
23.413174578490217 -58158769609674.742 58158725201761.062
23.413176978156169 -58693319160245.82 58693274548717.602
23.413179377822125 -59234024296197.938 59233979479651.57
23.413181777488077 -59780970275078.328 59780925252097.273
23.413184177154033 -60334243735284.203 60334198504438.852
23.413186576819985 -60893932721680.109 60893887281527.609
23.413188976485941 -61460126711753.297 61460081060837.422
23.413191376151897 -62032916642316.539 62032870779167.516
23.413193775817849 -62612394936769.633 62612348859903.984
23.413196175483804 -63198655532944.281 63198609240864.688
23.413198575149757 -63791793911526.75 63791747402721.859
23.413200974815712 -64391907125086.398 64391860398030.68
23.413203374481665 -64999093827719.898 64999046880873.469
23.41320577414762 -65613454305325.836 65613407137134.289
23.413208173813572 -66235090506525.914 66235043115420.156
23.413210573479528 -66864106074244 66864058458640.07
23.41321297314548 -67500606377963.586 67500558536262.477
23.413215372811436 -68144698546677.469 68144650477264.953
23.413217772477392 -68796491502546.844 68796443203793.289
23.413220172143344 -69456095995287.555 69456047465547.742
23.4132225718093 -70123624637297.672 70123575874910.617
23.413224971475252 -70799191939544.984 70799142942833.734
23.413227371141208 -71482914348236.406 71482865115507.859
23.41322977080716 -72174910282283.734 72174860811828.422
23.413232170473115 -72875300171592.219 72875250461684.125
23.413234570139068 -73584206496194.453 73584156545090.828
23.413236969805023 -74301753826222.781 74301703632163.922
23.413239369470979 -75028068862767.188 75028018423976.219
23.413241769136931 -75763280479647.219 75763229794329.891
23.413244168802887 -76507519766099.609 76507468832444.109
23.413246568468839 -77260920070405.203 77260868886581.906
23.413248968134795 -78023617044490.562 78023565608651.812
23.413251367800747 -78795748689526.781 78795696999806.719
23.413253767466703 -79577455402537.047 79577403457051.328
23.413256167132655 -80368880024046.047 80368827820891.641
23.413258566798611 -81170167886810.172 81170115424065.109
23.413260966464563 -81981466865635.828 81981414141358.984
23.413263366130519 -82802927428324.531 82802874440555.375
23.413265765796474 -83634702687766.594 83634649434524.953
23.413268165462426 -84476948455214.609 84476894934500.406
23.413270565128382 -85329823294772.188 85329769504565.234
23.413272964794334 -86193488579117.125 86193434517376.828
23.41327536446029 -87068108546487.859 87068054211152.953
23.413277764126242 -87953850358996.344 87953795747984.656
23.413280163792198 -88850884162270.172 88850829273478.344
23.41328256345815 -89759383146468.25 89759327977771.484
23.413284963124106 -90679523608691.203 90679468157942.953
23.413287362790058 -91611485016847.641 91611429281879.391
23.413289762456014 -92555450074999.609 92555394053620.516
23.413292162121969 -93511604790222.594 93511548480219.266
23.413294561787922 -94480138541028.328 94480081940164.5
23.413296961453877 -95461244147382.969 95461187253399.219
23.413299361119829 -96455117942364.156 96455060752977.609
23.413301760785785 -97461959845500.281 97461902358404.266
23.413304160451737 -98481973437846.922 98481915650710.703
23.413306560117693 -99515366038832.094 99515307949300.547
23.413308959783645 -100562348784908 100562290390601.28
23.413311359449601 -101623136710087.97 101623078008601.2
23.413313759115557 -102697948828383.64 102697889817286.58
23.413316158781509 -103787008218217.03 103786948895053.72
23.413318558447465 -104890542108852.31 104890482471140.75
23.413320958113417 -106008781968901.27 106008722014133.08
23.413323357779372 -107141963596955.59 107141903322595.66
23.413325757445325 -108290327214402.73 108290266617888.83
23.41332815711128 -109454117560475.7 109454056639218.14
23.413330556777233 -110633583989632.53 110633522741013.78
23.413332956443188 -111828980571297.75 111828918992672.09
23.41333535610914 -113040566192021.23 113040504280714.36
23.413337755775096 -114268604660139.61 114268542413448.23
23.413340155441052 -115513364813001.33 115513302228192.78
23.413342555107004 -116775120626837.5 116775057701149.38
23.41334495477296 -118054151329328.39 118054088059968.08
23.413347354438912 -119350741514960.23 119350677899104.55
23.413349754104868 -120665181263241.17 120665117298035.92
23.41335215377082 -121997766259834.38 121997701942393.92
23.413354553436776 -123348797920738.39 123348733248145.23
23.413356953102728 -124718583519557.67 124718518488862.02
23.413359352768683 -126107436317954.25 126107370926173.53
23.413361752434639 -127515675699383.28 127515609943501.73
23.413364152100591 -128943627306190.95 128943561183159.12
23.413366551766547 -130391623180195.09 130391556686929.39
23.413368951432499 -131860001906806.27 131859935040188.45
23.413371351098455 -133349108762830.02 133349041519706.73
23.413373750764407 -134859295868034.84 134859228245217.14
23.413376150430363 -136390922340582.72 136390854334845.52
23.413378550096315 -137944354456438.62 137944286064520.23
23.413380949762271 -139519965812879.58 139519897031481.14
23.413383349428223 -141118137496222.16 141118068322007.16
23.413385749094179 -142739258253886.12 142739188683479.81
23.413388148760134 -144383724670922.91 144383654700911.75
23.413390548426086 -146051941351115.59 146051870978046.75
23.413392948092042 -147744321102833.78 147744250323214.53
23.413395347757994 -149461285129694.25 149461213939991.34
23.41339774742395 -151203263226275.75 151203191622914.94
23.413400147089902 -152970693978965.62 152970621958330.97
23.413402546755858 -154764024972082.66 154763952530515.97
23.41340494642181 -156583712999464.72 156583640133264.91
23.413407346087766 -158430224281676.47 158430150987098.94
23.413409745753718 -160304034688997.25 160303960962253.25
23.413412145419674 -162205629970353.66 162205555807609.59
23.413414545085629 -164135505988390.31 164135431385767.16
23.413416944751582 -166094168960836.72 166094093914409.25
23.413419344417537 -168082135708405.44 168082060214201.62
23.41342174408349 -170099933909341.66 170099857963341.94
23.413424143749445 -172148102360878.47 172148025959015
23.413426543415397 -174227191247827.41 174227114385983.38
23.413428943081353 -176337762418481.38 176337685092490.22
23.413431342747305 -178480389668047.5 178480311873692.22
23.413433742413261 -180655659029855.16 180655580762867.5
23.413436142079217 -182864169074572.66 182864090330632.38
23.413438541745169 -185106531217653.25 185106451992387.25
23.413440941411125 -187383370035345.97 187383290324327.53
23.413443341077077 -189695323589455.94 189695243388203.91
23.413445740743033 -192043043761132.12 192042963065110.03
23.413448140408985 -194427196594004.88 194427115398620.16
23.41345054007494 -196848462646893.88 196848380947496.91
23.413452939740893 -199307537356456.25 199307455148339.5
23.413455339406848 -201805131410114.53 201805048688511.69
23.4134577390728 -204341971129440.41 204341887889525.41
23.413460138738756 -206918798864461.53 206918715101347.66
23.413462538404712 -209536373399204.69 209536289107943.59
23.413464938070664 -212195470368760.53 212195385544341.28
23.41346733773662 -214896882688371.06 214896797325719.12
23.413469737402572 -217641420994786.84 217641335088763.09
23.413472137068528 -220429914100345.38 220429827645745.03
23.41347453673448 -223263209460252.62 223263122451804.22
23.413476936400436 -226142173653367.59 226142086085731.94
23.413479336066388 -229067692876974.41 229067604744743.41
23.413481735732343 -232040673456005.06 232040584753700.69
23.413484135398299 -235062042367250.38 235061953089323.53
23.413486535064251 -238132747778859.22 238132657919688.5
23.413488934730207 -241253759605823.56 241253669159714.19
23.413491334396159 -244426070081891.81 244425979043074.31
23.413493734062115 -247650694348406.12 247650602711035.16
23.413496133728067 -250928671060823.78 250928578818976.91
23.413498533394023 -254261063013232.56 254260970160909
23.413500933059975 -257648957781514.59 257648864312633.81
23.413503332725931 -261093468385978.19 261093374294378.66
23.413505732391883 -264595733974028.66 264595639253466.44
23.413508132057839 -268156920523425.62 268156825167573.06
23.413510531723794 -271778221566926.78 271778125569371.03
23.413512931389747 -275460858939027.28 275460762293268.91
23.413515331055702 -279206083545553.53 279205986245005.03
23.413517730721654 -283015176156872.5 283015078194856.81
23.41352013038761 -286889448225518.56 286889349595267.5
23.413522530053562 -290830242729086.31 290830143423739.06
23.413524929719518 -294838935039282.56 294838835051884.06
23.41352732938547 -298916933818125.31 298916833141624.62
23.413529729051426 -303065681941882 303065580569130.69
23.413532128717378 -307286657454155.81 307286555377906.19
23.413534528383334 -311581374548911 311581271761814.5
23.41353692804929 -315951384584454.25 315951281079059.56
23.413539327715242 -320398277129519.06 320398172898270.31
23.413541727381197 -324923681042713.25 324923576077948.31
23.41354412704715 -329529265586380.44 329529159880328.88
23.413546526713105 -334216741575937.5 334216635120718.81
23.413548926379057 -338987862566319.31 338987755353940.81
23.413551326045013 -343844426076644.25 343844318098999.25
23.413553725710965 -348788274854320.94 348788166103186.56
23.413556125376921 -353821298180318.75 353821188647353.88
23.413558525042877 -358945433217035.69 358945322893778.81
23.413560924708829 -364162666400203.25 364162555278070.31
23.413563324374785 -369475034876523.94 369474922946806.19
23.413565724040737 -374884627988622.25 374884515242483.81
23.413568123706693 -380393588808862.81 380393475237338.56
23.413570523372645 -386004115724363.75 386004001318356.69
23.4135729230386 -391718464074660.88 391718348824939.94
23.413575322704553 -397538947844229 397538831741426.38
23.413577722370508 -403467941411761.12 403467824446369.81
23.413580122036461 -409507881358493.88 409507763520865.12
23.413582521702416 -415661268337338.19 415661149617678.81
23.413584921368372 -421930669005629.44 421930549393999
23.413587321034324 -428318718023886 428318597510194.25
23.41358972070028 -434828120122620.81 434827998696624.62
23.413592120366232 -441461652240243.38 441461529891544.06
23.413594520032188 -448222165734629.88 448222042452670
23.41359691969814 -455112588671065.06 455112464445125.62
23.413599319364096 -462135928189898.38 462135803009095.5
23.413601719030048 -469295272956317.75 469295146809599.62
23.413604118696004 -476593795696213.94 476593668572357.56
23.413606518361959 -484034755820976.44 484034627708584.25
23.413608918027911 -491621502144836.44 491621373032332.88
23.413611317693867 -499357475698521.62 499357345574149.75
23.413613717359819 -507246212642824 507246081494641.88
23.413616117025775 -515291347286149.62 515291215102026.62
23.413618516691727 -523496615210079.19 523496481977692.25
23.413620916357683 -531865856507615.69 531865722214445.56
23.413623316023635 -540403019138282.81 540402883771610.19
23.413625715689591 -549112162404502.25 549112025951403.56
23.413628115355543 -557997460554954.75 557997323002298.12
23.413630515021499 -567063206519744.12 567063067854185.25
23.413632914687454 -576313815782395.38 576313675990373.12
23.413635314353407 -585753830394582.88 585753689462314.88
23.413637714019362 -595387923139701.12 595387781053179.25
23.413640113685315 -605220901850809.62 605220758595795.38
23.41364251335127 -615257713889401.62 615257569451421.25
23.413644913017222 -625503450793112.25 625503305157452
23.413647312683178 -635963353097391.88 635963206249093.12
23.41364971234913 -646642815339276 646642667263129.88
23.413652112015086 -657547391250917 657547241931459.12
23.413654511681038 -668682799152048.62 668682648573553.88
23.413656911346994 -680054927548173.62 680054775694650.75
23.41365931101295 -691669840943282.38 691669687798468
23.413661710678902 -703533785877218.38 703533631424571.25
23.413664110344858 -715653197198304.25 715653041420999.62
23.41366651001081 -728034704578279.38 728034547459202.62
23.413668909676765 -740685139282439.75 740684980804180.12
23.413671309342718 -753611541206257.62 753611381351101.75
23.413673709008673 -766821166189226.12 766821004939151.5
23.413676108674625 -780321493618319 780321330954987.25
23.413678508340581 -794120234334192.25 794120070238942.12
23.413680908006537 -808225338853480 808225173307320.25
23.413683307672489 -822645005920148.5 822644838903750.62
23.413685707338445 -837387691402150.62 837387522895841.25
23.413688107004397 -852462117548888.38 852461947532641.5
23.413690506670353 -867877282624976 867877111078405
23.413692906336305 -883642470938409.25 883642297840759
23.413695306002261 -899767263280046.75 899767088610185.25
23.413697705668213 -916261547791735.62 916261371528145
23.413700105334168 -933135531287280.88 933135353408048.88
23.413702505000121 -950399751044118 950399571526928.75
23.413704904666076 -968065087088276.75 968064905910401.5
23.413707304332032 -986142774995083.38 986142592133371
23.413709703997984 -1004644419230003.4 1004644234660870.4
23.41371210366394 -1023582007055365.4 1023581820754785.9
23.413714503329892 -1042967923029416.4 1042967734972911.5
23.413716902995848 -1062814964127144.5 1062814774289771.6
23.4137193026618 -1083136355511337.8 1083136163867679.8
23.413721702327756 -1103945766984832.9 1103945573508986.6
23.413724101993708 -1125257330157117 1125257134822681.6
23.413726501659664 -1147085656362251 1147085459142316
23.413728901325619 -1169445855359886.2 1169445656227019
23.413731300991572 -1192353554861155.5 1192353353787389
23.413733700657527 -1215824920920383.5 1215824717877202.5
23.413736100323479 -1239876679233138.2 1239876474191466.2
23.413738499989435 -1264526137389229.2 1264525930319414.8
23.413740899655387 -1289791208122699.5 1289790998994501.2
23.413743299321343 -1315690433614814 1315690222397386.8
23.413745698987295 -1342243010900017.8 1342242797561896.8
23.413748098653251 -1369468818429407.2 1369468602938492.5
23.413750498319203 -1397388443857437.2 1397388226180977.8
23.413752897985159 -1426023213107510.8 1426022993212088
23.413755297651115 -1455395220779053.5 1455394998630564.2
23.413757697317067 -1485527361976620.5 1485527137540258.8
23.413760096983022 -1516443365629732 1516443138869971.2
23.413762496648975 -1548167829379150.2 1548167600259724.8
23.41376489631493 -1580726256115239.5 1580726024599124.5
23.413767295980882 -1614145092253368 1614144858302760.2
23.413769695646838 -1648451767839274.2 1648451531415571.2
23.41377209531279 -1683674738583011.5 1683674499646790
23.413774494978746 -1719843529927148 1719843288438142.8
23.413776894644702 -1756988783251924 1756988539169004.8
23.413779294310654 -1795142304337394 1795142057618542
23.41378169397661 -1834337114209537.8 1834336864811822
23.413784093642562 -1874607502496917.5 1874607250376469.2
23.413786493308518 -1915989083439162.8 1915988828551150.5
23.41378889297447 -1958518854688507 1958518596987109.2
23.413791292640425 -2002235259069016.8 2002234998507395
23.413793692306378 -2047178249451787.5 2047177985982058
23.413796091972333 -2093389356922531 2093389090495734.8
23.413798491638286 -2140911762436802 2140911493002875
23.413800891304241 -2189790372155370.2 2189790099663112
23.413803290970197 -2240071896666111.8 2240071621063152.8
23.413805690636149 -2291804934325675.5 2291804655558443.5
23.413808090302105 -2345040058957241 2345039776970926.5
23.413810489968057 -2399829912161561.5 2399829626900082
23.413812889634013 -2456229300503989.5 2456229011909952.5
23.413815289299965 -2514295297863877.5 2514295005878541.5
23.413817688965921 -2574087353268755.5 2574087057831990
23.413820088631873 -2635667404536516.5 2635667105586761
23.413822488297829 -2699099998069113.5 2699099695543335
23.413824887963781 -2764452415165575.5 2764452108999223.5
23.413827287629736 -2831794805264785 2831794495391746.5
23.413829687295692 -2901200326535497.5 2901200012888049
23.413832086961644 -2972745294254861 2972744976763618.5
23.4138344866276 -3046509337487270 3046509016081139
23.413836886293552 -3122575564557528 3122575239163649
23.413839285959508 -3201030737876536.5 3201030408420231.5
23.41384168562546 -3281965458721626.5 3281965125126341
23.413844085291416 -3365474362578697.5 3365474024765941
23.413846484957368 -3451656325751054.5 3451655983640340
23.413848884623324 -3540614683940467 3540614337449246
23.413851284289279 -3632457463586572.5 3632457112630168.5
23.413853683955232 -3727297626804163 3727297271295703.5
23.413856083621187 -3825253330798811 3825252970649155
23.413858483287139 -3926448202722320 3926447837839984
23.413860882953095 -4031011630988303 4031011261279383
23.413863282619047 -4139079074166572 4139078699534663
23.413865682285003 -4250792388649282.5 4250792008995395
23.413868081950955 -4366300176323055 4366299791545528.5
23.413870481616911 -4485758153650163 4485757763644573.5
23.413872881282863 -4609329543629344 4609329148288411
23.413875280948819 -4737185492209969 4737185091423456
23.413877680614775 -4869505510906640 4869505104561252
23.413880080280727 -5006477947396967 5006477535376245
23.413882479946682 -5148300486120035 5148300068304245
23.413884879612635 -5295180680978631 5295180257244646
23.41388727927859 -5447336522515678 5447336092736858
23.413889678944543 -5604997042017705 5604996606063772
23.413892078610498 -5768402955227710 5768402512964614
23.41389447827645 -5937807348589332 5937806899879115
23.413896877942406 -6113476411198131 6113475955898784
23.413899277608362 -6295690215821490 6295689753786801
23.413901677274314 -6484743552677256 6484743083756657
23.41390407694027 -6680946819971971 6680946344010372
23.413906476606222 -6884626975469655 6884626492307272
23.413908876272178 -7096128553906509 7096128063378687
23.41391127593813 -7315814755293389 7315814257230414
23.413913675604086 -7544068609566095 7544068103793000
23.413916075270038 -7781294223588145 7781293709924503
23.413918474935993 -8027918117100380 8027917595360090
23.413920874601946 -8284390654723905 8284390124714967
23.413923274267901 -8551187581728202 8551187043252482
23.413925673933857 -8828811671980778 8828811124833762
23.413928073599809 -9117794497107552 9117793941078084
23.413930473265765 -9418698327220712 9418697762090724
23.413932872931717 -9732118173859980 9732117599404210
23.413935272597673 -10058683987086284 10058683403071972
23.413937672263625 -10399063019901370 10399062426087944
23.413940071929581 -10753962374233146 10753961770371894
23.413942471595533 -11124131744126486 11124131129960206
23.413944871261489 -11510366373135920 11510365748398556
23.413947270927441 -11913510244911664 11913509609327924
23.413949670593396 -12334459527168092 12334458880453040
23.413952070259352 -12774166291955632 12774165633814264
23.413954469925304 -13233642537073756 13233641867200550
23.41395686959126 -13713964535848586 13713963853927030
23.413959269257212 -14216277545288860 14216276850990956
23.413961668923168 -14741800905652312 14741800198638044
23.41396406858912 -15291833568330280 15291832848247062
23.413966468255076 -15867760092255264 15867759358737354
23.413968867921028 -16471057152922228 16471056405590110
23.413971267586984 -17103300613485238 17103299851944964
23.413973667252939 -17766173212518936 17766172436361438
23.413976066918892 -18461472928462664 18461472137263016
23.413978466584847 -19191122088054916 19191121281371560
23.4139808662508 -19957177293013908 19957176470387836
23.413983265916755 -20761840246415020 20761839407368900
23.413985665582707 -21607469571362396 21607468715399644
23.413988065248663 -22496593724367176 22496592850970984
23.413990464914615 -23431925116020216 23431924224652504
23.413992864580571 -24416375566520732 24416374656621056
23.413995264246523 -25453073236854680 25453072307839040
23.413997663912479 -26545381195273996 26545380246533592
23.414000063578435 -27696917796234196 27696916827134104
23.414002463244387 -28911579068663448 28911578078541196
23.414004862910343 -30193563338560428 30193562326724492
23.414007262576295 -31547398334459116 31547397300187300
23.41400966224225 -32977971058240532 32977970000778256
23.414012061908203 -34490560739989296 34490559658547764
23.414014461574158 -36090875229747120 36090874123501344
23.414016861240111 -37785091234161984 37785090102248704
23.414019260906066 -39579898852711864 39579897694227280
23.414021660572022 -41482550928230608 41482549742227992
23.414024060237974 -43500917803513408 43500916589000512
23.41402645990393 -45643548141049768 45643546896986064
23.414028859569882 -47919736567256720 47919735292550424
23.414031259235838 -50339598999744088 50339597693248960
23.41403365890179 -52914156643971672 52914155304483576
