# serie phase 2 p7_w2.80_c1.20_dt2_k2 : t x1 x2 (dt2=9.3426776943932292e-06, depart t=4.1219999999999999 etat bascule x1 x2 v1 v2 = 1301.6406380572562 -1274.3589330389564 53345.666851376867 -53021.007298725643)
4.1855302083218735 4481858.3894644445 -4481577.2380684922
4.1855395509995681 4514276.2200727332 -4513994.4891201444
4.1855488936772627 4547013.1090751952 -4546730.7958709709
4.1855582363549564 4580073.033373788 -4579790.1352033857
4.185567579032651 4613460.0299236821 -4613176.5440528216
4.1855769217103456 4647178.1967992205 -4646894.1204736885
4.1855862643880402 4681231.6942816367 -4680947.0247270893
4.1855956070657339 4715624.7459690366 -4715339.4803907983
4.1856049497434284 4750361.639909165 -4750075.7754920265
4.185614292421123 4785446.7297554808 -4785160.263663494
4.1856236350988176 4820884.4359470718 -4820597.3653233433
4.1856329777765122 4856679.2469129749 -4856391.5688794535
4.1856423204542059 4892835.7203014754 -4892547.4319587378
4.1856516631319005 4929358.4842349794 -4929069.5826620171
4.1856610058095951 4966252.2385910442 -4965962.7208450437
4.1856703484872897 5003521.7563101863 -5003231.6194263073
4.1856796911649834 5041171.8847311046 -5040881.1257222556
4.185689033842678 5079207.5469539715 -5078916.1628105827
4.1856983765203726 5117633.7432324607 -5117341.7309222538
4.1857077191980672 5156455.5523951901 -5156162.9088629466
4.1857170618757618 5195678.1332972813 -5195384.8554646028
4.1857264045534555 5235306.7263027616 -5235012.8110678345
4.1857357472311501 5275346.6547985571 -5275052.0990359066
4.1857450899088446 5315803.3267408265 -5315508.1273010736
4.1857544325865392 5356682.2362344265 -5356386.3899440393
4.1857637752642329 5397988.9651462976 -5397692.4688073378
4.1857731179419275 5439729.184753608 -5439432.035143475
4.1857824606196221 5481908.6574275047 -5481610.8512986787
4.1857918032973167 5524533.238353339 -5524234.772433118
4.1858011459750113 5567608.8772882447 -5567309.7482784772
4.185810488652705 5611141.6203570077 -5610841.824933826
4.1858198313303996 5655137.6118871747 -5654837.1467007203
4.1858291740080942 5699603.0962843327 -5699301.9579584803
4.1858385166857888 5744544.419948604 -5744242.6050806809
4.1858478593634825 5789968.0332333427 -5789665.5383938449
4.1858572020411771 5835880.492447109 -5835577.314179414
4.1858665447188717 5882288.4618999884 -5881984.5967200613
4.1858758873965662 5929198.7159953713 -5928894.1603914704
4.1858852300742608 5976618.1413683519 -5976312.8918007296
4.1858945727519545 6024553.7390718898 -6024247.7919724863
4.1859039154296491 6073012.6268119635 -6072705.9785841014
4.1859132581073437 6122002.0412329547 -6121694.6882510232
4.1859226007850383 6171529.3402545396 -6171221.2788636815
4.185931943462732 6221602.0054613985 -6221293.2319771862
4.1859412861404266 6272227.6445470918 -6271918.1552552031
4.1859506288181212 6323413.9938135045 -6323103.7849693922
4.1859599714958158 6375168.9207272744 -6374857.9885558309
4.1859693141735104 6427500.4265346806 -6427188.7672299007
4.1859786568512041 6480416.6489364998 -6480104.2586611332
4.1859879995288987 6533925.864824391 -6533612.7397095943
4.1859973422065933 6588036.4930804288 -6587722.6292254124
4.1860066848842878 6642757.0974414051 -6642442.4909130735
4.1860160275619815 6698096.3894295888 -6697781.0362621769
4.1860253702396761 6754063.2313517202 -6753747.127546424
4.1860347129173707 6810666.6393680191 -6810349.7808926199
4.1860440555950653 6867915.7866330547 -6867598.1694215396
4.1860533982727599 6925820.0065103928 -6925501.6264625695
4.1860627409504536 6984388.7958629793 -6984069.6488440847
4.1860720836281482 7043631.818421266 -7043311.9002615688
4.1860814263058428 7103558.9082311764 -7103238.2147255773
4.1860907689835374 7164180.0731840217 -7163858.6000916408
4.1861001116612311 7225505.4986306019 -7225183.2416743673
4.1861094543389257 7287545.5510817738 -7287222.5059480006
4.1861187970166203 7350310.7819977803 -7349986.9443357438
4.1861281396943149 7413811.9316687826 -7413487.2970902836
4.1861374823720094 7478059.933189082 -7477734.4972680109
4.1861468250497031 7543065.9165275944 -7542739.6747994823
4.1861561677273977 7608841.2126971856 -7608514.1606587535
4.1861655104050923 7675397.3580256058 -7675069.4911343036
4.1861748530827869 7742746.0985308364 -7742417.4122043783
4.1861841957604806 7810899.3944037212 -7810569.8840196123
4.1861935384381752 7879869.4246008527 -7879539.0854959078
4.1862028811158698 7949668.5915507982 -7949337.4190206546
4.1862122237935644 8020309.5259768376 -8019977.5152754597
4.186221566471259 8091805.0918394635 -8091472.2381786415
4.1862309091489527 8164168.3914019959 -8163834.689950834
4.1862402518266473 8237412.7704228079 -8237078.216307207
4.1862495945043419 8311551.823477746 -8311216.4117798777
4.1862589371820365 8386599.3994164132 -8386263.1251741853
4.1862682798597302 8462569.6069561616 -8462232.4651626758
4.1862776225374247 8539476.8204176724 -8539138.8060206734
4.1862869652151193 8617335.6856062561 -8616996.7935075741
4.1862963078928139 8696161.1258429904 -8695821.3508979678
4.1863056505705085 8775968.3481500745 -8775627.6851669941
4.1863149932482022 8856772.8495948352 -8856431.2933343332
4.1863243359258968 8938590.4237969648 -8938247.9689714313
4.1863336786035914 9021437.1676038038 -9021093.8088767827
4.186343021281286 9105329.4879385531 -9104985.2199241258
4.1863523639589797 9190284.1088264547 -9189938.9260886144
4.1863617066366743 9276318.0786042493 -9275971.9756562691
4.1863710493143689 9363448.7773182467 -9363101.7486220356
4.1863803919920635 9451693.924316626 -9451345.9642820712
4.1863897346697581 9541071.5860417392 -9540722.6890260428
4.1863990773474518 9631600.1840284038 -9631250.344335407
4.1864084200251463 9723298.5031143278 -9722947.7149938215
4.1864177627028409 9816185.6998689845 -9815833.9575160127
4.1864271053805355 9910281.3112476356 -9909928.6088017859
4.1864364480582292 10005605.263477219 -10005251.5950219
4.1864457907359238 10102177.881181153 -10101823.24074286
4.1864551334136184 10200019.896750337 -10199664.27829791
4.186464476091313 10299152.459967867 -10298795.857411731
4.1864738187690076 10399597.147895232 -10399239.555086624
4.1864831614467013 10501375.975028081 -10501017.38575827
4.1864925041243959 10604511.403729811 -10604151.811729299
4.1865018468020905 10709026.354951629 -10708665.753889341
4.1865111894797851 10814944.219248023 -10814582.602730488
4.1865205321574788 10922288.868096732 -10921926.229667241
4.1865298748351734 11031084.665532839 -11030720.998670593
4.1865392175128679 11141356.480106914 -11140991.77822616
4.1865485601905625 11253129.697177341 -11252763.953626487
4.1865579028682571 11366430.231547356 -11366063.439608078
4.1865672455459508 11481284.540457888 -11480916.693344221
4.1865765882236454 11597719.636947427 -11597350.72780483
4.18658593090134 11715763.103590664 -11715393.12549508
4.1865952735790346 11835443.106628155 -11835072.05258505
4.1866046162567283 11956788.410499541 -11956416.27344293
4.1866139589344229 12079828.392793357 -12079455.165584803
4.1866233016121175 12204593.05962701 -12204218.735054616
4.1866326442898121 12331113.061470913 -12330737.632248297
4.1866419869675067 12459419.709431252 -12459043.168196492
4.1866513296452004 12589544.99200651 -12589167.331321081
4.186660672322895 12721521.592333401 -12721142.804681085
4.1866700150005896 12855382.905938236 -12855002.983724022
4.1866793576782841 12991163.059010625 -12990781.99455958
4.1866887003559778 13128896.92721694 -13128514.712773066
4.1866980430336724 13268620.155071486 -13268236.782796552
4.186707385711367 13410369.175884185 -13409984.637856541
4.1867167283890616 13554181.232304148 -13553795.520517511
4.1867260710667562 13700094.397479396 -13699707.503841624
4.1867354137444499 13848147.596853539 -13847759.513185373
4.1867447564221445 13998380.630621187 -13997991.348654972
4.1867540990998391 14150834.196864629 -14150443.708243016
4.1867634417775337 14305549.915395316 -14305158.211669935
4.1867727844552274 14462570.352324208 -14462177.424954319
4.186782127132922 14621939.045386365 -14621544.885737475
4.1867914698106166 14783700.530046068 -14783305.129388539
4.1868008124883112 14947900.366409644 -14947503.715917259
4.1868101551660057 15114585.166974226 -15114187.257722734
4.1868194978436994 15283802.625242015 -15283403.448207645
4.186828840521394 15455601.545230536 -15455201.091288486
4.1868381831990886 15630031.871910743 -15629630.131833643
4.1868475258767832 15807144.722605936 -15806741.687062271
4.1868568685544769 15986992.419385836 -15986588.078938346
4.1868662112321715 16169628.522491552 -16169222.867595604
4.1868755539098661 16355107.864828711 -16354700.885830628
4.1868848965875607 16543486.587567294 -16543078.274702659
4.1868942392652553 16734822.176888434 -16734412.520280363
4.186903581942949 16929173.501920067 -16928762.491577435
4.1869129246206436 17126600.853905108 -17126188.47972076
4.1869222672983382 17327165.986647293 -17326752.238396194
4.1869316099760328 17530932.158282101 -17530517.025619473
4.1869409526537265 17737964.174421903 -17737547.646881308
4.186950295331421 17948328.432726368 -17947910.499717768
4.1869596380091156 18162092.968951728 -18161673.619759485
4.1869689806868102 18379327.504534237 -18378906.728315081
4.1869783233645048 18600103.495766152 -18599681.281547114
4.1869876660421985 18824494.184624404 -18824070.521300711
4.1869970087198931 19052574.651314624 -19052149.527647521
4.1870063513975877 19284421.86859633 -19283995.273210894
4.1870156940752823 19520114.757958028 -19519686.67934091
4.187025036752976 19759734.247712933 -19759304.67421006
4.1870343794306706 20003363.333090417 -20002932.252904661
4.1870437221083652 20251087.138400361 -20250654.539589129
4.1870530647860598 20502992.981351577 -20502558.851824377
4.1870624074637544 20759170.439609058 -20758734.767124999
4.1870717501414481 21019711.419678092 -21019274.191843331
4.1870810928191426 21284710.228207726 -21284271.432472862
4.1870904354968372 21554263.645809792 -21553823.269467212
4.1870997781745318 21828471.003493849 -21828029.033675
4.1871091208522255 22107434.261823438 -22106990.685496051
4.1871184635299201 22391258.092903309 -22390812.896868564
4.1871278062076147 22680049.965312134 -22679603.136201758
4.1871371488853093 22973920.232100822 -22973471.75637411
4.1871464915630039 23272982.221982293 -23272532.085923087
4.1871558342406976 23577352.333843574 -23576900.523557168
4.1871651769183922 23887150.134716667 -23886696.636126623
4.1871745195960868 24202498.461353034 -24202043.260197956
4.1871838622737814 24523523.525550943 -24523066.607381154
4.1871932049514751 24850355.023393124 -24849896.373567276
4.1872025476291697 25183126.248559803 -25182665.852241416
4.1872118903068642 25521974.209888633 -25521512.052042544
4.1872212329845588 25867039.753362712 -25866575.818751447
4.1872305756622534 26218467.688715007 -26218001.961895078
4.1872399183399471 26576406.920847829 -26575939.386165921
4.1872492610176417 26941010.586274795 -26940541.227863889
4.1872586036953363 27312436.194802836 -27311964.99657822
4.1872679463730309 27690845.77668263 -27690372.722337835
4.1872772890507246 28076406.035467062 -28075931.108469687
4.1872866317284192 28469288.506827645 -28468811.690415092
4.1872959744061138 28869669.72359281 -28869191.000767905
4.1873053170838084 29277731.38728537 -29277250.740811896
4.187314659761503 29693660.546447735 -29693177.958845835
4.1873240024391967 30117649.782060452 -30117165.235601943
4.1873333451168913 30549897.400373656 -30549410.877077207
4.1873426877945858 30990607.633488301 -30990119.115114506
4.1873520304722804 31439990.848039273 -31439500.316085596
4.1873613731499741 31898263.762352251 -31897771.198047854
4.1873707158276687 32365649.672464155 -32365155.056764584
4.1873800585053633 32842378.687417205 -32841882.000998951
4.1873894011830579 33328687.974259529 -33328189.197514448
4.1873987438607525 33824822.013204701 -33824321.1262343
4.1874080865384462 34331032.863428757 -34330529.846038312
4.1874174292161408 34847580.440008543 -34847075.271701105
4.1874267718938354 35374732.802530311 -35374225.46250052
4.18743611457153 35912766.455924682 -35912256.923052438
4.1874454572492237 36461966.664118968 -36461454.916962929
4.1874547999269183 37022627.777124576 -37022113.793915495
4.1874641426046129 37595053.572211958 -37594537.330845848
4.1874734852823075 38179557.609862193 -38179039.087893292
4.187482827960002 38776463.605220027 -38775942.779853597
4.1874921706376957 39386105.815815039 -39385582.663899943
4.1875015133153903 40008829.446360976 -40008303.944382094
4.1875108559930849 40644991.071484596 -40644463.195554994
4.1875201986707795 41294959.077285662 -41294428.803138591
4.1875295413484732 41959114.122680396 -41958581.425661027
4.1875388840261678 42637849.621532299 -42637314.47658927
4.1875482267038624 43331572.24663537 -43331034.628312066
4.187557569381557 44040702.456674747 -44040162.339100368
4.1875669120592516 44765675.047349073 -44765132.404229417
4.1875762547369453 45506939.727915682 -45506394.532523692
4.1875855974146399 46264961.724488921 -46264413.949654959
4.1875949400923345 47040222.411500923 -47039672.029602766
4.1876042827700291 47833219.972813681 -47832666.955766231
4.1876136254477228 48644470.094066545 -48643914.413311228
4.1876229681254173 49474506.687933579 -49473948.31442745
4.1876323108031119 50323882.654064752 -50323321.558269285
4.1876416534808065 51193170.675596133 -51192606.827465668
4.1876509961585011 52082964.054222904 -52082397.423192762
4.1876603388361948 52993877.585959896 -52993308.140934125
4.1876696815138894 53926548.479836121 -53925976.189174898
4.187679024191584 54881637.321916208 -54881062.15342284
4.1876883668692786 55859829.087184735 -55859251.008092292
4.1876977095469723 56861834.201991729 -56861253.178949222
4.1877070522246669 57888389.659931071 -57887805.658989243
4.1877163949023615 58940260.19420255 -58939673.180799223
4.1877257375800561 60018239.509702019 -60017649.448646978
4.1877350802577507 61123151.578297615 -61122558.433757007
4.1877444229354444 62255852.000969 -62255255.736449264
4.1877537656131389 63417229.440733485 -63416630.019064769
4.1877631082908335 64608207.130532041 -64607604.513851061
4.1877724509685281 65829744.460534282 -65829138.610266648
4.1877817936462218 67082838.649613626 -67082229.526455611
4.1877911363239164 68368526.506056517 -68367914.069956213
4.187800479001611 69687886.28292115 -69687270.49305898
4.1878098216793056 71042039.633828908 -71041420.44859755
4.1878191643570002 72432153.675363332 -72431531.05234693
4.1878285070346939 73859443.162674144 -73858817.058626845
4.1878378497123885 75325172.785348043 -75324543.156171784
4.1878471923900831 76830659.591107011 -76830026.391828567
4.1878565350677777 78377275.545416057 -78376638.730163321
4.1878658777454714 79966450.235658541 -79965809.757635966
4.187875220423166 81599673.729158029 -81599029.540621206
4.1878845631008605 83278499.594998419 -83277851.647227764
4.1878939057785551 85004548.100312456 -85003896.343585998
4.1879032484562497 86779509.592484072 -86778853.97604923
4.1879125911339434 88605148.079563305 -88604488.551607728
4.187921933811638 90483305.02208361 -90482641.529704884
4.1879312764893326 92415903.350478411 -92415235.839652687
4.1879406191670272 94404951.723372474 -94404280.138921991
4.1879499618447218 96452549.043144435 -96451873.328703806
4.1879593045224155 98560889.246441305 -98560209.344422564
4.1879686472001101 100732266.38868172 -100731582.24023803
4.1879779898778047 102969080.04306322 -102968391.58805121
4.1879873325554993 105273841.03621458 -105273148.21315534
4.187996675233193 107649177.54433705 -107648480.29037553
4.1880060179108876 110097841.57561171 -110097139.82647455
4.1880153605885821 112622715.86672698 -112622009.55667874
4.1880247032662767 115226821.2235987 -115226110.28539638
4.1880340459439713 117913324.33884351 -117912608.7036892
4.188043388621665 120685546.12123232 -120684825.71872403
4.1880527312993596 123546970.5752575 -123546245.33333793
4.1880620739770542 126501254.27217074 -126500524.11707407
4.1880714166547488 129552236.45731552 -129551501.31351194
4.1880807593324425 132703949.84239399 -132703209.63253194
4.1880901020101371 135960632.13550314 -135959886.7803492
4.1880994446878317 139326738.36633608 -139325987.7847122
4.1881087873655263 142806954.06899095 -142806198.17770922
4.1881181300432209 146406209.39028522 -146405448.10407969
4.1881274727209146 150129694.1975463 -150128927.42900187
4.1881368153986092 153982874.26651832 -153982101.92599657
4.1881461580763037 157971508.63731697 -157970730.63287872
4.1881555007539983 162101668.2343764 -162100884.47170085
4.188164843431692 166379755.85520682 -166378966.23750699
4.1881741861093866 170812527.64261216 -170811732.07054657
4.1881835287870812 175407116.16576383 -175406314.53734413
4.1881928714647758 180171055.24742621 -180170247.45792058
4.1882022141424704 185112306.68783829 -185111492.62967026
4.1882115568201641 190239289.05033308 -190238468.61297572
4.1882208994978587 195560908.68994471 -195560081.75980961
4.1882302421755533 201086593.22415099 -201085759.68447214
4.1882395848532479 206826327.66485694 -206825487.39556879
4.1882489275309416 212790693.45275545 -212789846.33036512
4.1882582702086362 218990910.65985316 -218990056.55730629
4.1882676128863308 225438883.65329611 -225438022.43983603
4.1882769555640254 232147250.54413402 -232146382.08515376
4.1882862982417199 239129436.77883503 -239128560.93572181
4.1882956409194136 246399713.26940492 -246398829.89937669
4.1883049835971082 253973259.50035861 -253972368.456292
4.1883143262748028 261866232.09861979 -261865333.2288689
4.1883236689524974 270095839.40600646 -270094932.55421221
4.1883330116301911 278680422.65378255 -278679507.65867162
4.1883423543078857 287639544.40611225 -287638621.10128504
4.1883516969855803 296994085.01552993 -296993153.2292369
4.1883610396632749 306766347.91876042 -306765407.47366595
4.1883703823409695 316980174.69786972 -316979225.41080266
4.1883797250186632 327661070.94073671 -327660112.62242669
4.1883890676963578 338836344.05818981 -338835376.51298815
4.1883984103740524 350535254.35540247 -350534277.38098705
4.188407753051747 362789180.81365681 -362788194.20071936
4.1884170957294407 375631803.21809399 -375630806.75000858
4.1884264384071352 389099302.47370809 -389098295.92617947
4.1884357810848298 403230581.18551725 -403229564.32620776
4.1884451237625244 418067506.84550655 -418066479.43363953
4.188454466440219 433655180.27521217 -433654142.06115067
4.1884638091179127 450042232.32294375 -450041183.04774201
4.1884731517956073 467281152.21683902 -467280091.61176497
4.1884824944733019 485428651.43668914 -485427579.22271574
4.1884918371509965 504546067.5003044 -504544983.38756692
4.1885011798286902 524699812.67401409 -524698716.36123079
4.1885105225063848 545961873.32784367 -545960764.50169671
4.1885198651840794 568410366.47952032 -568409244.81399393
4.188529207861774 592130161.02489746 -592129026.18056905
4.1885385505394686 617213572.26720798 -617212423.89048886
4.1885478932171623 643761139.65039706 -643759977.37271798
4.1885572358948568 671882499.11723685 -671881322.55417323
4.1885665785725514 701697363.28659213 -701696172.03692412
4.188575921250246 733336624.72695768 -733335418.37165856
4.1885852639279397 766943600.04915881 -766942378.15030491
4.1885946066056343 802675435.43461084 -802674197.53420627
4.1886039492833289 840704697.63363433 -840703443.25234139
4.1886132919610235 881221178.51648057 -881219907.15224755
4.1886226346387181 924433946.08154595 -924432657.20812094
4.1886319773164118 970573680.57346678 -970572373.63878703
4.1886413199941064 1019895341.2305236 -1019894015.6549668
4.188650662671801 1072681217.4272106 -1072679872.6016937
4.1886600053494956 1129244427.9039271 -1129243063.1878366
4.1886693480271893 1189932943.7407067 -1189931558.4596415
4.1886786907048839 1255134225.2416058 -1255132818.6849127
4.1886880333825784 1325280580.526809 -1325279151.944886
4.188697376060273 1400855375.1349032 -1400853923.7362444
4.1887067187379676 1482400248.2780914 -1482398773.2260435
4.1887160614156613 1570523523.7487667 -1570522024.1579609
4.1887254040933559 1665910043.4407923 -1665908518.3732138
4.1887347467710505 1769332700.9378295 -1769331149.3984756
4.1887440894487451 1881666014.2687786 -1881664435.2008569
4.1887534321264388 2003902153.9781516 -2003900546.2577536
4.1887627748041334 2137169939.4666023 -2137168301.8967843
4.188772117481828 2282757438.8248382 -2282755770.1290274
4.1887814601595226 2442138962.4801679 -2442137261.2947974
4.1887908028372172 2617007438.9700909 -2617005703.8363547
4.1888001455149109 2809313415.1474309 -2809311644.5020232
4.1888094881926055 3021312251.0373588 -3021310443.2020488
4.1888188308703 3255621505.5698166 -3255619658.7396736
4.1888281735479946 3515291066.092711 -3515289178.3227634
4.1888375162256883 3803889307.694839 -3803887376.8849058
4.1888468589033829 4125609540.4153328 -4125607564.2927237
4.1888562015810775 4485402300.7830248 -4485400276.8827257
4.1888655442587721 4889140793.2402306 -4889138718.8821287
4.1888748869364667 5343829162.7262211 -5343827034.9888115
4.1888842296141604 5857866535.6044044 -5857864351.2943029
4.188893572291855 6441384271.7717972 -6441382027.3882208
4.1889029149695496 7106680169.3997955 -7106677861.0929756
4.1889122576472442 7868782263.1537962 -7868779886.6760159
4.1889216003249379 8746187578.7073307 -8746185129.3549595
4.1889309430026325 9761839617.6963024 -9761837090.2407379
4.1889402856803271 10944435344.62072 -10944432733.225567
4.1889496283580216 12330192608.897627 -12330189907.018658
4.1889589710357162 13965269592.895 -13965266793.158369
4.1889683137134099 15909121032.343061 -15909118126.395803
4.1889776563911045 18239221606.23539 -18239218584.560188
