# serie phase 2 p4_w2.27_c1.05_dt2_k2 : t x1 x2 (dt2=1.1198441119223875e-05, depart t=23.334 etat bascule x1 x2 v1 v2 = -1718140.7509984067 1710523.97707853 -85434728.4527217 85244966.02208066)
23.409925430788338 -207129580825.31134 207126930668.64197
23.409936629229456 -209301675105.90912 209299011089.94925
23.409947827670575 -211502315967.8363 211499637983.58322
23.409959026111697 -213731954810.16534 213729262747.47021
23.409970224552815 -215991051381.43655 215988345128.98932
23.409981422993933 -218280073956.6286 218277353401.94272
23.409992621435052 -220599499518.35815 220596764547.75494
23.410003819876174 -222949813942.42398 222947064441.01678
23.410015018317292 -225331512187.81183 225328748039.48999
23.410026216758411 -227745098491.27664 227742319578.68909
23.410037415199529 -230191086566.6268 230188292771.16547
23.410048613640651 -232669999808.83929 232667191010.62222
23.410059812081769 -235182371503.13223 235179547580.98648
23.410071010522888 -237728745039.13037 237725905870.57452
23.410082208964006 -240309674130.2623 240306819591.4888
23.410093407405125 -242925723038.53293 242922853004.39008
23.410104605846247 -245577466804.81412 245574581148.78778
23.410115804287365 -248265491484.80789 248262590079.0029
23.410127002728483 -250990394390.83688 250987477105.95813
23.410138201169602 -253752784339.62216 253749851044.95544
23.410149399610724 -256553281906.21359 256550332469.60602
23.410160598051842 -259392519684.24393 259389553972.08411
23.410171796492961 -262271142552.68024 262268160429.87811
23.410182994934079 -265189807949.25549 265186809279.22183
23.410194193375201 -268149186150.76389 268146170795.3894
23.410205391816319 -271149960560.4144 271146928380.04852
23.410216590257438 -274192828002.44186 274189778855.87128
23.410227788698556 -277278499024.17609 277275432768.60266
23.410238987139675 -280407698205.78027 280404614696.79895
23.410250185580797 -283581164477.87756 283578063569.45355
23.410261384021915 -286799651447.28796 286796532991.7337
23.410272582463033 -290063927731.10779 290060791579.05957
23.410283780904152 -293374777299.36859 293371623299.76257
23.410294979345274 -296732999826.52185 296729827826.57001
23.410306177786392 -300139411052.00085 300136220897.1662
23.410317376227511 -303594843150.12115 303591634684.09253
23.410328574668629 -307100145109.59344 307096918174.26019
23.410339773109747 -310656183122.92432 310652937558.35016
23.410350971550869 -314263840985.98871 314260576630.38538
23.410362169991988 -317924020508.07507 317920737197.77545
23.410373368433106 -321637641932.70715 321634339502.13788
23.410384566874225 -325405644369.55682 325402322651.21039
23.410395765315346 -329228986237.77942 329225645062.18604
23.410406963756465 -333108645721.10016 333105284916.79883
23.410418162197583 -337045621234.99738 337042240628.50659
23.410429360638702 -341040931906.35266 341037531322.14044
23.410440559079824 -345095618065.93152 345092197326.38513
23.410451757520942 -349210741754.07684 349207300679.47192
23.410462955962061 -353387387240.00897 353383925648.47791
23.410474154403179 -357626661555.14441 357623179262.64447
23.410485352844297 -361929695040.84906 361926191861.12964
23.410496551285419 -366297641911.0686 366294117655.638
23.410507749726538 -370731680830.28357 370728135308.37531
23.410518948167656 -375233015507.25171 375229448525.79004
23.410530146608775 -379802875305.0174 379799286668.58228
23.410541345049896 -384442515867.6911 384438905378.48248
23.410552543491015 -389153219764.50677 389149587222.30823
23.410563741932133 -393936297151.69354 393932642353.83533
23.410574940373252 -398793086452.70428 398789409194.02557
23.410586138814374 -403724955057.37415 403721255130.18469
23.410597337255492 -408733300040.59247 408729577234.63354
23.41060853569661 -413819548901.09613 413815803003.50055
23.410619734137729 -418985160321.01312 418981391116.26483
23.410630932578847 -424231624946.80756 424227832216.7002
23.410642131019969 -429560466192.29211 429556649715.8869
23.410653329461088 -434973241064.41132 434969400617.99426
23.410664527902206 -440471541012.50739 440467676369.54547
23.410675726343324 -446056992801.81757 446053103732.91425
23.410686924784446 -451731259411.97467 451727345684.82446
23.410698123225565 -457496040961.30029 457492102340.64252
23.410709321666683 -463353075657.73065 463349111905.30231
23.410720520107802 -469304140777.2193 469300151651.70697
23.410731718548924 -475351053670.50153 475347038927.49249
23.410742916990042 -481495672799.14465 481491632191.07697
23.41075411543116 -487739898801.82129 487735832077.93274
23.410765313872279 -494085675591.80225 494081582498.07867
23.410776512313397 -500534991486.68378 500530871765.80615
23.410787710754519 -507089880371.39453 507085733762.68488
23.410798909195638 -513752422895.5882 513748249134.95477
23.410810107636756 -520524747706.55273 520520546526.43396
23.410821306077874 -527409032718.7998 527404803848.10693
23.410832504518996 -534407506421.56659 534403249585.62555
23.410843702960115 -541522449225.48547 541518164145.97736
23.410854901401233 -548756194849.72058 548751881244.62091
23.410866099842352 -556111131750.94348 556106789334.46045
23.41087729828347 -563589704595.54333 563585333078.05457
23.410888496724592 -571194415776.5332 571190014864.52148
23.41089969516571 -578927826976.66895 578923396372.65649
23.410910893606829 -586792560779.33862 586788100181.82007
23.410922092047947 -594791302328.85449 594786811432.22827
23.410933290489069 -602926801041.85547 602922279536.35437
23.410944488930188 -611201872371.55786 611197319943.17773
23.410955687371306 -619619399626.65405 619614815957.08081
23.410966885812424 -628182335846.78833 628177720613.32422
23.410978084253546 -636893705736.54016 636889058612.02747
23.410989282694665 -645756607659.97119 645751928312.71545
23.411000481135783 -654774215697.84094 654769503791.53174
23.411011679576902 -663949781769.66895 663945036963.29956
23.41102287801802 -673286637822.95544 673281859770.74036
23.411034076459142 -682788198091.90027 682783386443.19128
23.41104527490026 -692457961428.10754 692453115827.30786
23.411056473341379 -702299513705.82202 702294633792.29895
23.411067671782497 -712316530304.34546 712311615712.34058
23.411078870223619 -722512778670.40308 722507829028.94104
23.411090068664738 -732892120963.33862 732887135896.13391
23.411101267105856 -743458516786.10889 743453495911.47009
23.411112465546974 -754216026005.2063 754210968935.93921
23.411123663988096 -765168811662.70312 765163718006.01074
23.411134862429215 -776321142983.78052 776316012341.1615
23.411146060870333 -787677398483.27563 787672230450.42053
23.411157259311452 -799242069174.83337 799236863341.51807
23.41116845775257 -811019761886.46301 811014517836.44067
23.411179656193692 -823015202686.43555 823009919997.3252
23.41119085463481 -835233240423.59302 835227918666.76636
23.411202053075929 -847678850386.37622 847673489126.8418
23.411213251517047 -860357138084.97534 860351736881.25977
23.411224449958169 -873273343161.22314 873267901565.25012
23.411235648399288 -886432843431.07129 886427360988.0376
23.411246846840406 -899841159064.63257 899835635312.88135
23.411258045281524 -913503956909.03357 913498391379.9248
23.411269243722646 -927427054959.50574 927421447177.28357
23.411280442163765 -941616426984.39075 941610776466.0481
23.411291640604883 -956078207309.96985 956072513565.10962
23.411302839046002 -970818695771.26917 970812958301.9624
23.41131403748712 -985844362835.27014 985838581135.91089
23.411325235928242 -1001161854903.2271 1001156028460.3838
23.41133643436936 -1016777999799.0603 1016772128091.324
23.411347632810479 -1032699812451.1172 1032693894948.9458
23.411358831251597 -1048934500774.9146 1048928536940.4735
23.411370029692719 -1065489471764.7828 1065483461051.7825
23.411381228133838 -1082372337802.6881 1082366279656.2168
23.411392426574956 -1099590923192.8303 1099584817049.1836
23.411403625016074 -1117153270931.0854 1117147116217.5911
23.411414823457193 -1135067649718.7009 1135061445853.54
23.411426021898315 -1153342561230.0596 1153336307622.0833
23.411437220339433 -1171986747644.7859 1171980443693.3274
23.411448418780552 -1191009199454.8999 1191002844549.5823
23.41145961722167 -1210419163558.2507 1210412757078.7898
23.411470815662792 -1230226151649.9541 1230219692965.957
23.41148201410391 -1250439948923.9995 1250433437394.7573
23.411493212545029 -1271070623097.9102 1271064058072.1865
23.411504410986147 -1292128533773.8291 1292121914589.6428
23.411515609427269 -1313624342149.9438 1313617668134.3464
23.411526807868388 -1335569021096.9148 1335562291565.7622
23.411538006309506 -1357973865614.7268 1357967079872.4463
23.411549204750624 -1380850503685.7913 1380843661025.1409
23.411560403191743 -1404210907541.21 1404204007243.0334
23.411571601632865 -1428067405357.6833 1428060446690.658
23.411582800073983 -1452432693403.4026 1452425675623.7805
23.411593998515102 -1477319848652.2563 1477312771003.6003
23.41160519695622 -1502742341886.3879 1502735203599.2988
23.411616395397342 -1528714051308.2798 1528706851600.1179
23.41162759383846 -1555249276684.4443 1555242014759.0437
23.411638792279579 -1582362754043.9321 1582355429091.3066
23.411649990720697 -1610069670955.845 1610062282151.8875
23.411661189161819 -1638385682411.3931 1638378228917.5659
23.411672387602938 -1667326927337.199 1667319408300.2173
23.411683586044056 -1696910045767.8347 1696902460319.3401
23.411694784485174 -1727152196706.9246 1727144543963.1514
23.411705982926293 -1758071076707.6621 1758063355769.0942
23.411717181367415 -1789684939205.0298 1789677149156.0481
23.411728379808533 -1822012614633.7024 1822004754542.2222
23.411739578249652 -1855073531367.3811 1855065600284.481
23.41175077669077 -1888887737516.9001 1888879734476.4399
23.411761975131892 -1923475923626.3047 1923467847644.5332
23.41177317357301 -1958859446308.314 1958851296383.4658
23.411784372014129 -1995060352862.635 1995052127974.5161
23.411795570455247 -2032101406922.5801 2032093106032.1421
23.411806768896369 -2070006115178.1614 2069997737227.0645
23.411817967337488 -2108798755225.8376 2108790299136.0005
23.411829165778606 -2148504404598.0051 2148495869271.1421
23.411840364219724 -2189148971028.2148 2189140355345.3608
23.411851562660843 -2230759224010.729 2230750526831.7505
23.411862761101965 -2273362827716.0952 2273354047879.187
23.411873959543083 -2316988375327.9336 2316979511649.1016
23.411885157984202 -2361665424869.2988 2361656476141.8276
23.41189635642532 -2407424536591.0908 2407415501584.9961
23.411907554866442 -2454297311998.1099 2454288189459.5752
23.41191875330756 -2502316434593.291 2502307223244.0869
23.411929951748679 -2551515712424.1611 2551506410961.0493
23.411941150189797 -2601930122520.7515 2601920729614.8691
23.411952348630916 -2653595857318.8105 2653586371615.0376
23.411963547072038 -2706550373167.5923 2706540793283.9004
23.411974745513156 -2760832441026.2227 2760822765553.0029
23.411985943954274 -2816482199459.396 2816472426958.7686
23.411997142395393 -2873541210048.5796 2873531339053.6802
23.412008340836515 -2932052515342.0396 2932042544356.2866
23.412019539277633 -2992060699473.0757 2992050626969.4131
23.412030737718752 -3053611951584.0347 3053601776004.1519
23.41204193615987 -3116754132201.313 3116743851954.8428
23.412053134600992 -3181536842714.0527 3181526456177.7412
23.41206433304211 -3248011498118.9355 3248001003635.7881
23.412075531483229 -3316231403203.0625 3316220799081.4629
23.412086729924347 -3386251832345.6724 3386241116858.4736
23.412097928365466 -3458130113130.9575 3458119284514.5435
23.412109126806588 -3531925713975.8984 3531914770429.2168
23.412120325247706 -3607700335987.5054 3607689275671.0688
23.412131523688824 -3685518009277.7622 3685506830312.6177
23.412142722129943 -3765445193978.6167 3765433894445.2817
23.412153920571065 -3847550886212.4512 3847539464149.814
23.412165119012183 -3931906729289.9927 3931895182694.1787
23.412176317453302 -4018587130423.5249 4018575457246.7246
23.41218751589442 -4107669383261.457 4107657581410.7144
23.412198714335542 -4199233796568.3813 4199221863904.3433
23.41220991277666 -4293363829394.8047 4293351763730.4287
23.412221111217779 -4390146233102.6289 4390134032201.8462
23.412232309658897 -4489671200634.5225 4489658862210.8574
23.412243508100016 -4592032523440.416 4592020045155.5557
23.412254706541137 -4697327756499.9795 4697315135962.2979
23.412265904982256 -4805658391908.0996 4805645626671.1299
23.412277103423374 -4917130041518.8232 4917117129079.6758
23.412288301864493 -5031852629177.4824 5031839566975.209
23.412299500305615 -5149940593102.1689 5149927378516.0693
23.412310698746733 -5271513099015.29 5271499729363.1592
23.412321897187852 -5396694264661.543 5396680737197.8564
23.41233309562897 -5525613396393.4111 5525599708307.4453
23.412344294070092 -5658405238548.584 5658391386962.4688
23.41235549251121 -5795210236392.8789 5795196218359.5811
23.412366690952329 -5936174813452.8008 5936160625954.0342
23.412377889393447 -6081451664119.4629 6081437304063.5215
23.412389087834566 -6231200062461.5713 6231185526681.0811
23.412400286275687 -6385586188254.9814 6385571473504.5742
23.412411484716806 -6544783471298.8984 6544768574252.7949
23.412422683157924 -6708972955166.2109 6708957872415.7158
23.412433881599043 -6878343681614.0449 6878328409664.9453
23.412445080040165 -7053093096968.3154 7053077632238.1816
23.412456278481283 -7233427481886.0615 7233411820701.4473
23.412467476922401 -7419562405998.4053 7419546544591.9385
23.41247867536352 -7611723209045.2148 7611707143552.5742
23.412489873804638 -7810145510229.5898 7810129236686.3691
23.41250107224576 -8015075747641.5537 8015059261979.998
23.412512270686879 -8226771749735.3711 8226755047780.9873
23.412523469127997 -8445503340995.3184 8445486418463.3525
23.412534667569115 -8671552984071.917 8671535836563.6895
23.412545866010237 -8905216460846.959 8905199083846.0508
23.412557064451356 -9146803595070.6094 9146785983938.8965
23.412568262892474 -9396639019407.2285 9396621169380.7578
23.412579461333593 -9655062989939.8984 9655044896124.5898
23.412590659774715 -9922432251422.0742 9922413908789.2441
23.412601858215833 -10199120956814.678 10199102360196.383
23.412613056656951 -10485521644919.547 10485502789003.729
23.41262425509807 -10782046280211.332 10782027159536.758
23.412635453539188 -11089127359304.344 11089107968255.336
23.41264665198031 -11407219088822.082 11407199421623.016
23.412657850421429 -11736798639832.986 11736778690542.555
23.412669048862547 -12078367484427.787 12078347246933.02
23.412680247303665 -12432452820450.248 12432432288460.266
23.412691445744787 -12799609090884.244 12799588257923.736
23.412702644185906 -13180419604951.555 13180398464353.973
23.412713842627024 -13575498268534.354 13575476813434.799
23.412725041068143 -13985491432169.656 13985469655497.447
23.412736239509265 -14411079865571.848 14411057760042.75
23.412747437950383 -14852980868375.459 14852958426483.564
23.412758636391501 -15311950527616.633 15311927741625.859
23.41276983483262 -15788786133385.689 15788762995320.895
23.412781033273738 -16284328765052.697 16284305266690.367
23.41279223171486 -16799466061553.609 16799442194412.115
23.412803430155979 -17335135190423.244 17335110945752.637
23.412814628597097 -17892326031524.969 17892301400296.281
23.412825827038215 -18472084592876.719 18472059565770.762
23.412837025479337 -19075516677518.328 19075491244913.926
23.412848223920456 -19703791822105.555 19703765974067.215
23.412859422361574 -20358147529780.723 20358121256045.699
23.412870620802693 -21039893821942.344 21039867111907.047
23.412881819243815 -21750418135857.34 21750390978563.074
23.412893017684933 -22491190597533.246 22491162981651.211
23.412904216126051 -23263769702088.668 23263741615904.207
23.41291541456717 -24069808436915.941 24069779868311.973
23.412926613008288 -24911060886313.68 24911031822753.266
23.41293781144941 -25789389360025.715 25789359788533.715
23.412949009890529 -26706772092292.805 26706741999436.562
23.412960208331647 -27665311562577.48 27665280934446.484
23.412971406772765 -28667243494239.977 28667212316424.414
23.412982605213887 -29714946593117.367 29714914850685.523
23.412993803655006 -30810953094221.793 30810920771696.203
23.413005002096124 -31957960191744.109 31957927273076.398
23.413016200537243 -33158842435365.215 33158808903909.527
23.413027398978361 -34416665184447.086 34416631022932.023
23.413038597419483 -35734699221424.18 35734664411923.141
23.413049795860601 -37116436636408.43 37116401160308.219
23.41306099430172 -38565608107095.031 38565571945062.703
23.413072192742838 -40086201711492.742 40086164843440.461
23.41308339118396 -41682483425988.672 41682445831036.492
23.413094589625079 -43359019478259.078 43358981134695.523
23.413105788066197 -45120700743438.195 45120661628678.453
23.413116986507315 -46972769393066.125 46972729483607.672
23.413128184948437 -48920848030424.82 48920807301800.344
23.413139383389556 -50970971572820.945 50970929999548.328
23.413150581830674 -53129622171364.617 53129579726893.758
23.413161780271793 -55403767493445.336 55403724150101.625
23.413172978712911 -57800902731464.891 57800858460389.031
23.413184177154033 -60329096745254.461 60329051516338.391
23.413195375595151 -62997042795165.578 62996996576984.188
23.41320657403627 -65814114378840.898 65814067138579.227
23.413217772477388 -68790426748634.875 68790378452010.398
23.41322897091851 -71936904759175.453 71936855370355.125
23.413240169359629 -75265357777252.062 75265307258763.672
23.413251367800747 -78788562479932.188 78788510792569.516
23.413262566241865 -82520354475345.906 82520301578067.266
23.413273764682987 -86475729802814.25 86475675652633.797
23.413284963124106 -90670957510583.219 90670902062454.484
23.413296161565224 -95123704670257.547 95123647876948.453
23.413307360006343 -99853175373746.359 99853117185705.016
23.413318558447461 -104880265472865.06 104880205838075.59
23.413329756888583 -110227735067119.22 110227673930946.69
23.413340955329701 -115920401030693.33 115920338335716.78
23.41335215377082 -121985352199100.78 121985287884933.36
23.413363352211938 -128452190218674.83 128452124221769.83
23.41337455065306 -135353299504061.86 135353231757503.28
23.413385749094179 -142724150264933.66 142724080698209.88
23.413396947535297 -150603639166875.5 150603567705634.53
23.413408145976415 -159034472890380.84 159034399456165.25
23.413419344417537 -168063600675823.81 168063525185783.38
23.413430542858656 -177742702905146.59 177742625271726.56
23.413441741299774 -188128743903305.38 188128664033907.69
23.413452939740893 -199284598478164.44 199284516274779.34
23.413464138182011 -211279763290663.12 211279678649467.91
23.413475336623133 -224191166012741.06 224191078823662.69
23.413486535064251 -238104087437296.03 238103997583533.56
23.41349773350537 -253113214334489.28 253113121691991.91
23.413508931946488 -269323843984187.59 269323748421083.31
23.41352013038761 -286853265051217 286853166427186.25
23.413531328828729 -305832343966709.25 305832242132297.62
23.413542527269847 -326407351363705.75 326407246159568.31
23.413553725710965 -348742069610775.94 348741960866845.25
23.413564924152084 -373020230357153 373020117891721.94
23.413576122593206 -399448340508778.75 399448224127487.31
23.413587321034324 -428258966648582.81 428258846143297.25
23.413598519475443 -459714562048248.5 459714437195819.38
23.413609717916561 -494111937709788.75 494111808270671.75
23.413620916357683 -531787500160586.56 531787365877309
23.413632114798801 -573123404911337.88 573123265506789.12
23.41364331323992 -618554806957197.88 618554662132721.12
23.413654511681038 -668578430007075.12 668578279440331.5
23.41366571012216 -723762726383398.75 723762569725972.88
23.413676908563279 -784759962579015.5 784759799453724.12
23.413688107004397 -852320644640328.62 852320474638188.88
23.413699305445515 -927310797756690.75 927310620433497.25
23.413710503886634 -1010732741530460.1 1010732556402909.6
23.413721702327756 -1103750164648938.4 1103749971190231.5
23.413732900768874 -1207718510741545.5 1207718308376381.5
23.413744099209993 -1324221955268322.8 1324221743367186.2
23.413755297651111 -1455118600986723.2 1455118378859344
23.413766496092233 -1602595972763702 1602595739651545.5
23.413777694533351 -1769239486731835.2 1769239241799449.8
23.41378889297447 -1958117353429176 1958117095754190
23.413800091415588 -2172886417166925.8 2172886145728443.8
23.41381128985671 -2417924828047440 2417924541712527
23.413822488297829 -2698499322557672 2698499020065551
23.413833686738947 -3020977441311467 3020977121254965
23.413844885180065 -3393098505603194 3393098166406860
23.413856083621184 -3824321998901022 3824321638795198.5
23.413867282062306 -4326278719607794 4326278336597744
23.413878480503424 -4913359521725305 4913359113554256
23.413889678944543 -5603489886995287 5603489451099947
23.413900877385661 -6419157846460702 6419157379917396
23.413912075826783 -7388790765106109 7388790264565146
23.413923274267901 -8548617645950348 8548617107555502
23.41393447270902 -9945214867710540 9945214286999554
23.413945671150138 -11639025750842916 11639025122623606
23.41395686959126 -13709286014814748 13709285333009408
23.413968068032379 -16261007731439398 16261006988887652
23.413979266473497 -19435023624760968 19435022812967504
23.413990464914615 -23422656955102864 23422656063911196
23.414001663355734 -28487509651184000 28487508668349676
