# serie phase 2 p7_w1.73_c1.05_dt2s4_k2 : t x1 x2 (dt2=2.978835366769958e-06, depart t=21.510000000000002 etat bascule x1 x2 v1 v2 = 1705.0931788853222 -1684.3634474435548 49624.955635752427 -49449.576929902563)
21.599901251369118 7419752.8462252058 -7419524.5623704642
21.599904230204483 7432893.3557284055 -7432664.956431062
21.599907209039852 7446065.4694880666 -7445836.9546166854
21.599910187875217 7459269.2835796168 -7459040.6530025275
21.599913166710586 7472504.894431619 -7472276.1480169185
21.599916145545951 7485772.398827293 -7485543.5364428442
21.599919124381319 7499071.8939060494 -7498842.9154194798
21.599922103216684 7512403.4771650238 -7512174.382443727
21.599925082052053 7525767.246460625 -7525538.035371759
21.599928060887418 7539163.300010087 -7538933.9724205723
21.599931039722787 7552591.7363930279 -7552362.2921695486
21.599934018558152 7566052.6545530213 -7565823.0935620237
21.59993699739352 7579546.1537991725 -7579316.4759068657
21.599939976228885 7593072.3338077003 -7592842.5388800548
21.599942955064254 7606631.2946235323 -7606401.3825262785
21.599945933899619 7620223.1366619021 -7619993.1072605308
21.599948912734988 7633847.9607099593 -7633617.8138697213
21.599951891570353 7647505.8679283848 -7647275.6035142895
21.599954870405721 7661196.9598530149 -7660966.5777298305
21.599957849241086 7674921.3383964747 -7674690.8384287274
21.599960828076455 7688679.1058498155 -7688448.4879017891
21.59996380691182 7702470.364884167 -7702239.6288199006
21.599966785747188 7716295.2185523901 -7716064.3642356796
21.599969764582553 7730153.7702907454 -7729922.7975851437
21.599972743417922 7744046.1239205664 -7743815.0326893795
21.599975722253287 7757972.3836499369 -7757741.1737562269
21.599978701088656 7771932.6540753869 -7771701.3253819682
21.599981679924021 7785927.0401835879 -7785695.5925530279
21.599984658759389 7799955.6473530615 -7799724.08064768
21.599987637594754 7814018.581355894 -7813786.895437764
21.599990616430123 7828115.9483594634 -7827884.1430904083
21.599993595265488 7842247.8549281694 -7842015.930169764
21.599996574100857 7856414.4080251763 -7856182.3636387447
21.599999552936222 7870615.7150141643 -7870383.5508607803
21.60000253177159 7884851.8836610876 -7884619.5996015742
21.600005510606955 7899123.022135945 -7898890.6180308731
21.600008489442324 7913429.2390145538 -7913196.7147242427
21.600011468277689 7927770.6432803385 -7927537.9986648541
21.600014447113054 7942147.3443261255 -7941914.5792452786
21.600017425948423 7956559.4519559452 -7956326.5662692944
21.600020404783788 7971007.0763868503 -7970774.0699536977
21.600023383619156 7985490.3282507332 -7985257.2009301269
21.600026362454521 8000009.3185961619 -7999776.070246893
21.60002934128989 8014564.1588902175 -8014330.7893708209
21.600032320125255 8029154.9610203477 -8028921.4701891001
21.600035298960623 8043781.8372962242 -8043548.2250111457
21.600038277795989 8058444.9004516136 -8058211.1665704641
21.600041256631357 8073144.2636462543 -8072910.408026536
21.600044235466722 8087880.0404677475 -8087646.0629667016
21.600047214302091 8102652.3449334521 -8102418.2454080591
21.600050193137456 8117461.2914923951 -8117227.0697993739
21.600053171972824 8132306.9950271873 -8132072.6510229958
21.600056150808189 8147189.5708559509 -8146955.1043967847
21.600059129643558 8162109.1347342562 -8161874.545676047
21.600062108478923 8177065.8028570674 -8176831.0910554836
21.600065087314292 8192059.6918607019 -8191824.8571711471
21.600068066149657 8207090.9188247947 -8206855.9611024065
21.600071044985025 8222159.6012742752 -8221924.5203739274
21.60007402382039 8237265.8571813572 -8237030.6529576555
21.600077002655759 8252409.8049675319 -8252174.4772748156
21.600079981491124 8267591.5635055788 -8267356.1121979188
21.600082960326493 8282811.2521215798 -8282575.6770527791
21.600085939161858 8298068.9905969501 -8297833.2916205414
21.600088917997226 8313364.8991704751 -8313129.076139723
21.600091896832591 8328699.098540361 -8328463.1513082581
21.60009487566796 8344071.7098662918 -8343835.6382855605
21.600097854503325 8359482.8547715014 -8359246.6586945923
21.600100833338693 8374932.6553448513 -8374696.3346239431
21.600103812174059 8390421.2341429256 -8390184.788629923
21.600106791009427 8405948.7141921315 -8405712.1437386647
21.600109769844792 8421515.2189908084 -8421278.5234482344
21.600112748680161 8437120.8725113608 -8436884.0517307594
21.600115727515526 8452765.7992023844 -8452528.8530345596
21.600118706350894 8468450.123990817 -8468213.0522862971
21.600121685186259 8484173.9722840972 -8483936.774893133
21.600124664021624 8499937.4699723255 -8499700.146744892
21.600127642856993 8515740.7434304506 -8515503.2942162398
21.600130621692358 8531583.9195204563 -8531346.3441688828
21.600133600527727 8547467.1255935635 -8547229.4239537623
21.600136579363092 8563390.489492448 -8563152.6614132728
21.60013955819846 8579354.1395534594 -8579116.1848834809
21.600142537033825 8595358.2046088614 -8595120.1231963709
21.600145515869194 8611402.8139890805 -8611164.6056820843
21.600148494704559 8627488.0975249615 -8627249.7621711828
21.600151473539928 8643614.1855500452 -8643375.7229969203
21.600154452375293 8659781.2089028452 -8659542.6189975291
21.600157431210661 8675989.298929153 -8675750.5815185122
21.600160410046026 8692238.5874843355 -8691999.7424149513
21.600163388881395 8708529.2069356591 -8708290.2340538241
21.60016636771676 8724861.2901646215 -8724622.1893163417
21.600169346552129 8741234.9705692921 -8740995.7416002844
21.600172325387494 8757650.3820666727 -8757411.0248223636
21.600175304222862 8774107.6590950619 -8773868.1734205876
21.600178283058227 8790606.9366164375 -8790367.3223566432
21.600181261893596 8807148.3501188494 -8806908.6071182899
21.600184240728961 8823732.0356188267 -8823492.1637217645
21.600187219564329 8840358.1296637952 -8840118.1287141982
21.600190198399694 8857026.7693345044 -8856786.6391760465
21.600193177235063 8873738.0922474768 -8873497.8327235375
21.600196156070428 8890492.2365574632 -8890251.8475111257
21.600199134905797 8907289.3409599122 -8907048.8222339656
21.600202113741162 8924129.5446934532 -8923888.8961303867
21.60020509257653 8941012.987542389 -8940772.2089843955
21.600208071411895 8957939.8098392095 -8957698.9011281841
21.600211050247264 8974910.152467113 -8974669.1134446505
21.600214029082629 8991924.1568625383 -8991682.9873699341
21.600217007917998 9008981.9650177155 -9008740.6648959629
21.600219986753363 9026083.7194832284 -9025842.2885730192
21.600222965588731 9043229.5633705892 -9042988.0015123133
21.600225944424096 9060419.6403548326 -9060177.9473885763
21.600228923259465 9077654.0946771167 -9077412.2704426628
21.60023190209483 9094933.0711473357 -9094691.1154841613
21.600234880930195 9112256.7151467558 -9112014.6278940346
21.600237859765564 9129625.1726306621 -9129382.9536272585
21.600240838600929 9147038.590131009 -9146796.239215482
21.600243817436297 9164497.1147591025 -9164254.6317697037
21.600246796271662 9182000.8942082822 -9181758.2789829541
21.600249775107031 9199550.0767566245 -9199307.3291329984
21.600252753942396 9217144.8112696577 -9216901.9310850557
21.600255732777764 9234785.2472030949 -9234542.23429453
21.600258711613129 9252471.5346055757 -9252228.3888097461
21.600261690448498 9270203.8241214305 -9269960.5452747215
21.600264669283863 9287982.26699345 -9287738.8549319357
21.600267648119232 9305807.0150656775 -9305563.4696251173
21.600270626954597 9323678.220786212 -9323434.5418020487
21.600273605789965 9341596.0372100286 -9341352.2245173883
21.60027658462533 9359560.6180018112 -9359316.6714355052
21.600279563460699 9377572.1174388044 -9377328.0368333254
21.600282542296064 9395630.6904136762 -9395386.4756031968
21.600285521131433 9413736.4924373981 -9413492.1432557739
21.600288499966798 9431889.6796421446 -9431645.1959229112
21.600291478802166 9450090.4087842014 -9449845.7903605718
21.600294457637531 9468338.8372468892 -9468094.0839517545
21.6002974364729 9486635.1230435129 -9486390.2347094435
21.600300415308265 9504979.4248203151 -9504734.4012795556
21.600303394143634 9523371.9018594529 -9523126.7429439258
21.600306372978999 9541812.7140819896 -9541567.4196232911
21.600309351814367 9560302.0220508967 -9560056.5918802954
21.600312330649732 9578839.986974081 -9578594.4209225196
21.600315309485101 9597426.7707074247 -9597181.068605518
21.600318288320466 9616062.535757836 -9615816.6974358708
21.600321267155834 9634747.445286328 -9634501.4705742616
21.600324245991199 9653481.6631111018 -9653235.55183856
21.600327224826568 9672265.3537106551 -9672019.1057069339
21.600330203661933 9691098.6822269037 -9690852.2973209657
21.600333182497302 9709981.8144683205 -9709735.2924887948
21.600336161332667 9728914.9169130921 -9728668.2576882765
21.600339140168035 9747898.1567122955 -9747651.3600701503
21.6003421190034 9766931.7016930822 -9766684.7674612328
21.600345097838765 9786015.7203618959 -9785768.6483676303
21.600348076674134 9805150.3819076885 -9804903.1719779577
21.600351055509499 9824335.8562051728 -9824088.5081665907
21.600354034344868 9843572.3138180748 -9843324.8274969161
21.600357013180233 9862859.9260024186 -9862612.3012246173
21.600359992015601 9882198.8647098206 -9881951.1013009679
21.600362970850966 9901589.3025908023 -9901341.4003761485
21.600365949686335 9921031.4129981268 -9920783.3718025796
21.6003689285217 9940525.3699901495 -9940277.1896382719
21.600371907357069 9960071.3483341858 -9959823.0286501963
21.600374886192434 9979669.5235099029 -9979421.0643176753
21.600377865027802 9999320.0717127211 -9999071.4728357829
21.600380843863167 10019023.169857243 -10018774.431118773
21.600383822698536 10038778.995580694 -10038530.116803523
21.600386801533901 10058587.727246387 -10058338.708252998
21.600389780369269 10078449.543947207 -10078200.384559732
21.600392759204635 10098364.625509106 -10098115.325549323
21.600395738040003 10118333.152494628 -10118083.711783966
21.600398716875368 10138355.30620645 -10138105.724565983
21.600401695710737 10158431.268690938 -10158181.545941386
21.600404674546102 10178561.222741731 -10178311.358703461
21.60040765338147 10198745.351903331 -10198495.346396351
21.600410632216835 10218983.84047473 -10218733.693318697
21.600413611052204 10239276.873513049 -10239026.584527254
21.600416589887569 10259624.636837184 -10259374.205840565
21.600419568722938 10280027.317031506 -10279776.743842637
21.600422547558303 10300485.101449545 -10300234.385886643
21.600425526393671 10320998.178217715 -10320747.320098633
21.600428505229036 10341566.736239053 -10341315.735381283
21.600431484064405 10362190.965196984 -10361939.821417652
21.60043446289977 10382871.055559099 -10382619.768674968
21.600437441735139 10403607.198580962 -10403355.768408429
21.600440420570504 10424399.586309932 -10424148.012665028
21.600443399405872 10445248.411589013 -10444996.694287399
21.600446378241237 10466153.868060715 -10465902.006917685
21.600449357076606 10487116.15017095 -10486864.145001428
21.600452335911971 10508135.453172937 -10507883.303791476
21.600455314747336 10529211.973131139 -10528959.67935192
21.600458293582705 10550345.906925214 -10550093.468562046
21.60046127241807 10571537.452253995 -10571284.869120315
21.600464251253438 10592786.807639487 -10592534.079548353
21.600467230088803 10614094.172430888 -10613841.299194986
21.600470208924172 10635459.746808631 -10635206.72824027
21.600473187759537 10656883.731788456 -10656630.567699565
21.600476166594905 10678366.329225494 -10678113.019427624
21.60047914543027 10699907.741818381 -10699654.286122704
21.600482124265639 10721508.173113398 -10721254.571330702
21.600485103101004 10743167.827508623 -10742914.079449316
21.600488081936373 10764886.910258118 -10764633.015732227
21.600491060771738 10786665.627476133 -10786411.586293301
21.600494039607106 10808504.186141336 -10808249.998110818
21.600497018442471 10830402.794101065 -10830148.459031729
21.60049999727784 10852361.660075605 -10852107.177775934
21.600502976113205 10874380.993662493 -10874126.363940584
21.600505954948574 10896461.005340843 -10896206.2280044
21.600508933783939 10918601.906475691 -10918346.981332028
21.600511912619307 10940803.909322375 -10940548.836178416
21.600514891454672 10963067.227030938 -10962812.005693212
21.600517870290041 10985392.073650545 -10985136.703925189
21.600520849125406 11007778.664133938 -11007523.145826694
21.600523827960775 11030227.214341912 -11029971.547258127
21.60052680679614 11052737.941047814 -11052482.124992436
21.600529785631508 11075311.061942063 -11075055.096719643
21.600532764466873 11097946.795636715 -11097690.681051405
21.600535743302242 11120645.36167003 -11120389.097525582
21.600538722137607 11143406.980511082 -11143150.566610847
21.600541700972975 11166231.873564387 -11165975.309711311
21.60054467980834 11189120.26317456 -11188863.549171187
21.600547658643709 11212072.372630997 -11211815.508279465
21.600550637479074 11235088.426172588 -11234831.411274632
21.600553616314443 11258168.648992455 -11257911.483349402
21.600556595149808 11281313.267242711 -11281055.950655479
21.600559573985176 11304522.508039258 -11304265.040308354
21.600562552820541 11327796.599466601 -11327538.980392125
21.600565531655906 11351135.770582696 -11350877.999964334
21.600568510491275 11374540.251423826 -11374282.329060853
21.60057148932664 11398010.273009503 -11397752.198700778
21.600574468162009 11421546.067347396 -11421287.840891365
21.600577446997374 11445147.867438296 -11444889.488632988
21.600580425832742 11468815.907281097 -11468557.375924125
21.600583404668107 11492550.421877814 -11492291.737766372
21.600586383503476 11516351.647238635 -11516092.810169494
21.600589362338841 11540219.820386982 -11539960.830156496
21.60059234117421 11564155.179364633 -11563896.035768731
21.600595320009575 11588157.96323684 -11587898.666071031
21.600598298844943 11612228.412097502 -11611968.961156869
21.600601277680308 11636366.76707435 -11636107.162153549
21.600604256515677 11660573.270334175 -11660313.511227436
21.600607235351042 11684848.16508808 -11684588.251589205
21.60061021418641 11709191.695596764 -11708931.627499128
21.600613193021776 11733604.10717584 -11733343.884272384
21.600616171857144 11758085.646201173 -11757825.268284407
21.600619150692509 11782636.560114263 -11782376.026976263
21.600622129527878 11807257.097427649 -11806996.408860061
21.600625108363243 11831947.507730355 -11831686.663524387
21.600628087198611 11856708.041693352 -11856447.041639775
21.600631066033976 11881538.951075064 -11881277.794964211
21.600634044869345 11906440.488726905 -11906179.176348671
21.60063702370471 11931412.908598846 -11931151.439742686
21.600640002540079 11956456.465745013 -11956194.840199942
21.600642981375444 11981571.416329324 -11981309.633883908
21.600645960210812 12006758.017631147 -12006496.078073513
21.600648939046177 12032016.528051006 -12031754.431168836
21.600651917881546 12057347.207116311 -12057084.952696839
21.600654896716911 12082750.315487124 -12082487.903317133
21.60065787555228 12108226.114961956 -12107963.544827782
21.600660854387645 12133774.868483607 -12133512.140171137
21.600663833223013 12159396.840145033 -12159133.953439701
21.600666812058378 12185092.295195246 -12184829.249882033
21.600669790893747 12210861.500045251 -12210598.295908684
21.600672769729112 12236704.72227402 -12236441.359098172
21.600675748564477 12262622.230634503 -12262358.708202986
21.600678727399846 12288614.295059664 -12288350.613155635
21.600681706235211 12314681.186668565 -12314417.345074721
21.600684685070579 12340823.177772479 -12340559.176271053
21.600687663905944 12367040.541881042 -12366776.380253807
21.600690642741313 12393333.553708442 -12393069.231736707
21.600693621576678 12419702.489179647 -12419438.006644256
21.600696600412046 12446147.625436658 -12445882.98211799
21.600699579247411 12472669.240844812 -12472404.436522776
21.60070255808278 12499267.614999115 -12499002.649453154
21.600705536918145 12525943.02873062 -12525677.901739703
21.600708515753514 12552695.76411283 -12552430.475455459
21.600711494588879 12579526.104468158 -12579260.653922357
21.600714473424247 12606434.334374407 -12606168.721717728
21.600717452259612 12633420.739671301 -12633154.964680819
21.600720431094981 12660485.60746705 -12660219.669919364
21.600723409930346 12687629.226144955 -12687363.125816185
21.600726388765715 12714851.885370048 -12714585.622035835
21.60072936760108 12742153.876095783 -12741887.449531285
21.600732346436448 12769535.490570756 -12769268.900550647
21.600735325271813 12796997.022345468 -12796730.26864394
21.600738304107182 12824538.766279137 -12824271.848669896
21.600741282942547 12852161.018546537 -12851893.936802803
21.600744261777916 12879864.076644883 -12879596.830539387
21.600747240613281 12907648.239400763 -12907380.828705745
21.600750219448649 12935513.806977112 -12935246.231464319
21.600753198284014 12963461.080880214 -12963193.340320904
21.600756177119383 12991490.363966767 -12991222.458131701
21.600759155954748 13019601.960450971 -13019333.889110416
21.600762134790116 13047796.175911674 -13047527.938835401
21.600765113625481 13076073.31729955 -13075804.914256828
21.60076809246085 13104433.692944324 -13104165.123703923
21.600771071296215 13132877.612562044 -13132608.876892237
21.600774050131584 13161405.387262397 -13161136.484930947
21.600777028966949 13190017.329556057 -13189748.26033023
21.600780007802317 13218713.753362102 -13218444.517008651
21.600782986637682 13247494.974015446 -13247225.57030062
21.600785965473047 13276361.308274345 -13276091.736963883
21.600788944308416 13305313.074327929 -13305043.335187059
21.600791923143781 13334350.591803785 -13334080.684597226
21.60079490197915 13363474.181775594 -13363204.106267547
21.600797880814515 13392684.166770795 -13392413.922724949
21.600800859649883 13421980.870778322 -13421710.457957849
21.600803838485248 13451364.619256368 -13451094.037423922
21.600806817320617 13480835.739140199 -13480564.988057915
21.600809796155982 13510394.558850028 -13510123.638279518
21.600812774991351 13540041.408298917 -13539770.318001274
21.600815753826716 13569776.618900752 -13569505.358636539
21.600818732662084 13599600.523578243 -13599329.093107503
21.600821711497449 13629513.456770994 -13629241.855853237
21.600824690332818 13659515.754443603 -13659243.982837815
21.600827669168183 13689607.754093831 -13689335.811558465
21.600830648003551 13719789.794760803 -13719517.681053778
21.600833626838917 13750062.217033271 -13749789.931911975
21.600836605674285 13780425.363057926 -13780152.906279212
21.60083958450965 13810879.576547759 -13810606.947867941
21.600842563345019 13841425.202790469 -13841152.401965326
21.600845542180384 13872062.588656934 -13871789.615441702
21.600848521015752 13902792.082609724 -13902518.936759098
21.600851499851117 13933614.034711672 -13933340.715979801
21.600854478686486 13964528.796634501 -13964255.304774992
21.600857457521851 13995536.721667496 -13995263.056433409
21.60086043635722 14026638.164726241 -14026364.325870086
21.600863415192585 14057833.482361391 -14057559.469635131
21.600866394027953 14089123.032767521 -14088848.845922565
21.600869372863318 14120507.175792011 -14120232.814579215
21.600872351698687 14151986.272943998 -14151711.737113664
21.600875330534052 14183560.687403385 -14183285.976705257
21.600878309369421 14215230.784029894 -14214955.898213157
21.600881288204786 14246996.929372186 -14246721.868185468
21.600884267040154 14278859.491677037 -14278584.254868401
21.600887245875519 14310818.840898562 -14310543.428215511
21.600890224710888 14342875.34870751 -14342599.759896979
21.600893203546253 14375029.388500603 -14374753.62330896
21.600896182381618 14407281.335409945 -14407005.393582992
21.600899161216986 14439631.566312486 -14439355.447595453
21.600902140052352 14472080.459839545 -14471804.163977088
21.60090511888772 14504628.396386389 -14504351.923122592
21.600908097723085 14537275.758121878 -14536999.10720025
21.600911076558454 14570022.92899817 -14569746.100161644
21.600914055393819 14602870.294760484 -14602593.28775141
21.600917034229187 14635818.242956918 -14635541.057517068
21.600920013064552 14668867.162948342 -14668589.798818905
21.600922991899921 14702017.44591835 -14701739.902839929
21.600925970735286 14735269.484883267 -14734991.762595881
21.600928949570655 14768623.674702227 -14768345.772945305
21.60093192840602 14802080.412087312 -14801802.330599694
21.600934907241388 14835640.09561375 -14835361.834133685
21.600937886076753 14869303.125730189 -14869024.683995333
21.600940864912122 14903069.904769022 -14902791.282516435
21.600943843747487 14936940.83695679 -14936662.033922933
21.600946822582856 14970916.328424642 -14970637.34434538
21.600949801418221 15004996.787218869 -15004717.621829463
21.600952780253589 15039182.623311495 -15038903.276346607
21.600955759088954 15073474.248610949 -15073194.719804633
21.600958737924323 15107872.076972788 -15107592.366058493
21.600961716759688 15142376.524210505 -15142096.630921073
21.600964695595056 15176988.008106394 -15176707.932174055
21.600967674430422 15211706.948422484 -15211426.689578857
21.60097065326579 15246533.766911555 -15246253.324887644
21.600973632101155 15281468.887328209 -15281188.261854405
21.600976610936524 15316512.735440025 -15316231.926246097
21.600979589771889 15351665.739038771 -15351384.745853871
21.600982568607257 15386928.327951705 -15386647.150504362
21.600985547442622 15422300.934052933 -15422019.572071053
21.600988526277991 15457783.991274852 -15457502.444485717
21.600991505113356 15493377.935619654 -15493096.203749917
21.600994483948725 15529083.205170913 -15528801.287946597
21.60099746278409 15564900.240105242 -15564618.137251738
21.601000441619458 15600829.48270403 -15600547.193946101
21.601003420454823 15636871.377365254 -15636588.90242702
21.601006399290188 15673026.370615352 -15672743.709220299
21.601009378125557 15709294.911121201 -15709012.062992178
21.601012356960922 15745677.449702146 -15745394.414561357
21.601015335796291 15782174.439342117 -15781891.216911124
21.601018314631656 15818786.335201828 -15818502.925201548
21.601021293467024 15855513.594631052 -15855229.996781753
21.601024272302389 15892356.67718097 -15892072.891202273
21.601027251137758 15929316.04461661 -15929032.070227483
21.601030229973123 15966392.160929358 -15966107.997848116
21.601033208808492 16003585.492349548 -16003301.14029385
21.601036187643857 16040896.507359149 -16040611.966045996
21.601039166479225 16078325.676704518 -16078040.945850251
21.60104214531459 16115873.473409243 -16115588.552729541
21.601045124149959 16153540.372787075 -16153255.261996955
21.601048102985324 16191326.852454934 -16191041.551268745
21.601051081820692 16229233.392346002 -16228947.900477424
21.601054060656057 16267260.474722907 -16266974.791884953
21.601057039491426 16305408.584190989 -16305122.710095998
21.601060018326791 16343678.207711652 -16343392.142071288
21.60106299716216 16382069.834615808 -16381783.577141056
21.601065975997525 16420583.956617404 -16420297.507018572
21.601068954832893 16459221.067827044 -16458934.425813761
21.601071933668258 16497981.664765693 -16497694.830046901
21.601074912503627 16536866.24637847 -16536579.21866243
21.601077891338992 16575875.314048544 -16575588.093042824
21.601080870174361 16615009.371611103 -16614721.957022587
21.601083849009726 16654268.925367437 -16653981.316902312
21.601086827845094 16693654.48409909 -16693366.68146285
21.601089806680459 16733166.559082126 -16732878.561979571
21.601092785515828 16772805.664101476 -16772517.472236704
21.601095764351193 16812572.315465383 -16812283.928541794
21.601098743186562 16852467.03201995 -16852178.449740238
21.601101722021927 16892490.335163772 -16892201.557229929
21.601104700857295 16932642.748862669 -16932353.774975974
21.60110767969266 16972924.799664516 -16972635.629525546
21.601110658528025 17013337.016714185 -17013047.650022797
21.601113637363394 17053879.931768566 -17053590.368223906
21.601116616198759 17094554.079211697 -17094264.31851219
21.601119595034127 17135359.996070005 -17135070.03791336
21.601122573869493 17176298.222027626 -17176008.066110834
21.601125552704861 17217369.29944184 -17217078.945461161
21.601128531540226 17258573.77335861 -17258283.221009582
21.601131510375595 17299912.19152822 -17299621.440505654
21.60113448921096 17341385.104421027 -17341094.154418994
21.601137468046328 17382993.065243304 -17382701.915955149
21.601140446881693 17424736.629953206 -17424445.28107154
21.601143425717062 17466616.357276816 -17466324.80849351
21.601146404552427 17508632.808724325 -17508341.059730507
21.601149383387796 17550786.548606306 -17550494.599092364
21.601152362223161 17593078.14405011 -17592785.993705682
21.601155341058529 17635508.165016357 -17635215.813530337
21.601158319893894 17678077.184315555 -17677784.631376084
21.601161298729263 17720785.777624819 -17720493.02291929
21.601164277564628 17763634.523504697 -17763341.566719741
21.601167256399997 17806624.003416117 -17806330.844237614
21.601170235235362 17849754.801737461 -17849461.439850528
21.60117321407073 17893027.505781732 -17892733.940870721
21.601176192906095 17936442.705813844 -17936148.937562343
21.601179171741464 17980000.995068036 -17979707.023158867
21.601182150576829 18023702.969765406 -18023408.793880623
21.601185129412197 18067549.22913155 -18067254.848952428
21.601188108247563 18111540.375414323 -18111245.790621363
21.601191087082931 18155677.01390174 -18155382.224174667
21.601194065918296 18199959.752939984 -18199664.757957745
21.601197044753665 18244389.203951519 -18244094.003392275
21.60120002358903 18288965.981453355 -18288670.574994478
21.601203002424398 18333690.703075431 -18333395.090393506
21.601205981259763 18378563.989579123 -18378268.170349948
21.601208960095132 18423586.464875866 -18423290.438774448
21.601211938930497 18468758.756045904 -18468462.522746444
21.601214917765866 18514081.493357182 -18513785.05253309
21.601217896601231 18559555.310284372 -18559258.661608256
21.601220875436596 18605180.843528003 -18604883.986671664
21.601223854271964 18650958.733033735 -18650661.667668168
21.601226833107329 18696889.622011781 -18696592.347807169
21.601229811942698 18742974.156956442 -18742676.673582163
21.601232790778063 18789212.987665787 -18788915.294790398
21.601235769613432 18835606.767261453 -18835308.864552695
21.601238748448797 18882156.152208611 -18881858.039333403
21.601241727284165 18928861.802336037 -18928563.478960477
21.60124470611953 18975724.380856343 -18975425.846645702
21.601247684954899 19022744.55438634 -19022445.809005063
21.601250663790264 19069922.992967539 -19069624.036079235
21.601253642625633 19117260.370086789 -19116961.201354235
21.601256621460998 19164757.362697091 -19164457.981782224
21.601259600296366 19212414.651238509 -19212115.057802428
21.601262579131731 19260232.919659264 -19259933.113362227
21.6012655579671 19308212.855436951 -19307912.835938368
21.601268536802465 19356355.149599902 -19356054.91655834
21.601271515637833 19404660.496748719 -19404360.049821887
21.601274494473198 19453129.595077928 -19452828.933922682
21.601277473308567 19501763.146397818 -19501462.270670157
21.601280452143932 19550561.856156405 -19550260.765511472
21.601283430979301 19599526.433461562 -19599225.127553634
21.601286409814666 19648657.591103289 -19648356.069585778
21.601289388650034 19697956.045576163 -19697654.308101609
21.601292367485399 19747422.517101925 -19747120.563322
21.601295346320768 19797057.729652233 -19796755.559217736
21.601298325156133 19846862.410971574 -19846560.02353242
21.601301303991502 19896837.29260033 -19896534.687805556
21.601304282826867 19946983.109898023 -19946680.287395786
21.601307261662235 19997300.602066703 -19996997.561504267
21.6013102404976 20047790.512174513 -20047487.253198255
21.601313219332969 20098453.587179419 -20098150.109434824
21.601316198168334 20149290.577953104 -20148986.881084763
21.601319177003703 20200302.239305023 -20199998.322956625
21.601322155839068 20251489.330006644 -20251185.193820972
21.601325134674436 20302852.612815853 -20302548.256434791
21.601328113509801 20354392.854501542 -20354088.277566064
21.601331092345166 20406110.825868338 -20405806.028018508
21.601334071180535 20458007.301781535 -20457702.282656498
21.6013370500159 20510083.061192207 -20509777.820430197
21.601340028851268 20562338.887162484 -20562033.42440081
21.601343007686634 20614775.566891 -20614469.881766044
21.601345986522002 20667393.891738549 -20667087.983885769
21.601348965357367 20720194.657253917 -20719888.52630784
21.601351944192736 20773178.663199883 -20772872.308794104
21.601354923028101 20826346.713579409 -20826040.135346584
21.601357901863469 20879699.616662018 -20879392.814233866
21.601360880698834 20933238.18501037 -20932931.158017661
21.601363859534203 20986963.235507011 -20986655.983579572
21.601366838369568 21040875.589381341 -21040568.11214805
21.601369817204937 21094976.072236739 -21094668.369325519
21.601372796040302 21149265.514077913 -21148957.585115731
21.60137577487567 21203744.749338426 -21203436.593951285
21.601378753711035 21258414.616908435 -21258106.234721377
21.601381732546404 21313275.960162617 -21312967.350799721
21.601384711381769 21368329.626988322 -21368020.790072691
21.601387690217138 21423576.469813883 -21423267.404967651
21.601390669052503 21479017.345637165 -21478708.052481484
21.601393647887871 21534653.116054311 -21534343.594209358
21.601396626723236 21590484.647288695 -21590174.896373659
21.601399605558605 21646512.810220081 -21646202.82985317
21.60140258439397 21702738.480413999 -21702428.270212423
21.601405563229338 21759162.53815132 -21758852.0977313
21.601408542064704 21815785.868458077 -21815475.197434831
21.601411520900072 21872609.361135468 -21872298.459123217
21.601414499735437 21929633.910790093 -21929322.777402051
21.601417478570806 21986860.41686441 -21986549.051712785
21.601420457406171 22044289.783667412 -22043978.186363395
21.601423436241539 22101922.920405522 -22101611.090559293
21.601426415076904 22159760.741213731 -22159448.678434446
21.601429393912273 22217804.165186942 -22217491.869082738
21.601432372747638 22276054.116411548 -22275741.586589538
21.601435351583007 22334511.523997251 -22334198.760063514
21.601438330418372 22393177.322109096 -22392864.323668677
21.601441309253737 22452052.44999975 -22451739.216656659
21.601444288089105 22511137.852042031 -22510824.383399237
21.60144726692447 22570434.477761649 -22570120.773421075
21.601450245759839 22629943.281870201 -22629629.341432724
21.601453224595204 22689665.224298425 -22689351.047363862
21.601456203430573 22749601.27022966 -22749286.856396776
21.601459182265938 22809752.390133597 -22809437.739000101
21.601462161101306 22870119.559800249 -22869804.670962781
21.601465139936671 22930703.76037417 -22930388.633428305
21.60146811877204 22991505.978388947 -22991190.612929191
21.601471097607405 23052527.20580193 -23052211.60142171
21.601474076442774 23113768.440029219 -23113452.596320882
21.601477055278139 23175230.683980927 -23174914.600535739
21.601480034113507 23236914.946096707 -23236598.622504849
21.601483012948872 23298822.240381505 -23298505.676232066
21.601485991784241 23360953.58644161 -23360636.781322584
21.601488970619606 23423310.009520955 -23422992.963019237
21.601491949454974 23485892.540537711 -23485575.252239093
21.601494928290339 23548702.216121141 -23548384.685610306
21.601497907125708 23611740.078648731 -23611422.305509254
21.601500885961073 23675007.176283602 -23674689.160097945
21.601503864796442 23738504.563012175 -23738186.30336168
21.601506843631807 23802233.298682146 -23801914.795147028
21.601509822467175 23866194.449040744 -23865875.701200094
21.60151280130254 23930389.085773271 -23930070.09320505
21.601515780137909 23994818.286541924 -23994499.048822958
21.601518758973274 24059483.135024913 -24059163.651730888
21.601521737808643 24124384.720955871 -24124064.991661325
21.601524716644008 24189524.140163563 -24189204.164441891
21.601527695479376 24254902.494611915 -24254582.272035364
21.601530674314741 24320520.892440297 -24320200.422579952
21.60153365315011 24386380.448004134 -24386059.730429921
21.601536631985475 24452482.281915832 -24452161.316196512
21.601539610820844 24518827.521086015 -24518506.306789182
21.601542589656209 24585417.298765067 -24585095.835457139
21.601545568491577 24652252.754584979 -24651931.041831195
21.601548547326942 24719335.034601539 -24719013.071965959
21.601551526162307 24786665.291336816 -24786343.078382317
21.601554504997676 24854244.683821972 -24853922.220110238
21.601557483833041 24922074.377640396 -24921751.662731912
21.601560462668409 24990155.544971179 -24989832.578425232
21.601563441503774 25058489.364632934 -25058166.146007612
21.601566420339143 25127077.022127915 -25126753.550980091
21.601569399174508 25195919.709686477 -25195595.985571813
21.601572378009877 25265018.626311917 -25264694.648784861
21.601575356845242 25334374.977825612 -25334050.74643939
21.60157833568061 25403989.97691251 -25403665.491219118
21.601581314515975 25473864.843166977 -25473540.10271718
21.601584293351344 25544000.803139016 -25543675.807482343
21.601587272186709 25614399.090380829 -25614073.83906557
21.601590251022078 25685060.945493709 -25684735.438066911
21.601593229857443 25755987.61617532 -25755661.852182779
21.601596208692811 25827180.357267331 -25826854.336253587
21.601599187528176 25898640.430803429 -25898314.152311765
21.601602166363545 25970369.106057689 -25970042.569630124
21.60160514519891 26042367.659593314 -26042040.864770599
21.601608124034279 26114637.375311777 -26114310.321633387
21.601611102869644 26187179.544502318 -26186852.231506456
21.601614081705012 26259995.465891831 -26259667.893115412
21.601617060540377 26333086.445695139 -26332758.612673793
21.601620039375746 26406453.797665663 -26406125.703933723
21.601623018211111 26480098.843146492 -26479770.488236997
21.601625997046479 26554022.911121838 -26553694.294566527
21.601628975881844 26628227.33826888 -26627898.45959818
21.601631954717213 26702713.469010033 -26702384.32775306
21.601634933552578 26777482.655565619 -26777153.251250178
21.601637912387947 26852536.258006942 -26852206.590159506
21.601640891223312 26927875.644309785 -26927545.712455504
21.60164387005868 27003502.190408334 -27003171.994071029
21.601646848894045 27079417.28024951 -27079086.818951659
21.601649827729414 27155622.305847712 -27155291.579110455
21.601652806564779 27232118.667340033 -27231787.674683161
21.601655785400148 27308907.773041874 -27308576.513983823
21.601658764235513 27385991.039503012 -27385659.513560865
21.601661743070878 27463369.891564105 -27463038.098253574
21.601664721906246 27541045.762413628 -27540713.701249063
21.601667700741611 27619020.093645308 -27618687.764139682
21.60167067957698 27697294.335315939 -27696961.736980848
21.601673658412345 27775869.946003705 -27775537.078349359
21.601676637247714 27854748.39286695 -27854415.255402178
21.601679616083079 27933931.151703414 -27933597.743935637
21.601682594918447 28013419.707009915 -28013086.028445162
21.601685573753812 28093215.55204257 -28092881.602185462
21.601688552589181 28173320.188877422 -28172985.967231169
21.601691531424546 28253735.128471579 -28253400.63453798
21.601694510259914 28334461.890724853 -28334127.124004275
21.60169748909528 28415502.004541863 -28415166.964533251
21.601700467930648 28496857.007894658 -28496521.694095522
21.601703446766013 28578528.44788583 -28578192.859792244
21.601706425601382 28660517.880812135 -28660182.017918725
21.601709404436747 28742826.8722286 -28742490.734028548
21.601712383272115 28825456.997013178 -28825120.582998201
21.60171536210748 28908409.839431897 -28908073.149092261
21.601718340942849 28991686.993204549 -28991350.026029047
21.601721319778214 29075290.061570887 -29074952.81704684
21.601724298613583 29159220.657357369 -29158883.134970624
21.601727277448948 29243480.40304444 -29243142.602279354
21.601730256284316 29328070.930834334 -29327732.851173777
21.601733235119681 29412993.882719465 -29412655.523644809
21.60173621395505 29498250.910551336 -29497912.271542452
21.601739192790415 29583843.676110022 -29583504.756645277
21.601742171625784 29669773.851174191 -29669434.650730435
21.601745150461149 29756043.117591709 -29755703.635644268
21.601748129296517 29842653.167350836 -29842313.403373521
21.601751108131882 29929605.702651981 -29929265.656117063
21.601754086967251 30016902.435980022 -30016562.106358234
21.601757065802616 30104545.090177245 -30104204.476937782
21.601760044637984 30192535.398516871 -30192194.501127373
21.60176302347335 30280875.104777161 -30280533.922703717
21.601766002308718 30369565.96331615 -30369224.496023282
21.601768981144083 30458609.739146981 -30458267.986097645
21.601771959979448 30548008.208013855 -30547666.168669432
21.601774938814817 30637763.1564686 -30637420.830288891
21.601777917650182 30727876.381947879 -30727533.768391095
21.60178089648555 30818349.692851007 -30818006.791373767
21.601783875320915 30909184.908618446 -30908841.71867577
21.601786854156284 31000383.859810922 -31000040.380856223
21.601789832991649 31091948.388189178 -31091604.619674254
21.601792811827018 31183880.346794393 -31183536.288169429
21.601795790662383 31276181.60002929 -31275837.250742842
21.601798769497751 31368854.023739871 -31368509.383238859
21.601801748333116 31461899.505297869 -31461554.573027581
21.601804727168485 31555319.94368387 -31554974.71908794
21.60180770600385 31649117.249571096 -31648771.732091516
21.601810684839219 31743293.345409915 -31742947.534487009
21.601813663674584 31837850.165513027 -31837504.060585462
21.601816642509952 31932789.656141397 -31932443.25664616
21.601819621345317 32028113.775590848 -32027767.08096325
21.601822600180686 32123824.494279429 -32123477.503953099
21.601825579016051 32219923.794835482 -32219576.50824235
21.60182855785142 32316413.672186427 -32316066.088756729
21.601831536686785 32413296.133648328 -32412948.252810594
21.601834515522153 32510573.199016176 -32510225.020197216
21.601837494357518 32608246.900654934 -32607898.423279844
21.601840473192887 32706319.28359139 -32705970.507083535
21.601843452028252 32804792.405606717 -32804443.329387732
21.60184643086362 32903668.337329827 -32903318.960819602
21.601849409698985 33002949.162331518 -33002599.484948199
21.601852388534354 33102636.977219407 -33102286.99837938
21.601855367369719 33202733.891733658 -33202383.610851549
21.601858346205088 33303242.028843563 -33302891.445332225
21.601861325040453 33404163.524844885 -33403812.638115395
21.601864303875821 33505500.529458042 -33505149.338919692
21.601867282711186 33607255.205927126 -33606903.710987419
21.601870261546555 33709429.731119752 -33709077.931184389
21.60187324038192 33812026.295627728 -33811674.190100603
21.601876219217289 33915047.103868648 -33914694.692151837
21.601879198052654 34018494.374188289 -34018141.65568205
21.601882176888019 34122370.338963926 -34122017.313066691
21.601885155723387 34226677.244708478 -34226323.910816833
21.601888134558752 34331417.352175571 -34331063.709684268
21.601891113394121 34436592.936465494 -34436238.98476743
21.601894092229486 34542206.287132032 -34541852.025618233
21.601897071064855 34648259.708290249 -34647905.136349887
21.60190004990022 34754755.518725224 -34754400.635745585
21.601903028735588 34861696.052001633 -34861340.857368127
21.601906007570953 34969083.656574331 -34968728.149670474
21.601908986406322 35076920.695899904 -35076564.87610732
21.601911965241687 35185209.548549049 -35184853.415247448
21.601914944077055 35293952.608320028 -35293596.160887212
21.601917922912421 35403152.284353159 -35402795.522165
21.601920901747789 35512811.001246184 -35512453.923676625
21.601923880583154 35622931.199170686 -35622573.805591725
21.601926859418523 35733515.333989494 -35733157.623771191
21.601929838253888 35844565.877375141 -35844207.84988559
21.601932817089256 35956085.316929303 -35955726.971534647
21.601935795924621 36068076.156303287 -36067717.492367685
21.60193877475999 36180540.915319569 -36180181.932205208
21.601941753595355 36293482.130094409 -36293122.827161476
21.601944732430724 36406902.353161469 -36406542.729768172
21.601947711266089 36520804.153596602 -36520444.209099129
21.601950690101457 36635190.117143624 -36634829.85089615
21.601953668936822 36750062.846341312 -36749702.257695995
21.601956647772191 36865424.960651413 -36865064.048958376
21.601959626607556 36981279.096587792 -36980917.861195117
21.601962605442925 37097627.907846712 -37097266.348100439
21.60196558427829 37214474.065438278 -37214112.180682383
21.601968563113658 37331820.257819012 -37331458.047395408
21.601971541949023 37449669.19102563 -37449306.654274151
21.601974520784392 37568023.58880996 -37567660.725068361
21.601977499619757 37686886.192775071 -37686523.001379006
21.601980478455125 37806259.762512594 -37805896.242795624
21.601983457290491 37926147.075741284 -37925783.227034852
21.601986436125859 38046550.928446755 -38046186.750080183
21.601989414961224 38167474.135022491 -38167109.626322985
21.601992393796589 38288919.528412066 -38288554.688704677
21.601995372631958 38410889.960252672 -38410524.788860314
21.601998351467323 38533388.301019922 -38533022.797263347
21.602001330302691 38656417.440173864 -38656051.603371657
21.602004309138056 38779980.286306433 -38779614.115775011
21.602007287973425 38904079.767290108 -38903713.262343697
21.60201026680879 39028718.83042787 -39028351.990378499
21.602013245644159 39153900.442604631 -39153533.266762137
21.602016224479524 39279627.590439893 -39279260.078111887
21.602019203314892 39405903.280441828 -39405535.430933699
21.602022182150257 39532730.5391628 -39532362.351777703
21.602025160985626 39660112.413356192 -39659743.887395047
21.602028139820991 39788051.970134601 -39787683.104896069
21.60203111865636 39916552.297129594 -39916183.091910079
21.602034097491725 40045616.502652816 -40045246.956746444
21.602037076327093 40175247.715858571 -40174877.828557193
21.602040055162458 40305449.086907819 -40305078.857500978
21.602043033997827 40436223.787133723 -40435853.214908674
21.602046012833192 40567575.009208769 -40567204.093450449
21.602048991668561 40699505.967313245 -40699134.707304269
21.602051970503926 40832019.897305287 -40831648.292325936
21.602054949339294 40965120.056892522 -40964748.106220737
21.602057928174659 41098809.725805201 -41098437.42871657
21.602060907010028 41233092.20597095 -41232719.561738692
21.602063885845393 41367970.821691111 -41367597.829586074
21.602066864680761 41503448.919818722 -41503075.579109363
21.602069843516126 41639529.869938113 -41639156.179890499
21.602072822351495 41776217.064546108 -41775843.024423897
21.60207580118686 41913513.919234872 -41913139.528299309
21.602078780022229 42051423.872876458 -42051049.130386353
21.602081758857594 42189950.387809068 -42189575.2930208
21.602084737692962 42329096.950025052 -42328721.502192549
21.602087716528327 42468867.069360502 -42468491.267735228
21.602090695363696 42609264.279686727 -42608888.12351767
21.602093674199061 42750292.139103517 -42749915.627637193
21.60209665303443 42891954.230134077 -42891577.362614498
21.602099631869795 43034254.159921765 -43033876.935590439
21.60210261070516 43177195.560428791 -43176817.978524715
21.602105589540528 43320782.088636629 -43320404.148396268
21.602108568375893 43465017.426748306 -43464639.127405591
21.602111547211262 43609905.282392584 -43609526.623178892
21.602114526046627 43755449.388830021 -43755070.368974164
21.602117504881996 43901653.505160987 -43901274.123889208
21.602120483717361 44048521.416535638 -44048141.673071593
21.602123462552729 44196056.934365742 -44195676.827930488
21.602126441388094 44344263.896538608 -44343883.426350601
21.602129420223463 44493146.16763293 -44492765.33290799
21.602132399058828 44642707.639136679 -44642326.439088009
21.602135377894196 44792952.229667105 -44792570.663505256
21.602138356729562 44943883.885192633 -44943501.952125497
21.60214133556493 45095506.579257034 -45095124.278489836
21.602144314400295 45247824.313205644 -45247441.643940933
21.602147293235664 45400841.116413638 -45400458.077851266
21.602150272071029 45554561.046516515 -45554177.637853622
21.602153250906397 45708988.18964278 -45708604.410073787
21.602156229741762 45864126.66064883 -45863742.509365439
21.602159208577131 46019980.603356041 -46019596.079547197
21.602162187412496 46176554.19079005 -46176169.293641947
21.602165166247865 46333851.625422455 -46333466.354118526
21.60216814508323 46491877.139414631 -46491491.493135519
21.602171123918598 46650634.99486386 -46650248.972787417
21.602174102753963 46810129.484052032 -46809743.0853533
21.602177081589332 46970364.929696567 -46969978.153547764
21.602180060424697 47131345.685203709 -47130958.530774228
21.602183039260066 47293076.1349243 -47292688.601380683
21.602186018095431 47455560.694411933 -47455172.780917868
21.602188996930799 47618803.810683653 -47618415.516399942
21.602191975766164 47782809.962483086 -47782421.286567651
21.602194954601533 47947583.660546243 -47947194.602154106
21.602197933436898 48113129.447869718 -48112740.006152987
21.602200912272266 48279451.899981514 -48279062.074089371
21.602203891107632 48446555.625214517 -48446165.4142932
21.602206869943 48614445.264982589 -48614054.668175384
21.602209848778365 48783125.494059324 -48782734.510506548
21.60221282761373 48952601.020859472 -48952209.649698451
21.602215806449099 49122876.587723158 -49122484.828088231
21.602218785284464 49293956.97120288 -49293564.822225377
21.602221764119832 49465846.982353099 -49465454.443161316
21.602224742955197 49638551.467022851 -49638158.536742046
21.602227721790566 49812075.306151167 -49811681.983903542
21.602230700625931 49986423.41606538 -49986029.700970076
21.6022336794613 50161600.748782314 -50161206.639955379
21.602236658296665 50337612.292312369 -50337217.788866758
21.602239637132033 50514463.070966661 -50514068.172012225
21.602242615967398 50692158.145667106 -50691762.850310557
21.602245594802767 50870702.614259571 -50870306.921604477
21.602248573638132 51050101.611830175 -51049705.520976953
21.602251552473501 51230360.311024621 -51229963.821070522
21.602254531308866 51411483.922370628 -51411087.032409705
21.602257510144234 51593477.694603629 -51593080.403726734
21.602260488979599 51776346.9149957 -51775949.222290464
21.602263467814968 51960096.909687735 -51959698.814238556
21.602266446650333 52144733.044024855 -52144334.54491289
21.602269425485702 52330260.722895168 -52329861.819198303
21.602272404321067 52516685.391071759 -52516286.081864595
21.602275383156435 52704012.533558324 -52703612.817912169
21.6022783619918 52892247.675938129 -52891847.552920982
21.602281340827169 53081396.384726413 -53080995.853402942
21.602284319662534 53271464.267726302 -53271063.327157833
21.602287298497902 53462456.974388301 -53462055.623632789
21.602290277333267 53654380.196173437 -53653978.434285469
21.602293256168636 53847239.666920014 -53846837.492950782
21.602296235004001 54041041.163213931 -54040638.576211214
21.60229921383937 54235790.504762821 -54235387.503770962
21.602302192674735 54431493.554774068 -54431090.138833977
21.602305171510103 54628156.22033646 -54627752.388485588
21.602308150345468 54825784.452805616 -54825380.204077937
21.602311129180837 55024384.248193443 -55023979.581619427
21.602314108016202 55223961.64756152 -55223556.562168129
21.602317086851571 55424522.737418495 -55424117.232229166
21.602320065686936 55626073.650121391 -55625667.724156007
21.602323044522301 55828620.564281061 -55828214.216555946
21.602326023357669 56032169.705171742 -56031762.934699632
21.602329002193034 56236727.345144778 -56236320.150934823
21.602331981028403 56442299.804046594 -56441892.185104311
21.602334959863768 56648893.449640781 -56648485.404968053
21.602337938699137 56856514.698034786 -56856106.226629853
21.602340917534502 57065170.014110655 -57064761.114968076
21.60234389636987 57274865.911960289 -57274456.584070943
21.602346875205235 57485608.955325283 -57485199.197676338
21.602349854040604 57697405.758041009 -57696995.569615901
21.602352832875969 57910262.984485582 -57909852.364264004
21.602355811711337 58124187.350033239 -58123776.296991117
21.602358790546702 58339185.62151248 -58338774.134621963
21.602361769382071 58555264.617668964 -58554852.695898399
21.602364748217436 58772431.209632941 -58772018.851946846
21.602367727052805 58990692.321391843 -58990279.5267509
21.60237070588817 59210054.930267647 -59209641.697628684
21.602373684723538 59430526.067399107 -59430112.395715065
21.602376663558903 59652112.818229087 -59651698.706449017
21.602379642394272 59874822.322996907 -59874407.770065926
21.602382621229637 60098661.77723591 -60098246.782095209
21.602385600065006 60323638.432276219 -60323222.993863024
21.602388578900371 60549759.595752589 -60549343.713000149
21.602391557735739 60777032.632117718 -60776616.303955287
21.602394536571104 61005464.963160828 -61005048.188513644
21.602397515406473 61235064.068531685 -61234646.846320942
21.602400494241838 61465837.486270212 -61465419.815413043
21.602403473077207 61697792.813341647 -61697374.692751102
21.602406451912572 61930937.706177242 -61930519.134762272
21.60240943074794 62165279.881220832 -62164860.857886262
21.602412409583305 62400827.115481041 -62400407.63912756
21.602415388418674 62637587.247089408 -62637167.316613533
21.602418367254039 62875568.175864197 -62875147.790158257
21.602421346089407 63114777.86388056 -63114357.021832675
21.602424324924772 63355224.336046383 -63354803.036540449
21.602427303760141 63596915.680684485 -63596493.922600143
21.602430282595506 63839860.050120927 -63839437.832333542
21.602433261430871 64084065.661279641 -64083642.982660286
21.60243624026624 64329540.796283379 -64329117.655698806
21.602439219101605 64576293.803060994 -64575870.199373618
21.602442197936973 64824333.095961221 -64823909.028029084
21.602445176772338 65073667.156373225 -65073242.623049989
21.602448155607707 65324304.533353783 -65323879.533488698
21.602451134443072 65576253.844261058 -65575828.376698941
21.602454113278441 65829523.775395207 -65829097.838976428
21.602457092113806 66084123.082645938 -66083696.67620638
21.602460070949174 66340060.592146993 -66339633.71451804
21.602463049784539 66597345.200937815 -66596917.85094633
21.602466028619908 66855985.877632253 -66855558.054100536
21.602469007455273 67115991.66309461 -67115563.364840388
21.602471986290642 67377371.671123147 -67376942.896959573
21.602474965126007 67640135.089140639 -67639705.837876216
21.602477943961375 67904291.178892672 -67903861.449331269
21.60248092279674 68169849.277153641 -68169419.068094447
21.602483901632109 68436818.796440378 -68436388.10667789
21.602486880467474 68705209.225733474 -68704778.054057479
21.602489859302842 68975030.131206542 -68974598.476402074
21.602492838138208 69246291.156963304 -69245859.017810613
21.602495816973576 69519002.025783345 -69518569.401057899
21.602498795808941 69793172.539875537 -69792739.428347975
21.60250177464431 70068812.581639647 -70068378.982075766
21.602504753479675 70345932.114436731 -70345498.025597453
21.602507732315043 70624541.183367819 -70624106.604009151
21.602510711150408 70904649.916061237 -70904214.84493427
21.602513689985777 71186268.523468956 -71185832.95931983
21.602516668821142 71469407.300671101 -71468971.24224098
21.602519647656511 71754076.627689764 -71753640.073714793
21.602522626491876 72040286.97031191 -72039849.919523209
21.602525605327244 72328048.880921379 -72327611.332045004
21.602528584162609 72617372.999340102 -72616934.951097012
21.602531562997978 72908270.053678811 -72907831.504784852
21.602534541833343 73200750.861197412 -73200311.810363293
21.602537520668712 73494826.329174519 -73494386.775105774
21.602540499504077 73790507.455786943 -73790067.397183895
21.602543478339442 74087805.330999315 -74087364.766557083
21.60254645717481 74386731.137463301 -74386290.06587173
21.602549436010175 74687296.15142709 -74686854.571370751
21.602552414845544 74989511.743655249 -74989069.653813377
21.602555393680909 75293389.380358711 -75292946.779405192
21.602558372516278 75598940.624136031 -75598497.510739416
21.602561351351643 75906177.134924263 -75905733.507747665
21.602564330187011 76215110.670960858 -76214666.528661966
21.602567309022376 76525753.089757159 -76525308.430988207
21.602570287857745 76838116.349082321 -76837671.172490045
21.60257326669311 77152212.507958591 -77151766.8121842
21.602576245528478 77468053.727667928 -77467607.51134707
21.602579224363843 77785652.272770196 -77785205.534532934
21.602582203199212 78105020.512133375 -78104573.250604168
21.602585182034577 78426170.919974789 -78425723.133772448
21.602588160869946 78749116.076914459 -78748667.764652118
21.602591139705311 79073868.671040818 -79073419.831325889
21.602594118540679 79400441.498988733 -79399992.13042289
21.602597097376044 79728847.467029825 -79728397.568208963
21.602600076211413 80059099.592175439 -80058649.161689654
21.602603055046778 80391211.003292218 -80390760.039725751
21.602606033882147 80725194.942230672 -80724743.444161907
21.602609012717512 81061064.764967054 -81060612.73096846
21.60261199155288 81398833.942757905 -81398381.37139602
21.602614970388245 81738516.063308507 -81738062.95314388
21.602617949223614 82080124.831954822 -82079671.181542009
21.602620928058979 82423674.072859243 -82423219.880746752
21.602623906894348 82769177.730220169 -82768722.994950429
21.602626885729713 83116649.869496107 -83116194.589605451
21.602629864565081 83466104.678643599 -83465648.852662206
21.602632843400446 83817556.469369844 -83817100.095821723
21.602635822235815 84171019.678399935 -84170562.75580287
21.60263880107118 84526508.868759349 -84526051.395624876
21.602641779906548 84884038.731071353 -84883580.705904722
21.602644758741913 85243624.084869683 -85243165.506169826
21.602647737577282 85605279.879926756 -85604820.746186242
21.602650716412647 85969021.197597668 -85968561.507302657
21.602653695248012 86334863.252180219 -86334403.00381045
21.602656674083381 86702821.39229095 -86702360.584319696
21.602659652918746 87072911.102257505 -87072449.733151525
21.602662631754114 87445148.003527462 -87444686.071746975
21.602665610589479 87819547.856094331 -87819085.360092983
21.602668589424848 88196126.559940189 -88195663.498164997
21.602671568260213 88574900.156495616 -88574436.527386934
21.602674547095582 88955884.83011736 -88955420.632108837
21.602677525930947 89339096.909583732 -89338632.141102299
21.602680504766315 89724552.86960797 -89724087.529073775
21.60268348360168 90112269.332369432 -90111803.418195799
21.602686462437049 90502263.069063768 -90501796.579657152
21.602689441272414 90894551.001471847 -90894083.935231835
21.602692420107783 91289150.20354709 -91288682.558866322
21.602695398943148 91686077.90302214 -91685609.678286269
21.602698377778516 92085351.48303549 -92084882.676623151
21.602701356613881 92486988.48377794 -92486519.094060719
21.60270433544925 92891006.604158312 -92890536.629500687
21.602707314284615 93297423.703489855 -93296953.142249152
21.602710293119983 93706257.803197533 -93705786.653723896
21.602713271955349 94117527.088545948 -94117055.349182308
21.602716250790717 94531249.910388216 -94530777.579470202
21.602719229626082 94947444.786936432 -94946971.862792373
21.602722208461451 95366130.405554429 -95365656.886505291
21.602725187296816 95787325.624571696 -95786851.508931041
21.602728166132184 96211049.475120381 -96210574.761194319
21.602731144967549 96637321.162994444 -96636845.849081591
21.602734123802918 97066160.070532113 -97065684.154923558
21.602737102638283 97497585.758521423 -97497109.239500657
21.602740081473652 97931617.968129694 -97931140.843972594
21.602743060309017 98368276.622856647 -98367798.891831398
21.602746039144385 98807581.830511943 -98807103.490879029
21.60274901797975 99249553.885217264 -99249074.935229391
21.602751996815119 99694213.269433513 -99693733.707335562
21.602754975650484 100141580.6560135 -100141100.48004249
21.602757954485853 100591676.91028035 -100591196.11866538
21.602760933321218 101044523.0921317 -101044041.68309395
21.602763912156583 101500140.45817015 -101499658.42992276
21.602766890991951 101958550.46386057 -101958067.81460865
21.602769869827316 102419774.76571481 -102419291.49365531
21.602772848662685 102883835.22350454 -102883351.3268263
21.60277582749805 103350753.90250161 -103350269.37938525
21.602778806333419 103820553.07574613 -103820067.924364
21.602781785168784 104293255.22634411 -104292769.44486026
21.602784764004152 104768883.04979418 -104768396.63636433
21.602787742839517 105247459.45634355 -105246972.40911497
21.602790721674886 105729007.57337406 -105728519.89048558
21.602793700510251 106213550.74781908 -106213062.42740101
21.602796679345619 106701112.54861118 -106700623.58878525
21.602799658180984 107191716.769161 -107191227.16804032
21.602802637016353 107685387.42986798 -107684897.18555699
21.602805615851718 108182148.78066345 -108181657.89125787
21.602808594687087 108682025.30358617 -108681533.7671729
21.602811573522452 109185041.71539173 -109184549.53004886
21.60281455235782 109691222.97019516 -109690730.13399188
21.602817531193185 110200594.26214752 -110200100.77314407
21.602820510028554 110713181.02814755 -110712686.88439515
21.602823488863919 111229008.95058793 -111228514.15012877
21.602826467699288 111748103.96013798 -111747608.50100508
21.602829446534653 112270492.23856221 -112269996.11877947
21.602832425370021 112796200.22157615 -112795703.43915817
21.602835404205386 113325254.60173847 -113324757.15469058
21.602838383040755 113857682.33138174 -113857184.21769992
21.60284136187612 114393510.62558185 -114393011.84325264
21.602844340711489 114932766.96516575 -114932267.51216625
21.602847319546854 115475479.09975924 -115474978.97405699
21.602850298382222 116021675.05087414 -116021174.2504271
21.602853277217587 116571383.11503729 -116570881.63779375
21.602856256052956 117124631.86696002 -117124129.71085854
21.602859234888321 117681450.16275004 -117680947.3257194
21.602862213723689 118241867.14316614 -118241363.62312528
21.602865192559054 118805912.23691572 -118805408.03177367
21.602868171394423 119373615.16399667 -119373110.27165249
21.602871150229788 119945005.93908305 -119944500.35742576
21.602874129065153 120520114.87495592 -120519608.60186443
21.602877107900522 121098972.58598129 -121098465.61932433
21.602880086735887 121681609.99163419 -121681102.32927026
21.602883065571255 122268058.32006983 -122267549.95984714
21.60288604440662 122858349.11174242 -122857840.0514988
21.602889023241989 123452514.22307314 -123452004.46063598
21.602892002077354 124050585.83016759 -124050075.36335377
21.602894980912723 124652596.43258356 -124652085.25919938
21.602897959748088 125258578.85715009 -125258066.97499123
21.602900938583456 125868566.26183785 -125868053.66868925
21.602903917418821 126482592.13968208 -126482078.83331789
21.60290689625419 127100690.32275985 -127100176.30094337
21.602909875089555 127722894.98621999 -127722380.24670358
21.602912853924924 128349240.65236938 -128348725.19289441
21.602915832760289 128979762.19481507 -128979246.01311183
21.602918811595657 129614494.8426622 -129613977.93644984
21.602921790431022 130253474.18477041 -130252956.55175683
21.602924769266391 130896736.17406845 -130896217.8119503
21.602927748101756 131544317.13192829 -131543798.03839079
21.602930726937124 132196253.75259982 -132195733.92531675
21.60293370577249 132852583.10770708 -132852062.54434071
21.602936684607858 133513342.65080652 -133512821.3490075
21.602939663443223 134178570.22200799 -134178048.1794153
21.602942642278592 134848304.05266073 -134847781.26690158
21.602945621113957 135522582.77010494 -135522059.23879465
21.602948599949325 136201445.40248904 -136200921.12323108
21.60295157878469 136884931.38365406 -136884406.35403985
21.602954557620059 137573080.55808669 -137572554.77569556
21.602957536455424 138265933.18594253 -138265406.64834169
21.602960515290793 138963529.94813773 -138963002.65288207
21.602963494126158 139665911.9515149 -139665383.89614701
21.602966472961526 140373120.73408213 -140372591.91613221
21.602969451796891 141085198.27032211 -141084668.6873078
21.60297243063226 141802186.97657961 -141801656.62600598
21.602975409467625 142524129.71652612 -142523598.59588557
21.602978388302994 143251069.80670023 -143250537.91347235
21.602981367138359 143983051.02212751 -143982518.35377908
21.602984345973724 144720117.6020214 -144719584.15600625
21.602987324809092 145462314.25556296 -145461780.02932188
21.602990303644457 146209686.16776523 -146209151.15872589
21.602993282479826 146962279.00542191 -146961743.21099874
21.602996261315191 147720138.92314115 -147719602.34073529
21.60299924015056 148483312.5694671 -148482775.1964663
21.603002218985925 149251847.09308755 -149251308.92686605
21.603005197821293 150025790.14913175 -150025251.18705019
21.603008176656658 150805189.90556112 -150804650.14496648
21.603011155492027 151590095.04965121 -151589554.48787662
21.603014134327392 152380554.79456896 -152380013.42893374
21.60301711316276 153176618.8860451 -153176076.71385458
21.603020091998125 153978337.60914263 -153977794.62768805
21.603023070833494 154785761.79512435 -154785218.00168279
21.603026049668859 155598942.82842228 -155598398.22025651
21.603029028504228 156417932.65370873 -156417387.22806716
21.603032007339593 157242783.78307149 -157242237.53718805
21.603034986174961 158073549.30329403 -158073002.23438805
21.603037965010326 158910282.8832441 -158909734.98852023
21.603040943845695 159753038.78136951 -159752490.05801758
21.60304392268106 160601871.85330737 -160601322.29850236
21.603046901516429 161456837.55960479 -161456287.17050663
21.603049880351794 162317991.97355199 -162317440.74730545
21.603052859187162 163185391.78913707 -163184839.72287178
21.603055838022527 164059094.32911655 -164058541.41994676
21.603058816857896 164939157.55320561 -164938603.79823011
21.603061795693261 165825640.06639183 -165825085.46269384
21.603064774528629 166718601.12737483 -166718045.67202193
21.603067753363995 167618100.65713218 -167617544.34717613
21.603070732199363 168524199.2476131 -168523642.08008978
21.603073711034728 169436958.1705637 -169436400.14249292
21.603076689870097 170356439.38648713 -170355880.4948726
21.603079668705462 171282705.55373785 -171282145.79556701
21.60308264754083 172215820.03775501 -172215259.40999889
21.603085626376195 173155846.92043573 -173155285.42004889
21.603088605211564 174102851.00965074 -174102288.63357112
21.603091584046929 175056897.84890583 -175056334.59405461
21.603094562882294 176018053.72715181 -176017489.59043327
21.603097541717663 176986385.68874365 -176985820.66704515
21.603100520553028 177961961.54355255 -177961395.63374427
21.603103499388396 178944849.87723204 -178944283.07616693
21.603106478223761 179935120.06164449 -179934552.3661581
21.60310945705913 180932842.26545048 -180932273.67236084
21.603112435894495 181938087.46485895 -181937517.97096649
21.603115414729864 182950927.45454541 -182950357.05663273
21.603118393565229 183971434.85873941 -183970863.55357122
21.603121372400597 184999683.14248469 -184999110.92680767
21.603124351235962 186035746.62307495 -186035173.49361756
21.603127330071331 187079700.48166874 -187079126.43514118
21.603130308906696 188131620.77508461 -188131045.80817857
21.603133287742065 189191584.44778278 -189191008.55717137
21.60313626657743 190259669.34403595 -190259092.52637351
21.603139245412798 191335954.22029167 -191335376.47221366
21.603142224248163 192420518.75773007 -192419940.0758529
21.603145203083532 193513443.5750187 -193512863.95593965
21.603148181918897 194614810.24127051 -194614229.68156749
21.603151160754265 195724701.28920704 -195724119.78543854
21.60315413958963 196843200.22853103 -196842617.77723587
21.603157118424999 197970391.55951369 -197969808.15721089
21.603160097260364 199106360.78679982 -199105776.4299885
21.603163076095733 200251194.43343204 -200250609.11859122
21.603166054931098 201404980.05510196 -201404393.77869043
21.603169033766466 202567806.25462919 -202567219.01308531
21.603172012601831 203739762.69667271 -203739174.48641428
21.6031749914372 204920940.12268156 -204920350.94010568
21.603177970272565 206111430.36608881 -206110840.20757169
21.603180949107934 207311326.3677476 -207310735.22964439
21.603183927943299 208520722.19162145 -208520130.07026604
21.603186906778667 209739713.0407306 -209739119.93243554
21.603189885614032 210968395.27335697 -210967801.17441323
21.603192864449401 212206866.4195134 -212206271.32619026
21.603195843284766 213455225.1976856 -213454629.10623038
21.603198822120135 214713571.53184596 -214712974.43848395
21.6032018009555 215982006.56874797 -215981408.46968219
21.603204779790865 217260632.69550693 -217260033.58691797
21.603207758626233 218549553.55747128 -218548953.43551713
21.603210737461598 219848874.07638928 -219848272.93720514
21.603213716296967 221158700.46887583 -221158098.3085739
21.603216695132332 222479140.26518893 -222478537.07985827
21.6032196739677 223810302.32831797 -223809698.11402428
21.603222652803066 225152296.87339142 -225151691.62617683
21.603225631638434 226505235.48740989 -226504629.20329285
21.603228610473799 227869231.1493088 -227868623.82428378
21.603231589309168 229244398.25035837 -229243789.88039577
21.603234568144533 230630852.61490765 -230630243.19595352
21.603237546979901 232028711.52147952 -232028101.0494554
21.603240525815266 233438093.72422123 -233437482.19502395
21.603243504650635 234859119.47471866 -234858506.88422012
21.603246483486 236291910.54418439 -236291296.88823134
21.603249462321369 237736590.2460213 -237735975.52043518
21.603252441156734 239193283.45877081 -239192667.6593475
21.603255419992102 240662116.64945394 -240661499.7719636
21.603258398827467 242143217.89731106 -242142599.93749782
21.603261377662836 243636716.91795158 -243636097.87153339
21.603264356498201 245142745.08792281 -245142124.95059124
21.60326733533357 246661435.4696967 -246660814.23711663
21.603270314168935 248192922.83709139 -248192300.50490087
21.603273293004303 249737343.70113584 -249736720.26494586
21.603276271839668 251294836.33638173 -251294211.79177594
21.603279250675037 252865540.80767015 -252864915.15020466
21.603282229510402 254449598.99736831 -254448972.22257149
21.60328520834577 256047154.63308325 -256046526.73645544
21.603288187181136 257658353.31585902 -257657724.29287228
21.603291166016504 259283342.54887298 -259282712.39497092
21.603294144851869 260922271.76663604 -260921640.4772335
21.603297123687238 262575292.36470655 -262574659.9351894
21.603300102522603 264242557.72993147 -264241924.15565634
21.603303081357971 265924223.27122232 -265923588.54751638
21.603306060193336 267620446.45088068 -267619810.57304132
21.603309039028705 269331386.81647611 -269330749.77977073
21.60331201786407 271057206.03330272 -271056567.83296853
21.603314996699435 272798067.91740102 -272797428.54864466
21.603317975534804 274554138.46918434 -274553497.92718166
21.603320954370169 276325585.90767229 -276324944.18756807
21.603323933205537 278112580.70533359 -278111937.80224133
21.603326912040902 279915295.6235562 -279914651.53255779
21.603329890876271 281733905.74876112 -281733260.46490651
21.603332869711636 283568588.52917594 -283567942.04748297
21.603335848547005 285419523.81227642 -285418876.12773049
21.60333882738237 287286893.88291144 -287286244.99046516
21.603341806217738 289170883.50211811 -289170233.39669114
21.603344785053103 291071679.94664592 -291071028.62312454
21.603347763888472 292989473.04921293 -292988820.50244993
21.603350742723837 294924455.23950142 -294923801.46431553
21.603353721559206 296876821.58590704 -296876166.57708287
21.603356700394571 298846769.83806425 -298846113.59035182
21.603359679229939 300834500.47015911 -300833842.97827363
21.603362658065304 302840216.72504479 -302839557.98366636
21.603365636900673 304864124.65916759 -304863464.66294074
21.603368615736038 306906433.18834889 -306905771.9318825
21.603371594571406 308967354.13441527 -308966691.61228198
21.603374573406771 311047102.27270454 -311046438.47944057
21.60337755224214 313145895.38047159 -313145230.31057644
21.603380531077505 315263954.28618664 -315263287.93412262
21.603383509912874 317401502.9197818 -317400835.2799738
21.603386488748239 319558768.36385214 -319558099.43068725
21.603389467583607 321735980.9058097 -321735310.67363685
21.603392446418972 323933374.0910455 -323932702.55417514
21.603395425254341 326151184.77709931 -326150511.92980301
21.603398404089706 328389653.18886864 -328388979.0253787
21.603401382925075 330649022.97487366 -330648347.48938286
21.60340436176044 332929541.26461095 -332928864.45127219
21.603407340595808 335231458.72698528 -335230780.57991099
21.603410319431173 337555029.62988901 -337554350.14315099
21.603413298266542 339900511.90095377 -339899831.06858271
21.603416277101907 342268167.18944323 -342267485.00542837
21.603419255937276 344658260.92937154 -344657577.38766021
21.603422234772641 347071062.40385514 -347070377.49835241
21.603425213608006 349506844.81071353 -349506158.53528178
21.603428192443374 351965885.32936651 -351965197.67782509
21.603431171278739 354448465.18902808 -354447776.15515286
21.603434150114108 356954869.73825908 -356954179.31578195
21.603437128949473 359485388.51588947 -359484696.69849807
21.603440107784841 362040315.32334399 -362039622.10468119
21.603443086620207 364619948.29839712 -364619253.67206061
21.603446065455575 367224589.99040329 -367223893.94994515
21.60344904429094 369854547.43702596 -369853849.97595215
21.603452023126309 372510132.24250877 -372509433.3542788
21.603455001961674 375191660.65750319 -375190960.33552963
21.603457980797042 377899453.66050398 -377898751.89815199
21.603460959632407 380633837.04092348 -380633133.83151025
21.603463938467776 383395141.48386323 -383394436.82065767
21.603466917303141 386183702.65659124 -386182996.53281337
21.60346989613851 388999861.29676461 -388999153.70558518
21.603472874973875 391843963.30246395 -391843254.23700386
21.603475853809243 394716359.82406604 -394715649.27739602
21.603478832644608 397617407.35798645 -397616695.32312626
21.603481811479977 400547467.84235233 -400546754.31227058
21.603484790315342 403506908.75465715 -403506193.72227055
21.603487769150711 406496103.21139908 -406495386.669572
21.603490747986076 409515430.06982011 -409514712.0113641
21.603493726821444 412565274.03173131 -412564554.44940448
21.603496705656809 415646025.74949813 -415645304.63600469
21.603499684492178 418758081.93425143 -418757359.28224111
21.603502663327543 421901845.46634805 -421901121.26841551
21.603505642162911 425077725.50814611 -425076999.75683051
21.603508620998277 428286137.61914748 -428285410.30693173
21.603511599833645 431527503.87358856 -431526774.99289882
21.60351457866901 434802252.98051214 -434801522.52371728
21.603517557504379 438110820.40637434 -438110088.3657853
21.603520536339744 441453648.50025922 -441452914.86812854
21.603523515175112 444831186.62175602 -444830451.39027697
21.603526494010477 448243891.27157456 -448243154.43288076
21.603529472845842 451692226.22497791 -451691487.7711426
21.603532451681211 455176662.66805476 -455175922.59109026
21.603535430516576 458697679.33694428 -458696937.62880129
21.603538409351945 462255762.66005409 -462255019.312621
21.60354138818731 465851406.90337414 -465850661.90847635
21.603544367022678 469485114.31896651 -469484367.66836596
21.603547345858043 473157395.2966547 -473156646.98204893
21.603550324693412 476868768.51904964 -476868018.53207135
21.603553303528777 480619761.11997068 -480619009.45218694
21.603556282364146 484410908.84632683 -484410155.48923838
21.603559261199511 488242756.22357607 -488242001.16861659
21.603562240034879 492115856.7248556 -492115099.96339101
21.603565218870244 496030772.94384551 -496030014.46717322
21.603568197705613 499988076.77147651 -499987316.57082468
21.603571176540978 503988349.57658738 -503987587.64311421
21.603574155376347 508032182.39061952 -508031418.7154125
21.603577134211712 512120176.0964188 -512119410.6704939
21.60358011304708 516252941.62132126 -516252174.43562216
21.603583091882445 520431100.13457233 -520430331.17996961
21.603586070717814 524655283.24921095 -524654512.51650131
21.603589049553179 528926133.22852516 -528925360.70843059
21.603592028388547 533244303.19723576 -533243528.88040268
21.603595007223912 537610457.35747492 -537609681.23447347
21.603597986059281 542025271.20968974 -542024493.27101278
21.603600964894646 546489431.77864635 -546488652.01470876
21.603603943730015 551003637.84460151 -551002856.2457391
21.60360692256538 555568600.17982173 -555567816.73629045
21.603609901400748 560185041.79061174 -560184256.49258697
21.603612880236113 564853698.16492975 -564852911.00250518
21.603615859071482 569575317.52573776 -569574528.4889245
21.603618837906847 574350661.0903132 -574349870.16903889
21.603621816742216 579180503.33560145 -579179710.51970923
21.603624795577581 584065632.26985371 -584064837.54910147
21.603627774412949 589006849.71060419 -589006053.07466328
21.603630753248314 594004971.56925845 -594004173.00771272
21.603633732083683 599060828.1424818 -599060027.64482701
21.603636710919048 604175264.41040862 -604174461.96605086
21.603639689754413 609349140.34200549 -609348335.94026053
21.603642668589782 614583331.2077843 -614582524.83787644
21.603645647425147 619878727.89997721 -619877919.55103803
21.603648626260515 625236237.26043248 -625235426.92149997
21.60365160509588 630656782.41644323 -630655970.07646084
21.603654583931249 636141303.12467194 -636140488.77248704
21.603657562766614 641690756.1234411 -641689939.74780416
21.603660541601982 647306115.49368846 -647305297.08325171
21.603663520437348 652988373.02864504 -652987552.57196152
21.603666499272716 658738538.61263394 -658737716.09815621
21.603669478108081 664557640.60917485 -664556816.02525377
21.60367245694345 670446726.25867474 -670445899.59355831
21.603675435778815 676406862.08595312 -676406033.32778513
21.603678414614183 682439134.31787801 -682438303.45469689
21.603681393449548 688544649.31151211 -688543816.33124948
21.603684372284917 694724533.99288821 -694723698.88336778
21.603687351120282 700979936.30678892 -700979099.05572522
21.603690329955651 707312025.67783141 -707311186.27282822
21.603693308791016 713721993.48321092 -713721151.91176021
21.603696287626384 720211053.5374037 -720210209.78688395
21.603699266461749 726780442.58915997 -726779596.64683497
21.603702245297118 733431420.83126366 -733430572.68428099
21.603705224132483 740165272.42325628 -740164422.05864584
21.603708202967852 746983306.02762496 -746982453.43229759
21.603711181803217 753886855.35976291 -753886000.520509
21.603714160638585 760877279.75207543 -760876422.65556312
21.60371713947395 767955964.73277736 -767955105.36555123
21.603720118309319 775124322.61976004 -775123460.96823955
21.603723097144684 782383793.12989748 -782382929.18037534
21.603726075980052 789735844.00431526 -789734977.74295568
21.603729054815417 797181971.65004337 -797181103.06288052
21.603732033650786 804723701.79874229 -804722830.87167883
21.603735012486151 812362590.18268192 -812361716.90148711
21.60373799132152 820100223.22864056 -820099347.5789485
21.603740970156885 827938218.77035201 -827937340.73765993
21.603743948992253 835878226.78007042 -835877346.34973705
21.603746927827618 843921930.11960268 -843921047.27684629
21.603749906662983 852071045.31154621 -852070160.04144275
21.603752885498352 860327323.33142412 -860326435.61890554
21.603755864333717 868692550.42129469 -868691660.25114691
21.603758843169086 877168548.92535198 -877167656.28221297
21.603761822004451 885757178.14837658 -885756283.01673448
21.603764800839819 894460335.23775077 -894459437.6019417
21.603767779675184 903279956.08961928 -903279055.93382561
21.603770758510553 912218016.28006089 -912217113.58830893
21.603773737345918 921276532.02200818 -921275626.77816617
21.603776716181287 930457561.1487242 -930456653.33650017
21.603779695016652 939763204.12474227 -939762293.72768188
21.60378267385202 949195605.08503675 -949194692.08652115
21.603785652687385 958756952.90327299 -958756037.28651655
21.603788631522754 968449482.29021013 -968448564.03825808
21.603791610358119 978275474.92316973 -978274554.01889598
21.603794589193487 988237260.60747874 -988236337.03358328
21.603797568028853 998337218.4710176 -998336292.21002436
21.603800546864221 1008577778.1930119 -1008576849.2272662
21.603803525699586 1018961421.2678484 -1018960489.5795145
21.603806504534955 1029490682.3053402 -1029489747.8763987
21.60380948337032 1040168150.3686259 -1040167213.1808711
21.603812462205688 1050996470.3509332 -1050995530.3859707
21.603815441041053 1061978344.3923042 -1061977401.631548
21.603818419876422 1073116533.3376671 -1073115587.7623372
21.603821398711787 1084413858.2377136 -1084412909.8288326
21.603824377547156 1095873201.8940761 -1095872250.6324673
21.603827356382521 1107497510.4501526 -1107496556.3164365
21.603830335217889 1119289795.0286946 -1119288838.0032861
21.603833314053254 1131253133.4186397 -1131252173.481745
21.603836292888623 1143390671.8121991 -1143389708.9438131
21.603839271723988 1155705626.5942802 -1155704660.7741828
21.603842250559357 1168201286.1855187 -1168200317.3932724
21.603845229394722 1180881012.9409909 -1180880041.1559372
21.60384820823009 1193748245.1065822 -1193747270.307838
21.603851187065455 1206806498.8351583 -1206805521.0016134
21.603854165900824 1220059370.2645845 -1220058389.3748975
21.603857144736189 1233510537.6591389 -1233509553.6917341
21.603860123571554 1247163763.616967 -1247162776.5500307
21.603863102406923 1261022897.3461027 -1261021907.1575801
21.603866081242288 1275091877.0112309 -1275090883.6788218
21.603869060077656 1289374732.1536462 -1289373735.6548016
21.603872038913021 1303875586.1868539 -1303874586.4987724
21.60387501774839 1318598658.9709198 -1318597656.0705435
21.603877996583755 1333548269.4678056 -1333547263.3318162
21.603880975419123 1348728838.4812336 -1348727829.0860484
21.603883954254488 1364144891.4835849 -1364143878.8053529
21.603886933089857 1379801061.5331814 -1379800045.5477788
21.603889911925222 1395702092.285408 -1395701072.9684341
21.603892890760591 1411852841.1010196 -1411851818.4277925
21.603895869595956 1428258282.2545424 -1428257256.2000947
21.603898848431324 1444923510.2473006 -1444922480.7863748
21.603901827266689 1461853743.2283812 -1461852710.3354249
21.603904806102058 1479054326.5281177 -1479053290.1772792
21.603907784937423 1496530736.307447 -1496529696.4725707
21.603910763772792 1514288583.3280666 -1514287539.9826875
21.603913742608157 1532333616.8478861 -1532332569.9652252
21.603916721443525 1550671728.6461322 -1550670678.1990914
21.60391970027889 1569308957.1832948 -1569307903.1444519
21.603922679114259 1588251491.9008477 -1588250434.2424507
21.603925657949624 1607505677.6662378 -1607504616.3601997
21.603928636784993 1627078019.3689206 -1627076954.3868139
21.603931615620358 1646975186.6726332 -1646974117.9856844
21.603934594455726 1667204018.9304395 -1667202946.5095232
21.603937573291091 1687771530.2683411 -1687770454.0839741
21.60394055212646 1708684914.8446913 -1708683834.8670268
21.603943530961825 1729951552.2919831 -1729950468.4908044
21.603946509797193 1751579013.3479972 -1751577925.6927114
21.603949488632558 1773575065.6838465 -1773573974.1434782
21.603952467467927 1795947679.937578 -1795946584.480763
21.603955446303292 1818705035.9595139 -1818703936.5544922
21.603958425138661 1841855529.279835 -1841854425.8944442
21.603961403974026 1865407777.8062618 -1865406670.4079301
21.603964382809394 1889370628.7619438 -1889369517.317683
21.603967361644759 1913753165.8719771 -1913752050.3483748
21.603970340480124 1938564716.8101299 -1938563597.1733432
21.603973319315493 1963814860.9153152 -1963813737.131062
21.603976298150858 1989513437.1889858 -1989512309.2225375
21.603979276986227 2015670552.5865517 -2015669420.4027252
21.603982255821592 2042296590.6134584 -2042295454.1766081
21.60398523465696 2069402220.23859 -2069401079.5125995
21.603988213492325 2096998405.1390908 -2096997260.0873642
21.603991192327694 2125096413.2902286 -2125095263.8756821
21.603994171163059 2153707826.9152951 -2153706673.100348
21.603997149998428 2182844552.8098168 -2182843394.5563822
21.604000128833793 2212518833.0575433 -2212517670.3270192
21.604003107669161 2242743256.1534824 -2242742088.9067421
21.604006086504526 2273530768.5530396 -2273529596.750422
21.604009065339895 2304894686.6631351 -2304893510.2644343
21.60401204417526 2336848709.2982163 -2336847528.2626719
21.604015023010628 2369406930.6203709 -2369405744.9066572
21.604018001845994 2402583853.583127 -2402582663.149343
21.604020980681362 2436394403.9011769 -2436393208.7048345
21.604023959516727 2470853944.5720644 -2470852744.5700774
21.604026938352096 2505978290.9724321 -2505977086.1211057
21.604029917187461 2541783726.554184 -2541782516.8092012
21.604032896022829 2578287019.1702361 -2578285804.4866471
21.604035874858194 2615505438.0574431 -2615504218.3896532
21.604038853693563 2653456771.502811 -2653455546.8045669
21.604041832528928 2692159345.2276783 -2692158115.4520555
21.604044811364297 2731632041.5262904 -2731630806.6256795
21.604047790199662 2771894319.1892343 -2771893079.1153278
21.60405076903503 2812966234.2479448 -2812964988.9517241
21.604053747870395 2854868461.578804 -2854867211.0105233
21.604056726705764 2897622317.4116611 -2897621061.520834
21.604059705541129 2941249782.7798314 -2941248521.5152154
21.604062684376498 2985773527.9587874 -2985772261.2683687
21.604065663211863 3031216937.9425049 -3031215665.7734818
21.604068642047231 3077604139.0056973 -3077602861.3044648
21.604071620882596 3124960026.4044018 -3124958743.1165342
21.604074599717965 3173310293.271543 -3173309004.3417778
21.60407757855333 3222681460.7612658 -3222680166.1334844
21.604080557388695 3273100909.5110884 -3273099609.1282997
21.604083536224064 3324596912.4820876 -3324595606.2864089
21.604086515059429 3377198669.244853 -3377197357.1774907
21.604089493894797 3430936341.7848635 -3430935023.7860937
21.604092472730162 3485841091.906486 -3485839767.9156346
21.604095451565531 3541945120.3132038 -3541943790.2686262
21.604098430400896 3599281707.4471946 -3599280371.2862535
21.604101409236264 3657885256.1834545 -3657883913.8424983
21.604104388071629 3717791336.4738045 -3717789987.8881459
21.604107366906998 3779036732.0368681 -3779035377.1407599
21.604110345742363 3841659489.2038579 -3841658127.93047
21.604113324577732 3905698968.0334764 -3905697600.3148708
21.604116303413097 3971195895.8138785 -3971194521.5809851
21.604119282248465 4038192423.0783153 -4038191042.2609053
21.60412226108383 4106732182.2711177 -4106730794.7977786
21.604125239919199 4176860349.1990929 -4176858954.9971991
21.604128218754564 4248623707.4302979 -4248622306.4259839
21.604131197589933 4322070715.7920828 -4322069307.9102135
21.604134176425298 4397251579.1398468 -4397250164.3039885
21.604137155260666 4474218322.5765152 -4474216900.7089043
21.604140134096031 4553024869.3131342 -4553023440.3346472
21.6041431129314 4633727122.3715286 -4633725686.2016478
21.604146091766765 4716383050.3439608 -4716381606.9007397
21.604149070602134 4801052777.4544878 -4801051326.65452
21.604152049437499 4887798678.1461887 -4887797219.9045696
21.604155028272867 4976685476.4530468 -4976684010.6833382
21.604158007108232 5067780350.4483595 -5067778877.0625505
21.604160985943601 5161153042.049283 -5161151560.9577522
21.604163964778966 5256875972.4918022 -5256874483.6032772
21.604166943614334 5355024363.8182878 -5355022867.0398026
21.604169922449699 5455676366.7219887 -5455674861.9588413
21.604172901285068 5558913195.1339712 -5558911682.2896805
21.604175880120433 5664819267.9448462 -5664817746.9211044
21.604178858955802 5773482358.3103113 -5773480829.0069389
21.604181837791167 5884993750.9807634 -5884992213.2956581
21.604184816626535 5999448408.1512794 -5999446861.9803677
21.6041877954619 6116945144.3647947 -6116943589.6019783
21.604190774297265 6237586811.0292292 -6237585247.5663309
21.604193753132634 6361480491.1487665 -6361478918.8754778
21.604196731967999 6488737704.8863974 -6488736123.690217
21.604199710803368 6619474626.6702423 -6619473036.4364185
21.604202689638733 6753812314.5912838 -6753810715.202754
21.604205668474101 6891876952.8421793 -6891875344.1795034
21.604208647309466 7033800108.0638494 -7033798490.005147
21.604211626144835 7179719000.5268049 -7179717372.9476843
21.6042146049802 7329776791.0860577 -7329775153.8595476
21.604217583815569 7484122884.9638243 -7484121237.9602985
21.604220562650934 7642913253.5001535 -7642911596.5872574
21.604223541486302 7806310775.0482531 -7806309108.0908232
21.604226520321667 7974485596.3316402 -7974483919.1916237
21.604229499157036 8147615515.6743164 -8147613828.2106857
21.604232477992401 8325886389.5561113 -8325884691.6247768
21.604235456827769 8509492564.1729107 -8509490855.6266298
21.604238435663135 8698637333.6992607 -8698635614.3875446
21.604241414498503 8893533427.1560497 -8893531696.9250641
21.604244393333868 9094403525.9149723 -9094401784.6074371
21.604247372169237 9301480814.0125771 -9301479061.4676571
21.604250351004602 9515009563.6560745 -9515007799.7092743
21.60425332983997 9735245758.5124302 -9735243982.9954758
21.604256308675335 9962457757.5127144 -9962455970.2534389
21.604259287510704 10196927002.120575 -10196925202.942793
21.604262266346069 10438948770.397961 -10438946959.12134
21.604265245181438 10688832981.361069 -10688831157.800997
21.604268224016803 10946905053.423201 -10946903217.390642
21.604271202852171 11213506821.114107 -11213504972.415466
21.604274181687536 11488997514.502487 -11488995652.939453
21.604277160522905 11773754806.158985 -11773752931.528374
21.60428013935827 12068175931.143188 -12068174043.23678
21.604283118193639 12372678885.693043 -12372676984.297409
21.604286097029004 12687703710.975111 -12687701795.871439
21.604289075864372 13013713868.611435 -13013711939.57534
21.604292054699737 13351197715.642227 -13351195772.44356
21.604295033535106 13700670087.026583 -13700668129.429222
21.604298012370471 14062673994.625269 -14062672022.386917
21.604300991205836 14437782452.377869 -14437780465.249823
21.604303970041205 14826600438.368603 -14826598436.095526
21.60430694887657 15229767005.633726 -15229764987.953405
21.604309927711938 15647957554.296869 -15647955520.93996
21.604312906547303 16081886279.262846 -16081884229.952608
21.604315885382672 16532308808.978121 -16532306743.43014
21.604318864218037 17000025051.939302 -17000022969.861197
21.604321843053405 17485882269.858513 -17485880170.949627
21.60432482188877 17990778398.109032 -17990776282.06012
21.604327800724139 18515665636.083984 -18515663502.57687
21.604330779559504 19061554332.102833 -19061552180.810055
21.604333758394873 19629517190.931488 -19629515021.51593
21.604336737230238 20220693834.363426 -20220691646.477928
21.604339716065606 20836295748.426022 -20836293541.712967
21.604342694900971 21477611654.709873 -21477609428.800755
21.60434567373634 22146013347.488461 -22146011102.003429
21.604348652571705 22842962042.382595 -22842959776.929981
21.604351631407074 23570015287.746662 -23570013001.922474
21.604354610242439 24328834495.802589 -24328832189.189964
21.604357589077807 25121193157.5285 -25121190829.697163
21.604360567913172 25948985810.999985 -25948983461.505642
21.604363546748541 26814237842.982994 -26814235471.366711
21.604366525583906 27719116211.812447 -27719113817.599983
21.604369504419275 28665941190.226643 -28665938772.927753
21.60437248325464 29657199239.849262 -29657196798.956959
21.604375462090008 30695557140.418625 -30695554675.408379
21.604378440925373 31783877515.085148 -31783875025.41407
