# serie phase 2 p7_w2.27_c1.20_dt2_k2 : t x1 x2 (dt2=1.1198441119223875e-05, depart t=9.5099999999999998 etat bascule x1 x2 v1 v2 = 1588.7572222103768 -1563.7228956229496 58645.041828169771 -58377.784326780384)
9.5803262102287263 4260168.9390186314 -4259928.6522897929
9.5803374086698447 4290517.7058680085 -4290276.9312783778
9.5803486071109649 4321160.6460354421 -4320919.381350683
9.5803598055520833 4352101.3706058934 -4351859.6135757109
9.5803710039932035 4383343.5443638498 -4383101.292721835
9.5803822024343219 4414890.8867319673 -4414648.138195442
9.5803934008754421 4446747.1727285739 -4446503.9249984296
9.5804045993165605 4478916.2339444729 -4478672.4847050095
9.5804157977576807 4511401.9595394898 -4511157.7064582547
9.5804269961987991 4544208.2972592041 -4543963.537986828
9.5804381946399193 4577339.2544723209 -4577093.9866423476
9.5804493930810377 4610798.8992291763 -4610553.1204578951
9.5804605915221579 4644591.3613418629 -4644345.0692281388
9.5804717899632763 4678720.8334864555 -4678474.0256115543
9.5804829884043947 4713191.572327855 -4712944.2462552683
9.5804941868455149 4748007.899667793 -4747760.0529430592
9.5805053852866333 4783174.2036165232 -4782925.833767049
9.5805165837277535 4818694.9397887494 -4818446.0443236288
9.5805277821688719 4854574.6325243553 -4854325.2089341814
9.5805389806099921 4890817.8761345251 -4890567.9218912069
9.5805501790511105 4927429.3361738566 -4927178.8487304272
9.5805613774922307 4964413.7507390706 -4964162.7275294969
9.5805725759333491 5001775.9317949461 -5001524.3702339325
9.5805837743744693 5039520.7665281314 -5039268.6640109252
9.5805949728155877 5077653.2187295072 -5077400.5726316981
9.5806061712567061 5116178.3302057451 -5115925.1378830643
9.5806173696978263 5155101.2222207962 -5154847.4810089115
9.5806285681389447 5194427.096968011 -5194172.804182319
9.5806397665800649 5234161.2390736341 -5233906.3920090506
9.5806509650211833 5274309.0171324192 -5274053.6130631668
9.5806621634623035 5314875.8852761481 -5314619.9214555416
9.5806733619034219 5355867.3847758519 -5355610.8584360788
9.5806845603445421 5397289.1456785537 -5397032.0540304538
9.5806957587856605 5439146.8884793743 -5438889.2287122151
9.5807069572267807 5481446.4258298576 -5481188.1951111061
9.5807181556678991 5524193.6642834162 -5523934.8597585121
9.5807293541090193 5567394.6060788138 -5567135.2248709332
9.5807405525501377 5611055.3509625848 -5610795.3901724052
9.5807517509912561 5655182.0980513999 -5654921.5547568602
9.5807629494323763 5699781.1477353461 -5699520.0189914051
9.5807741478734947 5744858.9036231348 -5744597.1864615241
9.5807853463146149 5790421.8745302875 -5790159.5659592627
9.5807965447557333 5836476.6765113734 -5836213.7735154619
9.5808077431968535 5883030.0349374097 -5882766.5344771529
9.5808189416379719 5930088.7866195496 -5929824.6856312454
9.5808301400790921 5977659.8819802357 -5977395.1773756724
9.5808413385202105 6025750.3872730089 -6025485.0759392017
9.5808525369613307 6074367.4868522091 -6074101.5656511271
9.5808637354024491 6123518.4854938434 -6123251.951262136
9.5808749338435675 6173210.8107689237 -6172943.6603176426
9.5808861322846877 6223452.0154706193 -6223184.2455849377
9.5808973307258061 6274249.7800965765 -6273981.3875355022
9.5809085291669263 6325611.9153878568 -6325342.8968839422
9.5809197276080447 6377546.3649259498 -6377276.717184999
9.5809309260491649 6430061.2077893615 -6429790.9274901301
9.5809421244902833 6483164.6612713253 -6482893.7450652206
9.5809533229314034 6536865.0836602179 -6536593.5281709908
9.5809645213725219 6591170.97708432 -6590898.7789077545
9.580975719813642 6646090.9904226242 -6645818.1461262219
9.5809869182547605 6701633.9222833971 -6701360.4284060579
9.5809981166958806 6757808.7240523007 -6757534.5771039985
9.581009315136999 6814624.5030119028 -6814349.699473355
9.5810205135781175 6872090.5255344687 -6871815.0618568035
9.5810317120192376 6930216.2203500001 -6929940.0929544186
9.5810429104603561 6989011.1818914879 -6988734.3871689187
9.5810541089014762 7048485.1737194816 -7048207.7080302332
9.5810653073425947 7108648.1320280908 -7108369.9917014996
9.5810765057837148 7169510.1692345999 -7169231.350568668
9.5810877042248332 7231081.5776549652 -7230802.076915998
9.5810989026659534 7293372.8332675248 -7293092.6466897624
9.5811101011070718 7356394.5995672988 -7356113.7233525403
9.581121299548192 7420157.7315133559 -7419876.161830578
9.5811324979893104 7484673.2795718051 -7484391.0125567783
9.5811436964304288 7549952.4938569963 -7549669.5256118905
9.581154894871549 7616006.8283736678 -7615723.154966657
9.5811660933126674 7682847.9453628119 -7682563.5628276691
9.5811772917537876 7750487.7197541166 -7750202.6240898035
9.581188490194906 7818938.2437279653 -7818652.4308982175
9.5811996886360262 7888211.831390026 -7887925.2973229308
9.5812108870771446 7958321.0235615866 -7958033.7641491527
9.5812220855182648 8029278.592688866 -8028990.6037865905
9.5812332839593832 8101097.547874664 -8100808.8253010893
9.5812444824005034 8173791.1400357876 -8173501.6795720542
9.5812556808416218 8247372.8671898022 -8247082.6645791903
9.581266879282742 8321856.4798748046 -8321565.5308222733
9.5812780777238604 8397255.9867060147 -8396964.2868777327
9.5812892761649788 8473585.6600730382 -8473293.2050959077
9.581300474606099 8550860.0419818647 -8550566.8274430353
9.5813116730472174 8629093.9500457793 -8628799.9714921545
9.5813228714883376 8708302.4836294875 -8708007.736567229
9.581334069929456 8788501.0301508326 -8788205.5100448485
9.5813452683705762 8869705.2715447545 -8869408.9738181867
9.5813564668116946 8951931.1908941772 -8951634.1109278761
9.5813676652528148 9035195.0792326983 -9034897.2123646922
9.5813788636939332 9119513.5425241068 -9119214.8840490598
9.5813900621350534 9204903.5088240001 -9204604.0539926644
9.5814012605761718 9291382.2356288265 -9291081.9796474837
9.5814124590172902 9378967.3174178749 -9378666.2554477658
9.5814236574584104 9467676.6933940165 -9467374.8205507696
9.5814348558995288 9557528.6554291435 -9557225.966782188
9.581446054340649 9648541.8562203106 -9648238.3467922807
9.5814572527817674 9740735.3176630028 -9740430.9824291337
9.5814684512228876 9834128.4394480493 -9833823.2733355612
9.581479649664006 9928741.0078889467 -9928435.0057764221
9.5814908481051262 10024593.2049866 -10024286.361703347
9.5815020465462446 10121705.617738666 -10121397.928064073
9.5815132449873648 10220099.247701008 -10219790.706363885
9.5815244434284832 10319795.520809013 -10319486.12248693
9.5815356418696034 10420816.297466706 -10420506.03678531
9.5815468403107218 10523183.882911945 -10522872.754444269
9.5815580387518402 10626921.037866315 -10626609.036132084
9.5815692371929604 10732050.989478454 -10731738.108943364
9.5815804356340788 10838597.442570066 -10838283.677645061
9.581591634075199 10946584.591194101 -10946269.936234636
9.5816028325163174 11056037.130514834 -11055721.579820124
9.5816140309574376 11166980.26902009 -11166663.816832349
9.581625229398556 11279439.741076009 -11279122.381579671
9.5816364278396762 11393441.819835324 -11393123.547156254
9.5816476262807946 11509013.330510398 -11508694.138715088
9.5816588247219148 11626181.664022744 -11625861.547117498
9.5816700231630332 11744974.791041005 -11744653.742971104
9.5816812216041516 11865421.276420023 -11865099.29106888
9.5816924200452718 11987550.294053894 -11987227.365242196
9.5817036184863902 12111391.642156422 -12111067.763641249
9.5817148169275104 12236975.758983091 -12236650.924457029
9.5817260153686288 12364333.739008781 -12364007.942099009
9.581737213809749 12493497.34957624 -12493170.583843611
9.5817484122508674 12624499.048030963 -12624171.30696906
9.5817596106919876 12757371.999358391 -12757043.27639257
9.581770809133106 12892150.094340254 -12891820.382826673
9.5817820075742262 13028867.968247237 -13028537.26147186
9.5817932060153446 13167561.020085897 -13167229.311263487
9.5818044044564648 13308265.432418691 -13307932.714691775
9.5818156028975832 13451018.191776153 -13450684.458213983
9.5818268013387016 13595857.109681373 -13595522.353278855
9.5818379997798218 13742820.844307521 -13742485.057984129
9.5818491982209402 13891948.922790088 -13891612.099388752
9.5818603966620604 14043281.764216291 -14042943.896502281
9.5818715951031788 14196860.703314856 -14196521.783974625
9.5818827935442989 14352728.014870228 -14352388.036510246
9.5818939919854174 14510926.938886514 -14510585.894032072
9.5819051904265375 14671501.706527121 -14671159.587621123
9.581916388867656 14834497.566857219 -14834154.36625894
9.5819275873087761 14999960.814417027 -14999616.524400853
9.5819387857498945 15167938.817655427 -15167593.430409569
9.581949984191013 15338480.048254162 -15338133.555879349
9.5819611826321331 15511634.111374104 -15511286.505882246
9.5819723810732516 15687451.776856612 -15687103.05016944
9.5819835795143717 15865985.011414098 -15865635.155361775
9.5819947779554902 16047287.011845266 -16046936.018164979
9.5820059763966103 16231412.239312008 -16231060.099646516
9.5820171748377287 16418416.454716459 -16418063.160612632
9.5820283732788489 16608356.755218165 -16608002.298125478
9.5820395717199673 16801291.611932859 -16800935.983201861
9.5820507701610875 16997280.908856589 -16996924.099737357
9.5820619686022059 17196385.98305966 -17196027.984700195
9.5820731670433261 17398669.666197781 -17398310.46964239
9.5820843654844445 17604196.327389371 -17603835.923577007
9.5820955639255629 17813031.917509761 -17812670.297272339
9.5821067623666831 18025244.014955465 -18024881.169016141
9.5821179608078015 18240901.872933451 -18240537.791904856
9.5821291592489217 18460076.468333609 -18459711.142716058
9.5821403576900401 18682840.552243952 -18682473.972423613
9.5821515561311603 18909268.702171236 -18908900.858418263
9.5821627545722787 19139437.376032509 -19139068.258499131
9.5821739530133989 19373424.967985194 -19373054.566703763
9.5821851514545173 19611311.866167109 -19610940.171048116
9.5821963498956375 19853180.512420207 -19852807.51325025
9.5822075483367559 20099115.464075178 -20098741.15051489
9.5822187467778743 20349203.457877588 -20348827.819459513
9.5822299452189945 20603533.476140067 -20603156.502266508
9.5822411436601129 20862196.815207578 -20861818.495148379
9.5822523421012331 21125287.156327944 -21124907.479218233
9.5822635405423515 21392900.639023595 -21392519.593861479
9.5822747389834717 21665135.937064327 -21664753.512708545
9.5822859374245901 21942094.337145381 -21941710.522312883
9.5822971358657103 22223879.820380088 -22223494.603643589
9.5823083343068287 22510599.146721531 -22510212.516506985
9.5823195327479489 22802361.942432195 -22801973.887016229
9.5823307311890673 23099280.790726751 -23098891.298234042
9.5823419296301875 23401471.325718105 -23401080.384118691
9.5823531280713059 23709052.329802878 -23708659.926909413
9.5823643265124243 24022145.834629849 -24021751.958094794
9.5823755249535445 24340877.225800116 -24340481.863112878
9.5823867233946629 24665375.351455446 -24664978.489939429
9.5823979218357831 24995772.634918492 -24995374.261728093
9.5824091202769015 25332205.191557027 -25331805.293674577
9.5824203187180217 25674812.950050615 -25674411.514283221
9.5824315171591401 26023739.77824818 -26023336.791224521
9.5824427156002603 26379133.613813788 -26378729.061980817
9.5824539140413787 26741146.599866726 -26740740.4694863
9.5824651124824989 27109935.22583295 -27109527.502978392
9.5824763109236173 27485660.473733887 -27485251.144286446
9.5824875093647357 27868487.9701517 -27868077.019796945
9.5824987078058559 28258588.14412022 -28258175.558344338
9.5825099062469743 28656136.391203456 -28655722.155289464
9.5825211046880945 29061313.244037189 -29060897.34306106
9.5825323031292129 29474304.549621414 -29473886.968448095
9.5825435015703331 29895301.653667394 -29894882.376946744
9.5825547000114515 30324501.592317387 -30324080.604480006
9.5825658984525717 30762107.291571129 -30761684.57682408
9.5825770968936901 31208327.77477115 -31207903.317093588
9.5825882953348103 31663378.378515836 -31662952.161654517
9.5825994937759287 32127480.977388028 -32127052.984852716
9.5826106922170489 32600864.217907839 -32600434.432966582
9.5826218906581673 33083763.762139197 -33083332.167813502
9.5826330890992857 33576422.541402087 -33575989.120461956
9.5826442875404059 34079091.020565353 -34078655.755524203
9.5826554859815243 34592027.473420687 -34591590.346530147
9.5826666844226445 35115498.269665048 -35115059.262909591
9.5826778828637629 35649778.174046554 -35649337.269138031
9.5826890813048831 36195150.658258766 -36194707.836630762
9.5827002797460015 36751908.226199374 -36751463.469001435
9.5827114781871217 37320352.75324329 -37319906.041334994
9.5827226766282401 37900795.840215042 -37900347.154159918
9.5827338750693603 38493559.182781719 -38493108.502840981
9.5827450735104787 39098974.957031652 -39098522.2631578
9.5827562719515971 39717386.222040705 -39716931.493870929
9.5827674703927173 40349147.340276435 -40348690.557125837
9.5827786688338357 40994624.416736826 -40994165.557591476
9.5827898672749559 41654195.757772334 -41653734.80128213
9.5828010657160743 42328252.3505885 -42327789.275059827
9.5828122641571944 43017198.364489585 -43016733.147877768
9.5828234625983129 43721451.674981311 -43720984.294882849
9.582834661039433 44441444.411918454 -44440974.845563062
9.5828458594805515 45177623.532946229 -45177151.757188641
9.5828570579216716 45930451.423558019 -45929977.414869547
9.58286825636279 46700406.525176473 -46699930.259636335
9.5828794548039102 47487983.992741145 -47487505.446027562
9.5828906532450286 48293696.383375399 -48293215.530756399
9.5829018516861471 49118074.377799831 -49117591.194123812
9.5829130501272672 49961667.53626065 -49961181.995946653
9.5829242485683857 50825045.090848304 -50824557.167876013
9.5829354470095058 51708796.77619227 -51708306.444091693
9.5829466454506242 52613533.70064646 -52613040.932487331
9.5829578438917444 53539889.260201789 -53539394.02858264
9.5829690423328628 54488520.097504675 -54488022.374541566
9.582980240773983 55460107.108512148 -55459606.865827069
9.5829914392151014 56455356.499471165 -56454853.708180077
9.5830026376562216 57475000.897074223 -57474495.527774736
9.58301383609734 58519800.514833033 -58519292.537591703
9.5830250345384584 59590544.378900334 -59590033.763239555
9.5830362329795786 60688051.616783477 -60687538.331667975
9.583047431420697 61813172.812609822 -61812656.826432705
9.5830586298618172 62966791.432852834 -62966272.713421233
9.5830698283029356 64149825.326674797 -64149303.841194987
9.5830810267440558 65363228.305324167 -65362704.020386279
9.5830922251851742 66607991.805321477 -66607464.686883658
9.5831034236262944 67885146.640477136 -67884616.653849229
9.5831146220674128 69195764.848133698 -69195231.957960367
9.583125820508533 70540961.635389119 -70540425.805632412
9.5831370189496514 71921897.431456149 -71921358.625377506
9.5831482173907716 73339780.052723572 -73339238.23286517
9.58315941583189 74795866.987569124 -74795322.115734681
9.5831706142730084 76291467.808431625 -76290919.845666498
9.5831818127141286 77827946.719195828 -77827395.625766397
9.583193011155247 79406725.246530667 -79406170.981903061
9.5832042095963672 81029285.08442463 -81028727.607242703
9.5832154080374856 82697171.101819947 -82696610.369882479
9.5832266064786058 84411994.523967043 -84411430.494204104
9.5832378049197242 86175436.29892461 -86174868.927373126
9.5832490033608444 87989250.661448702 -87988679.903227136
9.5832602018019628 89855268.907406077 -89854694.716688186
9.583271400243083 91775403.392875612 -91774825.722863257
9.5832825986842014 93751651.773126289 -93751070.576021269
9.5832937971253198 95786101.497830525 -95785516.72480531
9.58330499556644 97880934.580146328 -97880346.181313783
9.5833161940075584 100038432.65860458 -100037840.58298649
9.5833273924486786 102260982.37227257 -102260386.56776699
9.583338590889797 104551081.07123962 -104550481.48458704
9.5833497893309172 106911342.88620523 -106910739.46295331
9.5833609877720356 109344505.18285482 -109343897.86732194
9.5833721862131558 111853435.42877908 -111852824.16401629
9.5833833846542742 114441138.50291239 -114440523.23066399
9.5833945830953944 117110764.47995546 -117110145.14061794
9.5834057815365128 119865616.92489202 -119864993.4574714
9.583416979977633 122709161.73560396 -122708534.07767141
9.5834281784187514 125645036.57482181 -125644404.66246745
9.5834393768598698 128677060.93610847 -128676424.70389326
9.58345057530099 131809246.89234121 -131808606.27324687
9.5834617737421084 135045810.5794003 -135045165.50477716
9.5834729721832286 138391184.47228348 -138390534.87179607
9.583484170624347 141850030.51590851 -141849376.31747892
9.5834953690654672 145427254.17827821 -145426595.308027
9.5835065675065856 149128019.49982548 -149127355.88200992
9.5835177659477058 152957765.21935561 -152957096.77630547
9.5835289643888242 156922222.06421521 -156921548.71626547
9.5835401628299444 161027431.30043828 -161026752.965859
9.5835513612710628 165279764.64742804 -165279081.242351
9.5835625597121812 169685945.67151275 -169685257.10985491
9.5835737581533014 174253072.78342554 -174252378.97680879
9.5835849565944198 178988643.97671166 -178987944.83437905
9.58359615503554 183900583.45724708 -183899878.88597506
9.5836073534766584 188997270.32847682 -188996560.23248339
9.5836185519177786 194287569.51327676 -194286853.79412517
9.583629750358897 199780865.11120605 -199780143.66770402
9.5836409488000172 205487096.4096677 -205486369.13776162
9.5836521472411356 211416796.78965679 -211416063.58232084
9.5836633456822558 217581135.79138082 -217580396.53850055
9.5836745441233742 223991964.63231438 -223991219.22056445
9.5836857425644943 230661865.50070158 -230661113.81341738
9.5836969410056128 237604204.98169467 -237603446.89873737
9.5837081394467312 244833192.01124626 -244832427.40886089
9.5837193378878514 252363940.79525647 -252363169.54592258
9.5837305363289698 260212539.17942214 -260211761.15169662
9.5837417347700899 268396123.00840563 -268395338.06675714
9.5837529332112084 276932957.07300353 -276932165.07763797
9.5837641316523285 285842523.31134099 -285841724.11801744
9.583775330093447 295145617.00609678 -295144810.46593344
9.5837865285345671 304864451.80518001 -304863637.76444906
9.5837977269756855 315022774.48956376 -315021952.78947484
9.5838089254168057 325645990.5214113 -325645160.9978826
9.5838201238579241 336761301.52871698 -336760464.01213294
9.5838313222990426 348397856.02271348 -348397010.33766854
9.5838425207401627 360586914.80262709 -360586060.767654
9.5838537191812811 373362032.68339556 -373361170.11067772
9.5838649176224013 386759258.38637543 -386758387.08144134
9.5838761160635197 400817354.66802096 -400816474.42942035
9.5838873145046399 415578041.02845562 -415577151.64741498
9.5838985129457583 431086261.64764023 -431085362.90769684
9.5839097113868785 447390481.54771477 -447389573.22432727
9.5839209098279969 464543014.38170016 -464542096.24183369
9.5839321082691171 482600385.71213841 -482599457.51382279
9.5839433067102355 501623736.17506081 -501622797.66691899
9.5839545051513557 521679269.54063326 -521678320.46137804
9.5839657035924741 542838751.39328218 -542837791.47117841
9.5839769020335925 565180064.97675395 -565179093.92904353
9.5839881004747127 588787831.70697379 -588786849.23925948
9.5839992989158311 613754104.97007072 -613753110.7756567
9.5840104973569513 640179147.12053311 -640178140.87971687
9.5840216957980697 668172301.10936081 -668171282.48867309
9.5840328942391899 697852969.95314455 -697851938.60453224
9.5840440926803083 729351719.33715713 -729350674.89710391
9.5840552911214285 762811521.10219038 -762810463.19076931
9.5840664895625469 798389158.26352131 -798388086.48337305
9.5840776880036671 836256815.63314927 -836255729.56837833
9.5840888864447855 876603884.1835444 -876602783.39852583
9.5841000848859039 919639012.12253559 -919637896.16062284
9.5841112833270241 965592441.41684353 -965591309.79896772
9.5841224817681425 1014718675.3903325 -1014717527.6134812
9.5841336802092627 1067299531.3044987 -1067298366.8400627
9.5841448786503811 1123647641.77984 -1123646460.0718129
9.5841560770915013 1184110480.9406803 -1184109281.4036946
9.5841672755326197 1249075005.7328634 -1249073787.7500465
9.5841784739737399 1318973020.5729311 -1318971783.4935582
9.5841896724148583 1394287395.0951762 -1394286138.2320993
9.5842008708559785 1475559291.2286663 -1475558013.8554902
9.5842120692970969 1563396588.3702049 -1563395289.7181828
9.5842232677382171 1658483735.5725594 -1658482414.8271689
9.5842344661793355 1761593309.4861298 -1761591965.7832949
9.5842456646204539 1873599618.7677555 -1873598251.1896634
9.5842568630615741 1995494773.2142951 -1995493380.7847574
9.5842680615026925 2128407733.3821282 -2128406315.0614254
9.5842792599438127 2273626979.4822493 -2273625534.161386
9.5842904583849311 2432627594.6257696 -2432626121.1200571
9.5843016568260513 2607103757.0012183 -2607102254.043088
9.5843128552671697 2799007891.6444802 -2799006357.8754125
9.5843240537082899 3010598063.0273476 -3010596496.9887829
9.5843352521494083 3244495619.5722356 -3244494019.6953063
9.5843464505905285 3503755663.0166383 -3503754027.6105313
9.5843576490316469 3791953655.9723129 -3791951983.21104
9.5843688474727653 4113292462.6660285 -4113290750.573328
9.5843800459138855 4472735430.5756435 -4472733677.0076876
9.5843912443550039 4876172889.3663406 -4876171091.9918518
9.5844024427961241 5330631847.4175549 -5330630003.6948442
9.5844136412372425 5844541962.8586559 -5844540070.0089903
9.5844248396783627 6428075431.1593647 -6428073486.135931
9.5844360381194811 7093584816.0078373 -7093582815.4593897
9.5844472365606013 7856171879.8726387 -7856169820.1006861
9.5844584350017197 8734433387.7982254 -8734431264.7063255
9.5844696334428399 9751448565.9783516 -9751446375.011673
9.5844808318839583 10936100357.908516 -10936098093.981331
9.5844920303250785 12324863503.420599 -12324861160.828651
9.5845032287661969 13964254285.481428 -13964251857.795204
9.5845144272073153 15914231832.028896 -15914229311.962524
9.5845256256484355 18252989637.60051 -18252987016.849228
