# serie phase 2 sous seuil p7_w1.73_c0.95_seuil : t x1 x2 (dt2=1.3901231711628271e-05)
399.99443950731535 1.0052607510833682 -0.054297505744856644
399.99445340854709 1.0052576281975527 -0.054310141703577966
399.99446730977877 1.0052545051210622 -0.054322777634473775
399.99448121101051 1.0052513818538971 -0.054335413537536403
399.99449511224219 1.0052482583960576 -0.054348049412758191
399.99450901347393 1.005245134747544 -0.054360685260131478
399.99452291470561 1.0052420109083564 -0.054373321079648596
399.99453681593735 1.0052388868784952 -0.054385956871301877
399.99455071716903 1.0052357626579604 -0.054398592635083655
399.99456461840077 1.0052326382467525 -0.054411228370986275
399.99457851963246 1.0052295136448717 -0.054423864079002064
399.99459242086419 1.0052263888523181 -0.054436499759123361
399.99460632209588 1.0052232638690921 -0.054449135411342504
399.99462022332762 1.005220138695194 -0.054461771035651828
399.9946341245593 1.005217013330624 -0.054474406632043663
399.99464802579104 1.0052138877753822 -0.054487042200510351
399.99466192702272 1.005210762029469 -0.054499677741044229
399.99467582825446 1.0052076360928845 -0.054512313253637631
399.99468972948614 1.0052045099656293 -0.05452494873828289
399.99470363071788 1.0052013836477032 -0.054537584194972344
399.99471753194956 1.0051982571391067 -0.054550219623698333
399.9947314331813 1.0051951304398401 -0.05456285502445319
399.99474533441298 1.0051920035499033 -0.054575490397229247
399.99475923564472 1.0051888764692969 -0.054588125742018843
399.9947731368764 1.005185749198021 -0.054600761058814319
399.99478703810814 1.005182621736076 -0.054613396347608006
399.99480093933983 1.005179494083462 -0.054626031608392245
399.99481484057156 1.0051763662401791 -0.054638666841159367
399.99482874180325 1.0051732382062279 -0.054651302045901712
399.99484264303499 1.0051701099816086 -0.054663937222611612
399.99485654426672 1.0051669815663213 -0.054676572371281408
399.99487044549841 1.0051638529603661 -0.054689207491903438
399.99488434673015 1.0051607241637435 -0.054701842584470035
399.99489824796183 1.0051575951764538 -0.054714477648973539
399.99491214919357 1.005154465998497 -0.054727112685406282
399.99492605042525 1.0051513366298734 -0.054739747693760603
399.99493995165699 1.0051482070705835 -0.054752382674028842
399.99495385288867 1.0051450773206274 -0.054765017626203331
399.99496775412041 1.0051419473800052 -0.054777652550276411
399.99498165535209 1.0051388172487172 -0.054790287446240413
399.99499555658383 1.0051356869267638 -0.054802922314087676
399.99500945781551 1.0051325564141451 -0.054815557153810542
399.99502335904725 1.0051294257108616 -0.054828191965401341
399.99503726027893 1.0051262948169133 -0.054840826748852413
399.99505116151067 1.0051231637323006 -0.054853461504156098
399.99506506274236 1.0051200324570235 -0.054866096231304728
399.99507896397409 1.0051169009910825 -0.054878730930290644
399.99509286520578 1.0051137693344778 -0.054891365601106183
399.99510676643752 1.0051106374872096 -0.054904000243743686
399.9951206676692 1.0051075054492782 -0.054916634858195486
399.99513456890094 1.0051043732206837 -0.054929269444453921
399.99514847013262 1.0051012408014266 -0.054941904002511324
399.99516237136436 1.0050981081915069 -0.054954538532360035
399.99517627259604 1.0050949753909251 -0.054967173033992393
399.99519017382778 1.0050918423996813 -0.054979807507400738
399.99520407505946 1.0050887092177756 -0.054992441952577402
399.9952179762912 1.0050855758452086 -0.055005076369514724
399.99523187752288 1.0050824422819804 -0.055017710758205045
399.99524577875462 1.0050793085280911 -0.055030345118640703
399.99525967998636 1.005076174583541 -0.055042979450814031
399.99527358121804 1.0050730404483306 -0.055055613754717368
399.99528748244978 1.0050699061224599 -0.055068248030343055
399.99530138368146 1.0050667716059292 -0.055080882277683429
399.9953152849132 1.0050636368987387 -0.055093516496730825
399.99532918614489 1.0050605020008887 -0.055106150687477588
399.99534308737663 1.0050573669123797 -0.055118784849916051
399.99535698860831 1.0050542316332116 -0.055131418984038547
399.99537088984005 1.0050510961633847 -0.055144053089837421
399.99538479107173 1.0050479605028995 -0.055156687167305006
399.99539869230347 1.005044824651756 -0.055169321216433649
399.99541259353515 1.0050416886099545 -0.055181955237215682
399.99542649476689 1.0050385523774952 -0.055194589229643445
399.99544039599857 1.0050354159543786 -0.055207223193709271
399.99545429723031 1.0050322793406048 -0.055219857129405504
399.99546819846199 1.0050291425361739 -0.055232491036724479
399.99548209969373 1.0050260055410865 -0.055245124915658535
399.99549600092541 1.0050228683553424 -0.055257758766200017
399.99550990215715 1.0050197309789421 -0.055270392588341259
399.99552380338883 1.005016593411886 -0.055283026382074593
399.99553770462057 1.0050134556541741 -0.055295660147392366
399.99555160585226 1.0050103177058067 -0.055308293884286916
399.995565507084 1.0050071795667841 -0.055320927592750577
399.99557940831568 1.0050040412371066 -0.055333561272775694
399.99559330954742 1.0050009027167743 -0.055346194924354601
399.9956072107791 1.0049977640057877 -0.055358828547479637
399.99562111201084 1.0049946251041468 -0.055371462142143141
399.99563501324258 1.0049914860118521 -0.055384095708337452
399.99564891447426 1.0049883467289036 -0.055396729246054911
399.995662815706 1.0049852072553016 -0.055409362755287857
399.99567671693768 1.0049820675910466 -0.055421996236028628
399.99569061816942 1.0049789277361385 -0.055434629688269559
399.9957045194011 1.0049757876905778 -0.055447263112002994
399.99571842063284 1.0049726474543648 -0.055459896507221274
399.99573232186452 1.0049695070274995 -0.05547252987391673
399.99574622309626 1.0049663664099824 -0.05548516321208171
399.99576012432794 1.0049632256018135 -0.055497796521708546
399.99577402555968 1.0049600846029931 -0.055510429802789585
399.99578792679137 1.0049569434135217 -0.055523063055317158
399.9958018280231 1.0049538020333995 -0.055535696279283613
399.99581572925479 1.0049506604626264 -0.055548329474681281
399.99582963048653 1.0049475187012029 -0.055560962641502509
399.99584353171821 1.0049443767491293 -0.05557359577973963
399.99585743294995 1.0049412346064059 -0.055586228889384991
399.99587133418163 1.0049380922730329 -0.055598861970430923
399.99588523541337 1.0049349497490103 -0.055611495022869772
399.99589913664505 1.0049318070343387 -0.055624128046693873
399.99591303787679 1.0049286641290183 -0.05563676104189557
399.99592693910847 1.0049255210330492 -0.055649394008467204
399.99594084034021 1.0049223777464318 -0.055662026946401107
399.99595474157189 1.0049192342691662 -0.055674659855689625
399.99596864280363 1.0049160906012526 -0.055687292736325097
399.99598254403531 1.0049129467426916 -0.055699925588299865
399.99599644526705 1.0049098026934831 -0.055712558411606265
399.99601034649874 1.0049066584536275 -0.055725191206236639
399.99602424773047 1.0049035140231251 -0.055737823972183326
399.99603814896221 1.004900369401976 -0.055750456709438664
399.9960520501939 1.0048972245901806 -0.055763089417995002
399.99606595142563 1.0048940795877392 -0.05577572209784467
399.99607985265732 1.0048909343946519 -0.055788354748980015
399.99609375388906 1.0048877890109191 -0.055800987371393378
399.99610765512074 1.0048846434365408 -0.05581361996507709
399.99612155635248 1.0048814976715175 -0.055826252530023497
399.99613545758416 1.0048783517158493 -0.05583888506622494
399.9961493588159 1.0048752055695367 -0.055851517573673765
399.99616326004758 1.0048720592325797 -0.055864150052362303
399.99617716127932 1.0048689127049786 -0.055876782502282903
399.996191062511 1.0048657659867337 -0.055889414923427895
399.99620496374274 1.0048626190778454 -0.055902047315789627
399.99621886497442 1.0048594719783137 -0.055914679679360438
399.99623276620616 1.004856324688139 -0.055927312014132667
399.99624666743784 1.0048531772073215 -0.055939944320098661
399.99626056866958 1.0048500295358616 -0.055952576597250753
399.99627446990127 1.0048468816737592 -0.055965208845581288
399.99628837113301 1.004843733621015 -0.055977841065082606
399.99630227236469 1.004840585377629 -0.055990473255747047
399.99631617359643 1.0048374369436015 -0.056003105417566958
399.99633007482811 1.0048342883189327 -0.056015737550534669
399.99634397605985 1.0048311395036229 -0.056028369654642529
399.99635787729153 1.0048279904976725 -0.056041001729882876
399.99637177852327 1.0048248413010814 -0.056053633776248057
399.99638567975495 1.0048216919138502 -0.056066265793730405
399.99639958098669 1.004818542335979 -0.056078897782322265
399.99641348221837 1.0048153925674681 -0.056091529742015978
399.99642738345011 1.0048122426083177 -0.056104161672803889
399.99644128468185 1.004809092458528 -0.056116793574678331
399.99645518591353 1.0048059421180995 -0.056129425447631651
399.99646908714527 1.0048027915870323 -0.056142057291656187
399.99648298837695 1.0047996408653266 -0.056154689106744288
399.99649688960869 1.0047964899529827 -0.056167320892888291
399.99651079084038 1.0047933388500008 -0.056179952650080536
399.99652469207211 1.0047901875563814 -0.056192584378313364
399.9965385933038 1.0047870360721245 -0.056205216077579119
399.99655249453554 1.0047838843972305 -0.056217847747870142
399.99656639576722 1.0047807325316997 -0.056230479389178772
399.99658029699896 1.0047775804755321 -0.056243111001497356
399.99659419823064 1.0047744282287281 -0.056255742584818233
399.99660809946238 1.0047712757912881 -0.056268374139133742
399.99662200069406 1.0047681231632122 -0.05628100566443623
399.9966359019258 1.0047649703445007 -0.056293637160718037
399.99664980315748 1.0047618173351538 -0.056306268627971508
399.99666370438922 1.0047586641351718 -0.056318900066188976
399.9966776056209 1.0047555107445549 -0.056331531475362795
399.99669150685264 1.0047523571633035 -0.056344162855485297
399.99670540808432 1.0047492033914176 -0.056356794206548828
399.99671930931606 1.0047460494288978 -0.056369425528545736
399.99673321054775 1.0047428952757442 -0.056382056821468352
399.99674711177948 1.0047397409319569 -0.056394688085309022
399.99676101301117 1.0047365863975364 -0.056407319320060094
399.99677491424291 1.0047334316724827 -0.056419950525713906
399.99678881547459 1.0047302767567965 -0.056432581702262799
399.99680271670633 1.0047271216504776 -0.056445212849699118
399.99681661793801 1.0047239663535266 -0.05645784396801521
399.99683051916975 1.0047208108659433 -0.056470475057203408
399.99684442040149 1.0047176551877284 -0.056483106117256057
399.99685832163317 1.0047144993188819 -0.056495737148165505
399.99687222286491 1.0047113432594041 -0.05650836814992409
399.99688612409659 1.0047081870092955 -0.05652099912252416
399.99690002532833 1.0047050305685561 -0.056533630065958053
399.99691392656001 1.0047018739371862 -0.056546260980218109
399.99692782779175 1.0046987171151862 -0.056558891865296675
399.99694172902343 1.0046955601025562 -0.056571522721186096
399.99695563025517 1.0046924028992965 -0.056584153547878713
399.99696953148685 1.0046892455054075 -0.056596784345366864
399.99698343271859 1.0046860879208892 -0.056609415113642897
399.99699733395028 1.0046829301457421 -0.056622045852699157
399.99701123518201 1.0046797721799663 -0.056634676562527984
399.9970251364137 1.0046766140235621 -0.056647307243121718
399.99703903764544 1.0046734556765298 -0.056659937894472705
399.99705293887712 1.0046702971388695 -0.056672568516573291
399.99706684010886 1.0046671384105816 -0.056685199109415815
399.99708074134054 1.0046639794916663 -0.056697829672992625
399.99709464257228 1.0046608203821239 -0.05671046020729606
399.99710854380396 1.0046576610819546 -0.056723090712318465
399.9971224450357 1.0046545015911588 -0.056735721188052188
399.99713634626738 1.0046513419097367 -0.056748351634489567
399.99715024749912 1.0046481820376885 -0.056760982051622944
399.9971641487308 1.0046450219750145 -0.056773612439444669
399.99717804996254 1.004641861721715 -0.056786242797947077
399.99719195119422 1.0046387012777902 -0.056798873127122521
399.99720585242596 1.0046355406432403 -0.056811503426963339
399.99721975365765 1.0046323798180656 -0.056824133697461872
399.99723365488938 1.0046292188022665 -0.056836763938610473
399.99724755612112 1.004626057595843 -0.056849394150401474
399.99726145735281 1.0046228961987955 -0.056862024332827228
399.99727535858455 1.0046197346111243 -0.056874654485880076
399.99728925981623 1.0046165728328296 -0.056887284609552363
399.99730316104797 1.0046134108639118 -0.056899914703836429
399.99731706227965 1.0046102487043709 -0.056912544768724621
399.99733096351139 1.0046070863542074 -0.056925174804209284
399.99734486474307 1.0046039238134215 -0.056937804810282766
399.99735876597481 1.0046007610820133 -0.056950434786937405
399.99737266720649 1.0045975981599833 -0.056963064734165542
399.99738656843823 1.0045944350473315 -0.056975694651959528
399.99740046966991 1.0045912717440584 -0.056988324540311705
399.99741437090165 1.004588108250164 -0.057000954399214418
399.99742827213333 1.0045849445656487 -0.057013584228660014
399.99744217336507 1.0045817806905128 -0.057026214028640831
399.99745607459676 1.0045786166247568 -0.057038843799149218
399.99746997582849 1.0045754523683805 -0.057051473540177519
399.99748387706018 1.0045722879213845 -0.057064103251718075
399.99749777829192 1.0045691232837688 -0.057076732933763231
399.9975116795236 1.0045659584555338 -0.057089362586305335
399.99752558075534 1.0045627934366796 -0.057101992209336733
399.99753948198702 1.0045596282272069 -0.057114621802849763
399.99755338321876 1.0045564628271155 -0.05712725136683678
399.99756728445044 1.004553297236406 -0.057139880901290123
399.99758118568218 1.0045501314550784 -0.057152510406202131
399.99759508691386 1.0045469654831332 -0.057165139881565158
399.9976089881456 1.0045437993205704 -0.057177769327371543
399.99762288937734 1.0045406329673903 -0.057190398743613632
399.99763679060902 1.0045374664235933 -0.057203028130283773
399.99765069184076 1.0045342996891795 -0.057215657487374311
399.99766459307244 1.0045311327641493 -0.057228286814877585
399.99767849430418 1.0045279656485029 -0.05724091611278595
399.99769239553586 1.0045247983422405 -0.057253545381091744
399.9977062967676 1.0045216308453626 -0.057266174619787315
399.99772019799929 1.0045184631578692 -0.057278803828865008
399.99773409923102 1.0045152952797607 -0.057291433008317169
399.99774800046271 1.0045121272110373 -0.057304062158136139
399.99776190169445 1.0045089589516993 -0.05731669127831427
399.99777580292613 1.0045057905017469 -0.057329320368843903
399.99778970415787 1.0045026218611806 -0.057341949429717383
399.99780360538955 1.0044994530300004 -0.057354578460927057
399.99781750662129 1.0044962840082066 -0.057367207462465271
399.99783140785297 1.0044931147957994 -0.057379836434324372
399.99784530908471 1.0044899453927794 -0.057392465376496699
399.99785921031639 1.0044867757991465 -0.057405094288974605
399.99787311154813 1.0044836060149009 -0.05741772317175043
399.99788701277981 1.0044804360400432 -0.057430352024816528
399.99790091401155 1.0044772658745735 -0.057442980848165237
399.99791481524323 1.0044740955184921 -0.057455609641788905
399.99792871647497 1.0044709249717991 -0.057468238405679876
399.99794261770666 1.0044677542344951 -0.057480867139830499
399.99795651893839 1.0044645833065802 -0.05749349584423312
399.99797042017008 1.0044614121880544 -0.057506124518880083
399.99798432140182 1.0044582408789182 -0.057518753163763738
399.9979982226335 1.0044550693791721 -0.057531381778876428
399.99801212386524 1.0044518976888159 -0.057544010364210502
399.99802602509698 1.0044487258078503 -0.057556638919758304
399.99803992632866 1.0044455537362751 -0.057569267445512176
399.9980538275604 1.0044423814740908 -0.05758189594146447
399.99806772879208 1.0044392090212977 -0.057594524407607532
399.99808163002382 1.0044360363778961 -0.057607152843933709
399.9980955312555 1.0044328635438862 -0.057619781250435341
399.99810943248724 1.0044296905192682 -0.05763240962710478
399.99812333371892 1.0044265173040425 -0.057645037973934374
399.99813723495066 1.0044233438982093 -0.057657666290916468
399.99815113618234 1.0044201703017688 -0.057670294578043409
399.99816503741408 1.0044169965147212 -0.057682922835307543
399.99817893864576 1.0044138225370669 -0.05769555106270121
399.9981928398775 1.0044106483688062 -0.057708179260216763
399.99820674110919 1.0044074740099393 -0.057720807427846549
399.99822064234093 1.0044042994604665 -0.057733435565582913
399.99823454357261 1.0044011247203879 -0.05774606367341821
399.99824844480435 1.004397949789704 -0.057758691751344779
399.99826234603603 1.004394774668415 -0.057771319799354966
399.99827624726777 1.0043915993565211 -0.057783947817441117
399.99829014849945 1.0043884238540226 -0.057796575805595586
399.99830404973119 1.0043852481609197 -0.057809203763810713
399.99831795096287 1.0043820722772128 -0.05782183169207885
399.99833185219461 1.0043788962029019 -0.057834459590392344
399.99834575342629 1.0043757199379875 -0.057847087458743542
399.99835965465803 1.0043725434824697 -0.057859715297124789
399.99837355588971 1.0043693668363489 -0.057872343105528433
399.99838745712145 1.0043661899996255 -0.057884970883946819
399.99840135835314 1.0043630129722996 -0.057897598632372295
399.99841525958487 1.0043598357543713 -0.057910226350797213
399.99842916081661 1.004356658345841 -0.05792285403921392
399.9984430620483 1.0043534807467092 -0.057935481697614762
399.99845696328003 1.0043503029569758 -0.057948109325992085
399.99847086451172 1.0043471249766414 -0.057960736924338237
399.99848476574346 1.004343946805706 -0.057973364492645563
399.99849866697514 1.0043407684441701 -0.057985992030906416
399.99851256820688 1.0043375898920337 -0.057998619539113137
399.99852646943856 1.0043344111492971 -0.058011247017258079
399.9985403706703 1.0043312322159608 -0.058023874465333587
399.99855427190198 1.0043280530920247 -0.058036501883332016
399.99856817313372 1.0043248737774892 -0.058049129271245704
399.9985820743654 1.004321694272355 -0.058061756629067006
399.99859597559714 1.0043185145766218 -0.058074383956788267
399.99860987682882 1.0043153346902902 -0.058087011254401834
399.99862377806056 1.0043121546133602 -0.05809963852190006
399.99863767929224 1.0043089743458322 -0.058112265759275285
399.99865158052398 1.0043057938877065 -0.058124892966519862
399.99866548175567 1.0043026132389834 -0.058137520143626144
399.9986793829874 1.004299432399663 -0.058150147290586471
399.99869328421909 1.0042962513697458 -0.058162774407393196
399.99870718545083 1.0042930701492319 -0.058175401494038666
399.99872108668251 1.0042898887381215 -0.058188028550515226
399.99873498791425 1.004286707136415 -0.058200655576815231
399.99874888914593 1.0042835253441127 -0.058213282572931027
399.99876279037767 1.0042803433612149 -0.05822590953885496
399.99877669160935 1.0042771611877217 -0.058238536474579376
399.99879059284109 1.0042739788236335 -0.058251163380096629
399.99880449407277 1.0042707962689503 -0.058263790255399066
399.99881839530451 1.0042676135236728 -0.058276417100479039
399.99883229653625 1.0042644305878008 -0.058289043915328888
399.99884619776793 1.0042612474613348 -0.058301670699940973
399.99886009899967 1.0042580641442753 -0.058314297454307634
399.99887400023135 1.0042548806366223 -0.058326924178421224
399.99888790146309 1.0042516969383759 -0.05833955087227409
399.99890180269477 1.0042485130495367 -0.058352177535858578
399.99891570392651 1.0042453289701048 -0.058364804169167041
399.9989296051582 1.0042421447000804 -0.058377430772191832
399.99894350638994 1.0042389602394641 -0.058390057344925292
399.99895740762162 1.0042357755882558 -0.058402683887359773
399.99897130885336 1.004232590746456 -0.058415310399487629
399.99898521008504 1.0042294057140648 -0.058427936881301205
399.99899911131678 1.0042262204910826 -0.05844056333279285
399.99901301254846 1.0042230350775097 -0.058453189753954908
399.9990269137802 1.0042198494733461 -0.058465816144779741
399.99904081501188 1.0042166636785923 -0.058478442505259687
399.99905471624362 1.0042134776932485 -0.0584910688353871
399.9990686174753 1.004210291517315 -0.058503695135154327
399.99908251870704 1.0042071051507919 -0.05851632140455372
399.99909641993872 1.0042039185936797 -0.058528947643577627
399.99911032117046 1.0042007318459787 -0.0585415738522184
399.99912422240214 1.004197544907689 -0.058554200030468385
399.99913812363388 1.0041943577788108 -0.058566826178319938
399.99915202486557 1.0041911704593447 -0.058579452295765402
399.99916592609731 1.0041879829492906 -0.058592078382797133
399.99917982732899 1.0041847952486489 -0.058604704439407476
399.99919372856073 1.0041816073574199 -0.058617330465588778
399.99920762979247 1.0041784192756038 -0.058629956461333392
399.99922153102415 1.0041752310032011 -0.058642582426633671
399.99923543225589 1.0041720425402119 -0.058655208361481963
399.99924933348757 1.0041688538866362 -0.058667834265870612
399.99926323471931 1.0041656650424748 -0.05868046013979198
399.99927713595099 1.0041624760077277 -0.058693085983238406
399.99929103718273 1.004159286782395 -0.058705711796202244
399.99930493841441 1.0041560973664772 -0.058718337578675846
399.99931883964615 1.0041529077599745 -0.058730963330651559
399.99933274087783 1.0041497179628871 -0.058743589052121736
399.99934664210957 1.0041465279752155 -0.058756214743078732
399.99936054334125 1.0041433377969597 -0.058768840403514891
399.99937444457299 1.0041401474281202 -0.058781466033422561
399.99938834580468 1.0041369568686971 -0.058794091632794095
399.99940224703641 1.0041337661186907 -0.058806717201621846
399.9994161482681 1.0041305751781013 -0.05881934273989816
399.99943004949984 1.0041273840469291 -0.058831968247615392
399.99944395073152 1.0041241927251745 -0.058844593724765894
399.99945785196326 1.0041210012128376 -0.058857219171342012
399.99947175319494 1.0041178095099188 -0.058869844587336101
399.99948565442668 1.0041146176164184 -0.058882469972740506
399.99949955565836 1.0041114255323367 -0.058895095327547581
399.9995134568901 1.0041082332576738 -0.058907720651749679
399.99952735812178 1.0041050407924301 -0.058920345945339146
399.99954125935352 1.0041018481366057 -0.058932971208308337
399.9995551605852 1.0040986552902011 -0.058945596440649596
399.99956906181694 1.0040954622532163 -0.058958221642355278
399.99958296304862 1.0040922690256517 -0.058970846813417736
399.99959686428036 1.0040890756075078 -0.058983471953829324
399.9996107655121 1.0040858819987846 -0.058996097063582387
399.99962466674378 1.0040826881994824 -0.059008722142669279
399.99963856797552 1.0040794942096016 -0.059021347191082353
399.99965246920721 1.0040763000291424 -0.059033972208813956
399.99966637043894 1.0040731056581049 -0.059046597195856441
399.99968027167063 1.0040699110964897 -0.059059222152202162
399.99969417290237 1.0040667163442967 -0.059071847077843465
399.99970807413405 1.0040635214015263 -0.059084471972772702
399.99972197536579 1.0040603262681789 -0.059097096836982228
399.99973587659747 1.0040571309442547 -0.059109721670464396
399.99974977782921 1.004053935429754 -0.059122346473211553
399.99976367906089 1.004050739724677 -0.059134971245216057
399.99977758029263 1.0040475438290239 -0.05914759598647025
399.99979148152431 1.0040443477427954 -0.059160220696966491
399.99980538275605 1.0040411514659913 -0.059172845376697127
399.99981928398773 1.004037954998612 -0.059185470025654517
399.99983318521947 1.0040347583406579 -0.059198094643831009
399.99984708645115 1.0040315614921291 -0.059210719231218949
399.99986098768289 1.0040283644530259 -0.059223343787810696
399.99987488891458 1.0040251672233487 -0.059235968313598598
399.99988879014631 1.0040219698030977 -0.059248592808575008
399.999902691378 1.0040187721922731 -0.059261217272732279
399.99991659260974 1.0040155743908752 -0.059273841706062765
399.99993049384142 1.0040123763989042 -0.059286466108558818
399.99994439507316 1.0040091782163605 -0.059299090480212785
399.99995829630484 1.0040059798432444 -0.05931171482101702
399.99997219753658 1.004002781279556 -0.059324339130963875
399.99998609876826 1.0039995825252959 -0.059336963410045705
400 1.0039963835804639 -0.059349587658254863
