# serie phase 2 p4_w2.27_c1.20_dt2_k4 : t x1 x2 (dt2=9.5986638164776064e-06, depart t=43.956000000000003 etat bascule x1 x2 v1 v2 = 122149.00437620655 -120129.88403310865 3100368.006033984 -3074538.0481567429)
44.108234808129339 368183678325.72992 -368180145002.2533
44.108244406793155 372004719506.95068 -372001167896.37775
44.108254005456971 375875457206.88177 -375871887166.87439
44.108263604120786 379796669084.21344 -379793080470.95245
44.108273202784602 383769147031.79205 -383765539699.95795
44.108282801448418 387793697475.16168 -387790071277.91498
44.108292400112241 391871141678.16406 -391867496467.12531
44.108301998776057 396002316055.7937 -395998651681.02332
44.108311597439872 400188072494.4917 -400184388804.46942
44.108321196103688 404429278680.07446 -404425575521.67841
44.108330794767504 408726818433.50433 -408723095651.98981
44.10834039343132 413081592054.70996 -413077849493.68793
44.108349992095135 417494516674.66931 -417490754176.08447
44.108359590758951 421966526615.9787 -421962744020.08722
44.108369189422767 426498573762.13647 -426494770907.4834
44.108378788086583 431091627935.77515 -431087804659.17145
44.108388386750406 435746677286.07758 -435742833422.57678
44.108397985414221 440464728685.63593 -440460864068.51038
44.108407584078037 445246808137.00708 -445242922597.72388
44.108417182741853 450093961189.22107 -450090054557.41754
44.108426781405669 455007253364.52118 -455003325467.97998
44.108436380069485 459987770595.61664 -459983821260.24048
44.1084459787333 465036619673.73041 -465032648723.5163
44.108455577397116 470154928707.74115 -470150935964.75427
44.108465176060932 475343847594.72998 -475339832879.07703
44.108474774724748 480604548502.24414 -480600511632.04639
44.108484373388571 485938226362.60327 -485934167153.96918
44.108493972052386 491346099379.57977 -491342017646.5769
44.108503570716202 496829409547.79938 -496825305102.42609
44.108513169380018 502389423185.22742 -502385295837.38403
44.108522768043834 508027431479.09418 -508023281036.55353
44.108532366707649 513744751045.65009 -513740577314.02771
44.108541965371465 519542724504.12781 -519538527286.85168
44.108551564035281 525422721065.32397 -525418500163.60364
44.108561162699097 531386137135.20782 -531381892348.00293
44.108570761362913 537434396933.98755 -537430128057.97583
44.108580360026735 543568953131.08429 -543564659960.62939
44.108589958690551 549791287496.4552 -549786969823.57336
44.108599557354367 556102911568.73547 -556098569183.06226
44.108609156018183 562505367340.69226 -562501000029.448
44.108618754681999 569000227962.48511 -568995835510.44043
44.108628353345814 575589098463.2561 -575584680652.69666
44.10863795200963 582273616491.56531 -582269173102.25549
44.108647550673446 589055453075.22485 -589050983884.37146
44.108657149337262 595936313401.1167 -595931818183.33154
44.108666748001077 602917937615.56189 -602913416142.82373
44.1086763466649 610002101645.854 -609997553687.47046
44.108685945328716 617190618043.57019 -617186043366.13831
44.108695543992532 624485336850.2959 -624480735217.66199
44.108705142656348 631888146486.45605 -631883517659.67529
44.108714741320163 639400974663.92737 -639396318401.22253
44.108724339983979 647025789323.11829 -647021105379.8374
44.108733938647795 654764599595.27612 -654759887723.84961
44.108743537311611 662619456790.7821 -662614716740.67944
44.108753135975427 670592455414.18433 -670587686931.86938
44.108762734639242 678685734206.79565 -678680937035.68164
44.108772333303065 686901477217.69824 -686896651098.10156
44.108781931966881 695241914903.99414 -695237059573.08752
44.108791530630697 703709325261.2229 -703704440452.98792
44.108801129294513 712306034984.83899 -712301120430.01733
44.108810727958328 721034420663.70459 -721029476089.74841
44.108820326622144 729896910006.59583 -729891935137.61755
44.10882992528596 738895983102.75049 -738890977659.47156
44.108839523949776 748034173717.47302 -748029137417.17151
44.108849122613591 757314070623.89551 -757309003180.35291
44.108858721277407 766738318972.04443 -766733220095.49133
44.108868319941223 776309621696.35693 -776304491093.41821
44.108877918605046 786030740962.84656 -786025578336.48462
44.108887517268862 795904499657.16858 -795899304706.6261
44.108897115932677 805933782914.89062 -805928555335.63232
44.108906714596493 816121539695.28369 -816116279178.93689
44.108916313260309 826470784400.00549 -826465490634.29919
44.108925911924125 836984598538.1134 -836979271206.81665
44.108935510587941 847666132438.90173 -847660771221.76074
44.108945109251756 858518607014.06702 -858513211586.74084
44.108954707915572 869545315570.79785 -869539885604.79309
44.108964306579388 880749625677.43896 -880744160840.04309
44.108973905243211 892134981083.39661 -892129481037.60974
44.108983503907027 903704903695.09131 -903699368099.55737
44.108993102570842 915462995609.74951 -915457424118.68518
44.109002701234658 927412941208.91602 -927407333472.03906
44.109012299898474 939558509313.67358 -939552864976.12939
44.10902189856229 951903555403.5459 -951897874105.83252
44.109031497226106 964452023901.23926 -964446305279.13086
44.109041095889921 977207950525.38367 -977202194209.85315
44.109050694553737 990175464713.50061 -990169670330.64014
44.109060293217553 1003358792117.5457 -1003352959288.4855
44.109069891881376 1016762257174.472 -1016756385515.2981
44.109079490545192 1030390285754.3168 -1030384374875.9862
44.109089089209007 1044247407888.4141 -1044241457396.6696
44.109098687872823 1058338260580.4465 -1058332270075.7286
44.109108286536639 1072667590703.1157 -1072661559780.4733
44.109117885200455 1087240257983.3531 -1087234186232.3521
44.10912748386427 1102061238079.1091 -1102055125083.7393
44.109137082528086 1117135625750.8242 -1117129471089.4048
44.109146681191902 1132468638130.8325 -1132462441375.9143
44.109156279855718 1148065618094.0647 -1148059378812.3318
44.109165878519541 1163932037733.6213 -1163925755485.7898
44.109175477183356 1180073501944.7305 -1180067176285.4453
44.109185075847172 1196495752120.9448 -1196489382598.6748
44.109194674510988 1213204669966.491 -1213198256123.4211
44.109204273174804 1230206281428.8088 -1230199822800.7307
44.10921387183862 1247506760755.519 -1247500256871.719
44.109223470502435 1265112434680.2141 -1265105885063.3584
44.109233069166251 1283029786741.6523 -1283023190907.6709
44.109242667830067 1301265461741.0732 -1301258819199.0403
44.109252266493883 1319826270342.5027 -1319819580594.5144
44.109261865157706 1338719193821.2964 -1338712456362.3472
44.109271463821521 1357951388966.1633 -1357944603284.0186
44.109281062485337 1377530193140.1597 -1377523358715.2256
44.109290661149153 1397463129506.5132 -1397456245811.7046
44.109300259812969 1417757912425.1875 -1417750978925.7922
44.109309858476784 1438422453026.3635 -1438415469179.9038
44.1093194571406 1459464864967.4282 -1459457830223.5195
44.109329055804416 1480893470380.145 -1480886384180.3511
44.109338654468232 1502716806014.9827 -1502709667792.6677
44.109348253132048 1524943629589.967 -1524936438770.145
44.109357851795863 1547582926351.5952 -1547575682350.7751
44.109367450459686 1570643915855.7261 -1570636618081.7544
44.109377049123502 1594136058976.6584 -1594128706828.5576
44.109386647787318 1618069065152.9148 -1618061658020.7185
44.109396246451134 1642452899878.7637 -1642445437143.3479
44.109405845114949 1667297792450.698 -1667290273483.6086
44.109415443778765 1692614243978.5425 -1692606668141.8186
44.109425042442581 1718413035671.3469 -1718405402317.3406
44.109434641106397 1744705237408.4954 -1744697545879.6873
44.109444239770212 1771502216607.0176 -1771494466235.8276
44.109453838434028 1798815647396.4929 -1798807837505.0879
44.109463437097851 1826657520113.478 -1826649650013.5732
44.109473035761667 1855040151127.8665 -1855032220120.5244
44.109482634425483 1883976193014.0803 -1883968200389.5027
44.109492233089298 1913478645080.6338 -1913470590117.9504
44.109501831753114 1943560864272.2424 -1943552746239.2947
44.10951143041693 1974236576458.9653 -1974228394612.0835
44.109521029080746 2005519888127.9187 -2005511641711.6956
44.109530627744562 2037425298493.4351 -2037416986740.4932
44.109540226408377 2069967712042.4563 -2069959334173.21
44.109549825072193 2103162451532.592 -2103154006755.0037
44.109559423736016 2137025271460.97 -2137016758970.3003
44.109569022399832 2171572372023.106 -2171563791001.6584
44.109578621063648 2206820413581.4692 -2206811763198.3281
44.109588219727463 2242786531664.6782 -2242777811075.4409
44.109597818391279 2279488352518.8418 -2279479560865.3433
44.109607417055095 2316944009233.8618 -2316935145643.8936
44.109617015718911 2355172158468.5068 -2355163222055.5283
44.109626614382726 2394191997798.8853 -2394182987661.7285
44.109636213046542 2434023283716.2505 -2434014198938.8169
44.109645811710358 2474686350301.3125 -2474677189952.2622
44.109655410374181 2516202128603.4785 -2516192891735.9126
44.109665009037997 2558592166754.6064 -2558582852405.7402
44.109674607701812 2601878650848.4668 -2601869258039.2954
44.109684206365628 2646084426618.3311 -2646074954353.2871
44.109693805029444 2691233021946.5815 -2691223469213.1816
44.10970340369326 2737348670242.4092 -2737339036010.8945
44.109713002357076 2784456334724.6616 -2784446617947.6279
44.109722601020891 2832581733648.9307 -2832571933260.9482
44.109732199684707 2881751366519.8086 -2881741481437.0332
44.109741798348523 2931992541331.4453 -2931982570451.2183
44.109751397012346 2983333402881.3403 -2983323345081.7783
44.109760995676162 3035802962204.4756 -3035792816344.0503
44.109770594339977 3089431127177.416 -3089420892094.522
44.109780193003793 3144248734344.292 -3144238408856.8032
44.109789791667609 3200287582018.8638 -3200277164923.6792
44.109799390331425 3257580464719.8296 -3257569954792.4053
44.10980898899524 3316161208999.4175 -3316150604993.2861
44.109818587659056 3376064710728.5928 -3376054011374.8721
44.109828186322872 3437326973904.0205 -3437316177910.9062
44.109837784986688 3499985151046.8955 -3499974257099.1416
44.109847383650511 3564077585266.3774 -3564066592024.7627
44.109856982314327 3629643854063.7524 -3629632760164.5312
44.109866580978142 3696724814958.1138 -3696713619012.4512
44.109876179641958 3765362653018.2866 -3765351353611.6802
44.109885778305774 3835600930389.5718 -3835589526081.2549
44.10989537696959 3907484637908.8057 -3907473127231.1357
44.109904975633405 3981060248906.1621 -3981048630363.9902
44.109914574297221 4056375775297.0088 -4056364047367.0332
44.109924172961037 4133480826072.8271 -4133468987202.9268
44.109933771624853 4212426668305.1978 -4212414716913.7476
44.109943370288669 4293266290784.4258 -4293254225259.5923
44.109952968952491 4376054470418.811 -4376042289117.8276
44.109962567616307 4460847841528.9541 -4460835542777.376
44.109972166280123 4547704968177.3379 -4547692550268.2744
44.109981764943939 4636686419682.3438 -4636673880875.6689
44.109991363607755 4727854849472.7852 -4727842187994.3242
44.11000096227157 4821275077448.1553 -4821262291488.8477
44.110010560935386 4917014176019.0332 -4917001263734.0732
44.110020159599202 5015141560010.1455 -5015128519518.0908
44.110029758263018 5115729080620.7803 -5115715910002.6416
44.110039356926833 5218851123646.8936 -5218837820945.1924
44.110048955590656 5324584712179.9326 -5324571275397.7305
44.110058554254472 5433009614011.21 -5432996041111.1094
44.110068152918288 5544208453982.6016 -5544194742885.7168
44.110077751582104 5658266831536.9004 -5658252980121.7959
44.110087350245919 5775273443737.3926 -5775259449838.9883
44.110096948909735 5895320214041.4629 -5895306075449.9062
44.110106547573551 6018502427127.3584 -6018488141586.8604
44.110116146237367 6144918870093.4629 -6144904435301.0996
44.110125744901183 6274671980365.5762 -6274657393970.0498
44.110135343564998 6407868000667.5664 -6407853260267.9297
44.110144942228821 6544617141433.6172 -6544602244577.9551
44.110154540892637 6685033751060.291 -6685018695244.3613
44.110164139556453 6829236494421.6289 -6829221277087.458
44.110173738220269 6977348540095.583 -6977333158630.0195
44.110183336884084 7129497756775.1074 -7129482208508.3232
44.1101929355479 7285816919368.9609 -7285801201572.9082
44.110202534211716 7446443925326.2598 -7446428035213.0752
44.110212132875532 7611522021749.9229 -7611505956470.2783
44.110221731539347 7781200043901.2715 -7781183800542.6719
44.110231330203163 7955632665734.4531 -7955616241319.4746
44.110240928866986 8134980663138.25 -8134964054622.7227
44.110250527530802 8319411190605.043 -8319394394876.168
44.110260126194618 8509098072092.7197 -8509081085967.125
44.110269724858433 8704222106893.8809 -8704204927115.6094
44.110279323522249 8904971391376.4375 -8904954014614.8672
44.110288922186065 9111541657516.2402 -9111524080363.9316
44.110298520849881 9324136629200.9863 -9324118848171.4551
44.110308119513697 9542968397348.1523 -9542950408873.5625
44.110317718177512 9768257814949.0176 -9768239615377.7969
44.110327316841328 10000234913217.564 -10000216498811.93
44.110336915505151 10239139340111.646 -10239120707045.049
44.110346514168967 10485220822563.783 -10485201966918.256
44.110356112832783 10738739653855.078 -10738720571618.488
44.110365711496598 10999967207664.818 -10999947894728.021
44.110375310160414 11269186480428.252 -11269166932582.143
44.11038490882423 11546692663743.279 -11546672876675.732
44.110394507488046 11832793748686.07 -11832773717978.771
44.110404106151861 12127811164024.35 -12127790885149.506
44.110413704815677 12432080450456.838 -12432059918773.764
44.110423303479493 12745951973151.307 -12745931183902.883
44.110432902143309 13069791675014.469 -13069770623323.471
44.110442500807132 13403981873298.777 -13403960554164.061
44.110452099470947 13748922102327.115 -13748900510619.652
44.110461698134763 14105030005330.049 -14105008135788.816
44.110471296798579 14472742278590.289 -14472720125817.994
44.110480895462395 14852515671329.217 -14852493229787.857
44.110490494126211 15244828045013.768 -15244805309020.014
44.110500092790026 15650179496038.17 -15650156459758.568
44.110509691453842 16069093546012.994 -16069070203458.979
44.110519290117658 16502118404221.949 -16502094749244.648
44.110528888781474 16949828307136.562 -16949804333421.4
44.110538487445297 17412824940259.301 -17412800641320.377
44.110548086109112 17891738947945.559 -17891714317119.801
44.110557684772928 18387231537300.719 -18387206567741.789
44.110567283436744 18899996182703.91 -18899970867375.859
44.11057688210056 19430760438036.809 -19430734769707.469
44.110586480764375 19980287864219.141 -19980261835453.234
44.110596079428191 20549380080264.906 -20549353683416.871
44.110605678092007 21138878946714.105 -21138852173920.602
44.110615276755823 21749668891008.633 -21749641734180.738
44.110624875419639 22382679385133.281 -22382651835948.34
44.110634474083461 23038887586682.844 -23038859636575.961
44.110644072747277 23719321155428.289 -23719292795583.461
44.110653671411093 24425061258419.25 -24425032479760.086
44.110663270074909 25157245777753.723 -25157216570933.758
44.110672868738725 25917072736353.402 -25917043091745.988
44.11068246740254 26705803958276.242 -26705773865963.957
44.110692066066356 27524768981573.137 -27524738431336.727
44.110701664730172 28375369243197.836 -28375338224504.652
44.110711263393988 29259082557138.504 -29259051059130.387
44.110720862057804 30177467908788.258 -30177435920268.871
44.110730460721626 31132170590566.074 -31132138099987.629
44.110740059385442 32124927705980.344 -32124894701429.703
44.110749658049258 33157574071753.629 -33157540540937.746
44.110759256713074 34232048550245.156 -34232014480475.805
44.11076885537689 35350400847307.812 -35350366225485.586
44.110778454040705 36514798813906.758 -36514763626504.266
44.110788052704521 37727536293338.555 -37727500526382.805
44.110797651368337 38991041559717.125 -38991005198771.031
44.110807250032153 40307886397612.93 -40307849427755.875
44.110816848695968 41680795877485.438 -41680758283292.859
44.110826447359791 43112658886621.398 -43112620652143.328
44.110836046023607 44606539481064.336 -44606500589802.852
44.110845644687423 46165689130197.617 -46165649565083.086
44.110855243351239 47793559932741.555 -47793519676107.672
44.110864842015054 49493818890508.344 -49493777924065.828
44.11087444067887 51270363334744.086 -51270321639552.969
44.110884039342686 53127337609604.016 -53127295166044.438
44.110893638006502 55069151127500.453 -55069107915241.898
44.110903236670318 57100497922782.969 -57100453920751.781
44.110912835334133 59226377843217.641 -59226333029562.773
44.110922433997956 61452119533180.117 -61452073885236.93
44.110932032661772 63783405378383.359 -63783358872635.414
44.110941631325588 66226298600018.539 -66226251212057.195
44.110951229989404 68787272706022.641 -68787224410504.336
44.110960828653219 71473243529590.062 -71473194300191.125
44.110970427317035 74291604109885.312 -74291553919254.125
44.110980025980851 77250262697809.078 -77250211517515.375
44.110989624644667 80357684201376.875 -80357632001858.078
44.110999223308482 83622935419804.828 -83622882170309.094
44.111008821972298 87055734454896.594 -87055680123422.422
44.111018420636114 90666504733084.922 -90666449286316.984
44.111028019299937 94466434121208.047 -94466377524449.094
44.111037617963753 98467539675332.609 -98467481892431.062
44.111047216627568 102682738624886.16 -102682679618159.09
44.111056815291384 107125926267079.12 -107125865997230.38
44.1110664139552 111812061526840.88 -111811999952873.69
44.111076012619016 116757261029932.58 -116757198109056.69
44.111085611282832 121978902640620.62 -121978838328153.03
44.111095209946647 127495739534267.48 -127495673783526.67
44.111104808610463 133328026009141.11 -133327958771334.03
44.111114407274279 139497656395418.62 -139497587619519.97
44.111124005938102 146028318593646.78 -146028248226269.84
44.111133604601918 152945663974849.75 -152945591960108.16
44.111143203265733 160277495603553.62 -160277421882913.44
44.111152801929549 168053977004688.03 -168053901516808.97
44.111162400593365 176307863996913.25 -176307786677478.56
44.111171999257181 185074762458852.78 -185074683240386.41
44.111181597920996 194393415292571.72 -194393334104241.94
44.111191196584812 204306022304878.78 -204305939072287
44.111200795248628 214858597256061.38 -214858511901014.72
44.111210393912444 226101366938144.84 -226101279378411.12
44.111219992576267 238089217851219.38 -238089128000262.94
44.111229591240082 250882196869587.31 -250882104636283.75
44.111239189903898 264546073248140.94 -264545978536468.81
44.111248788567714 279152970434093.41 -279152873142800.88
44.11125838723153 294782077450493.81 -294781977472737.56
44.111267985895346 311520451145763.88 -311520348368717.69
44.111277584559161 329463922391389.06 -329463816695819.19
44.111287183222977 348718121406949.88 -348718012666753.56
44.111296781886793 369399639871474.25 -369399527953178
44.111306380550609 391637350400172.94 -391637235162385.81
44.111315979214432 415573907428260.44 -415573788721078.25
44.111325577878247 441367457639371.81 -441367335303726.62
44.111335176542063 469193592950270.94 -469193466817220.06
44.111344775205879 499247584884082.88 -499247454774030.31
44.111354373869695 531746946109257 -531746811831100.56
44.11136397253351 566934373253612.88 -566934234603807.5
44.111373571197326 605081135095562.62 -605080991857091.12
44.111383169861142 646490982298920.5 -646490834240160.12
44.111392768524958 691504669463387.62 -691504516336860.25
44.111402367188774 740505197906819.88 -740505039447812
44.111411965852596 793923909087173.75 -793923745012209.25
44.111421564516412 852247584833708.75 -852247414838856.75
44.111431163180228 916026742679766 -916026566438761.88
44.111440761844044 985885354022017.88 -985885171184174
44.11145036050786 1062532261494629.2 -1062532071682505.6
44.111459959171675 1146774632231988.8 -1146774435038792.5
44.111469557835491 1239533858497335.2 -1239533653484011.5
44.111479156499307 1341864410427377 -1341864197119345
44.111488755163123 1454976262712230 -1454976040595716.8
44.111498353826939 1580261664118590 -1580261432636498.8
44.111507952490754 1719327204689508.8 -1719326963236754.2
44.111517551154577 1874032371567289 -1874032119485517.2
44.111527149818393 2046536085579291 -2046535822150885.5
44.111536748482209 2239353097021600.2 -2239352821462860.2
44.111546347146025 2455422617206532.5 -2455422328659887.5
44.11155594580984 2698192207741726.5 -2698191905266823
44.111565544473656 2971720791309553 -2971720473873019.5
44.111575143137472 3280805751620329 -3280805418083983
44.111584741801288 3631140547549097 -3631140196656311
44.111594340465103 4029511203216699 -4029510833576585
44.111603939128919 4484042625688810.5 -4484042235757796
44.111613537792742 5004509194282731 -5004508782343019
44.111623136456558 5602728807261998 -5602728371396274
44.111632735120374 6293066063946778 -6293065602008378
44.111642333784189 7093079225061831 -7093078734639397
44.111651932448005 8024358080875062 -8024357559250448
44.111661531111821 9113617424950946 -9113616869048830
44.111671129775637 10394135787499994 -10394135193827228
44.111680728439453 11907664913781462 -11907664278353620
44.111690327103268 13706987520387168 -13706986838639044
44.111699925767084 15859377369917948 -15859376636593750
44.111709524430907 18451329619955520 -18451328828973172
44.111719123094723 21595101394559768 -21595100538841916
44.111728721758539 25437866070824220 -25437865142086000
44.111738320422354 30174695076744040 -30174694065224120
44.11174791908617 36067230843525408 -36067229737641816
44.111757517749986 43470963113795200 -43470961899700200
44.111767116413802 52875747095137616 -52875745756135288
