# serie phase 2 p4_w2.27_c1.20_dt2s2_k2 : t x1 x2 (dt2=5.5992205596119375e-06, depart t=44.033999999999999 etat bascule x1 x2 v1 v2 = 1926074.3211511692 -1918008.8099415423 98574270.394488052 -98367484.712414443)
44.107573758153301 191236432199.95142 -191233885747.8338
44.107579357373858 192216050402.05994 -192213497436.07327
44.107584956594422 193201949344.43369 -193199389839.55206
44.10759055581498 194194177411.35172 -194191611342.42084
44.107596155035537 195192783422.50711 -195190210764.24347
44.107601754256102 196197816637.49097 -196195237364.48108
44.107607353476659 197209326760.3284 -197206740847.02792
44.107612952697217 198227363944.06677 -198224771364.79965
44.107618551917774 199251978795.41779 -199249379524.3754
44.107624151138339 200283222379.45364 -200280616390.694
44.107629750358896 201321146224.35773 -201318533491.80457
44.107635349579454 202365802326.2305 -202363182823.67242
44.107640948800018 203417243153.95206 -203414616855.04166
44.107646548020575 204475521654.10141 -204472888532.35437
44.107652147241133 205540691255.93341 -205538051284.72763
44.107657746461697 206612805876.41428 -206610159028.98895
44.107663345682255 207691919925.31607 -207689266174.77087
44.107668944902812 208778088310.37112 -208775427629.66519
44.107674544123377 209871366442.48712 -209868698804.43817
44.107680143343934 210971810241.02396 -210969135618.30734
44.107685742564492 212079476139.13297 -212076794504.28082
44.107691341785049 213194421089.15909 -213191732414.55927
44.107696941005614 214316702568.10687 -214314006826.00211
44.107702540226171 215446378583.17188 -215443675745.65878
44.107708139446729 216583507677.33716 -216580797716.36523
44.107713738667293 217728148935.03671 -217725431822.40741
44.10771933788785 218880361987.88632 -218877637695.25211
44.107724937108408 220040207020.48227 -220037475519.34555
44.107730536328972 221207744776.26962 -221205006037.98181
44.10773613554953 222383036563.48096 -222380290559.24146
44.107741734770087 223566144261.14572 -223563390962.00092
44.107747333990652 224757130325.17166 -224754369702.01385
44.107752933211209 225956057794.49966 -225953289818.06613
44.107758532431767 227162990297.33224 -227160214938.20419
44.107764131652324 228377992057.43683 -228375209286.0383
44.107769730872889 229601127900.52512 -229598337687.12195
44.107775330093446 230832463260.70947 -230829665575.40826
44.107780929314004 232072064187.03748 -232069258999.78448
44.107786528534568 233319997350.10547 -233317184630.68558
44.107792127755125 234576330048.75229 -234573509766.7879
44.107797726975683 235841130216.83377 -235838302341.78372
44.107803326196247 237114466430.07996 -237111630931.2384
44.107808925416805 238396407913.03571 -238393564759.53104
44.107814524637362 239687024546.08545 -239684173706.87912
44.107820123857927 240986386872.56421 -240983528316.44965
44.107825723078484 242294566105.95517 -242291699801.55661
44.107831322299042 243611634137.17532 -243608760052.94672
44.107836921519599 244937663541.95035 -244934781646.17416
44.107842520740164 246272727588.27963 -246269837849.06564
44.107848119960721 247616900243.99362 -247614002629.2778
44.107853719181279 248970256184.40375 -248967350661.94708
44.107859318401843 250332870800.04636 -250329957337.43359
44.1078649176224 251704820204.52252 -251701898769.16104
44.107870516842958 253086181242.43436 -253083251801.55289
44.107876116063522 254477031497.41937 -254474094018.0668
44.10788171528408 255877449300.28461 -255874503749.32874
44.107887314504637 257287513737.24161 -257284560081.36789
44.107892913725202 258707304658.24362 -258704342863.95395
44.107898512945759 260136902685.42627 -260133932719.03766
44.107904112166317 261576389221.65341 -261573411049.29672
44.107909711386874 263025846459.16977 -263022860046.78848
44.107915310607439 264485357388.36151 -264482362701.71036
44.107920909827996 265955005806.62604 -265952002811.26974
44.107926509048553 267434876327.35315 -267431864988.66513
44.107932108269118 268925054389.01849 -268922034672.17944
44.107937707489675 270425626264.39136 -270422598134.38794
44.107943306710233 271936679069.85852 -271933642491.48206
44.107948905930797 273458300774.86505 -273455255712.71011
44.107954505151355 274990580211.4743 -274987526629.93738
44.107960104371912 276533607084.04852 -276530544947.3266
44.107965703592477 278087471979.05182 -278084401251.14087
44.107971302813034 279652266374.97784 -279649187019.67169
44.107976902033592 281228082652.40253 -281224994633.2912
44.107982501254149 282815014104.16449 -282811917384.63281
44.107988100474714 284413154945.67554 -284410049488.90173
44.107993699695271 286022600325.36212 -286019486094.31635
44.107999298915828 287643446335.24011 -287640323292.68298
44.108004898136393 289275790021.62402 -289272658130.10516
44.10801049735695 290919729395.9729 -290916588617.82935
44.108016096577508 292575363445.8764 -292572213743.23114
44.108021695798072 294242792146.18121 -294239633480.94165
44.10802729501863 295922116470.2605 -295918948804.117
44.108032894239187 297613438401.42755 -297610261695.85187
44.108038493459752 299316860944.49628 -299313675160.73987
44.108044092680309 301032488137.4917 -301029293236.58429
44.108049691900867 302760425063.51184 -302757221006.25983
44.108055291121424 304500777862.74182 -304497564609.72656
44.108060890341989 306253653744.62427 -306250431256.20056
44.108066489562546 308019161000.18762 -308015929236.48199
44.108072088783103 309797409014.53497 -309794167935.44409
44.108077688003668 311588508279.49536 -311585257844.68439
44.108083287224225 313392570406.43884 -313389310575.33978
44.108088886444783 315209708139.25903 -315206438871.06897
44.108094485665347 317040035367.52582 -317036756621.20526
44.108100084885905 318883667139.81006 -318880378874.08112
44.108105684106462 320740719677.18335 -320737421850.5282
44.108111283327027 322611310386.89368 -322608002957.55267
44.108116882547584 324495557876.22131 -324492240802.19128
44.108122481768142 326393581966.51794 -326390255205.55035
44.108128080988699 328305503707.4295 -328302167217.02875
44.108133680209264 330231445391.30731 -330228099128.72882
44.108139279429821 332171530567.80963 -332168174490.05811
44.108144878650378 334125884058.69684 -334122518122.52435
44.108150477870943 336094631972.82275 -336091256134.72699
44.1081560770915 338077901721.32422 -338074515937.54645
44.108161676312058 340075822033.01324 -340072426259.53656
44.108167275532622 342088522969.97504 -342085117162.5224
44.10817287475318 344116135943.37213 -344112720057.40442
44.108178473973737 346158793729.46112 -346155367720.17529
44.108184073194295 348216630485.82294 -348213194308.14996
44.108189672414859 350289781767.81 -350286335376.4129
44.108195271635417 352378384545.21582 -352374927894.48773
44.108200870855974 354482577219.16656 -354479110263.22864
44.108206470076539 356602499639.24146 -356599022331.94092
44.108212069297096 358738293120.82318 -358734805415.73126
44.108217668517653 360890100462.68188 -360886602313.09167
44.108223267738218 363058065964.79797 -363054557323.72247
44.108228866958775 365242335446.42566 -365238816266.59558
44.108234466179333 367443056264.401 -367439526498.26263
44.108240065399897 369660377331.69891 -369656836931.41211
44.108245664620455 371894449136.24298 -371890898053.67877
44.108251263841012 374145423759.97076 -374141861946.70935
44.10825686306157 376413454898.15973 -376409882305.48828
44.108262462282134 378698697879.01642 -378695114457.92676
44.108268061502692 381001309683.53387 -380997715384.72034
44.108273660723249 383321448965.6217 -383317843739.47882
44.108279259943814 385659276072.51117 -385655659869.13135
44.108284859164371 388014953065.44244 -388011325834.61377
44.108290458384928 390388643740.63519 -390385005431.83905
44.108296057605493 392780513650.54785 -392776864212.95654
44.10830165682605 395190730125.43207 -395187069507.90649
44.108307256046608 397619462295.18451 -397615790446.27173
44.108312855267172 400066881111.50067 -400063197979.43152
44.10831845448773 402533159370.33771 -402529464903.02435
44.108324053708287 405018471734.68762 -405014765879.72119
44.108329652928845 407522994757.66766 -407519277462.31567
44.108335252149409 410046906905.93243 -410043178117.13635
44.108340851369967 412590388583.41266 -412586648247.78522
44.108346450590524 415153622155.38654 -415149870219.20947
44.108352049811089 417736791972.88788 -417733028382.10913
44.108357649031646 420340084397.45502 -420336309097.68616
44.108363248252203 422963687826.22949 -422959900762.74323
44.108368847472768 425607792717.40692 -425603993835.13428
44.108374446693325 428272591616.04547 -428268780859.57324
44.108380045913883 430958279180.24036 -430954456493.80841
44.108385645134447 433665052207.66608 -433661217535.16461
44.108391244355005 436393109662.49597 -436389262947.46277
44.108396843575562 439142652702.70233 -439138793888.31995
44.10840244279612 441913884707.74524 -441910013736.83826
44.108408042016684 444707011306.65479 -444703128121.68695
44.108413641237242 447522240406.51221 -447518344949.58368
44.108419240457799 450359782221.33868 -450355874434.18304
44.108424839678364 453219849301.396 -453215929125.37738
44.108430438898921 456102656562.90735 -456098723939.01752
44.108436038119478 459008421318.20361 -459004476187.05896
44.108441637340043 461937363306.30292 -461933405608.14154
44.1084472365606 464889704723.92975 -464885734398.6084
44.108452835781158 467865670256.98065 -467861687243.97162
44.108458435001722 470865487112.44427 -470861491350.83252
44.10846403422228 473889385050.78217 -473885376479.26196
44.108469633442837 476937596418.77759 -476933574975.6496
44.108475232663395 480010356182.86188 -480006321806.02979
44.108480831883959 483107901962.92383 -483103854589.8913
44.108486431104517 486230474066.61255 -486226413634.47992
44.108492030325074 489378315524.13708 -489374241969.59821
44.108497629545639 492551672123.57587 -492547585382.91467
44.108503228766196 495750792446.70142 -495746692455.7887
44.108508827986753 498975927905.32843 -498971814599.61847
44.108514427207318 502227332778.1972 -502223206092.72443
44.108520026427875 505505264248.39642 -505501124117.77185
44.108525625648433 508809982441.33716 -508805828799.745
44.108531224868997 512141750463.28723 -512137583244.48145
44.108536824089555 515500834440.47424 -515496653577.77502
44.108542423310112 518887503558.76556 -518883308985.05579
44.10854802253067 522302030103.93524 -522297821751.6568
44.108553621751234 525744689502.52905 -525740467303.67926
44.108559220971792 529215760363.33734 -529211524249.46533
44.108564820192349 532715524519.48389 -532711274421.68683
44.108570419412914 536244267071.14185 -536240002920.06128
44.108576018633471 539802276428.88824 -539797998154.70618
44.108581617854028 543389844357.70703 -543385551890.14233
44.108587217074593 547007266021.65063 -547002959289.95502
44.10859281629515 550654840029.17078 -550650518962.125
44.108598415515708 554332868479.1311 -554328533005.04102
44.108604014736272 558041657007.51355 -558037307054.20605
44.10860961395683 561781514834.82898 -561777150329.64819
44.108615213177387 565552754814.24243 -565548375684.04553
44.108620812397945 569355693480.42639 -569351299651.57947
44.108626411618509 573190651099.15662 -573186242497.53064
44.108632010839067 577057951717.65857 -577053528268.62524
44.108637610059624 580957923215.72144 -580953484844.14893
44.108643209280189 584890897357.59021 -584886443987.83887
44.108648808500746 588857209844.64734 -588852741400.56543
44.108654407721303 592857200368.90308 -592852716773.82251
44.108660006941868 596891212667.30212 -596886713844.03418
44.108665606162425 600959594576.86072 -600955080447.69128
44.108671205382983 605062698090.65601 -605058168577.34119
44.108676804603547 609200879414.67725 -609196334438.43909
44.108682403824105 613374499025.54822 -613369938507.06982
44.108688003044662 617583921729.14429 -617579345588.56543
44.10869360226522 621829516720.11804 -621824924877.03052
44.108699201485784 626111657642.34204 -626107050015.78479
44.108704800706342 630430722650.29199 -630426099158.74646
44.108710399926899 634787094471.3855 -634782455032.77075
44.108715999147464 639181160469.29199 -639176505000.95996
44.108721598368021 643613312708.22827 -643608641126.95862
44.108727197588578 648083948018.26013 -648079260240.25562
44.108732796809143 652593468061.62781 -652588764002.50916
44.1087383960297 657142279400.10754 -657137558974.90833
44.108743995250258 661730793563.43384 -661726056686.59521
44.108749594470822 666359427118.80127 -666354673704.16711
44.10875519369138 671028601741.45886 -671023831702.27039
44.108760792911937 675738744286.4176 -675733957535.30811
44.108766392132495 680490286861.297 -680485483310.2865
44.108771991353059 685283666900.32349 -685278846460.81335
44.108777590573617 690119327239.50317 -690114489822.27063
44.108783189794174 694997716192.99414 -694992861708.18689
44.108788789014739 699919287630.69153 -699914415987.82214
44.108794388235296 704884501057.04907 -704879612164.98926
44.108799987455853 709893821691.16711 -709888915458.14221
44.108805586676418 714947720548.15906 -714942796881.74207
44.108811185896975 720046674521.82629 -720041733328.93237
44.108816785117533 725191166468.66016 -725186207655.54041
44.108822384338097 730381685293.19556 -730376708765.4314
44.108827983558655 735618726034.74573 -735613731697.24255
44.108833582779212 740902789955.53809 -740897777712.51965
44.10883918199977 746234384630.27417 -746229354385.27625
44.108844781220334 751614024037.14111 -751608975693.00525
44.108850380440892 757042228650.30566 -757037162109.17297
44.108855979661449 762519525533.91357 -762514440697.21838
44.108861578882014 768046448437.62134 -768041345206.08496
44.108867178102571 773623537893.68677 -773618416167.31079
44.108872777323128 779251341315.65259 -779246200993.7124
44.108878376543693 784930413098.64722 -784925254079.68579
44.10888397576425 790661314721.32898 -790656136903.14966
44.108889574984808 796444614849.50867 -796439418129.16858
44.108895174205372 802280889441.4884 -802275673715.29175
44.10890077342593 808170721855.1355 -808165487018.62671
44.108906372646487 814114702956.72571 -814109448904.68213
44.108911971867045 820113431231.59387 -820108157858.01917
44.108917571087609 826167512896.62341 -826162220094.74011
44.108923170308167 832277562014.60278 -832272249676.84521
44.108928769528724 838444200610.49414 -838438868628.5011
44.108934368749289 844668058789.64124 -844662707054.24854
44.108939967969846 850949774857.9563 -850944403259.18958
44.108945567190403 857289995444.12 -857284603871.18701
44.108951166410968 863689375623.83203 -863683963965.11487
44.108956765631525 870148579046.1582 -870143147189.20593
44.108962364852083 876668278062.00452 -876662825893.52515
44.108967964072647 883249153854.76074 -883243681260.6134
44.108973563293205 889891896573.15417 -889886403438.34119
44.108979162513762 896597205466.35864 -896591691675.01746
44.10898476173432 903365789021.39697 -903360254456.79199
44.108990360954884 910198365102.87988 -910192809647.39429
44.108995960175442 917095661095.12878 -917090084630.2561
44.109001559395999 924058414046.72583 -924052816453.06165
44.109007158616564 931087370817.53931 -931081751974.77258
44.109012757837121 938183288228.26855 -938177648015.17322
44.109018357057678 945346933212.55798 -945341271506.98376
44.109023956278243 952579082971.73645 -952573399650.60059
44.1090295554988 959880525132.21838 -959874820071.49658
44.109035154719358 967252057905.61938 -967246330980.33655
44.109040753939922 974694490251.65186 -974688741335.87329
44.10904635316048 982208642043.84509 -982202871010.66699
44.109051952381037 989795344238.14075 -989789550959.68103
44.109057551601595 997455439044.43311 -997449623391.82178
44.109063150822159 1005189780101.0941 -1005183941944.4639
44.109068750042717 1012999232652.5566 -1012993371861.0332
44.109074349263274 1020884673730.0024 -1020878790171.6948
44.109079948483839 1028846992335.2169 -1028841085877.2074
44.109085547704396 1036887089627.6841 -1036881160136.0182
44.109091146924953 1045005879114.9761 -1044999926454.6526
44.109096746145518 1053204286846.5006 -1053198310881.4612
44.109102345366075 1061483251610.6823 -1061477252203.8013
44.109107944586633 1069843725135.6262 -1069837702148.7
44.109113543807197 1078286672293.3519 -1078280625587.0883
44.109119143027755 1086813071307.6656 -1086807000741.6731
44.109124742248312 1095423913965.731 -1095417819398.5079
44.10913034146887 1104120205833.4192 -1104114087122.343
44.109135940689434 1112902966474.5188 -1112896823475.8347
44.109141539909992 1121773229673.8669 -1121767062242.6763
44.109147139130549 1130732043664.5 -1130725851654.7495
44.109152738351113 1139780471358.8921 -1139774254623.3618
44.109158337571671 1148919590584.3604 -1148913348974.6523
44.109163936792228 1158150494322.7344 -1158144227689.2607
44.109169536012793 1167474290954.3638 -1167467999146.335
44.10917513523335 1176892104506.5437 -1176885787371.9561
44.109180734453908 1186405074906.4712 -1186398732292.0947
44.109186333674472 1196014358238.8088 -1196007989990.1753
44.10919193289503 1205721127007.9473 -1205714732969.3372
44.109197532115587 1215526570405.0674 -1215520150419.4973
44.109203131336145 1225431894580.1016 -1225425448489.3115
44.109208730556709 1235438322918.6941 -1235431850563.1345
44.109214329777267 1245547096324.2532 -1245540597543.0715
44.109219928997824 1255759473505.2114 -1255752948136.2388
44.109225528218388 1266076731267.6106 -1266070179147.3489
44.109231127438946 1276500164813.0769 -1276493585776.6846
44.109236726659503 1287031088042.3369 -1287024481923.615
44.109242325880068 1297670833864.3955 -1297664200495.7742
44.109247925100625 1308420754511.4675 -1308414093723.9915
44.109253524321183 1319282221859.7842 -1319275533483.0986
44.10925912354174 1330256627756.4114 -1330249911618.7476
44.109264722762305 1341345384352.1855 -1341338640280.3455
44.109270321982862 1352549924440.9263 -1352543152260.2686
44.10927592120342 1363871701805.0198 -1363864901339.4438
44.109281520423984 1375312191567.5332 -1375305362639.4646
44.109287119644542 1386872890551.0046 -1386866032981.3794
44.109292718865099 1398555317642.9958 -1398548431251.2446
44.109298318085663 1410361014168.6169 -1410354098772.6494
44.109303917306221 1422291544270.1389 -1422284599686.3279
44.109309516526778 1434348495293.8315 -1434341521336.9961
44.109315115747343 1446533478184.2107 -1446526474667.6001
44.1093207149679 1458848127885.8418 -1458841094621.1191
44.109326314188458 1471294103752.8313 -1471287040550.0562
44.109331913409015 1483873089966.2146 -1483865996633.8262
44.10933751262958 1496586795959.3857 -1496579672304.1853
44.109343111850137 1509436956851.7378 -1509429802678.8716
44.109348711070695 1522425333890.7148 -1522418149003.6555
44.109354310291259 1535553714902.4316 -1535546499102.9612
44.109359909511817 1548823914751.0586 -1548816667839.2495
44.109365508732374 1562237775807.157 -1562230497581.354
44.109371107952938 1575797168425.1565 -1575789858681.9578
44.109376707173496 1589503991430.1931 -1589496649964.4316
44.109382306394053 1603360172614.4617 -1603352799219.1858
44.109387905614618 1617367669243.3562 -1617360263709.8101
44.109393504835175 1631528468571.5623 -1631521030689.1663
44.109399104055733 1645844588369.3623 -1645837117925.6931
44.10940470327629 1660318077459.3396 -1660310574240.1099
44.109410302496855 1674951016263.7205 -1674943480052.7583
44.109415901717412 1689745517362.5996 -1689737947941.8281
44.10942150093797 1704703726063.2954 -1704696123212.7114
44.109427100158534 1719827820981.0483 -1719820184478.7009
44.109432699379092 1735120014631.3508 -1735112344253.3201
44.109438298599649 1750582554034.147 -1750574849554.522
44.109443897820213 1766217721330.1873 -1766209982521.0437
44.109449497040771 1782027834409.7832 -1782020061041.1614
44.109455096261328 1798015247554.2446 -1798007439394.1262
44.109460695481893 1814182352090.314 -1814174508904.5991
44.10946629470245 1830531577057.8662 -1830523698610.3499
44.109471893923008 1847065389891.1814 -1847057475943.53
44.109477493143565 1863786297114.0886 -1863778347425.8159
44.10948309236413 1880696845049.2932 -1880688859377.7361
44.109488691584687 1897799620542.2307 -1897791598642.5242
44.109494290805245 1915097251699.7417 -1915089193324.7937
44.109499890025809 1932592408643.9709 -1932584313544.4373
44.109505489246366 1950287804281.7822 -1950279672206.041
44.109511088466924 1968186195090.0422 -1968178025784.168
44.109516687687488 1986290381917.1519 -1986282175124.8882
44.109522286908046 2004603210801.2292 -2004594966263.9629
44.109527886128603 2023127573805.2949 -2023119291262.0281
44.109533485349168 2041866409869.8718 -2041858089057.1951
44.109539084569725 2060822705683.3867 -2060814346335.4507
44.109544683790283 2079999496570.7812 -2079991098419.2683
44.10955028301084 2099399867400.7964 -2099391430174.8926
44.109555882231405 2119026953512.3225 -2119018476938.6875
44.109561481451962 2138883941660.2905 -2138875425463.0286
44.10956708067252 2158974070981.5659 -2158965514882.1958
44.109572679893084 2179300633981.271 -2179292037698.6963
44.109578279113641 2199866977540.0713 -2199858340790.5488
44.109583878334199 2220676503942.8809 -2220667826439.9893
44.109589477554763 2241732671929.5532 -2241723953384.1621
44.109595076775321 2263038997768.0303 -2263030237888.2676
44.109600675995878 2284599056350.459 -2284590254841.6787
44.109606275216443 2306416482312.9033 -2306407638877.6523
44.109611874437 2328494971179.1509 -2328486085517.1353
44.109617473657558 2350838280529.2017 -2350829352337.2529
44.109623072878115 2373450231193.0757 -2373441260165.1167
44.10962867209868 2396334708470.4648 -2396325694297.4736
44.109634271319237 2419495663376.9956 -2419486605746.9712
44.109639870539795 2442937113917.6084 -2442928012515.5337
44.109645469760359 2466663146387.7368 -2466654000895.543
44.109651068980916 2490677916703.0684 -2490668726799.5977
44.109656668201474 2514985651758.4023 -2514976417119.3701
44.109662267422038 2539590650816.4971 -2539581371114.4536
44.109667866642596 2564497286927.543 -2564487961831.835
44.109673465863153 2589710008380.021 -2589700637556.7524
44.109679065083718 2615233340183.7485 -2615223923295.7407
44.109684664304275 2641071885585.9009 -2641062422292.6519
44.109690263524833 2667230327620.8022 -2667220817578.4458
44.10969586274539 2693713430694.3364 -2693703873555.6011
44.109701461965955 2720526042203.8525 -2720516437618.0181
44.109707061186512 2747673094194.4014 -2747663441807.2568
44.10971266040707 2775159605052.3257 -2775149904506.126
44.109718259627634 2802990681236.9795 -2802980932170.3999
44.109723858848191 2831171519051.6958 -2831161721099.7886
44.109729458068749 2859707406454.8887 -2859697559249.0366
44.109735057289313 2888603724912.3447 -2888593828080.2153
44.109740656509871 2917865951291.7041 -2917856004457.2026
44.109746255730428 2947499659800.2188 -2947489662583.4404
44.109751854950993 2977510523966.9609 -2977500475984.1426
44.10975745417155 3007904318670.5474 -3007894219534.0186
44.109763053392108 3038686922213.5015 -3038676771531.6348
44.109768652612665 3069864318444.4878 -3069854115821.6475
44.10977425183323 3101442598929.7393 -3101432343966.23
44.109779851053787 3133427965174.9038 -3133417657466.9189
44.109785450274344 3165826730898.5093 -3165816370038.0776
44.109791049494909 3198645324358.4219 -3198634909933.3545
44.109796648715466 3231890290732.7563 -3231879822326.5908
44.109802247936024 3265568294556.6104 -3265557771748.5552
44.109807847156588 3299686122216.1079 -3299675544580.9878
44.109813446377146 3334250684501.1675 -3334240051609.3643
44.109819045597703 3369269019218.605 -3369258330636
44.109824644818268 3404748293867.2144 -3404737549155.1304
44.109830244038825 3440695808376.2925 -3440685007091.4321
44.109835843259383 3477118997909.4351 -3477108139603.8208
44.10984144247994 3514025435735.3364 -3514014519956.2485
44.109847041700505 3551422836167.2632 -3551411862457.1768
44.109852640921062 3589319057573.1108 -3589308025469.6318
44.109858240141619 3627722105457.9604 -3627711014493.7603
44.109863839362184 3666640135621.0288 -3666628985323.7788
44.109869438582741 3706081457389.0493 -3706070247281.354
44.109875037803299 3746054536928.0757 -3746043266527.4038
44.109880637023863 3786568000635.9048 -3786556669454.521
44.109886236244421 3827630638617.2397 -3827619246162.1343
44.109891835464978 3869251408243.8345 -3869239954016.6504
44.109897434685543 3911439437802.0493 -3911427921299.0107
44.1099030339061 3954204030230.188 -3954192450942.0264
44.109908633126658 3997554666947.916 -3997543024359.7944
44.109914232347215 4041501011780.4551 -4041489305371.8926
44.10991983156778 4086052914980.1143 -4086041144224.9082
44.109925430788337 4131220417347.751 -4131208581713.8979
44.109931030008894 4177013754457.1025 -4177001853406.7178
44.109936629229459 4223443360984.8306 -4223431393974.0674
44.109942228450016 4270519875149.0674 -4270507841628.0342
44.109947827670574 4318254143259.5742 -4318242042672.2495
44.109953426891138 4366657224382.6675 -4366645056166.8149
44.109959026111696 4415740395124.1865 -4415728158711.2676
44.109964625332253 4465515154533.7949 -4465502849348.8809
44.109970224552818 4515993229133.7783 -4515980854595.459
44.109975823773375 4567186578076.3369 -4567174133596.6299
44.109981422993933 4619107398432.8457 -4619094883417.1035
44.10998702221449 4671768130618.5537 -4671755544465.3691
44.109992621435055 4725181463957.0098 -4725168806058.1182
44.109998220655612 4779360342387.9229 -4779347612128.1055
44.110003819876169 4834317970322.8428 -4834305167079.8271
44.110009419096734 4890067818652.6523 -4890054941797.0098
44.110015018317291 4946623630911.4414 -4946610679806.4854
44.110020617537849 5003999429601.1895 -5003986403602.8682
44.110026216758413 5062209522682.0889 -5062196421138.8818
44.110031815978971 5121268510233.207 -5121255332486.0137
44.110037415199528 5181191291288.3887 -5181178036670.4199
44.110043014420093 5241993070852.748 -5241979738689.4121
44.11004861364065 5303689367104.9307 -5303675956713.7188
44.110054212861208 5366296018790.7588 -5366282529481.1299
44.110059812081765 5429829192813.8115 -5429815623887.0732
44.11006541130233 5494305392028.6572 -5494291742777.8447
44.110071010522887 5559741463242.916 -5559727732952.6699
44.110076609743444 5626154605434.6143 -5626140793381.0557
44.110082208964009 5693562378190.8916 -5693548483641.4932
44.110087808184566 5761982710374.9199 -5761968732588.3789
44.110093407405124 5831433909027.917 -5831419847254.0215
44.110099006625688 5901934668513.2002 -5901920521992.6963
44.110104605846246 5973504079909.8125 -5973489847874.2666
44.110110205066803 6046161640663.1641 -6046147322334.8242
44.110115804287368 6119927264500.707 -6119912859092.3613
44.110121403507925 6194821291620.4268 -6194806798335.2588
44.110127002728483 6270864499160.9395 -6270849917192.3818
44.11013260194904 6348078111961.4766 -6348063440493.0596
44.110138201169605 6426483813621.1025 -6426469051826.3047
44.110143800390162 6506103757866.1719 -6506088904908.2627
44.110149399610719 6586960580235.333 -6586945635267.2148
44.110154998831284 6669077410092.7246 -6669062372256.7734
44.110160598051841 6752477882978.7148 -6752462751406.6133
44.110166197272399 6837186153309.7881 -6837170927122.3604
44.110171796492963 6923226907437.7695 -6923211585744.8115
44.110177395713521 7010625377079.7998 -7010609958979.9043
44.110182994934078 7099407353131.0605 -7099391837711.4404
44.110188594154643 7189599199872.668 -7189583586208.9766
44.1101941933752 7281227869586.6318 -7281212156742.7803
44.110199792595758 7374320917591.2021 -7374305104619.1709
44.110205391816315 7468906517710.2314 -7468890603649.8799
44.11021099103688 7565013478190.5186 -7564997462069.3896
44.110216590257437 7662671258081.3828 -7662655138914.5088
44.110222189477994 7761909984091.5244 -7761893760881.2207
44.110227788698559 7862760467938.4004 -7862744139674.0615
44.110233387919116 7965254224206.9434 -7965237789864.833
44.110238987139674 8069423488733.5576 -8069406947276.5938
44.110244586360238 8175301237532.8125 -8175284587910.3516
44.110250185580796 8282921206284.5938 -8282904447432.2051
44.110255784801353 8392317910400.6162 -8392301041239.8584
44.110261384021918 8503526665689.124 -8503509685127.3115
44.110266983242475 8616583609637.5283 -8616566516567.4961
44.110272582463033 8731525723333.8311 -8731508516633.6924
44.11027818168359 8848390854048.7617 -8848373532581.666
44.110283780904155 8967217738499.6875 -8967200301113.5684
44.110289380124712 9088046026819.6309 -9088028472346.9473
44.110294979345269 9210916307256.2266 -9210898634513.707
44.110300578565834 9335870131624.4492 -9335852339412.8262
44.110306177786391 9462950041538.0312 -9462932128641.7676
44.110311777006949 9592199595446.9434 -9592181560633.9531
44.110317376227513 9723663396509.6191 -9723645238530.9902
44.110322975448071 9857387121327.1758 -9857368838916.877
44.110328574668628 9993417549570.1953 -9993399141444.7852
44.110334173889186 10131802594528.107 -10131784059386.436
44.11033977310975 10272591334613.227 -10272572671136.121
44.110345372330308 10415834045853.965 -10415815252703.924
44.110350971550865 10561582235410.869 -10561563311231.74
44.11035657077143 10709888676151.623 -10709869619568.277
44.110362169991987 10860807442322.109 -10860788251940.109
44.110367769212544 11014393946352.121 -11014374620757.379
44.110373368433109 11170704976836.441 -11170685514594.871
44.110378967653666 11329798737733.385 -11329779137390.549
44.110384566874224 11491734888824.09 -11491715148904.832
44.110390166094788 11656574587477.859 -11656554706485.943
44.110395765315346 11824380531769.447 -11824360508187.174
44.110401364535903 11995217004997.881 -11995196837285.701
44.110406963756461 12169149921657.479 -12169129608253.602
44.110412562977025 12346246874915.141 -12346226414235.129
44.110418162197583 12526577185647.045 -12526556576083.4
44.11042376141814 12710211953093.57 -12710191193015.316
44.110429360638705 12897224107190.957 -12897203194943.207
44.110434959859262 13087688462641.188 -13087667396544.705
44.110440559079819 13281681774785.75 -13281660553136.502
44.110446158300384 13479282797349.117 -13479261418417.811
44.110451757520941 13680572342122.064 -13680550804153.678
44.110457356741499 13885633340659 -13885611641872.301
44.110462955962063 14094550908064.141 -14094529046651.201
44.110468555182621 14307412408943.99 -14307390383069.68
44.110474154403178 14524307525608.896 -14524285333410.367
44.110479753623736 14745328328611.197 -14745305968197.363
44.1104853528443 14970569349706.721 -14970546819157.715
44.110490952064858 15200127657334.201 -15200104954700.832
44.110496551285415 15434102934709.178 -15434080058012.365
44.11050215050598 15672597560631.111 -15672574507861.311
44.110507749726537 15915716693111.645 -15915693462228.258
44.110513348947094 16163568355933.461 -16163544944864.234
44.110518948167659 16416263528254.09 -16416239934894.5
44.110524547388216 16673916237374.289 -16673892459586.91
44.110530146608774 16936643654793.953 -16936619690407.811
44.110535745829338 17204566195688.096 -17204542042498.01
44.110541345049896 17477807621936.221 -17477783277702.125
44.110546944270453 17756495148848.812 -17756470611295.062
44.110552543491011 18040759555738.379 -18040734822553.047
44.110558142711575 18330735300488.238 -18330710369322.379
44.110563741932133 18626560638284.328 -18626535506751.25
44.11056934115269 18928377744669.277 -18928352410343.766
44.110574940373255 19236332843103.762 -19236307303521.301
44.110580539593812 19550576337222.375 -19550550589878.355
44.110586138814369 19871262947963.977 -19871236990312.875
44.110591738034934 20198551855783.918 -20198525685238.453
44.110597337255491 20532606848161.246 -20532580462091.523
44.110602936476049 20873596472616.352 -20873569868348.984
44.110608535696613 21221694195467.816 -21221667370285.012
44.110614134917171 21577078566573.582 -21577051517712.234
44.110619734137728 21939933390305.52 -21939906114956.242
44.110625333358286 22310447903017.578 -22310420398323.738
44.11063093257885 22688816957291.617 -22688789220348.344
44.110636531799408 23075241213238.551 -23075213241091.711
44.110642131019965 23469927337157.465 -23469899126802.605
44.11064773024053 23873088207881.332 -23873059756262.613
44.110653329461087 24284943131128.387 -24284914435137.473
44.110658928681644 24705718062209.832 -24705689118684.762
44.110664527902209 25135645837459.113 -25135616643183.141
44.110670127122766 25574966414759.035 -25574936966459.438
44.110675726343324 26023927123569.711 -26023897417916.559
44.110681325563888 26482782924877.668 -26482752958482.578
44.110686924784446 26951796681501.012 -26951766450915.855
44.110692524005003 27431239439213.93 -27431208940929.508
44.110698123225561 27921390719175.418 -27921359949620.109
44.110703722446125 28422538822162.484 -28422507777700.844
44.110709321666683 28934981145149.664 -28934949822080.996
44.11071492088724 29459024510785.594 -29458992905342.48
44.110720520107805 29994985510356.473 -29994953618703.266
44.110726119328362 30543190860852.305 -30543158679083.566
44.110731718548919 31103977776786.07 -31103945300924.988
44.110737317769484 31677694357440.406 -31677661583437.148
44.110742916990041 32264699990259.324 -32264666913989.359
44.110748516210599 32865365771142.07 -32865332388404.43
44.110754115431163 33480074942420.953 -33480041248936.465
44.110759714651721 34109223349357.562 -34109189340767.012
44.110765313872278 34753219916026.801 -34753185587889.055
44.110770913092836 35412487141519.883 -35412452489309.961
44.1107765123134 36087461617420.867 -36087426636527.938
44.110782111533958 36778594567580.852 -36778559253306.211
44.110787710754515 37486352411266.82 -37486316758821.773
44.11079330997508 38211217350798.953 -38211181355302.641
44.110798909195637 38953687984896.922 -38953651641374.109
44.110804508416194 39714279948971.523 -39714243252350.297
44.110810107636759 40493526583662.234 -40493489528771.656
44.110815706857316 41291979633047.203 -41291942214614.867
44.110821306077874 42110209973987.172 -42110172186636.703
44.110826905298438 42948808378136.211 -42948770216384.695
44.110832504518996 43808386308283.398 -43808347766538.742
44.110838103739553 44689576750712.289 -44689537823270.469
44.110843702960111 45593035085429.25 -45592995766471.508
44.110849302180675 46519439996178.438 -46519400279768.375
44.110854901401233 47469494422269.727 -47469454302350.32
44.11086050062179 48443926554381.672 -48443886024772.203
44.110866099842355 49443490876569.031 -49443449930961.898
44.110871699062912 50468969256897.164 -50468927888854.617
44.110877298283469 51521172089251.758 -51521130292202.516
44.110882897504034 52600939488986.828 -52600897256222.609
44.110888496724591 53709142545239.305 -53709099869911.234
44.110894095945149 54846684632925.203 -54846641508040.109
44.110899695165713 56014502787578.492 -56014459205995.086
44.110905294386271 57213569146421.359 -57213525100846.289
44.110910893606828 58444892459217.109 -58444847942200.898
44.110916492827386 59709519672658.883 -59709474676591.734
44.11092209204795 61008537592308.594 -61008492109416.039
44.110927691268508 62343074626348.195 -62343028648686.625
44.110933290489065 63714302615603.555 -63714256135055.594
44.11093888970963 65123438754657.93 -65123391762927.648
44.110944488930187 66571747609077.352 -66571700097685.359
44.110950088150744 68060543234121.875 -68060495194400.18
44.110955687371309 69591191400676.367 -69591142823763.133
44.110961286591866 71165111934461.734 -71165062811295.812
44.110966885812424 72783781174931.516 -72783731496246.812
44.110972485032988 74448734560761.938 -74448684317081.625
44.110978084253546 76161569349122.188 -76161518530752.609
44.110983683474103 77923947476536.922 -77923896073561.422
44.110989282694661 79737598569594.312 -79737546571866.75
44.110994881915225 81604323114144.453 -81604270511282.531
44.111000481135783 83525995792504.656 -83525942573883.016
44.11100608035634 85504568998482.594 -85504515153225.641
44.111011679576904 87542076540905.047 -87542022057879.562
44.111017278797462 89640637546813.688 -89640582414621.156
44.111022878018019 91802460576498.703 -91802404783467.359
44.111028477238584 94029847963157.672 -94029791497334.25
44.111034076459141 96325200390862.297 -96325143240003.5
44.111039675679699 98691021725570.188 -98690963877133.859
44.111045274900263 101129924114665.59 -101129865555801.5
44.111050874120821 103644633371840.22 -103644574089380.56
44.111056473341378 106237994665144.14 -106237934645593.67
44.111062072561936 108912978527300.36 -108912917756826.16
44.1110676717825 111672687208573.03 -111672625672993.86
44.111073271003058 114520361394083.62 -114520299078858.91
44.111078870223615 117459387309089.81 -117459324199308.16
44.111084469444179 120493304237197.09 -120493240317564.44
44.111090068664737 123625812478196.66 -123625747733023.88
44.111095667885294 126860781774425.19 -126860716187615.27
44.111101267105859 130202260236599.84 -130202193791634.52
44.111106866326416 133654483802127.08 -133654416482052.98
44.111112465546974 137221886261306.48 -137221818048720.75
44.111118064767538 140909109889663.47 -140909040766698.69
44.111123663988096 144721016727407.69 -144720946675716.34
44.111129263208653 148662700550201.19 -148662629550939.41
44.111134862429211 152739499578323.19 -152739427612133.81
44.111140461649775 156957009975469 -156956937022464.03
44.111146060870333 161321100192190.91 -161321026231933.16
44.11115166009089 165837926212557.78 -165837851224041.84
44.111157259311454 170513947768045.28 -170513871729677.53
44.111162858532012 175355945587561.03 -175355868477139
44.111168457752569 180371039757423.91 -180370961552114.62
44.111174056973134 185566709270854.44 -185566629947171.88
44.111179656193691 190950812853887.12 -190950732387668.69
44.111185255414249 196531611160936.94 -196531529527318.97
44.111190854634813 202317790439992.31 -202317707613384.44
44.111196453855371 208318487777438.66 -208318403731497.06
44.111202053075928 214543318039837.62 -214543232747437.09
44.111207652296486 221002402640749.25 -221002316073954
44.11121325151705 227706400270823.12 -227706312400856.31
44.111218850737608 234666539740774.03 -234666450537985.81
44.111224449958165 241894655100799.62 -241894564534633.84
44.111230049178729 249403223212591.94 -249403131251551.16
44.111235648399287 257205403965890.03 -257205310577499.12
44.111241247619844 265315083347499.94 -265314988498267.78
44.111246846840409 273746919589785.72 -273746823245165.16
44.111252446060966 282516392645493.44 -282516294769839.31
44.111258045281524 291639857257121.25 -291639757813646.5
44.111263644502088 301134599913257.31 -301134498863986.81
44.111269243722646 311018900010784.25 -311018797316506.44
44.111274842943203 321312095571872.44 -321311991192088.69
44.111280442163761 332034653893812.5 -332034547786683.69
44.111286041384325 343208247549216.81 -343208139671507.62
44.111291640604883 354855836188184.5 -354855726495204.56
44.11129723982544 367001754638731.94 -367001643084274.06
44.111302839046004 379671807851788.06 -379671694388063.44
44.111308438266562 392893373284248.31 -392893257861818.19
44.111314037487119 406695511373566.56 -406695393941270.5
44.111319636707684 421109084820163.19 -421108965325043.38
44.111325235928241 436166887466296.12 -436166765853517.75
44.111330835148799 451903783637087.38 -451903659849854.69
44.111336434369363 468356858895035 -468356732874503
44.111342033589921 485565583255489.38 -485565454940670.44
44.111347632810478 503571988018757.19 -503571857346422.69
44.111353232031036 522420857493896.56 -522420724398472.94
44.1113588312516 542159937021192.12 -542159801434651.25
44.111364430472157 562840158844199.5 -562840020695942.62
44.111370029692715 584515887551709.5 -584515746768444.88
44.111375628913279 607245186991799.62 -607245043497412.62
44.111381228133837 631090110767555.12 -631089964482971.12
44.111386827354394 656117018646982 -656116869490021.12
44.111392426574959 682396921485197.62 -682396769370420.75
44.111398025795516 710005857544134.12 -710005702382679.62
44.111403625016074 739025303415365.5 -739025145114776.25
44.111409224236631 769542623114593.38 -769542461578633
44.111414823457196 801651559334857.62 -801651394463315.5
44.111420422677753 835452771296662.12 -835452602985146
44.111426021898311 871054424159989.75 -871054252299705.12
44.111431621118875 908572835555074.62 -908572660032590.75
44.111437220339432 948133185437030 -948133006134029.75
44.11144281955999 989870296243692.38 -989870113036706.5
44.111448418780554 1033929491172213.1 -1033929303932336.6
44.111454018001112 1080467539363199.2 -1080467347955789
44.111459617221669 1129653697883399.5 -1129653502167751.5
44.111465216442234 1181670861644785.5 -1181670661473789.5
44.111470815662791 1236716833837237.2 -1236716629057008.5
44.111476414883349 1295005731062002 -1295005521511486.5
44.111482014103906 1356769539215697.8 -1356769324726249.8
44.111487613324471 1422259838341945.5 -1422259618736875
44.111493212545028 1491749717055674.8 -1491749492149762.2
44.111498811765586 1565535899987046 -1565535669586021
44.11150441098615 1643941114922279 -1643940878822260.5
44.111510010206707 1727316730019582.8 -1727316488006478
44.111515609427265 1816045695762147 -1816045447611003.8
44.111521208647829 1910545831285797 -1910545576760106
44.111526807868387 2011273500462118 -2011273239313061.2
44.111532407088944 2118727729818286 -2118727461783925.5
44.111538006309509 2233454828039253.2 -2233454552843654.5
44.111543605530066 2356053575907466.5 -2356053293259751.5
44.111549204750624 2487181065981736.5 -2487180775575058
44.111554803971181 2627559283665305 -2627558985175735
44.111560403191746 2777982535862952 -2777982228948276.5
44.111566002412303 2939325850177104 -2939325534475515
44.111571601632861 3112554487511909 -3112554162640581.5
44.111577200853425 3298734734581945.5 -3298734400135489
44.111582800073982 3499046170684010 -3499045826232780.5
44.11158839929454 3714795635817233 -3714795280905492
44.111593998515104 3947433166418315.5 -3947432800562218.5
44.111599597735662 4198570211647749 -4198569834333145.5
44.111605196956219 4470000498475501.5 -4470000109155523
44.111610796176784 4763723980809658 -4763723578902075
44.111616395397341 5081974387395026 -5081973972279343
44.111621994617899 5427250979390620 -5427250550404878
44.111627593838456 5802355245061230 -5802354801498484
44.111633193059021 6210433399320368 -6210432940424803
44.111638792279578 6655025726019229 -6655025250981858
44.111644391500135 7140124009705573 -7140123517659483
44.1116499907207 7670238557955666 -7670238047970734
44.111655589941257 8250476626672893 -8250476097749922
44.111661189161815 8886634445732702 -8886633896796885
44.111666788382379 9585305516576042 -9585304946469674
44.111672387602937 10354008443022424 -10354007850496754
44.111677986823494 11201338287797548 -11201337671503646
44.111683586044059 12137146367491450 -12137145725969960
44.111689185264616 13172754547923322 -13172753879592924
44.111694784485174 14321211553797660 -14321210856942058
44.111700383705731 15597600651216720 -15597599923969926
44.111705982926296 17019410399344096 -17019409639673750
44.111711582146853 18606983170092576 -18606982375780984
44.11171718136741 20384059988193920 -20384059156816428
44.111722780587975 22378445238210284 -22378444367110564
44.111728379808532 24622821268790772 -24622820355052476
44.11173397902909 27155751406469520 -27155750446883672
44.111739578249654 30022921071058560 -30022920062085904
