# serie phase 2 p5_w2.27_c1.20_dt2s4_k2 : t x1 x2 (dt2=2.7996102798059688e-06, depart t=11.388 etat bascule x1 x2 v1 v2 = 39134.313482382669 -38834.743946464958 1704821.6722389129 -1699575.6259041994)
11.459614030957436 495813968.47801501 -495800815.4303453
11.459616830567716 496853254.97226834 -496840090.90318924
11.459619630177995 497895375.29908288 -497882200.19242245
11.459622429788276 498940338.97467953 -498927152.81423199
11.459625229398554 499988155.55325115 -499974958.32277673
11.459628029008835 501038834.62713814 -501025626.31036288
11.459630828619115 502092385.82700467 -502079166.40762049
11.459633628229394 503148818.82201642 -503135588.28368086
11.459636427839675 504208143.32001859 -504194901.64635485
11.459639227449955 505270369.06771541 -505257116.24231225
11.459642027060234 506335505.85085034 -506322241.85726184
11.459644826670514 507403563.49438709 -507390288.31613272
11.459647626280793 508474551.86269188 -508461265.4832564
11.459650425891073 509548480.85971653 -509535183.26254976
11.459653225501354 510625360.42918247 -510612051.59769928
11.459656025111633 511705200.5547657 -511691880.47234595
11.459658824721913 512788011.26028293 -512774679.91027129
11.459661624332192 513873802.60987854 -513860459.97558451
11.459664423942472 514962584.70821249 -514949230.77291018
11.459667223552753 516054367.70064938 -516041002.44757742
11.459670023163032 517149161.77344829 -517135785.18580979
11.459672822773312 518246977.15395397 -518233589.21491647
11.459675622383592 519347824.11078882 -519334424.80348402
11.459678421993871 520451712.95404571 -520438302.26156956
11.459681221604152 521558654.03548229 -521545231.94089478
11.45968402121443 522668657.74871582 -522655224.23504096
11.459686820824711 523781734.5294196 -523768289.57964522
11.459689620434991 524897894.85551977 -524884438.4525975
11.45969242004527 526017149.24739379 -526003681.37423891
11.459695219655551 527139508.26806962 -527126028.907561
11.459698019265829 528264982.52342606 -528251491.65840602
11.45970081887611 529393582.66239417 -529380080.27566838
11.45970361848639 530525319.37715977 -530511805.45149714
11.459706418096669 531660203.40336704 -531646677.92149967
11.45970921770695 532798245.5203231 -532784708.46494615
11.45971201731723 533939456.55120385 -533925907.90497547
11.459714816927509 535083847.36326081 -535070287.10880196
11.459717616537789 536231428.86802894 -536217856.98792338
11.459720416148068 537382212.02153599 -537368628.49833012
11.459723215758348 538536207.82451236 -538522612.64071512
11.459726015368629 539693427.32260275 -539679820.46068549
11.459728814978908 540853881.60657835 -540840263.04897475
11.459731614589188 542017581.81255078 -542003951.54165673
11.459734414199467 543184539.12218654 -543170897.12036014
11.459737213809747 544354764.76292312 -544341111.01248443
11.459740013420028 545528270.00818598 -545514604.49141693
11.459742813030307 546705066.17760682 -546691388.8767513
11.459745612640587 547885164.63724315 -547871475.53450656
11.459748412250867 549068576.79979849 -549054875.87734795
11.459751211861146 550255314.12484467 -550241601.36480868
11.459754011471427 551445388.11904466 -551431663.5035131
11.459756811081705 552638810.33637679 -552625073.84740078
11.459759610691986 553835592.37836003 -553821843.99795198
11.459762410302266 555035745.89428091 -555021985.60441422
11.459765209912545 556239282.58142114 -556225510.36403012
11.459768009522826 557446214.18528676 -557432430.02226651
11.459770809133104 558656552.49983871 -558642756.37304509
11.459773608743385 559870309.36772418 -559856501.25897372
11.459776408353665 561087496.68050969 -561073676.57157934
11.459779207963944 562308126.37891495 -562294294.25154197
11.459782007574224 563532210.45304871 -563518366.28893065
11.459784807184503 564759760.94264483 -564745904.72343957
11.459787606794784 565990789.93730092 -565976921.64462626
11.459790406405064 567225309.57671714 -567211429.19215071
11.459793206015343 568463332.05093694 -568449439.55601645
11.459796005625623 569704869.60058916 -569690964.97681177
11.459798805235904 570949934.51713073 -570936017.7459532
11.459801604846183 572198539.1430918 -572184610.20593047
11.459804404456463 573450695.87232125 -573436754.75055194
11.459807204066742 574706417.1502341 -574692463.82519174
11.459810003677022 575965715.47405994 -575951749.92703855
11.459812803287303 577228603.39309299 -577214625.60534561
11.459815602897581 578495093.50894344 -578481103.46168196
11.459818402507862 579765198.4757899 -579751196.15018511
11.459821202118141 581038931.00063407 -581024916.37781525
11.459824001728421 582316303.84355557 -582302276.90461063
11.459826801338702 583597329.81796932 -583583290.54394472
11.45982960094898 584882021.79088354 -584867970.16278398
11.459832400559261 586170392.68315959 -586156328.68194783
11.459835200169541 587462455.46977293 -587448379.07636988
11.45983799977982 588758223.18007612 -588744134.37536061
11.459840799390101 590057708.89806247 -590043607.66287124
11.459843599000379 591360925.76263189 -591346812.07775927
11.45984639861066 592667886.96785736 -592653760.81405532
11.45984919822094 593978605.76325405 -593964467.12123191
11.459851997831219 595293095.45404863 -595278944.30447328
11.459854797441499 596611369.40145123 -596597205.7249465
11.459857597051778 597933441.02292776 -597919264.80007482
11.459860396662059 599259323.7924751 -599245135.00381184
11.459863196272339 600589031.24089634 -600574829.86691773
11.459865995882618 601922576.95607889 -601908362.97723651
11.459868795492898 603259974.58327293 -603245747.97997499
11.459871595103179 604601237.82537246 -604586998.5779835
11.459874394713458 605946380.44319725 -605932128.53203833
11.459877194323738 607295416.25577652 -607281151.66112483
11.459879993934017 608648359.14063442 -608634081.84272325
11.459882793544297 610005223.03407681 -609990933.0130955
11.459885593154578 611366021.93147969 -611351719.16757321
11.459888392764856 612730769.88757944 -612716454.36084867
11.459891192375137 614099481.0167644 -614085152.70726573
11.459893991985416 615472169.49336839 -615457828.38111365
11.459896791595696 616848849.55196559 -616834495.6169219
11.459899591205977 618229535.48766708 -618215168.70975685
11.459902390816255 619614241.65641928 -619599862.01551986
11.459905190426536 621002982.47530401 -620988589.95124781
11.459907990036816 622395772.42284 -622381366.99541402
11.459910789647095 623792626.03928626 -623778207.6882323
11.459913589257376 625193557.92694724 -625179126.63196158
11.459916388867654 626598582.75047934 -626584138.49121284
11.459919188477935 628007715.2371999 -627993257.9932574
11.459921988088215 629420970.17739677 -629406499.92833745
11.459924787698494 630838362.42464089 -630823879.14997792
11.459927587308774 632259906.89609957 -632245410.57529998
11.459930386919053 633685618.57285213 -633671109.18533659
11.459933186529334 635115512.5002073 -635100990.02535021
11.459935986139614 636549603.78802228 -636535068.20515132
11.459938785749893 637987907.61102331 -637973358.89941955
11.459941585360173 639430439.20912862 -639415877.34802639
11.459944384970454 640877213.88777316 -640862638.85635984
11.459947184580733 642328247.01823449 -642313658.79565024
11.459949984191013 643783554.03796124 -643768952.60329902
11.459952783801292 645243150.45090306 -645228535.78320861
11.459955583411572 646707051.82784271 -646692423.9061141
11.459958383021853 648175273.80672967 -648160632.6099174
11.459961182632131 649647832.09301603 -649633177.60002279
11.459963982242412 651124742.45999396 -651110074.64967453
11.459966781852691 652606020.74913526 -652591339.60029626
11.459969581462971 654091682.87043297 -654076988.36183286
11.459972381073252 655581744.80274463 -655567036.91309357
11.45997518068353 657076222.59413791 -657061501.30209744
11.459977980293811 658575132.36223745 -658560397.6464206
11.459980779904091 660078490.29457486 -660063742.13354588
11.45998357951437 661586312.64893949 -661571551.02121353
11.459986379124651 663098615.75373185 -663083840.63777506
11.459989178734929 664615416.00831926 -664600627.38254857
11.45999197834521 666136729.88339293 -666121927.7261759
11.45999477795549 667662573.92132747 -667647758.2109822
11.459997577565769 669192964.73654246 -669178135.45133734
11.460000377176049 670727919.01586604 -670713076.13401961
11.460003176786328 672267453.51890016 -672252597.01858103
11.460005976396609 673811585.07838881 -673796714.93771553
11.460008776006889 675360330.60058761 -675345446.7976284
11.460011575617168 676913707.06563604 -676898809.57840872
11.460014375227448 678471731.52793121 -678456820.33440316
11.460017174837729 680034421.11650443 -680019496.19459212
11.460019974448008 681601793.03539956 -681586854.36296868
11.460022774058288 683173864.56405354 -683158912.11891878
11.460025573668567 684750653.05767941 -684735686.8176043
11.460028373278847 686332175.94765127 -686317195.89034796
11.460031172889128 687918450.7418915 -687903456.84502077
11.460033972499406 689509495.02526045 -689494487.26643121
11.460036772109687 691105326.45994771 -691090304.81671739
11.460039571719966 692705962.78586686 -692690927.23574066
11.460042371330246 694311421.82105112 -694296372.3414824
11.460045170940527 695921721.46205246 -695906658.03044212
11.460047970550805 697536879.68434215 -697521802.27803886
11.460050770161086 699156914.54271412 -699141823.13901377
11.460053569771365 700781844.17169058 -700766738.74783647
11.460056369381645 702411686.78593004 -702396567.31911254
11.460059168991926 704046460.68063748 -704031327.14799392
11.460061968602204 705686184.23197711 -705671036.61059165
11.460064768212485 707330875.89748764 -707315714.16439092
11.460067567822765 708980554.21649957 -708965378.34866881
11.460070367433044 710635237.81055534 -710620047.78491414
11.460073167043324 712294945.38383162 -712279741.17724955
11.460075966653603 713959695.72356427 -713944477.31285703
11.460078766263884 715629507.70047581 -715614275.06240487
11.460081565874164 717304400.26920509 -717289153.38047755
11.460084365484443 718984392.46873963 -718969131.3060081
11.460087165094723 720669503.42285085 -720654227.96271324
11.460089964705002 722359752.34053147 -722344462.55953074
11.460092764315283 724055158.51643527 -724039854.3910594
11.460095563925563 725755741.33132017 -725740422.83800209
11.460098363535842 727461520.25249326 -727446187.36761034
11.460101163146122 729172514.83425856 -729157167.53413284
11.460103962756403 730888744.7183677 -730873382.97926545
11.460106762366681 732610229.63447273 -732594853.43260443
11.460109561976962 734336989.40058219 -734321598.71210229
11.460112361587241 736069043.92351949 -736053638.72452605
11.460115161197521 737806413.19938409 -737790993.4659189
11.460117960807802 739549117.31401551 -739533683.02206385
11.46012076041808 741297176.44346011 -741281727.56895053
11.460123560028361 743050610.85444009 -743035147.37324429
11.46012635963864 744809440.90482616 -744793962.79275858
11.46012915924892 746573687.04411221 -746558194.27693021
11.460131958859201 748343369.81389344 -748327862.36729681
11.460134758469479 750118509.84834671 -750102987.69797778
11.46013755807976 751899127.87471426 -751883590.99615753
11.46014035769004 753685244.71378994 -753669693.08257198
11.460143157300319 755476881.2804085 -755461314.87199771
11.460145956910599 757274058.58393764 -757258477.37374413
11.460148756520878 759076797.72877347 -759061201.69214869
11.460151556131159 760885119.91483808 -760869509.02707505
11.460154355741439 762699046.43808103 -762683420.6744138
11.460157155351718 764518598.69098294 -764502958.02658653
11.460159954961998 766343798.16306281 -766328142.573053
11.460162754572277 768174666.44138789 -768158995.90082109
11.460165554182558 770011225.21108687 -769995539.69495976
11.460168353792838 771853496.25586581 -771837795.73911548
11.460171153403117 773701501.45852768 -773685785.91603112
11.460173953013397 775555262.80149472 -775539532.20806873
11.460176752623678 777414802.36733365 -777399056.69773495
11.460179552233956 779280142.33928466 -779264381.56820929
11.460182351844237 781151305.00179279 -781135529.10387599
11.460185151454516 783028312.74104321 -783012521.69085944
11.460187951064796 784911188.04549944 -784895381.81756198
11.460190750675077 786799953.50644493 -786784132.07520568
11.460193550285355 788694631.81852758 -788678795.15837717
11.460196349895636 790595245.78030789 -790579393.86557508
11.460199149505915 792501818.29481018 -792485951.09976208
11.460201949116195 794414372.37007737 -794398489.8689189
11.460204748726476 796332931.11972868 -796317033.28660262
11.460207548336754 798257517.76352119 -798241604.57250774
11.460210347947035 800188155.62791443 -800172227.05303121
11.460213147557315 802124868.14663887 -802108924.16184056
11.460215947167594 804067678.86126709 -804051719.44044542
11.460218746777874 806016611.42178929 -806000636.53877282
11.460221546388153 807971689.58719158 -807955699.21574533
11.460224345998434 809932937.22603822 -809916931.33986354
11.460227145608714 811900378.31705701 -811884356.88979149
11.460229945218993 813874036.94972873 -813857999.95494592
11.460232744829273 815853937.32487953 -815837884.73608875
11.460235544439552 817840103.75527763 -817824035.54592383
11.460238344049833 819832560.66623306 -819816476.80969632
11.460241143660113 821831332.59620118 -821815233.06579697
11.460243943270392 823836444.19739056 -823820328.96636915
11.460246742880672 825847920.23637331 -825831789.27791977
11.460249542490953 827865785.59470046 -827849638.88193417
11.460252342101231 829890065.26952004 -829873902.77549505
11.460255141711512 831920784.37419975 -831904606.07190406
11.460257941321791 833957968.13895273 -833941774.0013082
11.460260740932071 836001641.91146779 -835985431.91132998
11.460263540542352 838051831.15754306 -838035605.26770103
11.46026634015263 840108561.4617238 -840092319.65489984
11.460269139762911 842171858.52794409 -842155600.77679348
11.46027193937319 844241748.1801722 -844225474.45728326
11.46027473898347 846318256.36306036 -846301966.6409539
11.460277538593751 848401409.14259803 -848385103.3937273
11.460280338204029 850491232.70676959 -850474910.90352011
11.46028313781431 852587753.36621594 -852571415.48090506
11.46028593742459 854690997.55490005 -854674643.55977702
11.460288737034869 856800991.83077705 -856784621.6980226
11.460291536645149 858917762.8764677 -858901376.5781939
11.460294336255428 861041337.49993694 -861024935.00818694
11.460297135865709 863171742.63517594 -863155323.92192376
11.460299935475989 865309005.34288859 -865292570.38003898
11.460302735086268 867453152.8111825 -867436701.57057047
11.460305534696548 869604212.35626388 -869587744.80965471
11.460308334306827 871762211.42313695 -871745727.54222596
11.460311133917108 873927177.58630764 -873910677.34272003
11.460313933527388 876099138.55049181 -876082621.91578209
11.460316733137667 878278122.15132737 -878261589.0969795
11.460319532747947 880464156.35609138 -880447606.85351837
11.460322332358226 882657269.26442158 -882640703.28496516
11.460325131968506 884857489.10904193 -884840906.62397265
11.460327931578787 887064844.25649345 -887048245.23701
11.460330731189066 889279363.2078687 -889262747.62509811
11.460333530799346 891501074.59955192 -891484442.4245491
11.460336330409627 893730007.20396256 -893713358.40771008
11.460339130019905 895966189.93030465 -895949524.48371255
11.460341929630186 898209651.82531989 -898192969.69922543
11.460344729240465 900460422.07404602 -900443723.23921335
11.460347528850745 902718530.00057995 -902701814.42770004
11.460350328461026 904984005.06884539 -904967272.72853577
11.460353128071304 907256876.88336563 -907240127.74617004
11.460355927681585 909537175.19004071 -909520409.22642887
11.460358727291863 911824929.87692976 -911808147.05729723
11.460361526902144 914120170.97503865 -914103371.26970637
11.460364326512424 916422928.65911174 -916406112.03832614
11.460367126122703 918733233.24842954 -918716399.68236196
11.460369925732984 921051115.20761049 -921034264.66635716
11.460372725343264 923376605.14741874 -923359737.60100043
11.460375524953543 925709733.82557607 -925692849.24393785
11.460378324563823 928050532.14757991 -928033630.5005908
11.460381124174102 930399031.16752565 -930382112.42497861
11.460383923784383 932755262.0889349 -932738326.22054648
11.460386723394663 935119256.2655884 -935102303.24099827
11.460389523004942 937491045.20236456 -937474074.9911356
11.460392322615222 939870660.55608356 -939853673.1277014
11.460395122225501 942258134.13635588 -942241129.46022868
11.460397921835781 944653497.90643704 -944636475.95189536
11.460400721446062 947056783.98408782 -947039744.72038412
11.460403521056341 949468024.64243937 -949450968.03874791
11.460406320666621 951887252.31086445 -951870178.33628106
11.460409120276902 954314499.57585371 -954297408.19939542
11.46041191988718 956749799.18189776 -956732690.37250257
11.460414719497461 959193184.0323751 -959176057.75890183
11.46041751910774 961644687.19044554 -961627543.42167342
11.46042031871802 964104341.87994897 -964087180.58457756
11.460423118328301 966572181.48631048 -966555002.63295913
11.460425917938579 969048239.55745089 -969031043.11465859
11.46042871754886 971532549.80470335 -971515335.74092865
11.460431517159138 974025146.1037358 -974007914.38735628
11.460434316769419 976526062.49547911 -976508813.09479129
11.460437116379699 979035333.18706131 -979018066.07028019
11.460439915989978 981552992.55274808 -981535707.688007
11.460442715600259 984079075.13488889 -984061772.49023926
11.460445515210539 986613615.64486945 -986596295.18828058
11.460448314820818 989156648.96407044 -989139310.66342902
11.460451114431098 991708210.1448319 -991690853.96794188
11.460453914041377 994268334.41142428 -994250960.32600665
11.460456713651658 996837057.16102576 -996819665.13471806
11.460459513261938 999414413.96470547 -999397003.96506166
11.460462312872217 1002000440.568414 -1001983012.5629041
11.460465112482497 1004595172.8939792 -1004577726.8499891
11.460467912092776 1007198647.0401092 -1007181182.9249403
11.460470711703056 1009810899.2834016 -1009793417.0642707
11.460473511313337 1012431966.0793594 -1012414465.7233982
11.460476310923616 1015061884.0634131 -1015044365.5376679
11.460479110533896 1017700690.05195 -1017683153.3233814
11.460481910144177 1020348421.04335 -1020330866.078833
11.460484709754455 1023005114.219028 -1022987540.9853513
11.460487509364736 1025670806.9444833 -1025653215.4083492
11.460490308975015 1028345536.7703553 -1028327926.8983791
11.460493108585295 1031029341.4334872 -1031011713.1921972
11.460495908195576 1033722258.8579953 -1033704612.2138326
11.460498707805854 1036424327.1563464 -1036406662.0756644
11.460501507416135 1039135584.6304419 -1039117901.0795059
11.460504307026413 1041856069.7727085 -1041838367.7176957
11.460507106636694 1044585821.2671967 -1044568100.6741956
11.460509906246974 1047324877.9906857 -1047307138.8256963
11.460512705857253 1050073279.0137972 -1050055521.24273
11.460515505467534 1052831063.6021141 -1052813287.1907903
11.460518305077814 1055598271.2173086 -1055580476.1314596
11.460521104688093 1058374941.518277 -1058357127.7235441
11.460523904298373 1061161114.3622816 -1061143281.8242157
11.460526703908652 1063956829.8061005 -1063938978.4901618
11.460529503518933 1066762128.1071852 -1066744257.9787431
11.460532303129213 1069577049.7248256 -1069559160.7491579
11.460535102739492 1072401635.3213222 -1072383727.4636152
11.460537902349772 1075235925.7631669 -1075217998.9885151
11.460540701960051 1078079962.1222312 -1078062016.3956368
11.460543501570331 1080933785.6769621 -1080915820.9633343
11.460546301180612 1083797437.9135861 -1083779454.1777418
11.460549100790891 1086670960.5273218 -1086652957.7339845
11.460551900401171 1089554395.423599 -1089536373.5373983
11.460554700011452 1092447784.7192872 -1092429743.7047594
11.46055749962173 1095351170.7439322 -1095333110.5655191
11.460560299232011 1098264596.0410004 -1098246516.6630495
11.46056309884229 1101188103.3691313 -1101170004.7558951
11.46056589845257 1104121735.7033987 -1104103617.8190346
11.460568698062851 1107065536.2365806 -1107047399.0451505
11.460571497673129 1110019548.3804369 -1110001391.845907
11.46057429728341 1112983815.7669959 -1112965639.853236
11.460577096893688 1115958382.2498496 -1115940186.9206331
11.460579896503969 1118943291.9054575 -1118925077.1244609
11.460582696114249 1121938589.0344594 -1121920354.7652624
11.460585495724528 1124944318.1629963 -1124926064.369081
11.460588295334809 1127960524.0440404 -1127942250.6887908
11.460591094945087 1130987251.6587346 -1130968958.7054365
11.460593894555368 1134024546.2177401 -1134006233.629581
11.460596694165648 1137072453.1625943 -1137054120.902663
11.460599493775927 1140131018.1670766 -1140112666.1983624
11.460602293386208 1143200287.1385834 -1143181915.4239762
11.460605092996488 1146280306.2195137 -1146261914.7218032
11.460607892606767 1149371121.7886624 -1149352710.4705384
11.460610692217047 1152472780.4626248 -1152454349.2866762
11.460613491827326 1155585329.0972083 -1155566878.0259233
11.460616291437606 1158708814.788856 -1158690343.7846215
11.460619091047887 1161843284.8760784 -1161824793.9011793
11.460621890658166 1164988786.9408941 -1164970275.9575138
11.460624690268446 1168145368.8102834 -1168126837.7805023
11.460627489878725 1171313078.5576479 -1171294527.4434443
11.460630289489005 1174491964.5042832 -1174473393.2675316
11.460633089099286 1177682075.2208593 -1177663483.8233311
11.460635888709565 1180883459.5289123 -1180864847.9322753
11.460638688319845 1184096166.5023465 -1184077534.668164
11.460641487930125 1187320245.468945 -1187301593.3586757
11.460644287540404 1190555746.0118928 -1190537073.5868905
11.460647087150685 1193802717.9713082 -1193784025.1928215
11.460649886760963 1197061211.445787 -1197042498.2749586
11.460652686371244 1200331276.7939546 -1200312543.1918213
11.460655485981524 1203612964.6360307 -1203594210.5635228
11.460658285591803 1206906325.8554041 -1206887551.2733452
11.460661085202084 1210211411.6002181 -1210192616.4693244
11.460663884812362 1213528273.2849665 -1213509457.5658469
11.460666684422643 1216856962.5921018 -1216838126.2452571
11.460669484032923 1220197531.4736524 -1220178674.459475
11.460672283643202 1223550032.1528528 -1223531154.4316263
11.460675083253482 1226914517.1257839 -1226895618.6576831
11.460677882863763 1230291039.1630259 -1230272119.9081156
11.460680682474042 1233679651.3113203 -1233660711.2295558
11.460683482084322 1237080406.895246 -1237061445.9464722
11.460686281694601 1240493359.5189049 -1240474377.6628559
11.460689081304881 1243918563.0676198 -1243899560.2639186
11.460691880915162 1247356071.7096448 -1247337047.917803
11.460694680525441 1250805939.897886 -1250786895.0773034
11.460697480135721 1254268222.3716359 -1254249156.4815998
11.460700279746 1257742974.1583178 -1257723887.1580029
11.46070307935628 1261230250.5752442 -1261211142.4237123
11.460705878966561 1264730107.2313864 -1264710977.8875854
11.46070867857684 1268242600.0291562 -1268223449.4519203
11.46071147818712 1271767785.1662004 -1271748613.3142498
11.4607142777974 1275305719.1372082 -1275286525.9691477
11.460717077407679 1278856458.7357299 -1278837244.2100496
11.46071987701796 1282420061.05601 -1282400825.1310842
11.460722676628238 1285996583.4948308 -1285977326.1289179
11.460725476238519 1289586083.7533717 -1289566804.9046137
11.460728275848799 1293188619.8390796 -1293169319.4655015
11.460731075459078 1296804250.0675521 -1296784928.1270621
11.460733875069359 1300433033.064435 -1300413689.514823
11.460736674679637 1304075027.7673328 -1304055662.5662708
11.460739474289918 1307730293.427732 -1307710906.5327737
11.460742273900198 1311398889.6129391 -1311379480.981519
11.460745073510477 1315080876.2080302 -1315061445.7974637
11.460747873120757 1318776313.4178162 -1318756861.1852984
11.460750672731038 1322485261.7688205 -1322465787.6714265
11.460753472341317 1326207782.1112726 -1326188286.1059568
11.460756271951597 1329943935.6211128 -1329924417.6647081
11.460759071561876 1333693783.8020134 -1333674243.8512313
11.460761871172156 1337457388.4874139 -1337437826.4988439
11.460764670782437 1341234811.8425694 -1341215227.7726784
11.460767470392716 1345026116.3666139 -1345006510.171746
11.460770270002996 1348831364.894639 -1348811736.5310147
11.460773069613275 1352650620.5997863 -1352630970.0235023
11.460775869223555 1356483946.9953554 -1356464274.1623843
11.460778668833836 1360331407.9369259 -1360311712.8031151
11.460781468444114 1364193067.6244957 -1364173350.1455679
11.460784268054395 1368068990.6046338 -1368049250.7361856
11.460787067664675 1371959241.7726479 -1371939479.4701498
11.460789867274954 1375863886.3747678 -1375844101.5935638
11.460792666885235 1379782990.0103457 -1379763182.7056525
11.460795466495513 1383716618.6340699 -1383696788.7609768
11.460798266105794 1387664838.5581961 -1387644986.0716643
11.460801065716074 1391627716.4547935 -1391607841.3096559
11.460803865326353 1395605319.3580074 -1395585421.5089679
11.460806664936634 1399597714.666338 -1399577794.0679708
11.460809464546912 1403604970.1449351 -1403585026.7516842
11.460812264157193 1407627153.9279106 -1407607187.6940901
11.460815063767473 1411664334.5206659 -1411644345.4004588
11.460817863377752 1415716580.8022366 -1415696568.7496943
11.460820662988032 1419783962.0276542 -1419763926.9966965
11.460823462598313 1423866547.8303251 -1423846489.7747393
11.460826262208592 1427964408.2244263 -1427944327.0978665
11.460829061818872 1432077613.6073174 -1432057509.3633049
11.460831861429151 1436206234.7619727 -1436186107.3538945
11.460834661039431 1440350342.8594272 -1440330192.240536
11.460837460649712 1444510009.4612432 -1444489835.584657
11.460840260259991 1448685306.5219936 -1448665109.3406949
11.460843059870271 1452876306.3917632 -1452856085.8585982
11.46084585948055 1457083081.8186677 -1457062837.8863466
11.46084865909083 1461305705.9513927 -1461285438.5724888
11.460851458701111 1465544252.341749 -1465523961.468698
11.460854258311389 1469798794.947247 -1469778480.5323467
11.46085705792167 1474069408.1336906 -1474049070.1291003
11.460859857531949 1478356166.677789 -1478335805.0355289
11.460862657142229 1482659145.769788 -1482638760.4417388
11.46086545675251 1486978421.0161209 -1486958011.9540236
11.460868256362788 1491314068.4420776 -1491293635.5975323
11.460871055973069 1495666164.4944937 -1495645707.8189592
11.460873855583349 1500034786.0444593 -1500014305.489253
11.460876655193628 1504420010.3900485 -1504399505.9063456
11.460879454803909 1508821915.2590668 -1508801386.7978997
11.460882254414187 1513240578.811821 -1513220026.3240786
11.460885054024468 1517676079.6439073 -1517655503.0803351
11.460887853634748 1522128496.7890217 -1522107896.1002207
11.460890653245027 1526597909.7217886 -1526577284.8582146
11.460893452855307 1531084398.3606129 -1531063749.2725763
11.460896252465586 1535588043.0705514 -1535567369.7082169
11.460899052075867 1540108924.6662064 -1540088226.9795918
11.460901851686147 1544647124.4146388 -1544626402.353615
11.460904651296426 1549202724.0383046 -1549181977.5525944
11.460907450906706 1553775805.7180123 -1553755034.7571907
11.460910250516987 1558366452.0959024 -1558345656.6093953
11.460913050127266 1562974746.2784479 -1562953926.2155316
11.460915849737546 1567600771.839478 -1567579927.1492791
11.460918649347825 1572244612.823225 -1572223743.4547193
11.460921448958105 1576906353.7473917 -1576885459.649404
11.460924248568386 1581586079.6062431 -1581565160.7274463
11.460927048178664 1586283875.8737206 -1586262932.1626356
11.460929847788945 1590999828.5065799 -1590978859.9115741
11.460932647399224 1595734023.9475503 -1595713030.4168384
11.460935447009504 1600486549.1285203 -1600465530.6101623
11.460938246619785 1605257491.4737444 -1605236447.9156458
11.460941046230063 1610046938.9030759 -1610025870.2529869
11.460943845840344 1614854979.8352225 -1614833886.0407374
11.460946645450624 1619681703.1910264 -1619660584.1995831
11.460949445060903 1624527198.3967702 -1624506054.1556492
11.460952244671184 1629391555.3875058 -1629370385.8438301
11.460955044281462 1634274864.6104083 -1634253669.7111425
11.460957843891743 1639177217.028157 -1639155996.7201068
11.460960643502023 1644098704.1223397 -1644077458.3521514
11.460963443112302 1649039417.8968837 -1649018146.6110432
11.460966242722582 1653999450.8815117 -1653978154.0263441
11.460969042332861 1658978896.1352248 -1658957573.6568937
11.460971841943142 1663977847.2498114 -1663956499.0943184
11.460974641553422 1668996398.3533819 -1668975024.4665658
11.460977441163701 1674034644.1139309 -1674013244.4414675
11.460980240773981 1679092679.7429261 -1679071254.2303267
11.460983040384262 1684170600.9989233 -1684149149.5915346
11.460985839994541 1689268504.1912107 -1689247026.8342147
11.460988639604821 1694386486.1834798 -1694364982.821892
11.4609914392151 1699524644.3975224 -1699503114.976192
11.46099423882538 1704683076.8169589 -1704661521.2805676
11.460997038435661 1709861881.9909928 -1709840300.2840548
11.460999838045939 1715061159.0381949 -1715039551.1050553
11.46100263765622 1720281007.6503148 -1720259373.4351499
11.461005437266499 1725521528.0961235 -1725499867.5429394
11.461008236876779 1730782821.2252827 -1730761134.277915
11.46101103648706 1736064988.4722464 -1736043275.0743597
11.461013836097338 1741368131.8601906 -1741346391.9552772
11.461016635707619 1746692354.0049725 -1746670587.5363522
11.461019435317899 1752037758.1191216 -1752015965.0299408
11.461022234928178 1757404448.0158606 -1757382628.2490921
11.461025034538459 1762792528.113157 -1762770681.6115987
11.461027834148737 1768202103.4378059 -1768180230.1440804
11.461030633759018 1773633279.6295435 -1773611379.4860973
11.461033433369298 1779086162.9451931 -1779064235.8942957
11.461036232979577 1784560860.2628434 -1784538906.2465868
11.461039032589857 1790057479.0860584 -1790035498.0463567
11.461041832200136 1795576127.54812 -1795554119.4267082
11.461044631810417 1801116914.4163022 -1801094879.1547358
11.461047431420697 1806679949.0961792 -1806657886.6358333
11.461050231030976 1812265341.6359668 -1812243251.9180353
11.461053030641256 1817873202.7308979 -1817851085.696393
11.461055830251537 1823503643.7276304 -1823481499.3173819
11.461058629861816 1829156776.6286905 -1829134604.7833447
11.461061429472096 1834832714.0969505 -1834810514.7569697
11.461064229082375 1840531569.4601412 -1840509342.5658031
11.461067028692655 1846253456.715399 -1846231202.2067957
11.461069828302936 1851998490.5338478 -1851976208.3508852
11.461072627913214 1857766786.265218 -1857744476.3476148
11.461075427523495 1863558459.9425011 -1863536122.2297885
11.461078227133774 1869373628.2866399 -1869351262.7181606
11.461081026744054 1875212408.711256 -1875190015.2261634
11.461083826354335 1881074919.3274133 -1881052497.8646708
11.461086625964613 1886961278.9484203 -1886938829.4468
11.461089425574894 1892871607.0946681 -1892849129.4927511
11.461092225185174 1898806023.9985094 -1898783518.234684
11.461095024795453 1904764650.6091721 -1904742116.6216338
11.461097824405734 1910747608.5977137 -1910725046.3244638
11.461100624016012 1916755020.3620143 -1916732429.7408595
11.461103423626293 1922787009.0318079 -1922764390.0003593
11.461106223236573 1928843698.4737546 -1928821050.9694271
11.461109022846852 1934925213.2965524 -1934902537.2565637
11.461111822457132 1941031678.8560886 -1941008974.2174582
11.461114622067411 1947163221.2606328 -1947140487.9601815
11.461117421677692 1953319967.376071 -1953297205.3504202
11.461120221287972 1959502044.8311818 -1959479254.0167522
11.461123020898251 1965709582.0229518 -1965686762.3559635
11.461125820508531 1971942708.1219358 -1971919859.5384061
11.46112862011881 1978201553.077657 -1978178675.5134008
11.461131419729091 1984486247.6240525 -1984463341.0146809
11.461134219339371 1990796923.2849612 -1990773987.5658808
11.46113701894965 1997133712.3796542 -1997110747.4860659
11.46113981855993 2003496748.0284104 -2003473753.895309
11.461142618170211 2009886164.1581385 -2009863140.7203116
11.461145417780489 2016302095.5080404 -2016279042.7000678
11.46114821739077 2022744677.6353211 -2022721595.3915737
11.461151017001049 2029214046.9209454 -2029190935.1755843
11.461153816611329 2035710340.5754385 -2035687199.2624145
11.46115661622161 2042233696.6447349 -2042210525.697787
11.461159415831888 2048784254.0160732 -2048761053.3687284
11.461162215442169 2055362152.4239392 -2055338922.009511
11.461165015052448 2061967532.4560564 -2061944272.2076442
11.461167814662728 2068600535.5594232 -2068577245.4099116
11.461170614273009 2075261304.0464013 -2075237983.9284589
11.461173413883287 2081949981.1008503 -2081926630.946929
11.461176213493568 2088666710.7843153 -2088643330.526649
11.461179013103848 2095411638.0422611 -2095388227.6128652
11.461181812714127 2102184908.7103581 -2102161468.0410287
11.461184612324407 2108986669.5208189 -2108963198.5431314
11.461187411934686 2115817068.1087871 -2115793566.7540953
11.461190211544967 2122676253.0187767 -2122652721.2182124
11.461193011155247 2129564373.7111645 -2129540811.3956363
11.461195810765526 2136481580.5687339 -2136457987.6689262
11.461198610375806 2143428024.9032733 -2143404401.3496451
11.461201409986085 2150403858.9622283 -2150380204.6850123
11.461204209596366 2157409235.9354072 -2157385550.8646097
11.461207009206646 2164444309.9617419 -2164420594.0271406
11.461209808816925 2171509236.1361046 -2171485489.2672482
11.461212608427205 2178604170.5161767 -2178580392.6423845
11.461215408037486 2185729270.1293788 -2185705461.179739
11.461218207647764 2192884692.9798517 -2192860852.8832202
11.461221007258045 2200070598.0554991 -2200046726.7404985
11.461223806868324 2207287145.3350906 -2207263242.7301106
11.461226606478604 2214534495.7954173 -2214510561.8286123
11.461229406088885 2221812811.4185042 -2221788846.0177932
11.461232205699163 2229122255.1988883 -2229098258.2919526
11.461235005309444 2236462991.1509533 -2236438962.6652365
11.461237804919723 2243835184.3163285 -2243811124.1790352
11.461240604530003 2251239000.7713442 -2251214908.9094391
11.461243404140284 2258674607.6345491 -2258650483.9747562
11.461246203750562 2266142173.0742931 -2266118017.5430942
11.461249003360843 2273641866.3163691 -2273617678.840003
11.461251802971123 2281173857.6517191 -2281149638.1561804
11.461254602581402 2288738318.4442062 -2288714066.8552442
11.461257402191682 2296335421.1384497 -2296311137.3815675
11.461260201801961 2303965339.267725 -2303941023.2681785
11.461263001412242 2311628247.4619303 -2311603899.1447272
11.461265801022522 2319324321.4556174 -2319299940.7455158
11.461268600632801 2327053738.0960917 -2327029324.9175992
11.461271400243081 2334816675.3515787 -2334792229.6289515
11.46127419985336 2342613312.3194575 -2342588833.9766989
11.461276999463641 2350443829.2345667 -2350419318.195426
11.461279799073921 2358308407.4775767 -2358283863.6655493
11.4612825986842 2366207229.5834312 -2366182652.9217553
11.46128539829448 2374140479.2498641 -2374115869.6615214
11.461288197904761 2382108341.3459826 -2382083698.7536964
11.461290997515039 2390111001.9209261 -2390086326.2471609
11.46129379712532 2398148648.2125955 -2398123939.3795547
11.461296596735599 2406221468.6564569 -2406196726.5860825
11.461299396345879 2414329652.8944201 -2414304877.5083914
11.46130219595616 2422473391.783792 -2422448583.0035238
11.461304995566438 2430652877.4063039 -2430628035.1529469
11.461307795176719 2438868303.0772176 -2438843427.2716556
11.461310594786998 2447119863.3545046 -2447094953.9173541
11.461313394397278 2455407754.0481086 -2455382810.8997173
11.461316194007559 2463732172.2292819 -2463707195.2897282
11.461318993617837 2472093316.2400031 -2472068305.4290943
11.461321793228118 2480491385.7024741 -2480466340.9397449
11.461324592838398 2488926581.5286965 -2488901502.7334089
11.461327392448677 2497399105.9301333 -2497373993.0212746
11.461330192058957 2505909162.4274487 -2505884015.32373
11.461332991669236 2514456955.860333 -2514431774.4801888
11.461335791279517 2523042692.3974123 -2523017476.658999
11.461338590889797 2531666579.5462399 -2531641329.367434
11.461341390500076 2540328826.1633768 -2540303541.4617743
11.461344190110356 2549029642.4645572 -2549004323.1574721
11.461346989720635 2557769240.0349388 -2557743886.039402
11.461349789330916 2566547831.8394446 -2566522443.0722027
11.461352588941196 2575365632.2331896 -2575340208.610703
11.461355388551475 2584222856.9720016 -2584197398.4104443
11.461358188161755 2593119723.2230287 -2593094229.6382856
11.461360987772036 2602056449.5754423 -2602030920.8831091
11.461363787382314 2611033256.051229 -2611007692.1666107
11.461366586992595 2620050364.1160755 -2620024764.954185
11.461369386602874 2629107996.6903491 -2629082362.1659055
11.461372186213154 2638206378.1601715 -2638180708.1875987
11.461374985823435 2647345734.3885927 -2647320028.882019
11.461377785433713 2656526292.7268596 -2656500551.6001153
11.461380585043994 2665748282.0257802 -2665722505.1923971
11.461383384654273 2675011932.6471891 -2674986120.0203991
11.461386184264553 2684317476.4755096 -2684291627.9682431
11.461388983874834 2693665146.9294195 -2693639262.4543037
11.461391783485112 2703055178.9736147 -2703029258.4429727
11.461394583095393 2712487809.1306815 -2712461852.4565306
11.461397382705671 2721963275.4930687 -2721937282.5871191
11.461400182315952 2731481817.7351651 -2731455788.5088191
11.461402981926232 2741043677.1254811 -2741017611.4898305
11.461405781536511 2750649096.5389409 -2750622994.4047666
11.461408581146792 2760298320.4692812 -2760272181.7470512
11.461411380757072 2769991595.0415545 -2769965419.6414232
11.461414180367351 2779729168.0247464 -2779702955.8565526
11.461416979977631 2789511288.8445039 -2789485039.8177691
11.46141977958791 2799338208.5959725 -2799311922.6198997
11.461422579198191 2809210180.0567517 -2809183857.0402246
11.461425378808471 2819127457.6999631 -2819101097.5515437
11.46142817841875 2829090297.7074294 -2829063900.3353567
11.46143097802903 2839098957.982975 -2839072523.2951641
11.461433777639309 2849153698.1658449 -2849127226.0698853
11.461436577249589 2859254779.6442356 -2859228270.047389
11.46143937685987 2869402465.5689535 -2869375918.3781533
11.461442176470149 2879597020.8671913 -2879570435.9890404
11.461444976080429 2889838712.2564287 -2889812089.597198
11.46144777569071 2900127808.2584548 -2900101147.7240815
11.461450575300988 2910464579.2135181 -2910437880.7096052
11.461453374911269 2920849297.2946019 -2920822560.7264156
11.461456174521548 2931282236.521822 -2931255461.7942905
11.461458974131828 2941763672.7769618 -2941736859.7946739
11.461461773742109 2952293883.8181319 -2952267032.4853349
11.461464573352387 2962873149.29456 -2962846259.5151587
11.461467372962668 2973501750.7615166 -2973474822.4390717
11.461470172572946 2984179971.6953731 -2984153004.7330985
11.461472972183227 2994908097.5087981 -2994881091.8095613
11.461475771793507 3005686415.5660872 -3005659371.0324059
11.461478571403786 3016515215.1986303 -3016488131.7326708
11.461481371014067 3027394787.7205195 -3027367665.2240968
11.461484170624347 3038325426.4443021 -3038298264.8188758
11.461486970234626 3049307426.6968694 -3049280225.843544
11.461489769844906 3060341085.8354936 -3060313845.6550164
11.461492569455185 3071426703.264008 -3071399423.6567669
11.461495369065466 3082564580.4491329 -3082537261.3151546
11.461498168675746 3093755020.9369526 -3093727662.1759014
11.461500968286025 3104998330.3695393 -3104970931.8807158
11.461503767896305 3116294816.50173 -3116267378.1840687
11.461506567506584 3127644789.2180538 -3127617310.9701209
11.461509367116864 3139048560.5498176 -3139021042.2698107
11.461512166727145 3150506444.6923432 -3150478886.2780881
11.461514966337424 3162018758.0223646 -3161991159.371314
11.461517765947704 3173585819.1155858 -3173558180.1248178
11.461520565557985 3185207948.7643971 -3185180269.3306141
11.461523365168263 3196885469.9957528 -3196857750.0152783
11.461526164778544 3208618708.0892115 -3208590947.4579887
11.461528964388823 3220407990.5951481 -3220380189.2087388
11.461531763999103 3232253647.3531299 -3232225805.1067119
11.461534563609383 3244156010.5104604 -3244128127.2988257
11.461537363219662 3256115414.5408959 -3256087490.2584491
11.461540162829943 3268132196.2635365 -3268104230.8042932
11.461542962440221 3280206694.8618898 -3280178688.1194744
11.461545762050502 3292339251.9031086 -3292311203.770752
11.461548561660782 3304530211.3574095 -3304502121.7279482
11.461551361271061 3316779919.617671 -3316751788.3835449
11.461554160881342 3329088725.5192122 -3329060552.5724616
11.461556960491622 3341456980.3597565 -3341428765.5920219
11.461559760101901 3353885037.9195814 -3353856781.2221003
11.461562559712181 3366373254.481854 -3366344955.7454596
11.46156535932246 3378921988.8531585 -3378893647.9682775
11.461568158932741 3391531602.3842101 -3391503219.2408605
11.461570958543021 3404202458.9907684 -3404174033.4785585
11.4615737581533 3416934925.1747403 -3416906457.1828651
11.46157655776358 3429729370.0454879 -3429700859.462728
11.461579357373859 3442586165.3413334 -3442557612.0560536
11.461582156984139 3455505685.4512639 -3455477089.3514099
11.46158495659442 3468488307.4368382 -3468459668.4099355
11.461587756204699 3481534411.0543041 -3481505728.9874554
11.461590555814979 3494644378.7769227 -3494615653.5568061
11.46159335542526 3507818595.8175011 -3507789827.330368
11.461596155035538 3521057450.1511402 -3521028638.2828135
11.461598954645819 3534361332.5381951 -3534332477.1740665
11.461601754256098 3547730636.547452 -3547701737.5724797
11.461604553866378 3561165758.5795302 -3561136815.8782382
11.461607353476658 3574667097.8905015 -3574638111.3469763
11.461610153086937 3588235056.6157289 -3588206026.1136169
11.461612952697218 3601870039.7939396 -3601840965.2164464
11.461615752307496 3615572455.3915257 -3615543336.6214118
11.461618551917777 3629342714.3270755 -3629313551.2466564
11.461621351528057 3643181230.49614 -3643152022.9872828
11.461624151138336 3657088420.7962313 -3657059168.7403526
11.461626950748617 3671064705.1520619 -3671035408.4301262
11.461629750358897 3685110506.5410247 -3685081165.0335407
11.461632549969176 3699226251.018918 -3699196864.6059375
11.461635349579456 3713412367.7459211 -3713382936.3070364
11.461638149189735 3727669289.012815 -3727639812.4271569
11.461640948800015 3741997450.2674518 -3741967928.4136868
11.461643748410296 3756397290.1414862 -3756367722.8978143
11.461646548020575 3770869250.4773602 -3770839637.7215133
11.461649347630855 3785413776.3555479 -3785384117.9647865
11.461652147241134 3800031316.1220622 -3800001611.9731731
11.461654946851414 3814722321.4162307 -3814692571.3855252
11.461657746461695 3829487247.1987395 -3829457451.1620507
11.461660546071974 3844326551.7799473 -3844296709.6126275
11.461663345682254 3859240696.848475 -3859210808.4253936
11.461666145292533 3874230147.500072 -3874200212.6956129
11.461668944902813 3889295372.2667675 -3889265390.9548268
11.461671744513094 3904436843.1462994 -3904406815.2002831
11.461674544123372 3919655035.6318278 -3919624960.9246483
11.461677343733653 3934950428.74195 -3934920307.1460247
11.461680143343933 3950323505.0510006 -3950293336.4382491
11.461682942954212 3965774750.7196474 -3965744534.9614897
11.461685742564493 3981304655.5257874 -3981274392.4931393
11.461688542174771 3996913712.8957434 -3996883402.4590158
11.461691341785052 4012602419.9357767 -4012572061.9648724
11.461694141395332 4028371277.4639006 -4028340871.8282118
11.461696941005611 4044220790.042007 -4044190336.6104126
11.461699740615892 4060151466.0083113 -4060120964.6491742
11.46170254022617 4076163817.5101185 -4076133268.0912833
11.461705339836451 4092258360.5369096 -4092227762.9256992
11.461708139446731 4108435614.9537587 -4108404969.0169725
11.46171093905701 4124696104.5350785 -4124665410.1389894
11.46171373866729 4141040356.9987006 -4141009614.0090523
11.461716538277571 4157468904.0402918 -4157438112.3222952
11.46171933788785 4173982281.3681159 -4173951440.786448
11.46172213749813 4190581028.7381411 -4190550139.1569414
11.461724937108409 4207265689.9894905 -4207234751.2723579
11.461727736718689 4224036813.0802493 -4224005825.0902395
11.46173053632897 4240894950.1236367 -4240863912.7232599
11.461733335939249 4257840657.4245296 -4257809570.4757471
11.461736135549529 4274874495.5163507 -4274843358.8805723
11.461738935159808 4291997029.1983342 -4291965842.7364149
11.461741734770088 4309208827.5731602 -4309177591.1453981
11.461744534380369 4326510464.0849695 -4326479177.5511026
11.461747333990647 4343902516.5577517 -4343871179.7769537
11.461750133600928 4361385567.2341318 -4361354180.065012
11.461752933211208 4378960202.8145475 -4378928765.1151447
11.461755732821487 4396627014.4968033 -4396595526.1245852
11.461758532431768 4414386598.0160494 -4414355058.8279085
11.461761332042046 4432239553.6851387 -4432207963.5373878
11.461764131652327 4450186486.4354219 -4450154845.183795
11.461766931262607 4468228005.8579397 -4468196313.357585
11.461769730872886 4486364726.2450199 -4486332982.3505001
11.461772530483167 4504597266.6323166 -4504565471.1976023
11.461775330093445 4522926250.8412657 -4522894403.7197351
11.461778129703726 4541352307.521987 -4541320408.5664206
11.461780929314006 4559876070.19662 -4559844119.2591991
11.461783728924285 4578498177.303093 -4578466174.2353964
11.461786528534565 4597219272.2393379 -4597187216.8923388
11.461789328144846 4616040003.4079638 -4616007895.6320248
11.461792127755125 4634961024.2613878 -4634928863.9062595
11.461794927365405 4653982993.3474302 -4653950780.2622471
11.461797726975684 4673106574.3553753 -4673074308.3886528
11.461800526585964 4692332436.1625109 -4692300117.1621418
11.461803326196245 4711661252.8811474 -4711628880.6943989
11.461806125806524 4731093703.9061127 -4731061278.3796225
11.461808925416804 4750630473.9627447 -4750597994.9425182
11.461811725027083 4770272253.155385 -4770239720.4867916
11.461814524637363 4790019737.0163612 -4789987150.5441313
11.461817324247644 4809873626.5554762 -4809840986.1236982
11.461820123857922 4829834628.3100157 -4829801933.7621307
11.461822923468203 4849903454.3952818 -4849870705.5740805
11.461825723078483 4870080822.5556602 -4870048019.3032808
11.461828522688762 4890367456.2162018 -4890334598.3741264
11.461831322299043 4910764084.5347385 -4910731171.9437876
11.461834121909321 4931271442.4545536 -4931238474.9548845
11.461836921519602 4951890270.7576046 -4951857248.1887074
11.461839721129882 4972621316.1182985 -4972588238.3189926
11.461842520740161 4993465331.1578245 -4993432197.9662533
11.461845320350442 5014423074.4990644 -5014389885.7526932
11.46184811996072 5035495310.8220892 -5035462066.3577013
11.461850919571001 5056682810.9202204 -5056649510.5739126
11.461853719181281 5077986351.7567015 -5077952995.3638811
11.46185651879156 5099406716.5219555 -5099373303.9173374
11.46185931840184 5120944694.6914368 -5120911225.7090387
11.461862118012121 5142601082.0841045 -5142567556.5572414
11.4618649176224 5164376680.9215221 -5164343098.6828051
11.46186771723268 5186272299.8875847 -5186238660.7689161
11.461870516842959 5208288754.1888676 -5208255058.0214367
11.461873316453239 5230426865.6156187 -5230393112.2298985
11.46187611606352 5252687462.603406 -5252653651.8291492
11.461878915673799 5275071380.2954149 -5275037511.9616499
11.461881715284079 5297579460.6054134 -5297545534.5404387
11.461884514894358 5320212552.2813873 -5320178568.3127699
11.461887314504638 5342971510.9698639 -5342937468.9244328
11.461890114114919 5365857199.2809238 -5365823098.9847689
11.461892913725197 5388870486.8539009 -5388836328.1323662
11.461895713335478 5412012250.4237862 -5411978033.1014671
11.461898512945758 5435283373.8883524 -5435249097.7890902
11.461901312556037 5458684748.376008 -5458650413.3228874
11.461904112166318 5482217272.3143721 -5482182878.129715
11.461906911776596 5505881851.4995985 -5505847398.004962
11.461909711386877 5529679399.1664314 -5529644886.1826019
11.461912510997157 5553610836.0590277 -5553576263.4060163
11.461915310607436 5577677090.5025663 -5577642457.9996061
11.461918110217717 5601879098.475605 -5601844405.9411449
11.461920909827995 5626217803.6832371 -5626183050.9349394
11.461923709438276 5650694157.6310415 -5650659344.4857759
11.461926509048556 5675309119.6998224 -5675274245.9736614
11.461929308658835 5700063657.2211971 -5700028722.7294121
11.461932108269115 5724958745.5539932 -5724923750.1110497
11.461934907879396 5749995368.161478 -5749960311.5810318
11.461937707489675 5775174516.6894321 -5775139398.7843237
11.461940507099955 5800497191.0450764 -5800462011.627327
11.461943306710234 5825964399.4768763 -5825929158.3576822
11.461946106320514 5851577158.6552172 -5851541855.6449471
11.461948905930795 5877336493.7539644 -5877301128.6621523
11.461951705541074 5903243438.5329247 -5903208011.1682663
11.461954505151354 5929299035.4212189 -5929263545.5915661
11.461957304761633 5955504335.6015797 -5955468783.1139364
11.461960104371913 5981860399.0955915 -5981824783.7561102
11.461962903982194 6008368294.8498411 -6008332616.4638147
11.461965703592472 6035029100.8230429 -6034993359.1949024
11.461968503202753 6061843904.0741425 -6061808099.0074501
11.461971302813032 6088813800.8513889 -6088777932.1488342
11.461974102423312 6115939896.6824045 -6115903964.1458006
11.461976902033593 6143223306.4652491 -6143187309.895525
11.461979701643871 6170665154.5605001 -6170629093.7576971
11.461982501254152 6198266574.8843794 -6198230449.647645
11.461985300864432 6226028711.0029154 -6225992521.1304989
11.461988100474711 6253952716.2271633 -6253916461.5164108
11.461990900084992 6282039753.7094793 -6282003433.9568272
11.46199369969527 6310290996.5408936 -6310254611.5418653
11.461996499305551 6338707627.8495674 -6338671177.3987656
11.461999298915831 6367290840.9003763 -6367254324.7914791
11.46200209852611 6396041839.1956015 -6396005257.2213573
11.46200489813639 6424961836.5767603 -6424925188.5289803
11.462007697746669 6454052057.3276062 -6454015342.9971609
11.46201049735695 6483313736.2782879 -6483276955.455101
11.46201329696723 6512748118.9106836 -6512711271.3837271
11.462016096577509 6542356461.4649248 -6542319547.0222111
11.462018896187789 6572140031.0471439 -6572103049.4757233
11.46202169579807 6602100105.7384624 -6602063056.8244143
11.462024495408349 6632237974.7052011 -6632200858.2336302
11.462027295018629 6662554938.3103695 -6662517754.0653992
11.462030094628908 6693052308.2264194 -6693015055.9911871
11.462032894239188 6723731407.5492868 -6723694087.105938
11.462035693849469 6754593570.9137344 -6754556182.0434141
11.462038493459747 6785640144.6100445 -6785602687.0928946
11.462041293070028 6816872486.7020378 -6816834960.3171883
11.462044092680307 6848291967.1464615 -6848254371.6720266
11.462046892290587 6879899967.9137621 -6879862303.126833
11.462049691900868 6911697883.1102304 -6911660148.78687
11.462052491511146 6943687119.101573 -6943649315.0168076
11.462055291121427 6975869094.6379156 -6975831220.565732
11.462058090731707 7008245240.9802532 -7008207296.6935902
11.462060890341986 7040817002.0283813 -7040778987.2991238
11.462063689952267 7073585834.4502897 -7073547749.049263
11.462066489562545 7106553207.8130779 -7106515051.5100393
11.462069289172826 7139720604.7154093 -7139682377.2790442
11.462072088783106 7173089520.9215069 -7173051222.119421
11.462074888393385 7206661465.4967041 -7206623095.0954161
11.462077688003665 7240437960.9446087 -7240399518.7095451
11.462080487613944 7274420543.3458548 -7274382029.0413427
11.462083287224225 7308610762.4984875 -7308572175.8877478
11.462086086834505 7343010182.0600071 -7342971522.9051485
11.462088886444784 7377620379.6910734 -7377581647.7530842
11.462091686055064 7412442947.2009182 -7412404142.2396603
11.462094485665345 7447479490.694478 -7447440612.4686794
11.462097285275624 7482731630.7212639 -7482692678.988513
11.462100084885904 7518201002.4259987 -7518161976.9427357
11.462102884496183 7553889255.7010326 -7553850156.2225437
11.462105684106463 7589798055.34058 -7589758881.6209898
11.462108483716744 7625929081.1967793 -7625889832.9890432
11.462111283327022 7662284028.3376226 -7662244705.3935204
11.462114082937303 7698864607.2067795 -7698825209.276906
11.462116882547582 7735672543.7853193 -7735633070.6190805
11.462119682157862 7772709579.7553635 -7772670031.1009665
11.462122481768143 7809977472.6657171 -7809937848.2701635
11.462125281378421 7847477996.0994692 -7847438295.7085485
11.462128080988702 7885212939.8436079 -7885173163.201889
11.462130880598982 7923184110.0606861 -7923144256.9115086
11.462133680209261 7961393329.4625492 -7961353399.5480165
11.462136479819542 7999842437.4861898 -7999802430.5471621
11.46213927942982 8038533290.471714 -8038493206.2477999
11.462142079040101 8077467761.8424482 -8077427600.0719967
11.462144878650381 8116647742.2872343 -8116607502.7073278
11.46214767826066 8156075139.9449272 -8156034822.2913723
11.46215047787094 8195751880.5911579 -8195711484.5984783
11.462153277481219 8235679907.8273783 -8235639433.2288055
11.4621560770915 8275861183.2721701 -8275820629.7996368
11.46215887670178 8316297686.7549429 -8316257054.1390734
11.462161676312059 8356991416.5119734 -8356950704.4820757
11.462164475922339 8397944389.3848391 -8397903597.6688967
11.46216727553262 8439158641.0213051 -8439117769.3459692
11.462170075142899 8480636226.0786619 -8480595274.169241
11.462172874753179 8522379218.4295874 -8522338186.0100403
11.462175674363458 8564389711.3705454 -8564348598.1634722
11.462178473973738 8606669817.8327236 -8606628623.5593567
11.462181273584019 8649221670.5956154 -8649180394.9758129
11.462184073194297 8692047422.5031967 -8692006065.2554302
11.462186872804578 8735149246.6828079 -8735107807.5241547
11.462189672414857 8778529336.7668114 -8778487815.4129467
11.462192472025137 8822189907.11693 -8822148303.2821159
11.462195271635418 8866133193.0514011 -8866091506.4484787
11.462198071245696 8910361451.0749798 -8910319681.4153595
11.462200870855977 8954876959.1117878 -8954835106.105442
11.462203670466257 8999682016.7411118 -8999640080.0965633
11.462206470076536 9044778945.4361095 -9044736924.8604221
11.462209269686817 9090170088.8055305 -9090127984.0043011
11.462212069297095 9135857812.8384876 -9135815623.5158348
11.462214868907376 9181844506.1522827 -9181802232.0108376
11.462217668517656 9228132580.2433586 -9228090220.9842567
11.462220468127935 9274724469.7415047 -9274682025.064373
11.462223267738215 9321622632.667141 -9321580102.270092
11.462226067348494 9368829550.6919346 -9368786934.271553
11.462228866958775 9416347729.4026909 -9416305026.654026
11.462231666569055 9464179698.568634 -9464136909.1851883
11.462234466179334 9512328012.4120464 -9512285136.0857639
11.462237265789614 9560795249.8823719 -9560752286.3036308
11.462240065399893 9609584014.9338398 -9609540963.7914391
11.462242865010174 9658696936.8066349 -9658653797.7877865
11.462245664620454 9708136670.3116207 -9708093443.1019402
11.462248464230733 9757905896.1187096 -9757862580.4022007
11.462251263841013 9808007321.0489388 -9807963916.5079861
11.462254063451294 9858443678.3703709 -9858400184.6857262
11.462256863061572 9909217728.0977974 -9909174144.9485722
11.462259662671853 9960332257.2962513 -9960288584.3599052
11.462262462282132 10011790080.388391 -10011746317.340719
11.462265261892412 10063594039.465984 -10063550185.981108
11.462268061502693 10115747004.605318 -10115703060.355671
11.462270861112971 10168251874.18679 -10168207838.843107
11.462273660723252 10221111575.218632 -10221067448.449942
11.462276460333531 10274329063.66481 -10274284845.13842
11.462279259943811 10327907324.777182 -10327863014.158667
11.462282059554092 10381849373.432051 -10381804970.385241
11.46228485916437 10436158254.471128 -10436113758.658098
11.462287658774651 10490837043.046928 -10490792454.127987
11.462290458384931 10545888844.972641 -10545844162.606316
11.46229325799521 10601316797.076681 -10601272020.919706
11.46229605760549 10657124067.561935 -10657079197.269243
11.462298857215769 10713313856.369646 -10713268891.594351
11.46230165682605 10769889395.548155 -10769844335.941542
11.46230445643633 10826853949.626575 -10826808794.838089
11.462307256046609 10884210815.993296 -10884165565.670527
11.462310055656889 10941963325.27953 -10941917979.068201
11.462312855267168 11000114841.747999 -11000069399.291954
11.462315654877449 11058668763.686794 -11058623224.627983
11.462318454487729 11117628523.808502 -11117582887.78697
11.462321254098008 11176997589.654596 -11176951856.308468
11.462324053708288 11236779464.005283 -11236733632.970755
11.462326853318569 11296977685.294777 -11296931756.206095
11.462329652928847 11357595828.032183 -11357549800.521633
11.462332452539128 11418637503.228165 -11418591376.926062
11.462335252149407 11480106358.827177 -11480060133.361851
11.462338051759687 11542006080.145557 -11541959755.143335
11.462340851369968 11604340390.315523 -11604293965.400715
11.462343650980246 11667113050.735306 -11667066525.530197
11.462346450590527 11730327861.525229 -11730281235.650057
11.462349250200806 11793988661.990025 -11793941935.062973
11.462352049811086 11858099331.087496 -11858052502.724674
11.462354849421367 11922663787.903442 -11922616857.718874
11.462357649031645 11987685992.133137 -11987638959.738745
11.462360448641926 12053169944.569302 -12053122809.57489
11.462363248252206 12119119687.596889 -12119072449.610132
11.462366047862485 12185539305.694559 -12185491964.320984
11.462368847472765 12252432925.943037 -12252385480.786009
11.462371647083044 12319804718.540512 -12319757169.20122
11.462374446693325 12387658897.32501 -12387611243.402447
11.462377246303605 12455999720.304138 -12455951961.39509
11.462380045913884 12524831490.192013 -12524783625.891043
11.462382845524164 12594158554.953672 -12594110584.853102
11.462385645134443 12663985308.357021 -12663937232.046915
11.462388444744724 12734316190.532465 -12734268007.600615
11.462391244355004 12805155688.540297 -12805107398.572205
11.462394043965283 12876508336.946039 -12876459939.524904
11.462396843575563 12948378718.403746 -12948330213.110441
11.462399643185844 13020771464.247452 -13020722850.660513
11.462402442796122 13093691255.090988 -13093642532.786594
11.462405242406403 13167142821.436148 -13167093989.988104
11.462408042016682 13241130944.289385 -13241082003.269106
11.462410841626962 13315660455.787235 -13315611404.763725
11.462413641237243 13390736239.830568 -13390687078.370409
11.462416440847521 13466363232.727728 -13466313960.395056
11.462419240457802 13542546423.846752 -13542497040.203241
11.462422040068081 13619290856.276953 -13619241360.8818
11.462424839678361 13696601627.499748 -13696552019.909649
11.462427639288642 13774483890.069118 -13774434169.838253
11.46243043889892 13852942852.301769 -13852893018.981783
11.462433238509201 13931983778.977074 -13931933832.117058
11.462436038119481 14011611992.04706 -14011561931.193535
11.46243883772976 14091832871.356447 -14091782696.053341
11.46244163734004 14172651855.373108 -14172601565.161736
11.462444436950319 14254074441.929098 -14254024036.348145
11.4624472365606 14336106188.972263 -14336055667.557764
11.46245003617088 14418752715.328581 -14418702077.613899
11.462452835781159 14502019701.4757 -14501968946.991512
11.462455635391439 14585912890.327562 -14585862018.60183
11.462458435001718 14670438088.030418 -14670387098.588377
11.462461234611999 14755601164.770374 -14755550057.134506
11.462464034222279 14841408055.592566 -14841356829.282581
11.462466833832558 14927864761.232443 -14927813415.765259
11.462469633442838 15014977348.959187 -15014925883.848906
11.462472433053119 15102751953.431368 -15102700368.189259
11.462475232663397 15191194777.565096 -15191143071.699568
11.462478032273678 15280312093.414984 -15280260266.431568
11.462480831883957 15370110243.068066 -15370058294.469395
11.462483631494237 15460595639.550762 -15460543568.836544
11.462486431104518 15551774767.749273 -15551722574.416271
11.462489230714796 15643654185.343607 -15643601868.885616
11.462492030325077 15736240523.755386 -15736188083.66321
11.462494829935356 15829540489.109745 -15829487924.871176
11.462497629545636 15923560863.211468 -15923508174.311258
11.462500429155916 16018308504.535635 -16018255690.455479
11.462503228766195 16113790349.233107 -16113737409.451614
11.462506028376476 16210013412.150928 -16209960346.1436
11.462508827986754 16306984787.868017 -16306931595.107224
11.462511627597035 16404711651.746452 -16404658331.701406
11.462514427207315 16503201260.998415 -16503147813.135147
11.462517226817594 16602460955.769314 -16602407379.55065
11.462520026427875 16702498160.237169 -16702444455.122705
11.462522826038155 16803320383.728502 -16803266549.174578
11.462525625648434 16904935221.851114 -16904881257.310787
11.462528425258714 17007350357.644056 -17007296262.567076
11.462531224868993 17110573562.745079 -17110519336.577862
11.462534024479273 17214612698.575851 -17214558340.761452
11.462536824089554 17319475717.545197 -17319421227.523285
11.462539623699833 17425170664.270714 -17425116041.477551
11.462542423310113 17531705676.818829 -17531650920.687229
11.462545222920392 17639088987.964104 -17639034097.923416
11.462548022530672 17747328926.467869 -17747273901.943943
11.462550822140953 17856433918.37648 -17856378758.791649
11.462553621751232 17966412488.339546 -17966357193.112587
11.462556421361512 18077273260.948307 -18077217829.494423
11.462559220971793 18189024962.094841 -18188969393.825619
11.462562020582071 18301676420.352406 -18301620714.6758
11.462564820192352 18415236568.377167 -18415180724.697464
11.462567619802631 18529714444.331585 -18529658462.049374
11.462570419412911 18645119193.330139 -18645063071.842281
11.462573219023191 18761460068.907501 -18761403807.607105
11.46257601863347 18878746434.509697 -18878690032.786083
11.462578818243751 18996987765.008293 -18996931222.246967
11.462581617854029 19116193648.238697 -19116136963.821312
11.46258441746431 19236373786.562782 -19236316959.867107
11.46258721707459 19357537998.455902 -19357481028.855801
11.462590016684869 19479696220.118816 -19479639106.984207
11.46259281629515 19602858507.115204 -19602801249.812027
11.46259561590543 19727035036.035202 -19726977633.925396
11.462598415515709 19852236106.185112 -19852178558.626564
11.462601215125989 19978472141.304077 -19978414447.6506
11.462604014736268 20105753691.308521 -20105695850.909824
11.462606814346548 20234091434.063904 -20234033446.265553
11.462609613956829 20363496177.184513 -20363438041.327896
11.462612413567108 20493978859.862671 -20493920575.284958
11.462615213177388 20625550554.727375 -20625492120.761494
11.462618012787667 20758222469.732689 -20758163885.707283
11.462620812397947 20892005950.076408 -20891947215.315807
11.462623612008228 21026912480.149559 -21026853593.973732
11.462626411618507 21162953685.517551 -21162894647.242081
11.462629211228787 21300141334.933689 -21300082143.869728
11.462632010839068 21438487342.385056 -21438427997.839287
11.462634810449346 21578003769.172142 -21577944270.446751
11.462637610059627 21718702826.022144 -21718643172.414772
11.462640409669905 21860596875.236286 -21860537066.039993
11.462643209280186 22003698432.872887 -22003638467.376122
11.462646008890466 22148020170.966064 -22147960048.45261
11.462648808500745 22293574919.780682 -22293514639.529625
11.462651608111026 22440375670.104866 -22440315231.39056
11.462654407721304 22588435575.579922 -22588374977.671936
11.462657207331585 22737767955.068958 -22737707197.232048
11.462660006941865 22888386295.064682 -22888325376.558739
11.462662806552144 23040304252.136963 -23040243172.216976
11.462665606162425 23193535655.421425 -23193474413.33744
11.462668405772705 23348094509.149311 -23348033104.146385
11.462671205382984 23503994995.219616 -23503933426.537777
11.462674004993264 23661251475.814194 -23661189742.688393
11.462676804603543 23819878496.056816 -23819816597.716885
11.462679604213823 23979890786.716759 -23979828722.387363
11.462682403824104 24141303266.958202 -24141241035.858807
11.462685203434383 24304131047.13562 -24304068648.480431
11.462688003044663 24468389431.63628 -24468326864.634205
11.462690802654942 24634093921.771194 -24634031185.625793
11.462693602265222 24801260218.715107 -24801197312.62455
11.462696401875503 24969904226.496162 -24969841149.653172
11.462699201485782 25140042055.036915 -25139978806.628727
11.462702001096062 25311690023.247108 -25311626602.455421
11.462704800706343 25484864662.169178 -25484801068.170105
11.462707600316621 25659582718.177734 -25659518950.141747
11.462710399926902 25835861156.23402 -25835797213.325909
11.46271319953718 26013717163.196407 -26013653044.575218
11.462715999147461 26193168151.188145 -26193103856.007141
11.462718798757741 26374231761.022915 -26374167288.429516
11.46272159836802 26556925865.689766 -26556861214.825497
11.462724397978301 26741268573.899086 -26741203743.899525
11.462727197588579 26927278233.689739 -26927213223.684464
11.46272999719886 27114973436.099045 -27114908245.211578
11.46273279680914 27304373018.897217 -27304307646.244972
11.462735596419419 27495496070.386662 -27495430515.080891
11.4627383960297 27688361933.268085 -27688296194.413815
11.46274119563998 27882990208.574669 -27882924285.270649
11.462743995250259 28079400759.675629 -28079334651.014278
11.462746794860539 28277613716.349815 -28277547421.417156
11.462749594470818 28477649478.93187 -28477582996.807472
11.462752394081098 28679528722.5322 -28679462052.289124
11.462755193691379 28883272401.331051 -28883205542.035782
11.462757993301658 29088901752.949585 -29088834703.661983
11.462760792911938 29296438302.898781 -29296371062.672009
11.462763592522217 29505903869.107861 -29505836436.988327
11.462766392132497 29717320566.533665 -29717252941.560959
11.462769191742778 29930710811.852997 -29930642993.059826
11.462771991353057 30146097328.239468 -30146029314.651596
11.462774790963337 30363503150.226097 -30363434940.862278
11.462777590573616 30582951628.655975 -30582883222.527878
11.462780390183896 30804466435.723145 -30804397831.835304
11.462783189794177 31028071570.104019 -31028002767.453758
11.462785989404455 31253791362.18227 -31253722359.759632
11.462788789014736 31481650479.369263 -31481581276.15694
11.462791588625016 31711673931.521816 -31711604526.49509
11.462794388235295 31943887076.45911 -31943817468.585773
11.462797187845576 32178315625.580166 -32178245813.820454
11.462799987455854 32414985649.58511 -32414915632.891624
11.462802787066135 32653923584.301819 -32653853361.619461
11.462805586676415 32895156236.620296 -32895085806.886189
11.462808386286694 33138710790.536781 -33138640152.680191
11.462811185896975 33384614813.31004 -33384543966.252308
11.462813985507253 33632896261.732208 -33632825204.386677
11.462816785117534 33883583488.516212 -33883512219.788136
11.462819584727814 34136705248.80249 -34136633767.588966
11.462822384338093 34392290706.787582 -34392219011.97747
11.462825183948373 34650369442.477112 -34650297532.950951
11.462827983558654 34910971458.56543 -34910899333.195358
11.462830783168933 35174127187.445686 -35174054845.09536
11.462833582779213 35439867498.351913 -35439794937.876419
11.462836382389492 35708223704.636131 -35708150924.881905
11.462839181999772 35979227571.184471 -35979154570.98922
11.462841981610053 36252911321.971863 -36252838100.164474
11.462844781220332 36529307647.76268 -36529234203.163124
11.462847580830612 36808449713.959076 -36808376045.378334
11.462850380440891 37090371168.598442 -37090297274.838402
11.462853180051171 37375106150.503868 -37375032030.357246
11.462855979661452 37662689297.592934 -37662614949.843178
11.46285877927173 37953155755.345688 -37953081178.766891
11.462861578882011 38246541185.435936 -38246466378.792725
11.462864378492291 38542881774.530113 -38542806736.577576
11.46286717810257 38842214243.257675 -38842138972.741249
11.462869977712851 39144575855.354706 -39144500351.010078
11.462872777323129 39450004426.987595 -39449928687.540619
11.46287557693341 39758538336.258087 -39758462360.424675
11.46287837654369 40070216532.894318 -40070140319.380333
11.462881176153969 40385078548.1325 -40385002095.633667
11.46288397576425 40703164504.793533 -40703087811.995331
11.462886775374528 41024515127.55732 -41024438193.134865
11.462889574984809 41349171753.441292 -41349094576.059242
11.462892374595089 41677176342.487503 -41677098920.79995
11.462895174205368 42008571488.6614 -42008493821.31176
11.462897973815648 42343400430.96756 -42343322516.588455
11.462900773425929 42681707064.787758 -42681628902.000923
11.462903573036208 43023535953.445145 -43023457540.861298
11.462906372646488 43368932340.000969 -43368853676.219704
11.462909172256767 43717942159.289505 -43717863242.899162
11.462911971867047 44070612050.195168 -44070532879.772743
11.462914771477328 44426989368.178192 -44426909942.2892
11.462917571087607 44787122198.052048 -44787042515.250389
11.462920370697887 45151059367.023338 -45150979425.851196
11.462923170308166 45518850457.996742 -45518770256.984459
11.462925969918446 45890545823.150017 -45890465360.815964
11.462928769528727 46266196597.786865 -46266115872.637314
11.462931569139005 46645854714.474991 -46645773725.003983
11.462934368749286 47029572917.475113 -47029491662.164337
11.462937168359566 47417404777.46656 -47417323254.78521
11.462939967969845 47809404706.577942 -47809322914.98259
11.462942767580126 48205627973.728699 -48205545911.663155
11.462945567190404 48606130720.289597 -48606048386.184776
11.462948366800685 49010969976.069839 -49010887368.34362
11.462951166410965 49420203675.636414 -49420120792.693497
11.462953966021244 49833890674.976547 -49833807515.208313
11.462956765631525 50252090768.508553 -50252007330.292908
11.462959565241803 50674864706.451782 -50674780988.15303
11.462962364852084 51102274212.562195 -51102190212.530876
11.462965164462364 51534382002.241653 -51534297718.8144
11.462967964072643 51971251801.031097 -51971167232.530472
11.462970763682923 52412948363.498581 -52412863508.232925
11.462973563293204 52859537492.529114 -52859452348.792397
11.462976362903483 53311086059.025688 -53311000625.097336
11.462979162513763 53767662022.031761 -53767576296.176506
11.462981962124042 54229334449.287209 -54229248429.754921
11.462984761734322 54696173538.224915 -54696087223.250435
11.462987561344603 55168250637.421516 -55168164025.224495
11.462990360954882 55645638268.5121 -55645551357.296814
11.462993160565162 56128410148.580505 -56128322936.535698
11.462995960175441 56616641213.035934 -56616553698.334633
11.462998759785721 57110407638.987732 -57110319819.787071
11.463001559396002 57609786869.131851 -57609698743.572891
11.46300435900628 58114857636.161972 -58114769202.369522
11.463007158616561 58625699987.71582 -58625611243.798248
11.463009958226841 59142395311.870918 -59142306255.91996
11.46301275783712 59665026363.204697 -59664936993.29528
11.463015557447401 60193677289.430557 -60193587603.62059
11.463018357057679 60728433658.625137 -60728343654.955322
11.46302115666796 61269382487.064331 -61269292163.557968
11.46302395627824 61816612267.679001 -61816521622.341782
11.463026755888519 62370212999.14579 -62370122029.965584
11.4630295554988 62930276215.635719 -62930184920.582382
11.463032355109078 63496895017.230972 -63496803394.256134
11.463035154719359 64070164101.026962 -64070072148.063797
11.463037954329639 64650179792.937592 -64650087507.900627
11.463040753939918 65237040080.223709 -65236947461.008591
11.463043553550198 65830844644.760361 -65830751689.243622
11.463046353160477 66431694897.064919 -66431601603.103775
11.463049152770758 67039694011.104332 -67039600376.536438
11.463051952381038 67654946959.898064 -67654852982.541283
11.463054751991317 68277560551.942101 -68277466229.594269
11.463057551601597 68907643468.473053 -68907548798.911743
11.463060351211878 69545306301.593674 -69545211282.575958
11.463063150822157 70190661593.284119 -70190566222.546295
11.463065950432437 70843823875.31813 -70843728150.575485
11.463068750042716 71504909710.117203 -71504813629.063782
11.463071549652996 72174037732.553864 -72173941292.862198
11.463074349263277 72851328692.730957 -72851231892.051773
11.463077148873555 73536905499.780365 -73536808335.742355
11.463079948483836 74230893266.691193 -74230795736.900757
11.463082748094115 74933419356.186234 -74933321458.227142
11.463085547704395 75644613427.701416 -75644515159.134598
11.463088347314676 76364607485.482971 -76364508843.846207
11.463091146924954 77093535927.823288 -77093436910.630905
11.463093946535235 77831535597.478149 -77831436202.220764
11.463096746145515 78578745833.297363 -78578646057.441559
11.463099545755794 79335308523.096222 -79335208364.084259
11.463102345366075 80101368157.804306 -80101267613.053833
11.463105144976353 80877071886.923615 -80876970953.827347
11.463107944586634 81662569575.328705 -81662468251.254089
11.463110744196914 82458013861.459427 -82457912143.748337
11.463113543807193 83263560216.934647 -83263458102.903091
11.463116343417473 84079367007.621796 -84079264494.55954
11.463119143027752 84905595556.198196 -84905492641.368469
11.463121942638033 85742410206.268967 -85742306886.908096
11.463124742248313 86589978388.059616 -86589874661.376678
11.463127541858592 87448470685.74382 -87448366548.920319
11.463130341468872 88318060906.444305 -88317956356.633804
11.463133141079153 89198926150.940201 -89198821185.267944
11.463135940689432 90091246886.162491 -90091141501.725052
11.463138740299712 90995207019.503143 -90995101213.368057
11.463141539909991 91910993974.982025 -91910887744.187408
11.463144339520271 92838798771.3461 -92838692112.900238
11.463147139130552 93778816102.145172 -93778709013.026169
11.46314993874083 94731244417.841003 -94731136894.996353
11.463152738351111 95696286010.003632 -95696178050.349838
11.46315553796139 96674147097.658676 -96674038698.080841
11.46315833757167 97665037915.8479 -97664929073.199265
11.463161137181951 98669172806.469589 -98669063517.571167
11.463163936792229 99686770311.462708 -99686660573.102814
11.46316673640251 100718053268.39278 -100717943077.3266
11.46316953601279 101763248908.52234 -101763138261.47151
11.463172335623069 102822588957.43463 -102822477851.08676
11.46317513523335 103896309738.28148 -103896198169.28969
11.463177934843628 104984652277.73625 -104984540242.7187
11.463180734453909 106087862414.73695 -106087749910.27641
11.463183534064189 107206190912.07993 -107206077934.72322
11.463186333674468 108339893570.97154 -108339780117.22911
11.463189133284748 109489231348.6256 -109489117414.97098
11.463191932895027 110654470478.98001 -110654356061.84932
11.463194732505308 111835882596.63683 -111835767692.42825
11.463197532115588 113033744864.1245 -113033629469.1978
11.463200331725867 114248340102.57007 -114248224213.24597
11.463203131336147 115479956925.90994 -115479840538.46967
11.463205930946428 116728889878.71559 -116728772989.40027
11.463208730556707 117995439577.7567 -117995322182.7668
11.463211530166987 119279912857.42021 -119279794952.91496
11.463214329777266 120582622919.11009 -120582504501.20692
11.463217129387546 121903889484.73428 -121903770549.50824
11.463219928997827 123244038954.39343 -123243919497.87654
11.463222728608105 124603404568.42955 -124603284586.6102
11.463225528218386 125982326573.96347 -125982206062.78581
11.463228327828665 127381152396.05852 -127381031351.42181
11.463231127438945 128800236813.6407 -128800115231.39868
11.463233927049226 130239942140.33347 -130239820016.29369
11.463236726659504 131700638410.36565 -131700515740.28879
11.463239526269785 133182703569.71133 -133182580349.31053
11.463242325880065 134686523672.62408 -134686399897.56422
11.463245125490344 136212493083.74237 -136212368749.6394
11.463247925100625 137761014685.93262 -137760889788.35281
11.463250724710903 139332500094.05859 -139332374628.51782
11.463253524321184 140927369874.86853 -140927243836.83148
11.463256323931464 142546053773.21942 -142545927158.09891
11.463259123541743 144188990944.79398 -144188863747.9501
11.463261923152023 145856630195.543 -145856502412.28241
11.463264722762302 147549430228.07764 -147549301853.65268
11.463267522372583 149267859895.24332 -149267730924.85126
11.463270321982863 151012398461.10248 -151012268889.88461
11.463273121593142 152783535869.57352 -152783405692.61441
11.463275921203422 154581773020.95288 -154581642233.27939
11.463278720813703 156407622056.62259 -156407490653.20306
11.463281520423982 158261606652.21887 -158261474627.96219
11.463284320034262 160144262319.4772 -160144129669.23196
11.463287119644541 162056136717.099 -162056003435.65247
11.463289919254821 163997789970.90948 -163997656052.98672
11.463292718865102 165969795003.68033 -165969660443.94318
11.46329551847538 167972737874.87323 -167972602667.91937
11.463298318085661 170007218130.69272 -170007082271.0546
11.46330111769594 172073849164.75812 -172073712646.90195
11.46330391730622 174173258589.79675 -174173121408.12152
11.463306716916501 176306088620.70242 -176305950769.53876
11.463309516526779 178472996469.3497 -178472857942.95883
11.46331231613706 180674654751.58447 -180674515544.15704
11.463315115747339 182911751906.84302 -182911612012.49808
11.463317915357619 185184992630.80106 -185184852043.58478
11.4633207149679 187495098321.49057 -187494957035.37515
11.463323514578178 189842807539.41162 -189842665548.29404
11.463326314188459 192228876482.10199 -192228733779.80283
11.463329113798739 194654079473.64392 -194653936053.9061
11.463331913409018 197119209469.69348 -197119065326.18097
11.463334713019298 199625078578.5231 -199624933704.81961
11.463337512629577 202172518598.74738 -202172372988.35507
11.463340312239858 204762381574.24173 -204762235220.57986
11.463343111850138 207395540366.86475 -207395393263.26828
11.463345911460417 210072889247.68509 -210072741387.40326
11.463348711070697 212795344507.3985 -212795195883.59335
11.463351510680976 215563845086.57608 -215563695692.32108
11.463354310291257 218379353226.51254 -218379203054.79105
11.463357109901537 221242855141.35397 -221242704185.05768
11.463359909511816 224155361712.38531 -224155209964.31271
11.463362709122096 227117909205.25009 -227117756658.10486
11.463365508732377 230131560010.97736 -230131406657.36676
11.463368308342655 233197403411.64661 -233197249244.0798
11.463371107952936 236316556371.69534 -236316401382.5817
11.463373907563215 239490164355.79401 -239490008537.44135
11.463376707173495 242719402174.27493 -242719245518.88779
11.463379506783776 246005474857.15689 -246005317356.83469
11.463382306394054 249349618557.90207 -249349460204.63724
11.463385106004335 252753101488.00568 -252752942273.68182
11.463387905614614 256217224883.61133 -256217064800.00128
11.463390705224894 259743324005.36014 -259743163044.12393
11.463393504835174 263332769172.81372 -263332607325.49661
11.463396304445453 266986966834.78113 -266986804092.81158
11.463399104055734 270707360676.83896 -270707197031.52646
11.463401903666014 274495432767.64941 -274495268210.18234
11.463404703276293 278352704745.61005 -278352539267.05353
11.463407502886573 282280739047.21973 -282280572638.51324
11.463410302496852 286281140179.11395 -286280972831.06915
11.463413102107133 290355556035.40448 -290355387738.70282
11.463415901717413 294505679261.87506 -294505510007.06537
11.463418701327692 298733248669.2616 -298733078446.75763
11.463421500937972 303040050697.37006 -303039879497.44788
11.463424300548251 307427920932.40674 -307427748745.20233
11.463427100158532 311898745679.30585 -311898572494.81232
11.463429899768812 316454463591.4057 -316454289399.47058
11.463432699379091 321097067360.14343 -321096892150.46606
11.463435498989371 325828605466.75928 -325828429228.88782
11.463438298599652 330651183998.85657 -330651006722.18512
11.46344109820993 335566968534.65466 -335566790208.42041
11.463443897820211 340578186097.45221 -340578006710.7323
11.46344669743049 345687127183.2702 -345686946724.9787
11.46344949704077 350896147865.02222 -350895966323.9068
11.463452296651051 356207671976.43243 -356207489341.07129
11.463455096261329 361624193378.73706 -361624009637.53552
11.46345789587161 367148278313.89929 -367148093455.0863
11.463460695481889 372782567848.39001 -372782381860.01471
11.463463495092169 378529780411.0799 -378529593281.008
11.463466294702449 384392714429.23694 -384392526145.14716
11.463469094312728 390374251067.15948 -390374061616.53961
11.463471893923009 396477357071.91449 -396477166442.05768
11.463474693533289 402705087730.70551 -402704895908.70624
11.463477493143568 409060589944.89081 -409060396917.64081
11.463480292753848 415547105426.08551 -415546911180.26965
11.463483092364127 422167974019.34937 -422167778541.44141
11.463485891974408 428926637159.39886 -428926440435.65698
11.463488691584688 435826641465.98645 -435826443482.44879
11.463491491194967 442871642484.57727 -442871443227.0575
11.463494290805247 450065408578.58649 -450065208032.66882
11.463497090415526 457411824980.71857 -457411623131.75311
11.463499890025806 464914898010.65857 -464914694843.75635
11.463502689636087 472578759465.92432 -472578554965.95203
11.463505489246366 480407671195.03815 -480407465346.6131
11.463508288856646 488406029860.98724 -488405822648.47186
11.463511088466927 496578371903.97754 -496578163311.47394
11.463513888077205 504929378712.67896 -504929168724.02319
11.463516687687486 513463882013.99091 -513463670612.74719
11.463519487297765 522186869491.89606 -522186656661.35083
11.463522286908045 531103490645.98383 -531103276369.13953
11.463525086518326 540219062901.48907 -540218847161.05792
11.463527886128604 549539077982.83063 -549538860761.22815
11.463530685738885 559069208563.52307 -559068989842.86133
11.463533485349163 568815315205.60437 -568815094967.6853
11.463536284959444 578783453603.14294 -578783231829.45117
11.463539084569724 588979882145.24292 -588979658816.93872
11.463541884180003 599411069813.25305 -599410844911.16467
11.463544683790284 610083704429.63428 -610083477934.25049
11.463547483400564 621004701276.44531 -621004473167.90735
11.463550283010843 632181212101.38171 -632180982359.47534
11.463553082621123 643620634531.1084 -643620403135.25574
11.463555882231402 655330621912.54663 -655330388841.79724
11.463558681841683 667319093604.47388 -667318858837.49622
11.463561481451963 679594245742.36987 -679594009257.44214
11.463564281062242 692164562501.09729 -692164324276.09814
11.463567080672522 705038827881.40491 -705038587893.80383
11.463569880282801 718226138047.11133 -718225896273.95862
11.463572679893081 731735914242.28198 -731735670660.19873
11.463575479503362 745577916320.57043 -745577670905.73804
11.463578279113641 759762256916.24438 -759762009644.39368
11.463581078723921 774299416293.99744 -774299167140.39734
11.4635838783342 789200257913.43579 -789200006852.88208
11.46358667794448 804476044747.0166 -804475791753.82019
11.463589477554761 820138456390.61182 -820138201438.58618
11.46359227716504 836199607012.495 -836199350074.94385
11.46359507677532 852672064186.92786 -852671805236.63208
11.463597876385601 869568868660.08887 -869568607669.29321
11.463600675995879 886903555100.74585 -886903292041.1449
11.46360347560616 904690173892.08618 -904689908734.8103
11.463606275216438 922943314023.02881 -922943046738.62939
11.463609074826719 941678127139.85535 -941677857698.28955
11.463611874436999 960910352826.6499 -960910081197.26501
11.463614674047278 980656345184.74707 -980656071336.2644
11.463617473657559 1000933100784.8688 -1000932824685.3669
11.463620273267837 1021758288073.8501 -1021758009690.7476
11.463623072878118 1043150278320.2887 -1043149997620.3259
11.463625872488398 1065128178191.338 -1065127895140.5593
11.463628672098677 1087711864054.1803 -1087711578617.9144
11.463631471708958 1110922018108.5911 -1110921730251.4319
11.463634271319238 1134780166458.3679 -1134779876144.1533
11.463637070929517 1159308719241.0444 -1159308426432.8359
11.463639870539797 1184531012940.5498 -1184530717600.6104
11.463642670150076 1210471355015.8589 -1210471057105.6304
11.463645469760356 1237155070989.7656 -1237154770469.8457
11.463648269370637 1264608554145.9944 -1264608250976.1121
11.463651068980916 1292859318005.9836 -1292859012144.9741
11.463653868591196 1321936051754.7832 -1321935743160.562
11.463656668201475 1351868678803.9973 -1351868367433.5337
11.463659467811755 1382688418692.8154 -1382688104502.104
11.463662267422036 1414427852541.3337 -1414427535485.366
11.463665067032315 1447120992286.4722 -1447120672319.2063
11.463667866642595 1480803353944.5859 -1480803031018.916
11.463670666252876 1515512035167.7805 -1515511709235.5042
11.463673465863154 1551285797377.1201 -1551285468388.905
11.463676265473435 1588165152775.7581 -1588164820681.1074
11.463679065083713 1626192456573.8101 -1626192121321.0264
11.463681864693994 1665412004773.0796 -1665411666309.2278
11.463684664304274 1705870137884.1177 -1705869796154.9858
11.463687463914553 1747615350992.9912 -1747615005943.0503
11.463690263524834 1790698410612.3821 -1790698062184.7441
11.463693063135112 1835172478786.5244 -1835172126922.8989
11.463695862745393 1881093244961.0437 -1881092889601.6926
11.463698662355673 1928519066160.5334 -1928518707244.2239
11.463701461965952 1977511116065.1248 -1977510753529.0796
11.463704261576233 2028133543634.5947 -2028133177414.4421
11.463707061186513 2080453641965.6887 -2080453271995.4089
11.463709860796792 2134542028113.6409 -2134541654325.5112
11.463712660407072 2190472834692.0139 -2190472457016.5508
11.463715460017351 2248323914127.874 -2248323532493.7734
11.463718259627631 2308177056505.439 -2308176670839.5127
11.463721059237912 2370118222033.7803 -2370117832260.8921
11.463723858848191 2434237789233.2778 -2434237395276.2759
11.463726658458471 2500630820029.7866 -2500630421809.4307
11.46372945806875 2569397343088.2251 -2569396940523.1143
11.46373225767903 2640642656776.647 -2640642249783.1411
11.463735057289311 2714477653318.1665 -2714477241810.3071
11.46373785689959 2791019165777.0596 -2791018749666.4839
11.46374065650987 2870390339714.7593 -2870389918910.6128
11.463743456120151 2952721031515.9067 -2952720605924.7515
11.463746255730429 3038148235493.2095 -3038147805018.9268
11.46374905534071 3126816542161.3286 -3126816106705.0186
11.463751854950988 3218878630270.5498 -3218878189730.4268
11.463754654561269 3314495795341.8789 -3314495349613.1592
11.463757454171549 3413838517803.4663 -3413838066778.2549
11.463760253781828 3517087074096.8853 -3517086617664.0518
11.463763053392109 3624432194390.6089 -3624431732435.6621
11.463765853002387 3736075770973.5322 -3736075303378.4863
11.463768652612668 3852231621667.9858 -3852231148311.2207
11.463771452222948 3973126313145.3511 -3973125833901.4653
11.463774251833227 4099000049436.7192 -4098999564176.3755
11.463777051443508 4230107631497.6494 -4230107140087.4121
11.463779851053788 4366719494249.1807 -4366718996551.3462
11.463782650664067 4509122828150.3555 -4509122324022.7725
11.463785450274347 4657622793110.5439 -4657622282406.4258
11.463788249884626 4812543833312.9775 -4812543315880.7031
11.463791049494906 4974231102470.9512 -4974230578153.8555
11.463793849105187 5143052009996.667 -5143051478632.8213
11.463796648715466 5319397899702.626 -5319397361124.6045
11.463799448325746 5503685873909.8564 -5503685327944.4932
11.463802247936025 5696360777200.5811 -5696360223668.71
11.463805047546305 5897897355531.7402 -5897896794247.9229
11.463807847156586 6108802608410.7832 -6108802039183.0195
11.463810646766865 6329618353592.6572 -6329617776222.0811
11.463813446377145 6560924026040.2871 -6560923440320.8438
11.463816245987426 6803339735430.9014 -6803339141149.0039
11.463819045597704 7057529609242.1006 -7057529006176.2705
11.463821845207985 7324205451566.5918 -7324204839487.0752
11.463824644818263 7604130751486.8438 -7604130130155.2051
11.463827444428544 7898125078779.6035 -7898124447948.292
11.463830244038824 8207068909493.0547 -8207068268904.9482
11.463833043649103 8531908929024.2002 -8531908278412.1182
11.463835843259384 8873663866094.0703 -8873663205180.2578
11.463838642869662 9233430917840.2441 -9233430246335.8164
11.463841442479943 9612392834178.6094 -9612392151782.9688
11.463844242090223 10011825738298.832 -10011825044699.043
11.463847041700502 10433107769370.777 -10433107064240.898
11.463849841310783 10877728646053.299 -10877727929053.674
