# serie phase 2 p5_w2.27_c1.20_dt2s2_k2 : t x1 x2 (dt2=5.5992205596119375e-06, depart t=11.388 etat bascule x1 x2 v1 v2 = 39134.313482382669 -38834.743946464958 1704821.6722389129 -1699575.6259041994)
11.459670023163033 517148848.68275392 -517135472.09809965
11.459675622383592 519347510.41448033 -519334111.11016738
11.459681221604152 521558339.72269225 -521544917.63110429
11.459686820824713 523781419.58919704 -523767974.64242989
11.459692420045272 526016833.66870338 -526003365.79856342
11.459698019265831 528264666.29514754 -528251175.43315017
11.45970361848639 530525002.48808718 -530511488.56545502
11.459709217706951 532797927.95916378 -532784390.90682518
11.45971481692751 535083529.11863446 -535069968.86722195
11.45972041614807 537381893.08197391 -537368309.5618223
11.459726015368629 539693107.67654681 -539679500.8176918
11.45973161458919 542017261.44835281 -542003631.18052912
11.459737213809749 544354443.66884387 -544340789.92148352
11.459742813030308 546704744.34181535 -546691067.04404616
11.459748412250867 549068254.21037138 -549054553.29101527
11.459754011471427 551445064.76396549 -551431340.15153658
11.459759610691988 553835268.24551809 -553821519.86822093
11.459765209912547 556238957.65861011 -556225185.4443382
11.459770809133106 558656226.77475643 -558642430.65109026
11.459776408353665 561087170.14075673 -561073350.03496206
11.459782007574226 563531883.08612776 -563518038.92515385
11.459787606794785 565990461.73061574 -565976593.44109356
11.459793206015345 568463002.99179149 -568449110.50003195
11.459798805235904 570949604.59272802 -570935687.82472003
11.459804404456465 573450365.06976247 -573436423.95117128
11.459810003677024 575965383.78034317 -575951418.23650837
11.459815602897583 578494760.91096318 -578480770.86689687
11.459821202118142 581038597.48518062 -581024582.86556566
11.459826801338702 583596995.37172711 -583582956.10091519
11.459832400559263 586170057.29270577 -586155993.2947154
11.459837999779822 588757886.83188021 -588743798.03039503
11.459843599000381 591360588.44305432 -591346474.76142097
11.45984919822094 593978267.45854497 -593964128.81977105
11.459854797441501 596611030.09774923 -596596866.42450166
11.45986039666206 599258983.47580659 -599244794.69040954
11.45986599588262 601922235.6123569 -601908021.6367898
11.459871595103179 604600895.44039536 -604586656.19629085
11.459877194323738 607295072.81522691 -607280808.22386885
11.459882793544299 610004878.52352059 -609990588.50584209
11.459888392764858 612730424.29246449 -612716108.76904583
11.459893991985417 615471822.79902351 -615457481.69009006
11.459899591205977 618229187.67930102 -618214820.90472138
11.459905190426538 621002633.53800476 -620988241.01728845
11.459910789647097 623792275.95801914 -623777857.61031461
11.459916388867656 626598231.51008582 -626583787.25417817
11.459921988088215 629420617.76259315 -629406147.51690233
11.459927587308776 632259553.29147589 -632245056.97405434
11.459933186529335 635115157.69022608 -635100635.21875656
11.459938785749895 637987551.5800184 -637973002.87181187
11.459944384970454 640876856.6199491 -640862281.59194255
11.459949984191013 643783195.51739132 -643768594.08614564
11.459955583411574 646706692.03846824 -646692064.12016582
11.459961182632133 649647471.01864457 -649632816.52908731
11.459966781852692 652605658.37343955 -652590977.22804642
11.459972381073252 655581381.10926127 -655566673.22306609
11.459977980293813 658574767.33436501 -658560032.62201405
11.459983579514372 661585946.26993716 -661571184.6456871
11.459989178734931 664615048.26130557 -664600259.6390208
11.45999477795549 667662204.78927875 -667647389.08242953
11.460000377176051 670727548.48161542 -670712705.6032753
11.46000597639661 673811213.12462425 -673796342.98746753
11.46001157561717 676913333.67489922 -676898436.19119871
11.460017174837729 680034046.27118933 -680019121.35281396
11.460022774058288 683173488.24640536 -683158535.8048178
11.460028373278849 686331798.13976538 -686316818.08601964
11.460033972499408 689509115.70908022 -689494107.95381904
11.460039571719967 692705581.94318211 -692690546.39663446
11.460045170940527 695921339.0744977 -695906275.64647639
11.460050770161088 699156530.59176719 -699141439.19166648
11.460056369381647 702411301.25291038 -702396181.78970325
11.460061968602206 705685797.09804416 -705670649.48027968
11.460067567822765 708980165.46265078 -708964989.59845185
11.460073167043326 712294554.99090099 -712279350.7879616
11.460078766263885 715629115.64913249 -715613883.01471508
11.460084365484445 718983998.73948598 -718968737.58041883
11.460089964705004 722359356.91370201 -722344067.13637662
11.460095563925563 725755344.18707943 -725740025.69744778
11.460101163146124 729172115.95259893 -729156768.65617085
11.460106762366683 732609828.99521232 -732594452.79705274
11.460112361587242 736068641.50630116 -736053236.31102753
11.460117960807802 739548713.09830534 -739533278.81008482
11.460123560028363 743050204.81952524 -743034741.34207177
11.460129159248922 746573279.16909909 -746557786.40567064
11.460134758469481 750118100.11215949 -750102577.96555555
11.46014035769004 753684833.09516883 -753669281.46772718
11.460145956910599 757273645.06143677 -757258063.85503101
11.46015155613116 760884704.4668237 -760869093.58285999
11.46015715535172 764518181.29563105 -764502540.63504553
11.460162754572279 768174247.07668245 -768158576.53993821
11.460168353792838 771853074.89959657 -771837374.38668048
11.460173953013399 775554839.43125546 -775539108.84167564
11.460179552233958 779279716.9324708 -779263956.16525328
11.460185151454517 783027885.27484989 -783012094.22853577
11.460190750675077 786799523.9578656 -786783702.53050792
11.460196349895638 790594814.12613165 -790578962.21529245
11.460201949116197 794413938.58688664 -794398056.08963394
11.460207548336756 798257081.82768941 -798241168.64059377
11.460213147557315 802124430.03432858 -802108486.05346024
11.460218746777874 806016171.10895002 -806000196.2298758
11.460224345998435 809932494.68840384 -809916488.80618382
11.460229945218995 813873592.16281474 -813857555.1719991
11.460235544439554 817839656.69437897 -817823588.48900473
11.460241143660113 821830883.23638988 -821814783.70997763
11.460246742880674 825847468.55249703 -825831337.59804785
11.460252342101233 829889611.23620021 -829873448.7461921
11.460257941321792 833957511.73058248 -833941317.59696734
11.460263540542352 838051372.34828448 -838035146.46248436
11.460269139762913 842171397.29172564 -842155139.54462969
11.460274738983472 846317792.67357469 -846301502.95553565
11.460280338204031 850490766.53747022 -850474444.73830104
11.46028593742459 854690528.87899888 -854674174.88796914
11.460291536645149 858917291.66693211 -858900905.37276447
11.46029713586571 863171268.8647269 -863154850.15559387
11.46030273508627 867452676.45229232 -867436225.21581244
11.460308334306829 871761732.4480263 -871745248.57126069
11.460313933527388 876098656.93112695 -876082140.30057573
11.460319532747949 880463672.06418109 -880447122.56577981
11.460325131968508 884857002.11603522 -884840419.63515091
11.460330731189067 889278873.48495209 -889262257.90637994
11.460336330409627 893729514.72205687 -893712865.93001628
11.460341929630188 898209156.55507708 -898192474.43320811
11.460347528850747 902718031.9123807 -902701316.34373999
11.460353128071306 907256375.94731557 -907239626.81437278
11.460358727291865 911824426.06285703 -911807643.247491
11.460364326512424 916422421.93656421 -916405605.32005894
11.460369925732985 921050605.54585266 -921033755.00889349
11.460375524953545 925709221.19358623 -925692336.616256
11.460381124174104 930398515.53399301 -930381596.79576802
11.460386723394663 935118737.59890938 -935101784.57865536
11.460392322615224 939870138.82435834 -939853151.40032637
11.460397921835783 944652973.07746625 -944635951.12728894
11.460403521056342 949467496.68372178 -949450440.084409
11.460409120276902 954313968.4545821 -954296877.08251679
11.460414719497461 959192649.7154336 -959175523.44636774
11.460420318718022 964103804.3339088 -964086643.04295921
11.460425917938581 969047698.74856746 -969030502.31021154
11.46043151715914 974024601.99794567 -974007370.28601706
11.460437116379699 979034785.7499783 -979017518.63766265
11.46044271560026 984078524.3318007 -984061221.69163144
11.46044831482082 989156094.75993478 -989138756.46378851
11.460453914041379 994267776.77086461 -994250402.6899569
11.460459513261938 999413852.85200858 -999396442.85688961
11.460465112482499 1004594608.2730916 -1004577162.2336414
11.460470711703058 1009810331.117925 -1009792848.9033492
11.460476310923617 1015061312.3166002 -1015043793.7954252
11.460481910144177 1020347845.6781011 -1020330290.7181696
11.460487509364736 1025670227.9233414 -1025652636.3918079
11.460493108585297 1031028758.7186352 -1031011130.4819614
11.460498707805856 1036423740.7096032 -1036406075.6335528
11.460504307026415 1041855479.5555238 -1041837777.5051583
11.460509906246974 1047324283.9641355 -1047306544.8038092
11.460515505467535 1052830465.7268966 -1052812689.3202516
11.460521104688095 1058374339.7547089 -1058356525.9646704
11.460526703908654 1063956224.1141131 -1063938372.8028847
11.460532303129213 1069576440.0639608 -1069558551.0930192
11.460537902349774 1075235312.092572 -1075217385.3226624
11.460543501570333 1080933167.9553857 -1080915203.2465162
11.460549100790892 1086670338.7131093 -1086652335.9245465
11.460554700011452 1092447158.7703757 -1092429117.760639
11.460560299232011 1098263965.9149134 -1098245886.54177
11.460565898452572 1104121101.3572409 -1104102983.4777007
11.460571497673131 1110018909.7708902 -1110000753.2412007
11.46057709689369 1115957739.3331687 -1115939544.0088093
11.460582696114249 1121937941.7664666 -1121919707.5021434
11.46058829533481 1127959872.3801203 -1127941599.0297611
11.46059389455537 1134023890.1128356 -1134005577.5295839
11.460599493775929 1140130357.5756845 -1140112005.6118944
11.460605092996488 1146279641.0956793 -1146261249.6029098
11.460610692217049 1152472110.759938 -1152453679.5889475
11.460616291437608 1158708140.4604445 -1158689669.461185
11.460621890658167 1164988107.9394171 -1164969596.9610291
11.460627489878727 1171312394.8352931 -1171293843.726099
11.460633089099286 1177681386.7293353 -1177662795.3368344
11.460638688319847 1184095473.1928778 -1184076841.36374
11.460644287540406 1190555047.8352127 -1190536375.4152727
11.460649886760965 1197060508.3521335 -1197041795.1863852
11.460655485981524 1203612256.5751395 -1203593502.5077295
11.460661085202085 1210210698.521317 -1210191903.3955393
11.460666684422645 1216856244.4439044 -1216837408.1021936
11.460672283643204 1223549308.8835526 -1223530431.1674781
11.460677882863763 1230290310.7202909 -1230271391.4705508
11.460683482084322 1237079673.226212 -1237060712.2826266
11.460689081304883 1243917824.1188836 -1243898821.3203895
11.460694680525442 1250805195.6154981 -1250786150.8001411
11.460700279746002 1257742224.4877744 -1257723137.4927039
11.460705878966561 1264729352.1176248 -1264710222.7790871
11.460711478187122 1271767024.5535917 -1271747852.706923
11.460717077407681 1278855692.5680726 -1278836478.047693
11.46072267662824 1285995811.7153454 -1285976554.3547523
11.460728275848799 1293187842.3904026 -1293168542.0221634
11.46073387506936 1300432249.8886104 -1300412906.3443563
11.46073947428992 1307729504.4662046 -1307710117.5766239
11.460745073510479 1315080081.4016364 -1315060650.9964669
11.460750672731038 1322484461.0577812 -1322464986.9658036
11.460756271951597 1329943128.9450269 -1329923610.9940579
11.460761871172158 1337456575.7852547 -1337437013.8021402
11.460767470392717 1345025297.5767193 -1345005691.3873267
11.460773069613277 1352649795.6598489 -1352630145.0890603
11.460778668833836 1360330576.7839859 -1360310881.6556904
11.460784268054397 1368068153.1750708 -1368048413.3121579
11.460789867274956 1375863042.6042919 -1375843257.8286436
11.460795466495515 1383715768.457716 -1383695938.590199
11.460801065716074 1391626859.8069108 -1391606984.6673696
11.460806664936635 1399596851.4805832 -1399576930.8878326
11.460812264157195 1407626284.1372416 -1407606317.9090586
11.460817863377754 1415715704.338901 -1415695692.292017
11.460823462598313 1423865664.6258535 -1423845606.5759468
11.460829061818872 1432076723.5925109 -1432056619.3541985
11.460834661039433 1440349445.9643497 -1440329295.3511796
11.460840260259992 1448684402.6759655 -1448664205.5004086
11.460845859480552 1457082170.9502573 -1457061927.0236995
11.460851458701111 1465543334.3787625 -1465523043.5114963
11.460857057921672 1474068483.0031605 -1474048145.0043764
11.460862657142231 1482658213.3979623 -1482637828.0757413
11.46086825636279 1491313128.7544093 -1491292695.9157138
11.460873855583349 1500033838.9655969 -1500013358.4162624
11.46087945480391 1508820960.7128463 -1508800432.2575731
11.46088505402447 1517675117.5533395 -1517654540.9956837
11.460890653245029 1526596940.009047 -1526576315.1514118
11.460896252465588 1535587065.6569645 -1535566392.3005915
11.460901851686147 1544646139.2206762 -1544625417.1656365
11.460907450906708 1553774812.6632748 -1553754041.7084601
11.460913050127267 1562973745.281657 -1562952925.2247705
11.460918649347827 1572243603.8022127 -1572222734.43976
11.460924248568386 1581585062.4779379 -1581564143.6052172
11.460929847788947 1590998803.1869977 -1590977834.5980914
11.460935447009506 1600485515.5327516 -1600464497.0205164
11.460941046230065 1610045896.9452763 -1610024828.3013337
11.460946645450624 1619680652.7844043 -1619659533.7991312
11.460952244671184 1629390496.4443061 -1629369326.9068246
11.460957843891745 1639176149.4596486 -1639154929.1578166
11.460963443112304 1649038341.6133494 -1649017070.3337512
11.460969042332863 1658977811.0459502 -1658956488.5738857
11.460974641553422 1668995304.3666406 -1668973930.4861157
11.460980240773983 1679091576.7659647 -1679070151.2596807
11.460985839994542 1689267392.1302383 -1689245914.7795825
11.460991439215102 1699523523.1576958 -1699501993.7427304
11.460997038435661 1709860751.4764047 -1709839169.7758565
11.461002637656222 1720279867.7639811 -1720258233.5552311
11.461008236876781 1730781671.869128 -1730759984.9282005
11.46101383609734 1741366972.93503 -1741345233.0365822
11.461019435317899 1752036589.5246449 -1752014796.4419556
11.461025034538459 1762791349.747915 -1762769503.2528739
11.46103063375902 1773632091.3909326 -1773610191.2540293
11.461036232979579 1784559662.0470932 -1784537708.0374057
11.461041832200138 1795574919.2502761 -1795552911.1354599
11.461047431420697 1806678730.6100838 -1806656668.1563597
11.461053030641258 1817871973.9491768 -1817849856.9213202
11.461058629861817 1829155537.4427388 -1829133365.6040678
11.461064229082377 1840530319.7601082 -1840508092.8724716
11.461069828302936 1851997230.2086191 -1851974948.0323849
11.461075427523497 1863557188.8796828 -1863534851.1737261
11.461081026744056 1875211126.7971513 -1875188733.3188419
11.461086625964615 1886959986.0680141 -1886937536.5732045
11.461092225185174 1898804720.0354531 -1898782214.278466
11.461097824405734 1910746293.4343045 -1910723731.1679206
11.461103423626295 1922785682.5489728 -1922763063.5244181
11.461109022846854 1934923875.373832 -1934901199.340765
11.461114622067413 1947161871.7761631 -1947139138.482662
11.461120221287972 1959500683.6616731 -1959477892.8542223
11.461125820508533 1971941335.1426473 -1971918486.5661249
11.461131419729092 1984484862.7087746 -1984461956.1064394
11.461137018949652 1997132315.4006882 -1997109350.5141649
11.461142618170211 2009884754.9862814 -2009861731.5555487
11.461148217390772 2022743256.1398432 -2022720173.9032195
11.461153816611331 2035708906.6240592 -2035685765.3181884
11.46115941583189 2048782807.4749396 -2048759606.8347776
11.461165015052449 2061966073.1897235 -2061942812.948524
11.461170614273009 2075259831.9178121 -2075236511.8071125
11.46117621349357 2088665225.6547782 -2088641845.4043849
11.461181812714129 2102183410.4395189 -2102159969.777493
11.461187411934688 2115815556.5546098 -2115792055.207252
11.461193011155247 2129562848.7299058 -2129539286.4217424
11.461198610375808 2143426486.349463 -2143402862.8032303
11.461204209596367 2157407683.6618261 -2157383998.5984554
11.461209808816927 2171507669.9937563 -2171483923.1323581
11.461215408037486 2185727689.9674616 -2185703881.025311
11.461221007258045 2200069003.7213869 -2200045132.4139075
11.461226606478606 2214532887.1346312 -2214508953.1753798
11.461232205699165 2229120632.0550585 -2229096635.1557083
11.461237804919724 2243833546.5311804 -2243809486.401505
11.461243404140284 2258672955.0478697 -2258648831.3957281
11.461249003360845 2273640198.7659726 -2273616011.2972908
11.461254602581404 2288736635.7659082 -2288712384.1846638
11.461260201801963 2303963641.2953153 -2303939325.3035197
11.461265801022522 2319322608.0208297 -2319298227.3185129
11.461271400243083 2334814946.2840624 -2334790500.5692539
11.461276999463642 2350442084.3618536 -2350417573.3305659
11.461282598684202 2366205468.7309065 -2366180892.0771179
11.461288197904761 2382106564.3368568 -2382081921.7524929
11.46129379712532 2398146854.8678689 -2398122146.0427852
11.461299396345881 2414327843.0328503 -2414303067.6548133
11.46130499556644 2430651050.8443742 -2430626208.5990443
11.461310594786999 2447118019.9063935 -2447093110.4773054
11.461316194007559 2463730311.7068295 -2463705334.7753744
11.46132179322812 2480489507.9151425 -2480464463.1605482
11.461327392448679 2497397210.6849656 -2497372097.7842779
11.461332991669238 2514455042.9619203 -2514429861.5899839
11.461338590889797 2531664648.7966895 -2531639398.6261282
11.461344190110358 2549027693.6634593 -2549002374.364656
11.461349789330917 2566545864.7838297 -2566520476.0249066
11.461355388551477 2584220871.4563026 -2584195412.9031014
11.461360987772036 2602054445.3914618 -2602028916.7075224
11.461366586992595 2620048341.0529451 -2620022741.8994861
11.461372186213156 2638204336.0043182 -2638178666.040215
11.461377785433715 2656524231.2619638 -2656498490.1437278
11.461383384654274 2675009851.6541314 -2674984039.0358887
11.461388983874834 2693663046.186234 -2693637161.7197046
11.461394583095394 2712485688.4125175 -2712459731.7469921
11.461400182315954 2731479676.8142471 -2731453647.5965657
11.461405781536513 2750646935.1845369 -2750620833.0590668
11.461411380757072 2769989413.0199261 -2769963237.6285396
11.461416979977633 2789509085.9188523 -2789482836.9009027
11.461422579198192 2809207955.987165 -2809181632.9794641
11.461428178418752 2829088052.2508321 -2829061654.8876266
11.461433777639311 2849151431.0759516 -2849124958.9889007
11.46143937685987 2869400176.5962214 -2869373629.4143715
11.461444976080431 2889836401.1480126 -2889809778.4977736
11.46145057530099 2910462245.713223 -2910435547.2183437
11.461456174521549 2931279880.3700495 -2931253105.6515946
11.461461773742109 2952291504.751821 -2952264653.4281435
11.461467372962669 2973499348.5140824 -2973472420.2007999
11.461472972183229 2994905671.8100891 -2994878666.1200581
11.461478571403788 3016512765.7748661 -3016485682.3181558
11.461484170624347 3038322953.0180278 -3038295791.4018946
11.461489769844906 3060338588.1255226 -3060311347.9543829
11.461495369065467 3082562058.1704736 -3082534739.0458775
11.461500968286026 3104995783.2333355 -3104968384.7539396
11.461506567506586 3127642216.9315228 -3127614738.6930633
11.461512166727145 3150503846.9587111 -3150476288.5539746
11.461517765947706 3173583195.6340232 -3173555556.6528206
11.461523365168265 3196882820.4613099 -3196855100.4904466
11.461528964388824 3220405314.6986976 -3220377513.3219457
11.461534563609383 3244153307.9386458 -3244125424.7367153
11.461540162829944 3268129466.6987009 -3268101501.2492089
11.461545762050504 3292336495.023211 -3292308446.9006534
11.461551361271063 3316777135.0962229 -3316749003.8719435
11.461556960491622 3341454167.8657475 -3341425953.1079082
11.461562559712181 3366370413.6796737 -3366342114.9532237
11.461568158932742 3391528732.9335632 -3391500349.8002076
11.461573758153301 3416932026.7305708 -3416903558.7487388
11.461579357373861 3442583237.5537581 -3442554684.2785716
11.46158495659442 3468485349.9510612 -3468456710.9343023
11.461590555814981 3494641391.233151 -3494612666.0232291
11.46159615503554 3521054432.1845045 -3521025620.3264236
11.461601754256099 3547727587.7879195 -3547698688.823245
11.461607353476658 3574664017.9627957 -3574635031.4296198
11.461612952697219 3601866928.3174505 -3601837853.7503586
11.461618551917779 3629339570.9157786 -3629310407.8458142
11.461624151138338 3657085245.0585847 -3657055993.0132141
11.461629750358897 3685107298.0798655 -3685077956.5829425
11.461635349579456 3713409126.158401 -3713379694.7301311
11.461640948800017 3741994175.1449389 -3741964653.3018432
11.461646548020576 3770865941.4053388 -3770836328.6602159
11.461652147241136 3800027972.6800241 -3799998268.541914
11.461657746461695 3829483868.9600959 -3829454072.9342413
11.461663345682256 3859237283.3804531 -3859207394.9682617
11.461668944902815 3889291923.1303067 -3889261941.8293128
11.461674544123374 3919651550.3814573 -3919621475.6852818
11.461680143343933 3950319983.2347312 -3950289814.6330419
11.461685742564494 3981301096.6849809 -3981270833.6634526
11.461691341785054 4012598823.6050477 -4012568465.6453218
11.461696941005613 4044217155.7491007 -4044186702.3287435
11.461702540226172 4076160144.7757988 -4076129595.3682599
11.461708139446731 4108431903.2916951 -4108401257.3662653
11.461713738667292 4141036605.9153385 -4141005862.9371066
11.461719337887851 4173978490.3625503 -4173947649.7923598
11.461724937108411 4207261858.5533423 -4207230919.8477483
11.46173053632897 4240891077.7409148 -4240860040.3521385
11.461736135549531 4274870581.663312 -4274839445.039196
11.46174173477009 4309204871.718194 -4309173635.3021564
11.461747333990649 4343898518.1612568 -4343867181.3922462
11.461752933211208 4378956161.3287973 -4378924723.6412458
11.461758532431768 4414382512.8850222 -4414350973.7087955
11.461764131652329 4450182357.0946598 -4450150715.8550129
11.461769730872888 4486360552.1214447 -4486328808.2389698
11.461775330093447 4522922031.3530483 -4522890184.2436285
11.461780929314006 4559871804.753068 -4559839853.8278265
11.461786528534567 4597214960.2406111 -4597182904.905859
11.461792127755126 4634956665.0983467 -4634924504.7555332
11.461797726975686 4673102167.4094477 -4673069901.4551086
11.461803326196245 4711656797.5241947 -4711624425.3498993
11.461808925416806 4750625969.5568542 -4750593490.5491514
11.461814524637365 4790015182.9136257 -4789982596.4539909
11.461820123857924 4829830023.8523521 -4829797329.317132
11.461825723078483 4870076167.0746946 -4870043363.8350525
11.461831322299043 4910759377.351572 -4910726464.7734308
11.461836921519604 4951885511.182621 -4951852488.6266069
11.461842520740163 4993460518.4904842 -4993427385.3118687
11.461848119960722 5035490444.3507805 -5035457199.8994217
11.461853719181281 5077981430.7585354 -5077948074.3788195
11.461859318401842 5120939718.432004 -5120906249.4627848
11.461864917622401 5164371648.6547117 -5164338066.4292498
11.461870516842961 5208283665.156621 -5208249969.0025215
11.46187611606352 5252682316.0355024 -5252648505.2746544
11.461881715284081 5297574255.719244 -5297540329.6677542
11.46188731450464 5342966246.9702635 -5342932204.9383955
11.461892913725199 5388865162.9328918 -5388831004.2249985
11.461898512945758 5435277989.2248917 -5435243713.1393499
11.461904112166318 5482211826.0741434 -5482177431.903286
11.461909711386879 5529673890.5015669 -5529639377.5316172
11.461915310607438 5577671518.5514135 -5577636886.0624161
11.461920909827997 5626212167.5699921 -5626177414.835741
11.461926509048556 5675303418.5342131 -5675268544.8221817
11.461932108269117 5724952978.4310637 -5724917983.0023346
11.461937707489676 5775168682.68925 -5775133564.7984409
11.461943306710236 5825958497.6642599 -5825923256.5594511
11.461948905930795 5877330523.178194 -5877295158.100853
11.461954505151356 5929292995.1157598 -5929257505.3006649
11.461960104371915 5981854288.0777769 -5981818672.7529411
11.461965703592474 6035022918.0937452 -6034987176.4803381
11.461971302813033 6088807545.3947592 -6088771676.7070274
11.461976902033593 6143216977.2483473 -6143180980.6935358
11.461982501254154 6198260170.8568583 -6198224045.6351271
11.461988100474713 6253946236.3209133 -6253909981.6252556
11.461993699695272 6310284439.6696749 -6310248054.6858339
11.461999298915831 6367284205.9594831 -6367247689.8658667
11.462004898136392 6424955122.4426432 -6424918474.4102383
11.462010497356951 6483306941.8081675 -6483270161.0004511
11.462016096577511 6542349585.4963312 -6542312671.0691843
11.46202169579807 6602093147.0888968 -6602056098.1905127
11.462027295018629 6662547895.7769041 -6662510711.5476971
11.46203289423919 6723724279.9081087 -6723686959.4806213
11.462038493459749 6785632930.6160707 -6785595473.1148806
11.462044092680308 6848284665.5329857 -6848247070.0746107
11.462049691900868 6911690492.5884962 -6911652758.2812967
11.462055291121429 6975861613.8965998 -6975823739.8406811
11.462060890341988 7040809429.7331009 -7040771415.0202122
11.462066489562547 7106545542.6058722 -7106507386.3193064
11.462072088783106 7173081761.4204636 -7173043462.6349554
11.462077688003667 7240430105.7433605 -7240391663.5249815
11.462083287224226 7308602810.1656542 -7308564223.5717068
11.462088886444786 7377612328.769742 -7377573596.8486528
11.462094485665345 7447471339.7017202 -7447432461.4929314
11.462100084885904 7518192749.8523493 -7518153724.3862066
11.462105684106465 7589789699.649415 -7589750525.9470568
11.462111283327024 7662275567.9645834 -7662236245.0378256
11.462116882547583 7735663977.1377583 -7735624503.9889784
11.462122481768143 7809968798.122057 -7809929173.7440786
11.462128080988704 7885204155.7526922 -7885164379.128664
11.462133680209263 7961384434.1430845 -7961344504.2463589
11.462139279429822 8038524282.21171 -8038484198.005722
11.462144878650381 8116638619.3431854 -8116598379.7813253
11.462150477870942 8195742641.1873579 -8195702245.2128448
11.462156077091501 8275851825.6001158 -8275811272.1458712
11.462161676312061 8356981938.7296743 -8356941226.7181883
11.46216727553262 8439149041.2525206 -8439108169.5957203
11.462172874753179 8522369494.763133 -8522328462.3622484
11.46217847397374 8606659968.3216114 -8606618774.0670357
11.462184073194299 8692037445.1637478 -8691996087.9349003
11.462189672414858 8778519229.5779781 -8778477708.2431602
11.462195271635418 8866122953.9540615 -8866081267.3703175
11.462200870855979 8954866586.0078621 -8954824733.0208282
11.462206470076538 9044768436.1875553 -9044726415.6313152
11.462212069297097 9135847165.266325 -9135804975.963253
11.462217668517656 9228121792.1268997 -9228079432.887516
11.462223267738217 9321611701.7431583 -9321569171.3659668
11.462228866958776 9416336653.3642387 -9416293950.6355705
11.462234466179336 9512316788.9076195 -9512273912.6014729
11.462240065399895 9609572641.5665073 -9609529590.4443855
11.462245664620454 9708125144.6378746 -9708081917.448616
11.462251263841015 9807995640.5776234 -9807952236.0572357
11.462256863061574 9909205890.2892342 -9909162307.1607227
11.462262462282133 10011778082.653034 -10011734319.626225
11.462268061502693 10115734844.302589 -10115690900.073952
11.462273660723254 10221099249.65593 -10221055122.908401
11.462279259943813 10327894831.208509 -10327850520.611309
11.462284859164372 10436145590.095976 -10436101094.304415
11.462290458384931 10545876006.934706 -10545831324.590004
11.46229605760549 10657111052.94799 -10657066182.677078
11.462301656826051 10769876201.386702 -10769831141.802029
11.462307256046611 10884197439.253027 -10884152188.95236
11.46231285526717 11000101279.336094 -11000055836.902313
11.462318454487729 11117614772.569553 -11117569136.570452
11.46232405370829 11236765520.719584 -11236719689.707651
11.462329652928849 11357581689.414324 -11357535661.926538
11.462335252149408 11480092021.524782 -11480045796.08239
11.462340851369968 11604325850.907421 -11604279426.015718
11.462346450590529 11730313116.519978 -11730266490.668083
11.462352049811088 11858084376.921629 -11858037548.582262
11.462357649031647 11987670825.169201 -11987623792.798441
11.462363248252206 12119104304.121634 -12119057066.158689
11.462368847472765 12252417322.165659 -12252369877.032627
11.462374446693326 12387643069.37504 -12387595415.476658
11.462380045913886 12524815434.117363 -12524767569.840761
11.462385645134445 12663969020.122065 -12663920943.836515
11.462391244355004 12805139164.023838 -12805090874.080496
11.462396843575565 12948361953.396761 -12948313448.128399
11.462402442796124 13093674245.294561 -13093625523.015305
11.462408042016683 13241113685.312643 -13241064744.317698
11.462413641237243 13390718727.188335 -13390669565.75371
11.462419240457804 13542528652.957134 -13542479269.339359
11.462424839678363 13696583593.681778 -13696533986.117617
11.462430438898922 13852924550.773008 -13852874717.479168
11.462436038119481 14011593417.920872 -14011543357.0937
11.46244163734004 14172633003.65597 -14172582713.471159
11.462447236560601 14336087054.561596 -14336036533.17387
11.462452835781161 14502000279.157042 -14501949524.699841
11.46245843500172 14670418372.474482 -14670367383.059645
11.462464034222279 14841388041.352158 -14841336815.069599
11.46246963344284 15014957030.466286 -15014905565.383656
11.462475232663399 15191174149.127178 -15191122443.289528
11.462480831883958 15370089298.864889 -15370037350.294327
11.462486431104518 15551753501.829462 -15551701308.524801
11.462492030325079 15736218930.032917 -15736166489.969316
11.462497629545638 15923538935.462408 -15923486246.591011
11.462503228766197 16113768081.092155 -16113715141.339716
11.462508827986756 16306962172.824467 -16306908980.092968
11.462514427207315 16503178292.392677 -16503124844.55895
11.462520026427876 16702474831.256767 -16702421126.172096
11.462525625648436 16904911525.52589 -16904857561.015608
11.462531224868995 17110549491.943371 -17110495265.806454
11.462536824089554 17319451264.969658 -17319396774.97831
11.462542423310115 17531680835.001339 -17531626078.900558
11.462548022530674 17747303687.766159 -17747248663.273315
11.462553621751233 17966386844.932461 -17966331549.736855
11.462559220971793 18188998905.976231 -18188943337.738632
11.462564820192352 18415210091.351341 -18415154247.703537
11.462570419412913 18645092287.006447 -18645036165.550766
11.462576018633472 18878719090.297039 -18878662688.605885
11.462581617854031 19116165857.340141 -19116109172.955498
11.46258721707459 19357509751.863659 -19357452782.296593
11.462592816295151 19602829795.603477 -19602772538.333633
11.462598415515711 19852206920.303722 -19852149372.778801
11.46260401473627 20105724021.377419 -20105666181.012653
11.462609613956829 20363466013.285976 -20363407877.463593
11.46261521317739 20625519886.700539 -20625461452.769199
11.462620812397949 20891974767.510899 -20891916032.785152
11.462626411618508 21162921977.745281 -21162862939.504978
11.462632010839068 21438455098.474281 -21438395753.964001
11.462637610059627 21718670034.770054 -21718610381.198498
11.462643209280188 22003665082.795021 -22003605117.334404
11.462648808500747 22293540999.103008 -22293480718.888435
11.462654407721306 22588401072.231441 -22588340474.360279
11.462660006941865 22888351196.668396 -22888290278.199615
11.462665606162426 23193499949.286045 -23193438707.239571
11.462671205382986 23503958668.330219 -23503897099.686241
11.462676804603545 23819841535.065266 -23819779636.763546
11.462682403824104 24141265658.174622 -24141203427.1138
11.462688003044665 24468351161.017475 -24468288594.054337
11.462693602265224 24801221271.854889 -24801158365.803635
11.462699201485783 25140002417.15554 -25139939168.787033
11.462704800706343 25484824318.100697 -25484760724.141682
11.462710399926902 25835820090.414516 -25835756147.546848
11.462715999147463 26193126347.644657 -26193062052.50449
11.462721598368022 26556883308.026714 -26556818657.203674
11.462727197588581 26927234905.076252 -26927169895.112606
11.46273279680914 27304328902.05394 -27304263529.443733
11.462738396029701 27688317010.45303 -27688251271.641212
11.462743995250261 28079355012.669144 -28079288904.050671
11.46274959447082 28477602889.02037 -28477536406.939278
11.462755193691379 28883224949.291729 -28883158090.040199
11.46276079291194 29296389968.983688 -29296322728.801094
11.462766392132499 29717271330.453415 -29717203705.52533
11.462771991353058 30146047169.146557 -30145979155.603756
11.462777590573618 30582900525.128021 -30582832119.045452
11.462783189794177 31028019500.124836 -31027950697.520565
11.462788789014738 31481597420.30838 -31481528217.142521
11.462794388235297 31943833005.053665 -31943763397.227272
11.462799987455856 32414930541.915901 -32414860525.26984
11.462805586676415 32895100068.09301 -32895029638.406815
11.462811185896976 33384557558.635162 -33384486711.625847
11.462816785117536 33883525121.6833 -33883453853.004143
11.462822384338095 34392231201.041214 -34392159506.280533
11.462827983558654 34910910786.38205 -34910838661.06192
11.462833582779213 35439805631.417854 -35439733070.992821
11.462839181999774 35979164480.370567 -35979091480.226318
11.462844781220333 36529243303.093124 -36529169858.545113
11.462850380440893 37090305539.221451 -37090231645.513512
11.462855979661452 37662622351.74794 -37662548004.050858
11.462861578882013 38246472890.419098 -38246398083.829132
11.462867178102572 38842144565.391548 -38842069294.92894
11.462872777323131 39449933331.591393 -39449857592.19883
11.46287837654369 40070143984.248367 -40070067770.789391
11.462883975764251 40703090466.102264 -40703013773.359673
11.462889574984811 41349096186.799164 -41349019009.473335
11.46289517420537 42008494355.017448 -42008416687.724655
11.462900773425929 42681628323.899666 -42681550161.170319
11.462906372646488 43368851950.386497 -43368773286.663368
11.462911971867049 44070529969.092628 -44070450798.728996
11.462917571087608 44787038381.376007 -44786958698.633804
11.462923170308168 45518764860.291405 -45518684659.339264
11.462928769528727 46266109172.169373 -46266028447.08065
11.462934368749288 47029483615.58812 -47029402360.338867
11.462939967969847 47809313478.538963 -47809231687.005844
11.462945567190406 48606037514.63903 -48605955180.597168
11.462951166410965 49420108439.273132 -49420025556.393906
11.462956765631526 50251993446.629066 -50251910008.477859
11.462962364852086 51102174748.597023 -51102090748.630905
11.462967964072645 51971150136.574539 -51971065568.139885
11.462973563293204 52859433567.279182 -52859348423.609222
11.462979162513763 53767555773.713409 -53767470047.925713
11.462984761734324 54696064902.514748 -54695978587.608643
11.462990360954883 55645527178.958809 -55645440267.812729
11.462995960175443 56616527600.974739 -56616440086.343483
11.463001559396002 57609670663.600578 -57609582538.112526
11.463007158616563 58625581115.367584 -58625492371.521805
11.463012757837122 59664904748.206093 -59664815378.36937
11.463018357057681 60728309222.552467 -60728219218.956253
11.46302395627824 61816484929.423477 -61816394284.160774
11.463029555498801 62930145891.305252 -62930054596.32737
11.463035154719361 64070030703.834114 -64069938750.947365
11.46304075393992 65236903520.360939 -65236810901.223213
11.463046353160479 66431555081.580482 -66431461787.697731
11.463051952381038 67654803792.568512 -67654709815.291138
11.463057551601599 68907496849.67247 -68907402180.191605
11.463063150822158 70190511419.843246 -70190416049.18692
11.463068750042718 71504755875.170746 -71504659794.199905
11.463074349263277 72851171085.545471 -72851074284.949966
11.463079948483838 74230731772.523804 -74230634242.818161
11.463085547704397 75644447927.624451 -75644349659.14357
11.463091146924956 77093366298.55629 -77093267281.450989
11.463096746145515 78578571947.021149 -78578472171.253601
11.463102345366075 80101189881.979874 -80101089337.318863
11.463107944586636 81662386772.474258 -81662285448.490311
11.463113543807195 83263372744.440338 -83263270630.500702
11.463119143027754 84905403266.075516 -84905300351.338989
11.463124742248313 86589781126.699112 -86589677400.110672
11.463130341468874 88317858514.374863 -88317753964.660172
11.463135940689433 90091039197.819443 -90090933813.479172
11.463141539909993 91910780818.414337 -91910674587.718246
11.463147139130552 93778597298.724136 -93778490209.705063
11.463152738351113 95696061374.130432 -95695953414.578003
11.463158337571672 97664807254.636978 -97664698412.091156
11.463163936792231 99686533424.426041 -99686423686.170441
11.46316953601279 101763005587.2114 -101762894940.26637
11.46317513523335 103896059765.92482 -103895948197.04037
11.463180734453911 106087605565.85385 -106087493061.50223
11.46318633367447 108339629610.95053 -108339516157.31863
11.463191932895029 110654199163.66608 -110654084746.64757
11.463197532115588 113033465939.34871 -113033350544.53587
11.463203131336149 115479670127.00179 -115479553739.67709
11.463208730556708 117995144629.05138 -117995027234.1788
11.463214329777268 120582319533.425 -120582201115.64098
11.463219928997827 123243726832.42477 -123243607376.02885
11.463225528218388 125982005403.71809 -125981884892.66328
11.463231127438947 128799906269.82091 -128799784687.70367
11.463236726659506 131700298153.67444 -131700175483.72433
11.463242325880065 134686173349.04434 -134686049574.11325
11.463247925100625 137760653925.9902 -137760529028.5412
11.463253524321185 140926998292.89581 -140926872254.99167
11.463259123541745 144188608138.13852 -144188480941.42972
11.463264722762304 147549035776.09335 -147548907401.80569
11.463270321982863 151011991924.22699 -151011862353.14865
11.463275921203424 154581353939.80078 -154581223152.2691
11.463281520423983 158261174546.63654 -158261042522.52402
11.463287119644542 162055691084.93613 -162055557803.63617
11.463292718865102 165969335319.63278 -165969200760.04468
11.463298318085663 170006743845.08865 -170006607985.60208
11.463303917306222 174172769127.24954 -174172631945.72849
11.463309516526781 178472491227.26422 -178472352701.03018
11.46331511574734 182911230253.97845 -182911090359.79306
11.4633207149679 187494559596.43579 -187494418310.4827
11.46332631418846 192228319991.6001 -192228177289.46616
11.46333191340902 197118634486.69199 -197118490343.34763
11.463337512629579 202171924360.55917 -202171778750.33807
11.463343111850138 207394926073.01932 -207394778969.59714
11.463348711070699 212794709317.56689 -212794560693.93921
11.463354310291258 218378696258.23154 -218378546086.69077
11.463359909511817 224154682038.50613 -224154530290.61761
11.463365508732377 230130856657.00638 -230130703303.58328
11.463371107952936 236315828313.10004 -236315673324.17743
11.463376707173497 242718648333.42673 -242718491678.23422
11.463382306394056 249348837800.81342 -249348679447.74695
11.463387905614615 256216416016.58725 -256216255933.17935
11.463393504835174 263331930938.83752 -263331769091.7265
11.463399104055735 270706491751.60736 -270706328106.50494
11.463404703276295 278351803733.3609 -278351638255.01855
11.463410302496854 286280205608.38959 -286280038260.56323
11.463415901717413 294504709580.43274 -294504540325.84589
11.463421500937974 303039044266.66821 -303038873066.97339
11.463427100158533 311897700769.26361 -311897527585.00208
11.463432699379092 321095982143.02118 -321095806933.58057
11.463438298599652 330650056542.74396 -330649879266.31415
11.463443897820211 340577014359.78894 -340576834973.31573
11.463449497040772 350894929685.07281 -350894748144.20935
11.463455096261331 361622926469.27124 -361622742728.32703
11.46346069548189 372781249786.98108 -372781063798.86865
11.463466294702449 384391342648.85272 -384391154365.03156
11.46347189392301 396475928850.7337 -396475738221.15143
11.46347749314357 409059102395.30298 -409058909368.33356
11.463483092364129 422166424076.59741 -422166228598.97626
11.463488691584688 435825025876.03882 -435824827892.79443
11.463494290805249 450063723884.1004 -450063523338.48267
11.463499890025808 464913140536.05005 -464912937369.45471
11.463505489246367 480405837029.32825 -480405631181.21722
11.463511088466927 496576456883.90228 -496576248291.72009
11.463516687687486 513461881704.86371 -513461670303.94904
11.463522286908047 531101400321.10016 -531101186044.59277
11.463527886128606 549536892601.16443 -549536675379.90698
11.463533485349165 568813029386.47339 -568812809148.90784
11.463539084569724 588977490141.94385 -588977266814.00195
11.463544683790285 610081200100.78149 -610080973605.76892
11.463550283010845 632178588880.03174 -632178359138.50598
11.463555882231404 655327872771.77136 -655327639701.41223
11.463561481451963 679591363156.49634 -679591126671.96899
11.463567080672524 705035803783.97742 -705035563796.78723
11.463572679893083 731732739978.24548 -731732496396.58411
11.463578279113642 759758923191.79907 -759758675920.38159
11.463583878334202 789196754741.57642 -789196503681.4679
11.463589477554761 820134773027.01416 -820134518075.44592
11.463595076775322 852668189064.53076 -852667930114.7052
11.463600675995881 886899475757.02942 -886899212697.91174
11.46360627521644 922939017022.50476 -922938749738.60229
11.463611874436999 960905823671.12256 -960905552042.24902
11.46361747365756 1000928323812.2308 -1000928047713.2552
11.46362307287812 1043145236594.0623 -1043144955894.6414
11.463628672098679 1087706539242.2711 -1087706253806.5635
11.463634271319238 1134774538695.5754 -1134774248381.9358
11.463639870539797 1184525060684.9751 -1184524765345.6282
11.463645469760358 1237148770854.0789 -1237148470334.77
11.463651068980917 1292852644566.624 -1292852338706.2449
11.463656668201477 1351861604394.8994 -1351861293025.0864
11.463662267422036 1414420347016.0823 -1414420029960.7864
11.463667866642597 1480795384413.6101 -1480795061488.6343
11.463673465863156 1551277327914.7346 -1551276998927.2368
11.463679065083715 1626183447898.1819 -1626183112646.1399
11.463684664304274 1705860546981.1841 -1705860205252.8193
11.463690263524835 1790688190318.1697 -1790687841891.3257
11.463695862745395 1881082343503.9255 -1881081988145.3967
11.463701461965954 1977499476508.2222 -1977499113973.0288
11.463707061186513 2080441201619.7261 -2080440831650.3298
11.463712660407072 2190459524396.9082 -2190459146722.3618
11.463718259627633 2308162799844.2651 -2308162414179.29
11.463723858848192 2434222501654.793 -2434222107698.7793
11.463729458068752 2569380930846.4678 -2569380528282.3843
11.463735057289311 2714460012286.2808 -2714459600779.4902
11.463740656509872 2870371354054.2104 -2870370933251.1758
11.463746255730431 3038127776125.7246 -3038127345652.5991
11.46375185495099 3218856553151.1338 -3218856112612.2168
11.463757454171549 3413814661772.2793 -3413814210748.3262
11.46376305339211 3624406378718.8271 -3624405916765.1943
11.46376865261267 3852203643191.1343 -3852203169835.7427
11.463774251833229 4098969679238.1675 -4098969193979.2598
11.463779851053788 4366686473877.6611 -4366685976181.3301
11.463785450274347 4657586830040.7539 -4657586319338.2109
11.463791049494908 4974191864651.7754 -4974191340336.3311
11.463796648715467 5319355009341.54 -5319354470765.2529
11.463802247936027 5696313803226.9785 -5696313249696.9307
11.463807847156586 6108751057297.2266 -6108750488071.3809
11.463813446377147 6560867331135.3223 -6560866745417.8994
11.463819045597706 7057467117883.709 -7057466514820.0098
11.463824644818265 7604061709345.4229 -7604061088016.0342
11.463830244038824 8206992441817.5518 -8206991801231.8262
11.463835843259385 8873578954303.6855 -8873578293392.3945
11.463841442479945 9612298287342.4355 -9612297604949.4688
11.463847041700504 10433002189926.529 -10433001484799.492
11.463852640921063 11347182001419.631 -11347181272199.15
