# serie phase 2 p7_w2.27_c1.05_dt2s4_k2 : t x1 x2 (dt2=2.7996102798059688e-06, depart t=17.988 etat bascule x1 x2 v1 v2 = 1570.6039142983191 -1545.641091131366 57656.048434492543 -57389.871037976998)
18.05855017905111 4161868.8924616883 -4161630.2027487461
18.058552978661389 4169192.8898262833 -4168954.0801710864
18.058555778271671 4176534.3906774581 -4176295.4609443103
18.05855857788195 4183893.4478881769 -4183654.3979411428
18.058561377492229 4191270.114524513 -4191030.9442274179
18.058564177102511 4198664.4438464772 -4198425.1530629061
18.05856697671279 4206076.4893088471 -4205837.0779021448
18.058569776323068 4213506.3045620052 -4213266.7723952746
18.058572575933347 4220953.9434527783 -4220714.2903888803
18.058575375543629 4228419.4600252789 -4228179.6859268332
18.058578175153908 4235902.9085217565 -4235663.0132511389
18.058580974764187 4243404.3433834463 -4243164.3268027892
18.058583774374469 4250923.8192514293 -4250683.6812226204
18.058586573984748 4258461.3909674892 -4258221.1313521732
18.058589373595026 4266017.1135749808 -4265776.7322345553
18.058592173205309 4273591.0423196964 -4273350.5391153134
18.058594972815587 4281183.2326507401 -4280942.6074433057
18.058597772425866 4288793.7402214063 -4288552.9928715788
18.058600572036148 4296422.6208900623 -4296181.7512582522
18.058603371646427 4304069.9307210315 -4303828.9386674017
18.058606171256706 4311735.7259854889 -4311494.6113699526
18.058608970866985 4319420.0631623529 -4319178.8258445738
18.058611770477267 4327122.9989391863 -4326881.6387785794
18.058614570087546 4334844.5902131014 -4334603.1070688292
18.058617369697824 4342584.8940916676 -4342343.2878226424
18.058620169308107 4350343.967893824 -4350102.2383587062
18.058622968918385 4358121.8691507997 -4357880.0162079958
18.058625768528664 4365918.6556070335 -4365676.6791146975
18.058628568138946 4373734.3852211023 -4373492.2850371357
18.058631367749225 4381569.1161666531 -4381326.8921487015
18.058634167359504 4389422.9068333376 -4389180.5588387931
18.058636966969786 4397295.8158277553 -4397053.3437137529
18.058639766580065 4405187.9019743968 -4404945.3055978157
18.058642566190343 4413099.2243165961 -4412856.5035340581
18.058645365800622 4421029.8421174847 -4420786.9967853548
18.058648165410904 4428979.8148609521 -4428736.8448353373
18.058650965021183 4436949.2022526097 -4436706.1073893579
18.058653764631462 4444938.0642207619 -4444694.8443754613
18.058656564241744 4452946.4609173797 -4452703.1159453588
18.058659363852023 4460974.4527190784 -4460730.9824754056
18.058662163462301 4469022.1002281047 -4468778.5045675859
18.058664963072584 4477089.4642733252 -4476845.7430505045
18.058667762682862 4485176.6059112186 -4484932.7589803776
18.058670562293141 4493283.5864268765 -4493039.6136420351
18.058673361903423 4501410.4673350081 -4501166.3685499206
18.058676161513702 4509557.3103809487 -4509313.0854491061
18.058678961123981 4517724.1775416741 -4517479.8263163008
18.05868176073426 4525911.1310268193 -4525666.6533608753
18.058684560344542 4534118.233279705 -4533873.629025883
18.058687359954821 4542345.5469783666 -4542100.815989092
18.058690159565099 4550593.1350365877 -4550348.2771640187
18.058692959175382 4558861.0606049439 -4558616.0757009694
18.05869575878566 4567149.3870718442 -4566904.274988085
18.058698558395939 4575458.1780645847 -4575212.9386523915
18.058701358006221 4583787.4974504039 -4583542.1305608572
18.0587041576165 4592137.4093375448 -4591891.9148214534
18.058706957226779 4600507.9780763201 -4600262.3557842225
18.058709756837061 4608899.2682601875 -4608653.5180423474
18.05871255644734 4617311.3447268233 -4617065.4664332327
18.058715356057618 4625744.2725592088 -4625498.2660395857
18.058718155667897 4634198.1170867197 -4633951.9821905075
18.058720955278179 4642672.9438862177 -4642426.6804625848
18.058723754888458 4651168.8187831528 -4650922.4266809914
18.058726554498737 4659685.8078526678 -4659439.2869205941
18.058729354109019 4668223.9774207091 -4667977.327507061
18.058732153719298 4676783.3940651445 -4676536.6150179822
18.058734953329576 4685364.1246168846 -4685117.2162839919
18.058737752939859 4693966.2361610141 -4693719.1983898925
18.058740552550137 4702589.7960379208 -4702342.6286757933
18.058743352160416 4711234.8718444398 -4710987.5747382492
18.058746151770698 4719901.5314349979 -4719654.1044314047
18.058748951380977 4728589.8429227639 -4728342.2858681465
18.058751750991256 4737299.8746808078 -4737052.1874212623
18.058754550601535 4746031.6953432644 -4745783.8777246028
18.058757350211817 4754785.3738065008 -4754537.4256742522
18.058760149822096 4763560.9792302949 -4763312.9004297014
18.058762949432374 4772358.5810390133 -4772110.371415033
18.058765749042657 4781178.2489228006 -4780929.9083201056
18.058768548652935 4790020.0528387744 -4789771.5811017482
18.058771348263214 4798884.0630122237 -4798635.4599849619
18.058774147873496 4807770.3499378134 -4807521.6154641248
18.058776947483775 4816678.9843808003 -4816430.1183042042
18.058779747094054 4825610.0373782488 -4825361.0395419737
18.058782546704336 4834563.5802402571 -4834314.4504872402
18.058785346314615 4843539.6845511859 -4843290.4227240747
18.058788145924893 4852538.4221709007 -4852289.0281120483
18.058790945535172 4861559.8652360104 -4861310.3387874784
18.058793745145454 4870604.0861611217 -4870354.4271646785
18.058796544755733 4879671.1576400949 -4879421.3659372134
18.058799344366012 4888761.1526473053 -4888511.2280791644
18.058802143976294 4897874.1444389168 -4897624.0868463982
18.058804943586573 4907010.2065541539 -4906760.015777844
18.058807743196851 4916169.4128165897 -4915919.0886967769
18.058810542807134 4925351.8373354319 -4925101.3797121067
18.058813342417412 4934557.5545068225 -4934306.9632196762
18.058816142027691 4943786.6390151372 -4943535.9139035614
18.058818941637973 4953039.1658343002 -4952788.3067373866
18.058821741248252 4962315.2102290979 -4962064.2169856364
18.058824540858531 4971614.8477565031 -4971363.720204982
18.05882734046881 4980938.1542670084 -4980686.892245613
18.058830140079092 4990285.2059059609 -4990033.8092525741
18.058832939689371 4999656.0791149074 -4999404.5476671066
18.058835739299649 5009050.8506329479 -5008799.1842280058
18.058838538909932 5018469.5974980928 -5018217.7959729768
18.05884133852021 5027912.3970486289 -5027660.4602399999
18.058844138130489 5037379.3269244935 -5037127.2546687052
18.058846937740771 5046870.4650686542 -5046618.2572017517
18.05884973735105 5056385.8897284959 -5056133.5460862145
18.058852536961329 5065925.6794572165 -5065673.1998749822
18.058855336571607 5075489.9131152285 -5075237.2974281581
18.05885813618189 5085078.6698715705 -5084825.9179144688
18.058860935792168 5094692.0292053223 -5094439.1408126811
18.058863735402447 5104330.0709070275 -5104077.0459130267
18.058866535012729 5113992.875080131 -5113739.7133186366
18.058869334623008 5123680.5221424131 -5123427.2234469764
18.058872134233287 5133393.0928274402 -5133139.6570312977
18.058874933843569 5143130.6681860182 -5142877.0951220887
18.058877733453848 5152893.3295876542 -5152639.6190885408
18.058880533064126 5162681.1587220281 -5162427.3106200164
18.058883332674409 5172494.2376004718 -5172240.2517275279
18.058886132284687 5182332.6485574516 -5182078.5247452231
18.058888931894966 5192196.4742520638 -5191942.212331878
18.058891731505245 5202085.7976695374 -5201831.3974724002
18.058894531115527 5212000.7021227423 -5211746.1634793375
18.058897330725806 5221941.2712537069 -5221686.5939943958
18.058900130336085 5231907.589035145 -5231652.772989965
18.058902929946367 5241899.7397719882 -5241644.7847706527
18.058905729556646 5251917.808102929 -5251662.713974827
18.058908529166924 5261961.8790019713 -5261706.6455761641
18.058911328777207 5272032.0377799869 -5271776.6648852099
18.058914128387485 5282128.3700862844 -5281872.8575509442
18.058916927997764 5292250.9619101835 -5291995.309562359
18.058919727608046 5302399.8995825984 -5302144.1072500395
18.058922527218325 5312575.2697776314 -5312319.3372877566
18.058925326828604 5322777.1595141711 -5322521.0866940683
18.058928126438882 5333005.656157502 -5332749.4428339275
18.058930926049165 5343260.8474209243 -5343004.4934203001
18.058933725659443 5353542.8213673783 -5353286.3265157929
18.058936525269722 5363851.6664110804 -5363595.0305342879
18.058939324880004 5374187.471319166 -5373930.6942425855
18.058942124490283 5384550.3252133448 -5384293.4067620579
18.058944924100562 5394940.317571559 -5394683.2575703114
18.058947723710844 5405357.5382296573 -5405100.3365028556
18.058950523321123 5415802.0773830712 -5415544.7337547829
18.058953322931401 5426274.0255885068 -5426016.5398824597
18.058956122541684 5436773.4737656396 -5436515.8458052203
18.058958922151962 5447300.5131988237 -5447042.7428070772
18.058961721762241 5457855.2355388058 -5457597.3225384355
18.05896452137252 5468437.7328044539 -5468179.6770178182
18.058967320982802 5479048.0973844873 -5478789.8986336011
18.058970120593081 5489686.4220392238 -5489428.0801457558
18.05897292020336 5500352.7999023339 -5500094.3146876069
18.058975719813642 5511047.3244826002 -5510788.6957675898
18.058978519423921 5521770.0896656951 -5521511.3172710286
18.058981319034199 5532521.1897159582 -5532262.2734619146
18.058984118644481 5543300.7192781912 -5543041.6589846993
18.05898691825476 5554108.7733794572 -5553849.5688660946
18.058989717865039 5564945.4474308947 -5564686.0985168871
18.058992517475321 5575810.8372295359 -5575551.3437337568
18.0589953170856 5586705.0389601411 -5586445.4007011103
18.058998116695879 5597628.1491970373 -5597368.3659929195
18.059000916306157 5608580.2649059696 -5608320.336574574
18.05900371591644 5619561.4834459638 -5619301.4098047437
18.059006515526718 5630571.9025711967 -5630311.6834372478
18.059009315136997 5641611.6204328779 -5641351.2556229373
18.059012114747279 5652680.7355811419 -5652420.2249115873
18.059014914357558 5663779.3469669512 -5663518.6902537998
18.059017713967837 5674907.5539440075 -5674646.7510029161
18.059020513578119 5686065.4562706761 -5685804.5069169383
18.059023313188398 5697253.1541119171 -5696992.0581604643
18.059026112798676 5708470.748041234 -5708209.5053066323
18.059028912408959 5719718.3390426254 -5719456.9493390759
18.059031712019237 5730996.0285125514 -5730734.4916538903
18.059034511629516 5742303.9182619117 -5742042.2340616072
18.059037311239795 5753642.1105180299 -5753380.2787891831
18.059040110850077 5765010.7079266543 -5764748.7284819968
18.059042910460356 5776409.8135539666 -5776147.6862058593
18.059045710070635 5787839.5308886012 -5787577.2554490343
18.059048509680917 5799299.9638436781 -5799037.5401242701
18.059051309291196 5810791.2167588463 -5810528.6445708424
18.059054108901474 5822313.3944023363 -5822050.6735566072
18.059056908511756 5833866.6019730261 -5833603.7322800681
18.059059708122035 5845450.9451025184 -5845187.9263724508
18.059062507732314 5857066.5298572285 -5856803.361899795
18.059065307342596 5868713.4627404846 -5868450.1453650501
18.059068106952875 5880391.8506946387 -5880128.3837101897
18.059070906563154 5892101.8011031905 -5891838.1843183329
18.059073706173432 5903843.4217929225 -5903579.6550158802
18.059076505783715 5915616.8210360454 -5915352.9040746605
18.059079305393993 5927422.1075523589 -5927158.0402140906
18.059082105004272 5939259.3905114224 -5938995.1726033455
18.059084904614554 5951128.7795347376 -5950864.410863542
18.059087704224833 5963030.3846979421 -5962765.8650699314
18.059090503835112 5974964.3165330188 -5974699.6457541091
18.059093303445394 5986930.6860305145 -5986665.8639062326
18.059096103055673 5998929.6046417719 -5998664.6309772562
18.059098902665951 6010961.184281175 -6010696.0588811729
18.059101702276234 6023025.5373284062 -6022760.2599972729
18.059104501886512 6035122.7766307145 -6034857.347172413
18.059107301496791 6047253.0155051984 -6046987.4337232988
18.05911010110707 6059416.3677411033 -6059150.63343878
18.059112900717352 6071612.9476021258 -6071347.0605821572
18.059115700327631 6083842.8698287383 -6083576.8298935061
18.05911849993791 6096106.2496405207 -6095840.0565920081
18.059121299548192 6108403.2027385086 -6108136.8563783001
18.059124099158471 6120733.8453075532 -6120467.3454368329
18.059126898768749 6133098.2940186961 -6132831.6404382465
18.059129698379031 6145496.6660315553 -6145229.8585417569
18.05913249798931 6157929.0789967244 -6157662.1173975542
18.059135297599589 6170395.6510581896 -6170128.5351492204
18.059138097209871 6182896.5008557551 -6182629.2304361528
18.05914089682015 6195431.7475274839 -6195164.3223960083
18.059143696430429 6208001.5107121551 -6207733.9306671573
18.059146496040707 6220605.9105517315 -6220338.1753911544
18.05914929565099 6233245.0676938435 -6232977.1772152185
18.059152095261268 6245919.103294285 -6245651.0572947329
18.059154894871547 6258628.1390195256 -6258359.9372957544
18.059157694481829 6271372.2970492365 -6271103.9393975409
18.059160494092108 6284151.7000788292 -6283883.1862950884
18.059163293702387 6296966.4713220093 -6296697.8012016872
18.059166093312669 6309816.734513348 -6309547.9078514911
18.059168892922948 6322702.6139108622 -6322433.6305020992
18.059171692533226 6335624.2342986148 -6335355.0939371539
18.059174492143509 6348581.7209893269 -6348312.4234689558
18.059177291753787 6361575.1998270042 -6361305.7449410902
18.059180091364066 6374604.7971895831 -6374335.18473107
18.059182890974345 6387670.6399915852 -6387400.8697529919
18.059185690584627 6400772.8556867912 -6400502.9274602123
18.059188490194906 6413911.5722709307 -6413641.4858480338
18.059191289805185 6427086.9182843845 -6426816.673456409
18.059194089415467 6440299.0228149043 -6440028.6193726622
18.059196889025745 6453548.0155003471 -6453277.4532342199
18.059199688636024 6466834.0265314272 -6466563.3052313644
18.059202488246306 6480157.1866544792 -6479886.3061099984
18.059205287856585 6493517.6271742443 -6493246.5871744286
18.059208087466864 6506915.4799566641 -6506644.2802901641
18.059210887077146 6520350.8774317 -6520079.5178867271
18.059213686687425 6533823.9525961578 -6533552.4329604879
18.059216486297704 6547334.839016539 -6547063.1590775093
18.059219285907982 6560883.6708319029 -6560611.8303764099
18.059222085518265 6574470.5827567438 -6574198.5815712446
18.059224885128543 6588095.7100838898 -6587823.5479543991
18.059227684738822 6601759.1886874158 -6601486.8653995041
18.059230484349104 6615461.1550255716 -6615188.6703643641
18.059233283959383 6629201.7461437304 -6628929.0998939071
18.059236083569662 6642981.0996773522 -6642708.2916231453
18.059238883179944 6656799.3538549654 -6656526.3837801591
18.059241682790223 6670656.6475011632 -6670383.5151890917
18.059244482400501 6684553.1200396214 -6684279.8252731683
18.059247282010784 6698488.9114961317 -6698215.4540577279
18.059250081621062 6712464.1625016509 -6712190.5421732729
18.059252881231341 6726479.0142953712 -6726205.230858542
18.05925568084162 6740533.6087278062 -6740259.6619635923
18.059258480451902 6754628.0882638954 -6754353.977952905
18.059261280062181 6768762.5959861251 -6768488.3219085084
18.05926407967246 6782937.275597672 -6782662.8375331191
18.059266879282742 6797152.271425561 -6796877.6691533001
18.05926967889302 6811407.7284238422 -6811132.9617226394
18.059272478503299 6825703.7921767887 -6825428.8608249463
18.059275278113581 6840040.6089021098 -6839765.5126774637
18.05927807772386 6854418.3254541848 -6854143.064134106
18.059280877334139 6868837.0893273177 -6868561.662688707
18.059283676944421 6883297.0486590052 -6883021.4564782958
18.0592864765547 6897798.352233232 -6897522.5942863859
18.059289276164979 6912341.1494837785 -6912065.2255462855
18.059292075775257 6926925.5904975496 -6926649.5003444264
18.05929487538554 6941551.8260179264 -6941275.5694237147
18.059297674995818 6956220.007448134 -6955943.5841868995
18.059300474606097 6970930.2868546303 -6970653.6966999611
18.059303274216379 6985682.816970516 -6985406.0596955214
18.059306073826658 7000477.7511989614 -7000200.8265762711
18.059308873436937 7015315.2436166573 -7015038.1514184196
18.059311673047219 7030195.4489772851 -7029918.1889751647
18.059314472657498 7045118.5227150032 -7044841.0946801808
18.059317272267776 7060084.6209479626 -7059807.0246511325
18.059320071878059 7075093.900481835 -7074816.1356932055
18.059322871488337 7090146.518813367 -7089868.5853026574
18.059325671098616 7105242.6341339536 -7104964.5316703925
18.059328470708895 7120382.4053332312 -7120104.1336855562
18.059331270319177 7135565.9920026958 -7135287.550939152
18.059334069929456 7150793.5544393398 -7150514.9437276786
18.059336869539734 7166065.2536493111 -7165786.4730567876
18.059339669150017 7181381.2513515949 -7181102.3006449668
18.059342468760295 7196741.7099817153 -7196462.588927242
18.059345268370574 7212146.7926954618 -7211867.5010589026
18.059348067980856 7227596.6633726349 -7227317.2009192482
18.059350867591135 7243091.4866208192 -7242811.8531153603
18.059353667201414 7258631.4277791707 -7258351.6229858901
18.059356466811696 7274216.6529222364 -7273936.6766048791
18.059359266421975 7289847.3288637884 -7289567.1807855926
18.059362066032254 7305523.6231606863 -7305243.3030843809
18.059364865642532 7321245.7041167608 -7320965.211804565
18.059367665252815 7337013.740786721 -7336733.0760003421
18.059370464863093 7352827.9029800845 -7352547.0654807156
18.059373264473372 7368688.3612651322 -7368407.3508134522
18.059376064083654 7384595.286972885 -7384314.1033290578
18.059378863693933 7400548.8522011088 -7400267.4951247787
18.059381663304212 7416549.2298183367 -7416267.6990686292
18.059384462914494 7432596.5934679219 -7432314.8888034429
18.059387262524773 7448691.1175721129 -7448409.2387509439
18.059390062135051 7464832.9773361497 -7464550.9241158506
18.05939286174533 7481022.3487523925 -7480740.1208899962
18.059395661355612 7497259.4086044654 -7496977.0058564786
18.059398460965891 7513544.3344714353 -7513261.7565938355
18.05940126057617 7529877.3047320079 -7529594.551480243
18.059404060186452 7546258.4985687565 -7545975.5696977424
18.059406859796731 7562688.0959723676 -7562404.9912364883
18.059409659407009 7579166.2777459221 -7578882.9968990255
18.059412459017292 7595693.2255091928 -7595409.7683045901
18.05941525862757 7612269.1217029775 -7611985.4878934436
18.059418058237849 7628894.1495934511 -7628610.3389312197
18.059420857848131 7645568.4932765467 -7645284.5055133123
18.05942365745841 7662292.3376823654 -7662008.1725692777
18.059426457068689 7679065.8685796084 -7678781.525867274
18.059429256678968 7695889.2725800425 -7695604.7520185215
18.05943205628925 7712762.7371429866 -7712478.0384817915
18.059434855899529 7729686.4505798286 -7729401.5735679232
18.059437655509807 7746660.6020585718 -7746375.5464443685
18.05944045512009 7763685.3816084042 -7763400.1471397635
18.059443254730368 7780760.9801243003 -7780475.5665485272
18.059446054340647 7797887.5893716495 -7797601.9964354942
18.059448853950929 7815065.4019909119 -7814779.6294405675
18.059451653561208 7832294.6115023056 -7832008.6590834055
18.059454453171487 7849575.4123105174 -7849289.2797681345
18.059457252781769 7866907.9997094488 -7866621.6867880933
18.059460052392048 7884292.5698869871 -7884006.076330605
18.059462852002326 7901729.3199298074 -7901442.6454817792
18.059465651612605 7919218.4478282044 -7918931.5922313426
18.059468451222887 7936760.1524809524 -7936473.1154775005
18.059471250833166 7954354.6337001976 -7954067.415031828
18.059474050443445 7972002.0922163781 -7971714.6916241916
18.059476850053727 7989702.7296831775 -7989415.1469076993
18.059479649664006 8007456.7486825055 -8007168.9834636841
18.059482449274284 8025264.3527295124 -8024976.4048067201
18.059485248884567 8043125.7462776341 -8042837.6153896628
18.059488048494845 8061041.1347236661 -8060752.8206087258
18.059490848105124 8079010.7244128725 -8078722.2268085899
18.059493647715406 8097034.7226441232 -8096746.0412875414
18.059496447325685 8115113.3376750676 -8114824.4723026417
18.059499246935964 8133246.7787273349 -8132957.7290749317
18.059502046546243 8151435.2559917718 -8151146.0217946693
18.059504846156525 8169678.9806337096 -8169389.5616265927
18.059507645766804 8187978.1647982653 -8187688.5607152246
18.059510445377082 8206333.0216156757 -8206043.2321902066
18.059513244987365 8224743.7652066657 -8224453.7901716661
18.059516044597643 8243210.6106878491 -8242920.4497756185
18.059518844207922 8261733.7741771638 -8261443.4271193994
18.059521643818204 8280313.4727993393 -8280022.9393271357
18.059524443428483 8298949.9246914014 -8298659.2045352487
18.059527243038762 8317643.34900821 -8317352.441897992
18.059530042649044 8336393.9659280311 -8336102.8715930227
18.059532842259323 8355201.9966581436 -8354910.7148270104
18.059535641869601 8374067.6634404846 -8373776.1938412786
18.05953844147988 8392991.1895573232 -8392699.5319174826
18.059541241090162 8411972.799336981 -8411680.9533833284
18.059544040700441 8431012.7181595769 -8430720.6836183164
18.05954684031072 8450111.1724628154 -8449818.949059533
18.059549639921002 8469268.3897478115 -8468975.9772074707
18.059552439531281 8488484.5985849481 -8488191.9966318868
18.059555239141559 8507760.0286197718 -8507467.2369777057
18.059558038751842 8527094.9105789345 -8526801.9289709497
18.05956083836212 8546489.4762761537 -8546196.3044247087
18.059563637972399 8565943.9586182311 -8565650.596245151
18.059566437582681 8585458.5916110966 -8585165.0384375751
18.05956923719296 8605033.6103658974 -8604739.866112493
18.059572036803239 8624669.2511051185 -8624375.3154917508
18.059574836413518 8644365.7511687502 -8644071.6239147019
18.0595776360238 8664123.3490204904 -8663829.0298444014
18.059580435634079 8683942.2842539866 -8683647.7728738524
18.059583235244357 8703822.7975991201 -8703528.0937322937
18.05958603485464 8723765.1309283283 -8723470.2342915162
18.059588834464918 8743769.5272629652 -8743474.4375722222
18.059591634075197 8763836.2307797074 -8763540.947750438
18.059594433685479 8783965.4868169986 -8783670.0101639554
18.059597233295758 8804157.5418815333 -8803861.8713188134
18.059600032906037 8824412.6436547879 -8824116.7788958307
18.059602832516319 8844731.0409995858 -8844434.9817571715
18.059605632126598 8865112.9839667119 -8864816.7299529575
18.059608431736876 8885558.7238015663 -8885262.2747279275
18.059611231347155 8906068.5129508618 -8905771.8685281277
18.059614030957437 8926642.6050693616 -8926345.7650076542
18.059616830567716 8947281.2550266646 -8946984.2190354392
18.059619630177995 8967984.718914032 -8967687.4867020678
18.059622429788277 8988753.2540512532 -8988455.8253266588
18.059625229398556 9009587.118993571 -9009289.4934637751
18.059628029008834 9030486.5735386331 -9030188.7509103883
18.059630828619117 9051451.8787335027 -9051153.8587128818
18.059633628229395 9072483.2968817074 -9072185.0791741014
18.059636427839674 9093581.0915503353 -9093282.6758604478
18.059639227449956 9114745.527577173 -9114446.9136090241
18.059642027060235 9135976.8710779045 -9135678.0585348234
18.059644826670514 9157275.3894533366 -9156976.3780379631
18.059647626280793 9178641.3513966836 -9178342.1408109646
18.059650425891075 9200075.0269008987 -9199775.6168460827
18.059653225501354 9221576.687266048 -9221277.077442687
18.059656025111632 9243146.6051067393 -9242846.7952146865
18.059658824721915 9264785.0543595962 -9264485.0440980028
18.059661624332193 9286492.3102907781 -9286192.0993580893
18.059664423942472 9308268.6495035514 -9307968.2375975084
18.059667223552754 9330114.3499459159 -9329813.7367635481
18.059670023163033 9352029.6909182686 -9351728.8761558961
18.059672822773312 9374014.953081131 -9373713.9364343602
18.059675622383594 9396070.4184629209 -9395769.1996266413
18.059678421993873 9418196.3704677727 -9417894.9491361585
18.059681221604151 9440393.093883412 -9440091.4697499163
18.05968402121443 9462660.8748890813 -9462359.047646435
18.059686820824712 9485000.0010635182 -9484697.9704037271
18.059689620434991 9507410.7613929883 -9507108.5270073302
18.05969242004527 9529893.4462793656 -9529591.00785839
18.059695219655552 9552448.3475482706 -9552145.7047817931
18.059698019265831 9575075.7584572639 -9574772.9110343661
18.059700818876109 9597775.9737040885 -9597472.9213131182
18.059703618486392 9620549.2894349694 -9620246.031763535
18.05970641809667 9643396.0032529663 -9643092.5399879348
18.059709217706949 9666316.4142263811 -9666012.7450538743
18.059712017317231 9689310.8228972275 -9689006.9475026224
18.05971481692751 9712379.5312897507 -9712075.4493576735
18.059717616537789 9735522.8429190051 -9735218.5541333351
18.059720416148068 9758741.062799491 -9758436.5668433513
18.05972321575835 9782034.4974538423 -9781729.7940096017
18.059726015368629 9805403.4549215809 -9805098.543670848
18.059728814978907 9828848.244767921 -9828543.1253915466
18.05973161458919 9852369.1780926436 -9852063.8502707127
18.059734414199468 9875966.5675390139 -9875661.030950848
18.059737213809747 9899640.7273027729 -9899334.9816269241
18.059740013420029 9923391.9731411785 -9923086.0180554297
18.059742813030308 9947220.6223821174 -9946914.4575634785
18.059745612640587 9971126.9939332679 -9970820.619057972
18.059748412250869 9995111.4082913306 -9994804.8230348323
18.059751211861148 10019174.187551321 -10018867.391588295
18.059754011471426 10043315.655415921 -10043008.648420257
18.059756811081705 10067536.137204891 -10067228.918849697
18.059759610691987 10091835.959864557 -10091528.52982215
18.059762410302266 10116215.451977348 -10115907.809919253
18.059765209912545 10140674.943771401 -10140367.089368353
18.059768009522827 10165214.767130245 -10164906.700052178
18.059770809133106 10189835.25560252 -10189526.975518573
18.059773608743384 10214536.744411796 -10214228.250990305
18.059776408353667 10239319.570466438 -10239010.863374935
18.059779207963945 10264184.072369538 -10263875.151274748
18.059782007574224 10289130.590428922 -10288821.454996763
18.059784807184506 10314159.466667224 -10313850.116562799
18.059787606794785 10339271.044832015 -10338961.479719615
18.059790406405064 10364465.670406025 -10364155.889949121
18.059793206015343 10389743.690617409 -10389433.694478653
18.059796005625625 10415105.454450103 -10414795.242291326
18.059798805235904 10440551.312654233 -10440240.884136438
18.059801604846182 10466081.617756613 -10465770.972539976
18.059804404456465 10491696.724071302 -10491385.861815168
18.059807204066743 10517396.987710236 -10517085.908073116
18.059810003677022 10543182.766593933 -10542871.469233504
18.059812803287304 10569054.420462271 -10568742.905035365
18.059815602897583 10595012.31088534 -10594700.57704795
18.059818402507862 10621056.80127437 -10620744.848681645
18.059821202118144 10647188.256892735 -10646876.085198976
18.059824001728423 10673407.04486702 -10673094.653725678
18.059826801338701 10699713.534198184 -10699400.923261853
18.05982960094898 10726108.095772782 -10725795.264693204
18.059832400559262 10752591.10237428 -10752278.050802335
18.059835200169541 10779162.928694429 -10778849.656280138
18.05983799977982 10805823.95134474 -10805510.457737254
18.059840799390102 10832574.548868014 -10832260.833715621
18.059843599000381 10859415.101749972 -10859101.164700089
18.059846398610659 10886345.992430955 -10886031.833130123
18.059849198220942 10913367.605317704 -10913053.22341159
18.05985199783122 10940480.32679523 -10940165.721928617
18.059854797441499 10967684.54523875 -10967369.717055544
18.059857597051781 10994980.651025731 -10994665.599168949
18.05986039666206 11022369.036547994 -11022053.760659764
18.059863196272339 11049850.096223913 -11049534.595945474
18.059865995882618 11077424.226510698 -11077108.501482394
18.0598687954929 11105091.825916758 -11104775.875778034
18.059871595103179 11132853.29501416 -11132537.119403562
18.059874394713457 11160709.036451165 -11160392.635006333
18.05987719432374 11188659.454964858 -11188342.827322528
18.059879993934018 11216704.957393866 -11216388.103189863
18.059882793544297 11244845.95269116 -11244528.871560397
18.059885593154579 11273082.851936948 -11272765.543513421
18.059888392764858 11301416.06835166 -11301098.532268448
18.059891192375137 11329846.017309027 -11329528.253198283
18.059893991985419 11358373.116349243 -11358055.123842197
18.059896791595698 11386997.785192231 -11386679.563919185
18.059899591205976 11415720.445750993 -11415401.995341316
18.059902390816255 11444541.522145055 -11444222.842227183
18.059905190426537 11473461.440714011 -11473142.530915439
18.059907990036816 11502480.630031157 -11502161.489978442
18.059910789647095 11531599.520917227 -11531280.150235979
18.059913589257377 11560818.546454225 -11560498.944769107
18.059916388867656 11590138.141999345 -11589818.308934068
18.059919188477934 11619558.745199006 -11619238.680376329
18.059921988088217 11649080.796002971 -11648760.499044692
18.059924787698495 11678704.736678578 -11678384.207205538
18.059927587308774 11708431.011825064 -11708110.249457136
18.059930386919053 11738260.068387993 -11737939.072744083
18.059933186529335 11768192.355673784 -11767871.126371831
18.059935986139614 11798228.325364353 -11797906.862021316
18.059938785749893 11828368.431531843 -11828046.733763706
18.059941585360175 11858613.130653471 -11858291.19807524
18.059944384970454 11888962.881626476 -11888640.713852169
18.059947184580732 11919418.145783171 -11919095.74242582
18.059949984191014 11949979.386906113 -11949656.747577755
18.059952783801293 11980647.07124337 -11980324.19555505
18.059955583411572 12011421.667523904 -12011098.555085668
18.059958383021854 12042303.64697306 -12041980.297393955
18.059961182632133 12073293.483328173 -12072969.896216236
18.059963982242412 12104391.652854273 -12104067.827816539
18.05996678185269 12135598.634359922 -12135274.571002407
18.059969581462973 12166914.909213142 -12166590.60714085
18.059972381073251 12198340.961357484 -12198016.420174399
18.05997518068353 12229877.277328188 -12229552.49663727
18.059977980293812 12261524.346268475 -12261199.325671658
18.059980779904091 12293282.659945956 -12292957.399044145
18.05998357951437 12325152.712769151 -12324827.211162215
18.059986379124652 12357135.00180413 -12356809.259090904
18.059989178734931 12389230.026791286 -12388904.042569561
18.059991978345209 12421438.290162204 -12421112.064028729
18.059994777955492 12453760.297056682 -12453433.828607157
18.05999757756577 12486196.555339856 -12485869.844168926
18.060000377176049 12518747.575619454 -12518420.62132071
18.060003176786328 12551413.871263176 -12551086.673429152
18.06000597639661 12584195.958416209 -12583868.516638372
18.060008776006889 12617094.356018849 -12616766.6698876
18.060011575617168 12650109.585824272 -12649781.654928941
18.06001437522745 12683242.172416426 -12682913.99634527
18.060017174837729 12716492.643228056 -12716164.221568253
18.060019974448007 12749861.528558854 -12749532.8608965
18.060022774058289 12783349.361593748 -12783020.44751385
18.060025573668568 12816956.67842132 -12816627.517507799
18.060028373278847 12850684.018052375 -12850354.609888056
18.060031172889129 12884531.92243862 -12884202.26660523
18.060033972499408 12918500.936491501 -12918171.032569665
18.060036772109687 12952591.608101169 -12952261.455670409
18.060039571719965 12986804.488155596 -12986474.08679432
18.060042371330248 13021140.130559817 -13020809.479845323
18.060045170940526 13055599.092255322 -13055268.191763788
18.060047970550805 13090181.93323959 -13089850.782546075
18.060050770161087 13124889.216585767 -13124557.815264201
18.060053569771366 13159721.508462489 -13159389.856085675
18.060056369381645 13194679.378153853 -13194347.474293459
18.060059168991927 13229763.398079541 -13229431.242306098
18.060061968602206 13264974.143815078 -13264641.735697974
18.060064768212484 13300312.194112254 -13299979.533219732
18.060067567822767 13335778.1309197 -13335445.216818852
18.060070367433045 13371372.539403597 -13371039.371660361
18.060073167043324 13407096.007968564 -13406762.58614772
18.060075966653603 13442949.128278682 -13442615.451943848
18.060078766263885 13478932.49527869 -13478598.563992314
18.060081565874164 13515046.707215326 -13514712.520538686
18.060084365484443 13551292.365658842 -13550957.923152041
18.060087165094725 13587670.075524665 -13587335.376746627
18.060089964705003 13624180.44509523 -13623845.489603691
18.060092764315282 13660824.08604197 -13660488.873393483
18.060095563925564 13697601.613447482 -13697266.143197404
18.060098363535843 13734513.645827841 -13734177.917530334
18.060101163146122 13771560.8051551 -13771224.818363123
18.060103962756404 13808743.716879949 -13808407.471145254
18.060106762366683 13846063.009954548 -13845726.504827676
18.060109561976962 13883519.316855529 -13883182.551885812
18.06011236158724 13921113.273607183 -13920776.248342728
18.060115161197523 13958845.519804798 -13958508.233792491
18.060117960807801 13996716.698638197 -13996379.151423696
18.06012076041808 14034727.456915446 -14034389.648043176
18.060123560028362 14072878.445086733 -14072540.37409988
18.060126359638641 14111170.317268446 -14110831.983708957
18.06012915924892 14149603.731267421 -14149265.134675995
18.060131958859202 14188179.348605372 -14187840.488521457
18.060134758469481 14226897.834543517 -14226558.710505307
18.060137558079759 14265759.858107379 -14265420.469651805
18.060140357690042 14304766.092111785 -14304426.438774517
18.06014315730032 14343917.213186055 -14343577.294501489
18.060145956910599 14383213.901799385 -14382873.717300642
18.060148756520878 14422656.842286414 -14422316.39150534
18.06015155613116 14462246.722873 -14461906.005340159
18.060154355741439 14501984.235702183 -14501643.250946844
18.060157155351718 14541870.076860342 -14541528.824410483
18.060159954962 14581904.946403576 -14581563.425785877
18.060162754572278 14622089.548384262 -14621747.7591241
18.060165554182557 14662424.590877833 -14662082.532499278
18.060168353792839 14702910.786009749 -14702568.458035558
18.060171153403118 14743548.849982692 -14743206.251934303
18.060173953013397 14784339.503103951 -14783996.63450148
18.060176752623679 14825283.469813038 -14824940.330175271
18.060179552233958 14866381.478709504 -14866038.067553898
18.060182351844237 14907634.26258098 -14907290.579423653
18.060185151454515 14949042.558431419 -14948698.602787146
18.060187951064798 14990607.107509572 -14990262.878891781
18.060190750675076 15032328.655337682 -15031984.153258447
18.060193550285355 15074207.951740395 -15073863.17571043
18.060196349895637 15116245.750873903 -15115900.700402562
18.060199149505916 15158442.811255306 -15158097.485850574
18.060201949116195 15200799.895792209 -15200454.294960696
18.060204748726477 15243317.771812543 -15242971.895059483
18.060207548336756 15285997.211094629 -15285651.057923868
18.060210347947034 15328838.989897465 -15328492.559811464
18.060213147557317 15371843.888991261 -15371497.181491083
18.060215947167595 15415012.693688197 -15414665.708273508
18.060218746777874 15458346.193873441 -15457998.930042502
18.060221546388153 15501845.184036391 -15501497.641286051
18.060224345998435 15545510.463302176 -15545162.641127869
18.060227145608714 15589342.835463405 -15588994.733359143
18.060229945218992 15633343.109012151 -15632994.726470521
18.060232744829275 15677512.097172212 -15677163.433684364
18.060235544439553 15721850.617931597 -15721501.672987249
18.060238344049832 15766359.494075293 -15766010.267162718
18.060241143660114 15811039.553218266 -15810690.043824289
18.060243943270393 15855891.627838746 -15855541.835448734
18.060246742880672 15900916.555311764 -15900566.479409628
18.060249542490954 15946115.177942956 -15945764.81801114
18.060252342101233 15991488.34300264 -15991137.698522117
18.060255141711512 16037036.902760152 -16036685.973210417
18.06025794132179 16082761.714518467 -16082410.499377534
18.060260740932073 16128663.640649088 -16128312.139393482
18.060263540542351 16174743.548627213 -16174391.760731963
18.06026634015263 16221002.311067184 -16220650.236005824
18.060269139762912 16267440.805758225 -16267088.443002779
18.060271939373191 16314059.915700445 -16313707.264721427
18.06027473898347 16360860.529141154 -16360507.589407561
18.060277538593752 16407843.539611451 -16407490.310590755
18.060280338204031 16455009.845963117 -16454656.327121262
18.060283137814309 16502360.352405796 -16502006.543207191
18.060285937424592 16549895.968544478 -16549541.86845199
18.06028873703487 16597617.609417282 -16597263.217892231
18.060291536645149 16645526.19553354 -16645171.512035694
18.060294336255428 16693622.652912198 -16693267.676899763
18.06029713586571 16741907.913120508 -16741552.644050127
18.060299935475989 16790382.91331305 -16790027.350639794
18.060302735086267 16839048.59627106 -16838692.739448421
18.06030553469655 16887905.91044208 -16887549.758921966
18.060308334306828 16936955.809979923 -16936599.363212653
18.060311133917107 16986199.254784968 -16985842.512219261
18.060313933527389 17035637.210544776 -17035280.171627752
18.060316733137668 17085270.648775049 -17084913.312952217
18.060319532747947 17135100.5468609 -17134742.913576152
18.060322332358229 17185127.888098486 -17184769.956794094
18.060325131968508 17235353.661736947 -17234995.431853559
18.060327931578787 17285778.863020707 -17285420.333997328
18.060330731189065 17336404.49323212 -17336045.664506119
18.060333530799348 17387231.559734464 -17386872.430741563
18.060336330409626 17438261.076015268 -17437901.646189533
18.060339130019905 17489494.061730027 -17489134.330503859
18.060341929630187 17540931.542746261 -17540571.509550396
18.060344729240466 17592574.551187925 -17592214.215451427
18.060347528850745 17644424.12548019 -17644063.48663044
18.060350328461027 17696481.310394593 -17696120.367857281
18.060353128071306 17748747.157094557 -17748385.910293687
18.060355927681584 17801222.723181292 -17800861.171539161
18.060358727291867 17853909.072740067 -17853547.215677265
18.060361526902145 17906807.276386864 -17906445.113322265
18.060364326512424 17959918.411315423 -17959555.941666182
18.060367126122703 18013243.561344668 -18012880.78452621
18.060369925732985 18066783.816966534 -18066420.732392546
18.060372725343264 18120540.27539419 -18120176.88247662
18.060375524953542 18174514.04061066 -18174150.338759702
18.060378324563825 18228706.223417841 -18228342.212041933
18.060381124174103 18283117.941485945 -18282753.619991764
18.060383923784382 18337750.319403335 -18337385.687195789
18.060386723394664 18392604.48872678 -18392239.545208994
18.060389523004943 18447681.588032138 -18447316.332605451
18.060392322615222 18502982.762965456 -18502617.195029415
18.060395122225504 18558509.1662945 -18558143.285246857
18.060397921835783 18614261.957960717 -18613895.763197411
18.060400721446062 18670242.305131622 -18669875.796046779
18.06040352105634 18726451.382253636 -18726084.558239561
18.060406320666623 18782890.371105365 -18782523.23155253
18.060409120276901 18839560.460851323 -18839193.00514837
18.06041191988718 18896462.848096117 -18896095.075629834
18.060414719497462 18953598.736939073 -18953230.647094402
18.060417519107741 19010969.339029334 -19010600.931189358
18.06042031871802 19068575.873621423 -19068207.147167351
18.060423118328302 19126419.567631267 -19126050.52194244
18.060425917938581 19184501.655692708 -19184132.290146582
18.060428717548859 19242823.380214471 -19242453.694186609
18.060431517159142 19301385.991437644 -19301015.984301716
18.06043431676942 19360190.747493625 -19359820.418621391
18.060437116379699 19419238.914462551 -19418868.263223857
18.060439915989978 19478531.76643227 -19478160.792195041
18.06044271560026 19538070.58555777 -19537699.287687998
18.060445515210539 19597856.662121121 -19597485.039982866
18.060448314820817 19657891.294591952 -19657519.347547323
18.0604511144311 19718175.78968842 -19717803.51709757
18.060453914041378 19778711.462438732 -19778338.863659855
18.060456713651657 19839499.636243157 -19839126.710632477
18.060459513261939 19900541.642936587 -19900168.389848351
18.060462312872218 19961838.822851621 -19961465.241638087
18.060465112482497 20023392.524882212 -20023018.614893641
18.060467912092776 20085204.106547855 -20084829.867132511
18.060470711703058 20147274.934058312 -20146900.364562441
18.060473511313337 20209606.38237891 -20209231.482146736
18.060476310923615 20272199.835296411 -20271824.603670135
18.060479110533898 20335056.685485438 -20334681.121805221
18.060481910144176 20398178.334575463 -20397802.438179418
18.060484709754455 20461566.193218406 -20461189.963442594
18.060487509364737 20525221.681156799 -20524845.117335219
18.060490308975016 20589146.22729253 -20588769.328757104
18.060493108585295 20653341.269756209 -20652964.035836786
18.060495908195577 20717808.255977135 -20717430.686001468
18.060498707805856 20782548.642753847 -20782170.736047592
18.060501507416134 20847563.896325324 -20847185.652212031
18.060504307026413 20912855.49244279 -20912476.910243891
18.060507106636695 20978424.916442133 -20978045.995476939
18.060509906246974 21044273.663316973 -21043894.402902655
18.060512705857253 21110403.237792358 -21110023.637243949
18.060515505467535 21176815.154399134 -21176435.213029511
18.060518305077814 21243510.937548939 -21243130.654668815
18.060521104688092 21310492.121609867 -21310111.496527787
18.060523904298375 21377760.250982799 -21377379.283005133
18.060526703908653 21445316.880178396 -21444935.568609316
18.060529503518932 21513163.573894762 -21512781.918036245
18.060532303129214 21581301.907095831 -21580919.906247646
18.060535102739493 21649733.465090409 -21649351.118550107
18.060537902349772 21718459.843611926 -21718077.150674827
18.060540701960051 21787482.648898907 -21787099.608858101
18.060543501570333 21856803.49777614 -21856420.109922465
18.060546301180612 21926424.017736562 -21926040.2813586
18.06054910079089 21996345.847023886 -21995961.761407953
18.060551900401173 22066570.634715963 -22066186.199146103
18.060554700011451 22137100.040808879 -22136715.254566845
18.06055749962173 22207935.736301787 -22207550.59866704
18.060560299232012 22279079.403282527 -22278693.91353222
18.060563098842291 22350532.735013984 -22350146.892422952
18.06056589845257 22422297.436021253 -22421911.23986201
18.060568698062852 22494375.222179554 -22493988.671722274
18.060571497673131 22566767.820802934 -22566380.915315449
18.060574297283409 22639476.97073378 -22639089.709481563
18.060577096893688 22712504.422433123 -22712116.804679282
18.06057989650397 22785851.938071769 -22785463.963077031
18.060582696114249 22859521.29162224 -22859132.958644953
18.060585495724528 22933514.268951554 -22933125.577247661
18.06058829533481 23007832.667914823 -23007443.616737861
18.060591094945089 23082478.298449717 -23082088.887050804
18.060593894555367 23157452.982671771 -23157063.210299596
18.06059669416565 23232758.554970574 -23232368.420871381
18.060599493775928 23308396.8621068 -23308006.365524389
18.060602293386207 23384369.763310153 -23383978.903485857
18.060605092996489 23460679.130378168 -23460287.906550847
18.060607892606768 23537326.847775951 -23536935.259181984
18.060610692217047 23614314.812736806 -23613922.858610071
18.060613491827326 23691644.93536377 -23691252.614935644
18.060616291437608 23769319.138732091 -23768926.451231435
18.060619091047887 23847339.358992632 -23846946.303645778
18.060621890658165 23925707.545476228 -23925314.121506967
18.060624690268448 24004425.660798997 -24004031.867428567
18.060627489878726 24083495.680968627 -24083101.517415714
18.060630289489005 24162919.595491625 -24162525.060972329
18.060633089099287 24242699.407481551 -24242304.501209393
18.060635888709566 24322837.133768268 -24322441.854954172
18.060638688319845 24403334.805008184 -24402939.152860466
18.060641487930127 24484194.465795506 -24483798.43951986
18.060644287540406 24565418.174774539 -24565021.773574024
18.060647087150684 24647008.004753031 -24646611.227828071
18.060649886760963 24728966.04281655 -24728568.889364906
18.060652686371245 24811294.390443895 -24810896.859660663
18.060655485981524 24893995.163623638 -24893597.254701231
18.060658285591803 24977070.492971722 -24976672.205099862
18.060661085202085 25060522.523850147 -25060123.856215857
18.060663884812364 25144353.416486774 -25143954.368274353
18.060666684422642 25228565.346096225 -25228165.91648725
18.060669484032925 25313160.50300194 -25312760.691175245
18.060672283643203 25398141.092759345 -25397740.897891011
18.060675083253482 25483509.336280204 -25483108.757543545
18.060677882863764 25569267.469958115 -25568866.506523669
18.060680682474043 25655417.74579519 -25655016.396830697
18.060683482084322 25741962.431529939 -25741560.696200341
18.060686281694601 25828903.81076635 -25828501.688233767
18.060689081304883 25916244.183104172 -25915841.672527894
18.060691880915162 26003985.864270452 -26003582.964806933
18.06069468052544 26092131.186252289 -26091727.897055119
18.060697480135723 26180682.497430839 -26180278.817650747
18.060700279746001 26269642.16271662 -26269238.091501448
18.06070307935628 26359012.563686058 -26358608.100180753
18.060705878966562 26448796.098719358 -26448391.242065959
18.060708678576841 26538995.1831397 -26538589.932477321
18.06071147818712 26629612.249353711 -26629206.603818532
18.060714277797402 26720649.746993314 -26720243.705718566
18.060717077407681 26812110.143058918 -26811703.705174863
18.060719877017959 26903995.92206398 -26903589.08669791
18.060722676628238 26996309.58618094 -26995902.352457155
18.06072547623852 27089053.655388553 -27088646.022428345
18.060728275848799 27182230.667620622 -27181822.634542268
18.060731075459078 27275843.178916175 -27275434.744834919
18.06073387506936 27369893.763571091 -27369484.927599128
18.060736674679639 27464385.01429116 -27463975.775537625
18.060739474289917 27559319.542346634 -27558909.899917588
18.0607422739002 27654699.97772827 -27654289.930726677
18.060745073510478 27750528.969304863 -27750118.516830586
18.060747873120757 27846809.184982345 -27846398.326132134
18.060750672731039 27943543.311864357 -27943132.04573182
18.060753472341318 28040734.05641441 -28040322.38209001
18.060756271951597 28138384.144619647 -28137972.06119068
18.060759071561876 28236496.32215615 -28236083.828706738
18.060761871172158 28335073.354555879 -28334660.450166948
18.060764670782437 28434118.027375232 -28433704.711124498
18.060767470392715 28533633.146365248 -28533219.417327207
18.060770270002998 28633621.537643462 -28633207.394889373
18.060773069613276 28734086.047867443 -28733671.490465306
18.060775869223555 28835029.544410028 -28834614.57142457
18.060778668833837 28936454.915536311 -28936039.526028976
18.060781468444116 29038365.070582349 -29037949.263611283
18.060784268054395 29140762.94013558 -29140346.714755606
18.060787067664677 29243651.476217054 -29243234.831479669
18.060789867274956 29347033.652465459 -29346616.587418806
18.060792666885234 29450912.464322947 -29450494.978011802
18.060795466495513 29555290.929222818 -29554873.020688582
18.060798266105795 29660172.086779047 -29659753.755059719
18.060801065716074 29765558.998977665 -29765140.243107833
18.060803865326353 29871454.750370067 -29871035.569380883
18.060806664936635 29977862.448268235 -29977442.841187414
18.060809464546914 30084785.222941883 -30084365.188793667
18.060812264157192 30192226.227817573 -30191805.765622728
18.060815063767475 30300188.639679831 -30299767.748455625
18.060817863377753 30408675.658874232 -30408254.337634422
18.060820662988032 30517690.509512544 -30517268.757267352
18.060823462598314 30627236.439679902 -30626814.255436003
18.060826262208593 30737316.721644089 -30736894.104404591
18.060829061818872 30847934.652066875 -30847511.600831304
18.060831861429151 30959093.552217517 -30958670.065981798
18.060834661039433 31070796.768188376 -31070372.845944818
18.060837460649712 31183047.671112698 -31182623.311849974
18.06084026025999 31295849.657384597 -31295424.860087723
18.060843059870272 31409206.148881286 -31408780.912531611
18.060845859480551 31523120.593187544 -31522694.916762721
18.06084865909083 31637596.463822417 -31637170.346296392
18.060851458701112 31752637.260468252 -31752210.700811248
18.060854258311391 31868246.509202059 -31867819.506380554
18.06085705792167 31984427.762729194 -31984000.315705907
18.060859857531952 32101184.600619402 -32100756.708353262
18.060862657142231 32218520.629545309 -32218092.290991448
18.060865456752509 32336439.483523354 -32336010.697633088
18.060868256362788 32454944.824157123 -32454515.589877926
18.06087105597307 32574040.340883214 -32573610.657158706
18.060873855583349 32693729.7512196 -32693299.616989523
18.060876655193628 32814016.801016547 -32813586.215216745
18.06087945480391 32934905.264710102 -32934474.226272505
18.060882254414189 33056398.945578218 -33055967.45343082
18.060885054024467 33178501.675999459 -33178069.729066301
18.06088785363475 33301217.317714401 -33300784.914915551
18.060890653245028 33424549.76208974 -33424116.902341269
18.060893452855307 33548502.930385094 -33548069.612599056
18.060896252465589 33673080.774022609 -33672646.997107029
18.060899052075868 33798287.274859324 -33797853.037718169
18.060901851686147 33924126.445462346 -33923691.746995516
18.060904651296426 34050602.329386912 -34050167.168490201
18.060907450906708 34177719.001457334 -34177283.377022423
18.060910250516987 34305480.568050906 -34305044.478965335
18.060913050127265 34433891.167384714 -34433454.612531863
18.060915849737547 34562954.969805509 -34562517.948064581
18.060918649347826 34692676.178082556 -34692238.688328557
18.060921448958105 34823059.027703561 -34822621.068807274
18.060924248568387 34954107.787173629 -34953669.35800159
18.060927048178666 35085826.758317478 -35085387.857731961
18.060929847788945 35218220.276584804 -35217780.903443791
18.060932647399227 35351292.711358771 -35350852.864515938
18.060935447009506 35485048.466267876 -35484608.144572563
18.060938246619784 35619491.979501106 -35619051.181798302
18.060941046230063 35754627.724126317 -35754186.449256629
18.060943845840345 35890460.208412059 -35890018.455211706
18.060946645450624 36026993.976152733 -36026551.74345351
18.060949445060903 36164233.606997289 -36163790.893626541
18.060952244671185 36302183.716781385 -36301740.521561995
18.060955044281464 36440848.9578631 -36440405.279613465
18.060957843891742 36580234.019462138 -36579789.856996134
18.060960643502025 36720343.628002711 -36719898.980129682
18.060963443112303 36861182.547460116 -36860737.412984841
18.060966242722582 37002755.579711013 -37002309.957433686
18.060969042332864 37145067.564887457 -37144621.45360367
18.060971841943143 37288123.381734662 -37287676.780235365
18.060974641553422 37431927.94797267 -37431480.855044164
18.060977441163701 37576486.220661923 -37576038.635085829
18.060980240773983 37721803.196572736 -37721355.117125966
18.060983040384261 37867883.912558742 -37867435.338013485
18.06098583999454 38014733.44593434 -38014284.375058025
18.060988639604822 38162356.914856315 -38161907.346411593
18.060991439215101 38310759.478709601 -38310309.411454313
18.06099423882538 38459946.338497154 -38459495.77118431
18.060997038435662 38609922.737234145 -38609471.668611899
18.060999838045941 38760693.960346378 -38760242.38915801
18.06100263765622 38912265.336073026 -38911813.2610569
18.061005437266502 39064642.235873766 -39064189.655763321
18.061008236876781 39217830.074840456 -39217376.98836416
18.061011036487059 39371834.31211324 -39371380.717994586
18.061013836097338 39526660.451301172 -39526206.348258637
18.06101663570762 39682314.04090748 -39681859.427654505
18.061019435317899 39838800.674759522 -39838345.550004467
18.061022234928178 39996125.992443539 -39995670.354889683
18.06102503453846 40154295.679744147 -40153839.52808965
18.061027834148739 40313315.469088584 -40312858.802026451
18.061030633759017 40473191.139995955 -40472733.956214018
18.0610334333693 40633928.519531466 -40633470.817712352
18.061036232979578 40795533.482765622 -40795075.261586726
18.061039032589857 40958011.953238606 -40957553.211372063
18.061041832200136 41121369.903429732 -41120910.639542386
18.061044631810418 41285613.355232187 -41285153.567985564
18.061047431420697 41450748.380433016 -41450288.068483301
18.061050231030976 41616781.101198532 -41616320.263196535
18.061053030641258 41783717.690565042 -41783256.325156167
18.061055830251536 41951564.372935124 -41951102.478759333
18.061058629861815 42120327.424579479 -42119865.000271283
18.061061429472097 42290013.174144432 -42289550.218332849
18.061064229082376 42460628.003165007 -42460164.51447352
18.061067028692655 42632178.346583888 -42631714.323630437
18.061069828302937 42804670.693276308 -42804206.134673245
18.061072627913216 42978111.586580709 -42977646.490934774
18.061075427523495 43152507.624835491 -43152041.99074778
18.061078227133773 43327865.461921729 -43327399.287987657
18.061081026744056 43504191.807812147 -43503725.092621423
18.061083826354334 43681493.42912633 -43681026.17126292
18.061086625964613 43859777.149692215 -43859309.347734317
18.061089425574895 44039049.851114057 -44038581.503634065
18.061092225185174 44219318.473346666 -44218849.578911141
18.061095024795453 44400590.015276365 -44400120.572445996
18.061097824405735 44582871.535308622 -44582401.542638205
18.061100624016014 44766170.151962236 -44765699.608000621
18.061103423626292 44950493.044470504 -44950021.947760589
18.061106223236575 45135847.453389272 -45135375.80246795
18.061109022846853 45322240.681211881 -45321768.474610016
18.061111822457132 45509680.092991255 -45509207.329233631
18.061114622067411 45698173.116969205 -45697699.794574521
18.061117421677693 45887727.245212972 -45887253.362693779
18.061120221287972 46078350.034259133 -46077875.590121813
18.061123020898251 46270049.105765067 -46269574.098509803
18.061125820508533 46462832.147167787 -46462356.575288519
18.061128620118811 46656706.912350558 -46656230.774334952
18.06113141972909 46851681.222317249 -46851204.516646661
18.061134219339372 47047762.96587456 -47047285.691023998
18.061137018949651 47244960.100322187 -47244482.25476028
18.06113981855993 47443280.652151056 -47442802.234340012
18.061142618170212 47642732.717749782 -47642253.726145357
18.061145417780491 47843324.464119382 -47842844.897170834
18.06114821739077 48045064.129596405 -48044583.985746466
18.061151017001048 48247960.024584517 -48247479.302269354
18.061153816611331 48452020.532294706 -48451539.229943871
18.061156616221609 48657254.109494358 -48656772.225530781
18.061159415831888 48863669.287265055 -48863186.820104972
18.06116221544217 49071274.671769232 -49070791.619822159
18.061165015052449 49280078.945026197 -49279595.306694902
18.061167814662728 49490090.865697227 -49489606.639377676
18.06117061427301 49701319.269879885 -49700834.453961201
18.061173413883289 49913773.07191202 -49913287.664776459
18.061176213493567 50127461.265185222 -50126975.265208125
18.06117901310385 50342392.92296797 -50341906.328517728
18.061181812714128 50558577.199238688 -50558090.008676678
18.061184612324407 50776023.329528786 -50775535.54120937
18.061187411934686 50994740.631775774 -50994252.244046219
18.061190211544968 51214738.507186614 -51214249.518387072
18.061193011155247 51436026.441111609 -51435536.849575073
18.061195810765525 51658614.003928706 -51658123.807980962
18.061198610375808 51882510.851938419 -51882020.049898021
18.061201409986086 52107726.728269652 -52107235.318447851
18.061204209596365 52334271.463796481 -52333779.444497213
18.061207009206647 52562154.978066079 -52561662.347585894
18.061209808816926 52791387.280237779 -52790894.036865808
18.061212608427205 53021978.470033862 -53021484.612051778
18.061215408037487 53253938.738701731 -53253444.264383703
18.061218207647766 53487278.369987771 -53486783.277600423
18.061221007258045 53722007.741123177 -53721512.028925531
18.061223806868323 53958137.323821872 -53957640.990065306
18.061226606478606 54195677.685290717 -54195180.728218928
18.061229406088884 54434639.489252068 -54434141.907101028
18.061232205699163 54675033.496978872 -54674535.287976757
18.061235005309445 54916870.568342566 -54916371.730709739
18.061237804919724 55160161.662874013 -55159662.194822967
18.061240604530003 55404917.8408373 -55404417.740572602
18.061243404140285 55651150.264317043 -55650649.530035302
18.061246203750564 55898870.198319137 -55898368.828208938
18.061249003360842 56148089.01188504 -56147587.004126914
18.061251802971125 56398818.179220036 -56398315.531986393
18.061254602581403 56651069.280835599 -56650565.992290698
18.061257402191682 56904854.004705928 -56904350.07300581
18.061260201801961 57160184.147438951 -57159679.570731394
18.061263001412243 57417071.615462057 -57416566.391886532
18.061265801022522 57675528.42622266 -57675022.553910278
18.0612686006328 57935566.709403791 -57935060.186477244
18.061271400243083 58197198.708155006 -58196691.53272853
18.061274199853361 58460436.780338831 -58459928.950518146
18.06127699946364 58725293.39979288 -58724784.913675137
18.061279799073922 58991781.157607935 -58991272.013281658
18.061282598684201 59259912.763422288 -59259402.958967328
18.06128539829448 59529701.046732523 -59529190.580220006
18.061288197904762 59801158.958220899 -59800647.827713169
18.061290997515041 60074299.571099542 -60073787.774650112
18.06129379712532 60349136.08247181 -60348623.61812529
18.061296596735598 60625681.814711072 -60625168.68050313
18.061299396345881 60903950.216857143 -60903436.410814449
18.061302195956159 61183954.866030626 -61183440.386170797
18.061304995566438 61465709.468865223 -61465194.313196756
18.06130779517672 61749227.862958521 -61748712.029480748
18.061310594786999 62034524.018341519 -62034007.505044535
18.061313394397278 62321612.038967043 -62321094.843831658
18.06131619400756 62610506.164217532 -62609988.285215214
18.061318993617839 62901220.770432256 -62900702.20552507
18.061321793228117 63193770.372454099 -63193251.119594648
18.0613245928384 63488169.625196636 -63487649.682328001
18.061327392448678 63784433.325231545 -63783912.690287217
18.061330192058957 64082576.412396654 -64082055.083300494
18.061332991669236 64382613.971424989 -64382091.946091138
18.061335791279518 64684561.233595148 -64684038.509927988
18.061338590889797 64988433.578403212 -64987910.154297307
18.061341390500075 65294246.535256535 -65293722.408596545
18.061344190110358 65602015.785189807 -65601490.953850441
18.061346989720636 65911757.162603781 -65911231.62444973
18.061349789330915 66223486.657026842 -66222960.40991272
18.061352588941197 66537220.414899729 -66536693.456669994
18.061355388551476 66852974.741384014 -66852447.069872916
18.061358188161755 67170766.102194399 -67170237.715225905
18.061360987772037 67490611.125455543 -67490082.020843297
18.061363787382316 67812526.603583127 -67811996.77913034
18.061366586992595 68136529.495190278 -68135998.948689699
18.061369386602873 68462636.927019313 -68462105.656253129
18.061372186213156 68790866.195899487 -68790334.198639289
18.061374985823434 69121234.770730644 -69120702.044737309
18.061377785433713 69453760.29449366 -69453226.837517336
18.061380585043995 69788460.586287975 -69787926.396067992
18.061383384654274 70125353.643395871 -70124818.717660651
18.061386184264553 70464457.643375173 -70463921.979842156
18.061388983874835 70805790.946180314 -70805254.542555928
18.061391783485114 71149372.096311793 -71148834.95029135
18.061394583095392 71495219.824994504 -71494681.934262127
18.061397382705675 71843353.052385941 -71842814.414614499
18.061400182315953 72193790.889814422 -72193251.50266546
18.061402981926232 72546552.64204748 -72546012.503171131
18.061405781536511 72901657.809591353 -72901116.91662626
18.061408581146793 73259126.091022059 -73258584.441595316
18.061411380757072 73618977.38534832 -73618434.977075383
18.06141418036735 73981231.794406518 -73980688.624891132
18.061416979977633 74345909.625288785 -74345365.692122892
18.061419779587911 74713031.392804921 -74712486.693568602
18.06142257919819 75082617.821977854 -75082072.35423924
18.061425378808472 75454689.850572884 -75454143.611888081
18.061428178418751 75829268.631663084 -75828721.619576082
18.06143097802903 76206375.536229461 -76205827.748272061
18.061433777639312 76586032.155797422 -76585483.589489147
18.061436577249591 76968260.305109948 -76967710.957957953
18.06143937685987 77353082.024838105 -77352531.894337103
18.061442176470148 77740519.584329486 -77739968.667961687
18.061444976080431 78130595.484394446 -78130043.779629424
18.061447775690709 78523332.460131839 -78522779.964426488
18.061450575300988 78918753.483794346 -78918200.194592774
18.06145337491127 79316881.767693758 -79316327.682427198
18.061456174521549 79717740.767147392 -79717185.883234113
18.061458974131828 80121354.183466554 -80120798.498311803
18.06146177374211 80527745.966986313 -80527189.477982178
18.061464573352389 80936940.320138499 -80936383.024663851
18.061467372962667 81348961.700568601 -81348403.595988989
18.06147017257295 81763834.824296281 -81763275.907963827
18.061472972183228 82181584.668922067 -82181024.938175395
18.061475771793507 82602236.476878926 -82601675.929043069
18.061478571403786 83025815.758730367 -83025254.391116664
18.061481371014068 83452348.29651545 -83451786.106421441
18.061484170624347 83881860.147142395 -83881297.131851748
18.061486970234625 84314377.645830765 -84313813.802613169
18.061489769844908 84749927.409602597 -84749362.735713661
18.061492569455186 85188536.340824395 -85187970.833505556
18.061495369065465 85630231.630800083 -85629665.287278488
18.061498168675747 86075040.763416141 -86074473.580904573
18.061500968286026 86522991.518839583 -86522423.494536355
18.061503767896305 86974111.977269188 -86973543.108358011
18.061506567506587 87428430.522741988 -87427860.806391895
18.061509367116866 87885975.846995071 -87885405.280360311
18.061512166727145 88346776.95338358 -88346205.533603504
18.061514966337423 88810863.160856277 -88810290.885055259
18.061517765947706 89278264.107988581 -89277690.973275855
18.061520565557984 89749009.757076114 -89748435.760545731
18.061523365168263 90223130.398287937 -90222555.537018597
18.061526164778545 90700656.653880507 -90700080.92493549
18.061528964388824 91181619.482475013 -91181042.882902056
18.061531763999103 91666050.183396846 -91665472.710228026
18.061534563609385 92153980.401080102 -92153402.051331744
18.061537363219664 92645442.129537538 -92644862.900210068
18.061540162829942 93140467.7168964 -93139887.604974255
18.061542962440225 93639089.870002612 -93638508.872454122
18.061545762050503 94141341.65909341 -94140759.77287066
18.061548561660782 94647256.522540018 -94646673.744578749
18.061551361271061 95156868.271661565 -95156284.598881051
18.061554160881343 95670211.095611319 -95669626.52491425
18.061556960491622 96187319.566336572 -96186734.094608933
18.0615597601019 96708228.643612921 -96707642.267723858
18.061562559712183 97232973.680154473 -97232386.39695619
18.061565359322461 97761590.426802292 -97761002.233129889
18.06156815893274 98294115.037791312 -98293525.930462688
18.061570958543022 98830584.076097667 -98829994.05191341
18.061573758153301 99371034.518866181 -99370443.574609384
18.06157655776358 99915503.762921795 -99914911.895357981
18.061579357373859 100464029.6303654 -100463436.83624236
18.061582156984141 101016650.37425451 -101016056.65030219
18.06158495659442 101573404.68437217 -101572810.02730253
18.061587756204698 102134331.69308345 -102133736.09959032
18.061590555814981 102699470.98128311 -102698874.44804206
18.061593355425259 103268862.58443522 -103268265.10810344
18.061596155035538 103842546.99870545 -103841948.57592157
18.06159895464582 104420565.18718947 -104419965.81457347
18.061601754256099 105002958.58623746 -105002358.26039048
18.061604553866378 105589769.11187699 -105589167.82938124
18.06160735347666 106181039.1663364 -106180436.92375498
18.061610153086939 106776811.64466973 -106776208.43854648
18.061612952697217 107377129.94148624 -107376525.76834564
18.061615752307496 107982037.95778458 -107981432.81413154
18.061618551917778 108591580.1078949 -108590973.99021466
18.061621351528057 109205801.32653053 -109205194.23128849
18.061624151138336 109824747.07595024 -109824138.9995918
18.061626950748618 110448463.35323438 -110447854.29218479
18.061629750358897 111076996.6976772 -111076386.64834139
18.061632549969175 111710394.19829521 -111709783.15705767
18.061635349579458 112348703.50145577 -112348091.4646804
18.061638149189736 112991972.81862675 -112991359.78265664
18.061640948800015 113640250.9342503 -113639636.8954076
18.061643748410297 114293587.21374349 -114292972.16832927
18.061646548020576 114952031.61162674 -114951415.55592078
18.061649347630855 115615634.67978279 -115615017.61004345
18.061652147241134 116284447.57584874 -116283829.48831278
18.061654946851416 116958522.07174386 -116957902.96262628
18.061657746461695 117637910.56233528 -117637290.42782913
18.061660546071973 118322666.07424414 -118322044.91052034
18.061663345682256 119012842.27479543 -119012220.07800263
18.061666145292534 119708493.48111324 -119707870.24737763
18.061668944902813 120409674.66936342 -120409050.39478853
18.061671744513095 121116441.48414889 -121115816.16481543
18.061674544123374 121828850.24805836 -121828223.88002405
18.061677343733653 122546957.97137077 -122546330.55067012
18.061680143343935 123270822.3619211 -123270193.88456526
18.061682942954214 124000501.83512761 -123999872.29710418
18.061685742564492 124736055.5241852 -124735424.92145801
18.061688542174771 125477543.2904276 -125476911.61893654
18.061691341785053 126225025.73386203 -126224392.98952286
18.061694141395332 126978564.20387855 -126977930.38258269
18.061696941005611 127738220.81013782 -127737585.90775217
18.061699740615893 128504058.43364088 -128503422.44600761
18.061702540226172 129276140.73798425 -129275503.66092061
18.06170533983645 130054532.18080351 -130053894.01010159
18.061708139446733 130839298.02540959 -130838658.75683619
18.061710939057011 131630504.35262002 -131629863.98191635
18.06171373866729 132428218.07279195 -132427576.5956735
18.061716538277572 133232506.93805741 -133231864.35021369
18.061719337887851 134043439.5547656 -134042795.85185994
18.06172213749813 134861085.39613804 -134860440.57380739
18.061724937108409 135685514.81513798 -135684868.86899266
18.061727736718691 136516799.05755943 -136516151.98318291
18.06173053632897 137355010.27534166 -137354362.06829038
18.061733335939248 138200221.54011023 -138199572.19591334
18.061736135549531 139052506.85695007 -139051856.37110922
18.061738935159809 139911941.1784184 -139911289.54640746
18.061741734770088 140778600.41879788 -140777947.6360628
18.06174453438037 141652561.46859401 -141651907.53055248
18.061747333990649 142533902.20928919 -142533247.11133045
18.061750133600928 143422701.52834922 -143422045.26583388
18.06175293321121 144319039.33448994 -144318381.90274963
18.061755732821489 145222996.57321289 -145222337.96755007
18.061758532431767 146134655.24261367 -146133995.4583014
18.061761332042046 147054098.40946463 -147053437.44174623
18.061764131652328 147981410.2255815 -147980748.06967047
18.061766931262607 148916675.94447598 -148916012.59555557
18.061769730872886 149859981.9383027 -149859317.39152575
18.061772530483168 150811415.71510899 -150810749.9655976
18.061775330093447 151771065.936389 -151770398.97923428
18.061778129703725 152739022.43494993 -152738354.26521179
18.061780929314008 153715376.23309624 -153714706.84580308
18.061783728924286 154700219.56113547 -154699548.9512839
18.061786528534565 155693645.87621897 -155692974.03877357
18.061789328144847 156695749.88151711 -156695076.8114101
18.061792127755126 157706627.54574206 -157705953.23787305
18.061794927365405 158726376.12302148 -158725700.57225716
18.061797726975684 159755094.1731317 -159754417.37430561
18.061800526585966 160792881.58209342 -160792203.53000554
18.061803326196245 161839839.58314532 -161839160.27256194
18.061806125806523 162896070.77809739 -162895390.20375067
18.061808925416805 163961679.15907156 -163960997.31565931
18.061811725027084 165036770.13064176 -165036087.01282707
18.061814524637363 166121450.53237846 -166120766.13478944
18.061817324247645 167215828.66180846 -167215142.97903788
18.061820123857924 168320014.2977964 -168319327.32440147
18.061822923468203 169434118.72435528 -169433430.45485723
18.061825723078485 170558254.75489843 -170557565.18378225
18.061828522688764 171692536.75694048 -171691845.87865454
18.061831322299042 172837080.6772584 -172836388.48621416
18.061834121909321 173992004.06751931 -173991310.55809098
18.061836921519603 175157426.11038879 -175156731.27691299
18.061839721129882 176333467.64612409 -176332771.48289952
18.061842520740161 177520251.19966725 -177519553.70095429
18.061845320350443 178717901.00824767 -178717202.16826808
18.061848119960722 179926543.04950762 -179925842.86244419
18.061850919571 181146305.07015583 -181145603.53015205
18.061853719181283 182377316.61515889 -182376613.71631849
18.061856518791561 183619709.05749261 -183619004.79387927
18.06185931840184 184873615.62846172 -184872909.99409866
18.061862118012122 186139171.44859338 -186138464.43746305
18.061864917622401 187416513.55912116 -187415805.16516474
18.06186771723268 188705780.95407555 -188705071.17119271
18.061870516842959 190007114.61298597 -190006403.43503439
18.061873316453241 191320657.53421637 -191319944.95501137
18.06187611606352 192646554.76894444 -192645840.7822586
18.061878915673798 193984953.45579794 -193984238.05536067
18.06188171528408 195336002.85615879 -195335286.03565595
18.061884514894359 196699854.39015868 -196699136.14323214
18.061887314504638 198076661.67337599 -198075941.9936232
18.06189011411492 199466580.55425179 -199465859.43522543
18.061892913725199 200869769.15223476 -200869046.58744225
18.061895713335478 202286387.89667448 -202285663.87957755
18.06189851294576 203716599.56649005 -203715874.09050435
18.061901312556039 205160569.33061212 -205159842.38910675
18.061904112166317 206618464.78922644 -206617736.37552348
18.061906911776596 208090456.01583919 -208089726.12321326
18.061909711386878 209576715.60018098 -209575984.2218588
18.061912510997157 211077418.69196522 -211076685.82112512
18.061915310607436 212592743.04551849 -212592008.67528996
18.061918110217718 214122869.06530812 -214122133.18877131
18.061920909827997 215667979.8523877 -215667242.46257296
18.061923709438275 217228261.25177297 -217227522.34166041
18.061926509048558 218803901.90077564 -218803161.46329454
18.061929308658836 220395093.27831966 -220394351.306348
18.061932108269115 222002029.75525939 -222001286.24162337
18.061934907879397 223624908.64572018 -223624163.58319369
18.061937707489676 225263930.25948808 -225263183.64079219
18.061940507099955 226919297.9554719 -226918549.77327433
18.061943306710234 228591218.19626403 -228590468.44317859
18.061946106320516 230279900.60382181 -230279149.27240795
18.061948905930794 231985558.01629776 -231984805.09905991
18.061951705541073 233708406.54604608 -233707652.03543317
18.061954505151355 235448665.63883364 -235447909.52723852
18.061957304761634 237206558.13428345 -237205800.41404232
18.061960104371913 238982310.32757434 -238981550.9909662
18.061962903982195 240776152.0324325 -240775391.07167855
18.061965703592474 242588316.64544368 -242587554.05270669
18.061968503202753 244419041.2117191 -244418276.97910288
18.061971302813035 246268566.49194783 -246267800.6114966
18.061974102423314 248137137.03085926 -248136369.49455705
18.061976902033592 250025001.22714096 -250024232.02691096
18.061979701643871 251932411.40484244 -251931640.53254637
18.061982501254153 253859623.88630176 -253858851.33373931
18.061985300864432 255806899.06662589 -255806124.82553399
18.061988100474711 257774501.48977003 -257773725.55182222
18.061990900084993 259762699.9262521 -259761922.28305787
18.061993699695272 261771767.45254147 -261770988.09564561
18.06199649930555 263801981.53216121 -263801200.4530431
18.061999298915833 265853624.09854934 -265852841.28862229
18.062002098526111 267926981.63971722 -267926197.09032777
18.06200489813639 270022345.28475791 -270021558.98718506
18.062007697746672 272140010.89223903 -272139222.83769363
18.062010497356951 274280279.14053386 -274279489.32015783
18.06201329696723 276443455.62013662 -276442664.02500218
18.062016096577509 278629850.92801279 -278629057.5491218
18.062018896187791 280839780.76403356 -280838985.59231669
18.062021695798069 283073566.02954179 -283072769.05585772
18.062024495408348 285331532.92812389 -285330734.14325869
18.06202729501863 287614013.06860918 -287613212.46327531
18.062030094628909 289921343.57038128 -289920541.13521701
18.062032894239188 292253867.17104948 -292253062.89661789
18.06203569384947 294611932.33653527 -294611126.21332353
18.062038493459749 296995893.37365311 -296995085.39207172
18.062041293070028 299406110.5452137 -299405300.69559544
18.06204409268031 301842950.18774849 -301842138.46034783
18.062046892290589 304306784.8319214 -304305971.21691334
18.062049691900867 306797993.32566768 -306797177.81314713
18.062052491511146 309316960.96016479 -309316143.54014546
18.062055291121428 311864079.59868926 -311863260.26110297
18.062058090731707 314439747.80843437 -314438926.54312998
18.062060890341986 317044370.99537104 -317043547.79211366
18.062063689952268 319678361.54222649 -319677536.39069641
18.062066489562547 322342138.94965529 -322341311.83944696
18.062069289172825 325036129.98072881 -325035300.90135002
18.062072088783108 327760768.80878896 -327759937.7496599
18.062074888393386 330516497.16874522 -330515664.11919731
18.062077688003665 333303764.51193345 -333302929.46120846
18.062080487613947 336123028.16462415 -336122191.1018731
18.062083287224226 338974753.49028969 -338973914.40457177
18.062086086834505 341859414.05571425 -341858572.93599594
18.062088886444783 344777491.8010388 -344776648.63619268
18.062091686055066 347729477.21386409 -347728631.99266768
18.062094485665344 350715869.50753456 -350715022.2186693
18.062097285275623 353737176.80369562 -353736327.43574578
18.062100084885905 356793916.31923902 -356793064.86069047
18.062102884496184 359886614.55776584 -359885760.99700505
18.062105684106463 363015807.50568455 -363014951.83099723
18.062108483716745 366182040.83308417 -366181183.03265423
18.062111283327024 369385870.09948111 -369385010.16138935
18.062114082937303 372627860.96461898 -372626998.87684196
18.062116882547581 375908589.40443534 -375907725.15484405
18.062119682157864 379228641.93232858 -379227775.50868726
18.062122481768142 382588615.82589972 -382587747.21586448
18.062125281378421 385989119.35929197 -385988248.55040967
18.062128080988703 389430772.04131585 -389429899.02102262
18.062130880598982 392914204.85948849 -392913329.61510837
18.062133680209261 396440060.53021097 -396439183.04895467
18.062136479819543 400008993.75519127 -400008114.02415466
18.062139279429822 403621671.48432434 -403620789.49048722
18.0621420790401 407278773.18521297 -407277888.91543746
18.062144878650383 410980991.1194973 -410980104.56052655
18.062147678260661 414729030.62622434 -414728141.76468098
18.06215047787094 418523610.41241527 -418522719.23479992
18.062153277481219 422365462.85108155 -422364569.34377128
18.062156077091501 426255334.28689772 -426254438.43614459
18.06215887670178 430193985.34972692 -430193087.14165634
18.062161676312058 434182191.2762422 -434181290.69685137
18.062164475922341 438220742.23989171 -438219839.27504808
18.062167275532619 442310443.6894176 -442309538.32485712
18.062170075142898 446452116.69621503 -446451208.91754055
18.06217287475318 450646598.3108111 -450645688.10349065
18.062175674363459 454894741.92866921 -454893829.27803427
18.062178473973738 459197417.66564608 -459196502.55688989
18.06218127358402 463555512.74337167 -463554595.16154736
18.062184073194299 467969931.88486493 -467969011.81488377
18.062186872804578 472441597.72068548 -472440675.14731514
18.062189672414856 476971451.20589441 -476970526.11375695
18.062192472025139 481560452.04821384 -481559524.42178386
18.062195271635417 486209579.14770669 -486208648.97130942
18.062198071245696 490919831.04832673 -490918898.30613607
18.062200870855978 495692226.40168923 -495691291.07772577
18.062203670466257 500527804.44343126 -500526866.52156025
18.062206470076536 505427625.48258013 -505426684.94650942
18.062209269686818 510392771.40430498 -510391828.23758292
18.062212069297097 515424346.1864776 -515423400.37249088
18.062214868907375 520523476.43048972 -520522527.95246136
18.062217668517658 525691311.90670985 -525690360.74769688
18.062220468127936 530929026.11506891 -530928072.25796002
18.062223267738215 536237816.86134303 -536236860.28885651
18.062226067348494 541618906.84947979 -541617947.5441612
18.062228866958776 547073544.29054272 -547072582.23476231
18.062231666569055 552603003.52883244 -552602038.70478308
18.062234466179333 558208585.68565571 -558207618.07535005
18.062237265789616 563891619.32142556 -563890648.90669394
18.062240065399894 569653461.11656392 -569652487.87905169
18.062242865010173 575495496.57181823 -575494520.49298322
18.062245664620455 581419140.72869611 -581418161.78980589
18.062248464230734 587425838.91062987 -587424857.09275937
18.062251263841013 593517067.48556292 -593516082.76959133
18.062254063451295 599694334.65063608 -599693347.01724434
18.062256863061574 605959181.23977673 -605958190.6694448
18.062259662671853 612313181.55475247 -612312188.02775645
18.062262462282131 618757944.22059536 -618756947.71700442
18.062265261892414 625295113.06630957 -625294113.56598318
18.062268061502692 631926368.03152382 -631925365.51410866
18.062270861112971 638653426.10004771 -638652420.54497445
18.062273660723253 645478042.26122797 -645477033.64770842
18.062276460333532 652402010.50009048 -652400998.80711436
18.062279259943811 659427164.81705654 -659426150.02338815
18.062282059554093 666555380.27839077 -666554362.36256564
18.062284859164372 673788574.09848988 -673787553.03881168
18.06228765877465 681128706.75495732 -681127682.52949417
18.062290458384933 688577783.13764822 -688576755.72422945
18.062293257995211 696137853.73282945 -696136823.10904181
18.06229605760549 703811015.84370506 -703809981.98688912
18.062298857215769 711599414.8487395 -711598377.73598623
18.062301656826051 719505245.49869597 -719504205.10684276
18.06230445643633 727530753.25401783 -727529709.5596447
18.062307256046608 735678235.66404998 -735677188.64347577
18.062310055656891 743950043.78937483 -743948993.41865313
18.062312855267169 752348583.66882443 -752347529.92373967
18.062315654877448 760876317.83293104 -760875260.68899429
18.06231845448773 769535766.86523426 -769534706.29767883
18.062321254098009 778329511.01344264 -778328446.99722004
18.062324053708288 787260191.85202134 -787259124.36179698
18.06232685331857 796330513.99804842 -796329443.00819683
18.062329652928849 805543246.88250196 -805542172.3671025
18.062332452539128 814901226.57882547 -814900148.5116576
18.062335252149406 824407357.6908766 -824406276.04541516
18.062338051759689 834064615.30256605 -834063530.05197656
18.062340851369967 843876046.99128866 -843874958.10842228
18.062343650980246 853844774.90758252 -853843682.36497092
18.062346450590528 863973997.92364192 -863972901.69349229
18.062349250200807 874266993.85317457 -874265893.90736449
18.062352049811086 884727121.74503243 -884726018.05510426
18.062354849421368 895357824.25379074 -895356716.7909466
18.062357649031647 906162630.08992624 -906161518.8250221
18.062360448641925 917145156.55271184 -917144041.45625198
18.062363248252208 928309112.14906573 -928307993.19119692
18.062366047862486 939658299.3015517 -939657176.45205736
18.062368847472765 951196617.14900148 -951195490.37729549
18.062371647083044 962928064.44343042 -962926933.71855116
18.062374446693326 974856742.54688346 -974855607.83748746
18.062377246303605 986986858.5320878 -986985719.80644333
18.062380045913883 999322728.39105451 -999321585.61703503
18.062382845524166 1011868780.3560015 -1011867633.5010787
18.062385645134444 1024629558.3369185 -1024628407.368156
18.062388444744723 1037609725.4803886 -1037608570.3644345
18.062391244355005 1050814067.8545734 -1050812908.5576532
18.062394043965284 1064247498.2654369 -1064246334.7533463
18.062396843575563 1077915060.2096331 -1077913892.4477308
18.062399643185845 1091821931.9693305 -1091820759.9225299
18.062402442796124 1105973430.8546734 -1105972254.4874356
18.062405242406403 1120375017.6004767 -1120373836.876802
18.062408042016681 1135032300.9230092 -1135031115.8064289
18.062410841626964 1149951042.2437568 -1149949852.6973255
18.062413641237242 1165137160.5866697 -1165135966.5729561
18.062416440847521 1180596737.6567361 -1180595539.1378148
18.062419240457803 1196336023.1068804 -1196334820.0443225
18.062422040068082 1212361440.0015073 -1212360232.3563719
18.062424839678361 1228679590.4848323 -1228678378.2176564
18.062427639288643 1245297261.663332 -1245296044.734122
18.062430438898922 1262221431.7099588 -1262220210.0781798
18.0624332385092 1279459276.2011616 -1279458049.8257279
18.062436038119483 1297018174.6962168 -1297016943.5354817
18.062438837729761 1314905717.568897 -1314904481.580642
18.06244163734004 1333129713.1032696 -1333128472.244694
18.062444436950319 1351698194.8650017 -1351696949.0927119
18.062447236560601 1370619429.3593278 -1370618178.6293254
18.06245003617088 1389901923.9897256 -1389900668.2573965
18.062452835781158 1409554435.3301334 -1409553174.550236
18.062455635391441 1429585977.7241631 -1429584711.8508155
18.062458435001719 1450005832.2270346 -1450004561.2137034
18.062461234611998 1470823555.9049509 -1470822279.7044377
18.06246403422228 1492048991.5081558 -1492047710.0725849
18.062466833832559 1513692277.5350132 -1513690990.8158176
18.062469633442838 1535763858.7045577 -1535762566.6524663
18.06247243305312 1558274496.8567829 -1558273199.4218061
18.062475232663399 1581235282.3001812 -1581233979.4315963
18.062478032273678 1604657645.6284647 -1604656337.274802
18.062480831883956 1628553370.0265639 -1628552056.135591
18.062483631494239 1652934604.0898328 -1652933284.6085396
18.062486431104517 1677813875.1814594 -1677812550.0560422
18.062489230714796 1703204103.3519959 -1703202772.5278409
18.062492030325078 1729118615.8496857 -1729117279.2713528
18.062494829935357 1755571162.2488213 -1755569819.8600268
18.062497629545636 1782575930.2262974 -1782574581.9698966
18.062500429155918 1810147562.0180516 -1810146207.8360207
18.062503228766197 1838301171.5880322 -1838299811.4214499
18.062506028376475 1867052362.5461874 -1867050996.335216
18.062508827986758 1896417246.8503356 -1896415874.5342019
18.062511627597036 1926412464.3322012 -1926411085.8491757
18.062514427207315 1957055203.0896537 -1957053818.3770306
18.062517226817594 1988363220.7866464 -1988361829.7807224
18.062520026427876 2020354866.9083388 -2020353469.5443914
18.062522826038155 2053049106.0200219 -2053047702.2322874
18.062525625648433 2086465542.079669 -2086464131.8013194
18.062528425258716 2120624443.8590708 -2120623027.0221906
18.062531224868994 2155546771.5312691 -2155545348.0668306
18.062534024479273 2191254204.4854941 -2191252774.3233328
18.062536824089555 2227769170.4336286 -2227767733.5024176
18.062539623699834 2265114875.8754244 -2265113432.1026483
18.062542423310113 2303315337.9936686 -2303313887.3055964
18.062545222920395 2342395418.0592399 -2342393960.380897
18.062548022530674 2382380856.4223032 -2382379391.6774435
18.062550822140953 2423298309.1777706 -2423296837.288846
18.062553621751231 2465175386.5967197 -2465173907.4848499
18.062556421361514 2508040693.4206724 -2508039207.0056138
18.062559220971792 2551923871.1182327 -2551922377.318347
18.062562020582071 2596855642.2143583 -2596854140.946578
18.062564820192353 2642867856.8082256 -2642866347.9880214
18.062567619802632 2689993541.3991513 -2689992024.9404955
18.062570419412911 2738266950.1572857 -2738265425.9726171
18.062573219023193 2787723618.7708931 -2787722086.7710786
18.062576018633472 2838400421.0203624 -2838398881.1146598
18.06257881824375 2890335628.2381144 -2890334080.3341308
18.062581617854033 2943568971.8184552 -2943567415.8221083
18.062584417464311 2998141708.9534554 -2998140144.768929
18.06258721707459 3054096691.7873082 -3054095119.3170099
18.062590016684869 3111478440.1939478 -3111476859.3384643
18.062592816295151 3170333218.3837337 -3170331629.0417833
18.06259561590543 3230709115.5765233 -3230707517.6449084
18.062598415515708 3292656130.9848204 -3292654524.3583784
18.062601215125991 3356226263.3655286 -3356224647.9370804
18.062604014736269 3421473605.4215002 -3421471981.0817971
18.062606814346548 3488454443.3525243 -3488452809.9901938
18.06260961395683 3557227361.8718452 -3557225719.3733349
18.062612413567109 3627853355.0306487 -3627851703.2801666
18.062615213177388 3700395943.2181845 -3700394282.0976405
18.06261801278767 3774921296.7213144 -3774919626.1102562
18.062620812397949 3851498366.2718387 -3851496686.0473886
18.062623612008228 3930199021.01789 -3930197331.054677
18.062626411618506 4011098194.4129658 -4011096494.5830569
18.062629211228789 4094274038.5313406 -4094272328.7041702
18.062632010839067 4179808087.3583274 -4179806367.4006219
18.062634810449346 4267785429.6572766 -4267783699.4329782
18.062637610059628 4358294892.0500984 -4358293151.4202852
18.062640409669907 4451429232.9960833 -4451427481.8188877
18.062643209280186 4547285348.4001942 -4547283586.5307159
18.062646008890468 4645964489.6613064 -4645962716.9515257
18.062648808500747 4747572494.9995165 -4747570711.2981997
18.062651608111025 4852220034.9855165 -4852218240.1381245
18.062654407721304 4960022873.2682743 -4960021067.1168594
18.062657207331586 5071102143.5636873 -5071100325.9467945
18.062660006941865 5185584644.0555344 -5185582814.8080912
18.062662806552144 5303603150.4821472 -5303601309.4353552
18.062665606162426 5425296749.2137871 -5425294896.1950054
18.062668405772705 5550811191.8040342 -5550809326.6366615
18.062671205382983 5680299272.5745745 -5680297395.0779228
18.062674004993266 5813921230.9510145 -5813919340.9401808
18.062676804603544 5951845180.379427 -5951843277.6651583
18.062679604213823 6094247565.8318644 -6094245650.2204189
18.062682403824105 6241313652.0531616 -6241311723.3461599
18.062685203434384 6393238044.9319057 -6393236102.9261818
18.062688003044663 6550225248.5467243 -6550223293.0341673
18.062690802654942 6712490260.60888 -6712488291.3762674
18.062693602265224 6880259209.385601 -6880257226.2144289
18.062696401875503 7053770035.3671589 -7053768038.0334616
18.062699201485781 7233273221.243207 -7233271209.5173712
18.062702001096063 7419032574.1028471 -7419030547.7494144
18.062704800706342 7611326064.1127577 -7611324022.8902235
18.062707600316621 7810446724.3228283 -7810444667.983429
18.062710399926903 8016703616.630249 -8016701544.9197369
18.062713199537182 8230422869.5114489 -8230420782.1688633
18.062715999147461 8451948793.5426407 -8451946690.3000631
18.062718798757743 8681645081.3503761 -8681642961.9326763
18.062721598368022 8919896099.3181534 -8919893963.4427242
18.0627243979783 9167108278.9823418 -9167106126.3588181
18.062727197588579 9423711616.9590988 -9423709447.2890701
18.062729997198861 9690161292.9571953 -9690159105.9338951
18.06273279680914 9966939416.5461979 -9966937211.854187
18.062735596419419 10254556914.389997 -10254554691.704826
18.062738396029701 10553555570.646935 -10553553329.63479
18.06274119563998 10864510234.843775 -10864507975.16111
18.062743995250258 11188031212.988661 -11188028934.281803
18.062746794860541 11524766859.119005 -11524764561.023754
18.062749594470819 11875406386.386705 -11875404068.527897
18.062752394081098 12240682919.003162 -12240680580.994215
18.06275519369138 12621376808.704573 -12621374450.147015
18.062757993301659 13018319241.655088 -13018316862.138054
18.062760792911938 13432396164.881739 -13432393763.981438
18.062763592522217 13864552564.708567 -13864550141.987732
18.062766392132499 14315797132.940638 -14315794687.947931
18.062769191742778 14787207360.972675 -14787204893.242069
18.062771991353056 15279935106.869112 -15279932615.91923
18.062774790963338 15795212685.348774 -15795210170.682196
18.062777590573617 16334359536.755135 -16334356997.857666
18.062780390183896 16898789537.937218 -16898786974.277113
18.062783189794178 17490019025.485203 -17490016436.512341
18.062785989404457 18109675610.752563 -18109672995.897572
