# serie phase 2 p4_w1.73_c1.20_dt2_k4 : t x1 x2 (dt2=1.3901231711593138e-05, depart t=12.414 etat bascule x1 x2 v1 v2 = 93740.608889466923 -92514.563501205455 1854586.8088744329 -1842367.5278881656)
12.608617243962303 156542783195.24258 -156541187190.47409
12.608631145194016 158123819155.24146 -158122215111.17624
12.608645046425726 159724865198.72495 -159723253054.46722
12.608658947657439 161346226005.68918 -161344605699.72653
12.60867284888915 162988211682.23462 -162986583152.43027
12.608686750120862 164651137871.28772 -164649501054.8725
12.608700651352573 166335325865.86951 -166333680699.43381
12.608714552584285 168041102724.97986 -168039449144.46545
12.608728453815996 169768801392.16144 -169767139332.85321
12.608742355047708 171518760816.81219 -171517090213.32962
12.608756256279419 173291326078.32019 -173289646864.60883
12.608770157511131 175086848513.09216 -175085160622.41489
12.608784058742842 176905685844.55063 -176903989209.47885
12.608797959974554 178748202316.1774 -178746496868.58206
12.608811861206267 180614768827.68314 -180613054498.72556
12.608825762437977 182505763074.3851 -182504039794.50778
12.60883966366969 184421569689.87659 -184419837388.79376
12.6088535649014 186362580392.07367 -186360838998.76175
12.608867466133113 188329194132.73123 -188327443575.4191
12.608881367364823 190321817250.51755 -190320057456.67673
12.608895268596536 192340863627.74258 -192339094524.07718
12.608909169828246 194386754850.83765 -194384976363.27417
12.608923071059959 196459920374.68591 -196458132428.36298
12.608936972291669 198560797690.90704 -198559000210.16486
12.608950873523382 200689832500.2001 -200688025408.56976
12.608964774755094 202847478888.85712 -202845662109.0498
12.608978675986805 205034199509.55728 -205032372963.45322
12.608992577218517 207250465766.55814 -207248629375.19537
12.609006478450228 209496758005.40421 -209494911688.96729
12.60902037968194 211773565707.27325 -211771709385.0816
12.609034280913651 214081387688.08737 -214079521278.58359
12.609048182145363 216420732302.5209 -216418855723.25879
12.609062083377074 218792117653.03705 -218790230820.66949
12.609075984608786 221196071804.09052 -221194174634.35712
12.609089885840497 223633133001.64337 -223631225409.35791
12.609103787072209 226103849898.13644 -226101931797.17413
12.60911768830392 228608781783.06842 -228606853086.35297
12.609131589535632 231148498819.33746 -231146559438.82788
12.609145490767345 233723582285.50763 -233721632132.18478
12.609159391999055 236334624824.16635 -236332663808.01944
12.609173293230768 238982230696.53995 -238980258726.55258
12.609187194462478 241667016043.5455 -241665033027.68164
12.609201095694191 244389609153.45987 -244387614998.64948
12.609214996925902 247150650736.39365 -247148645348.51819
12.609228898157614 249950794205.76184 -249948777489.63947
12.609242799389325 252790705966.94788 -252788677826.3183
12.609256700621037 255671065713.3707 -255669026050.87991
12.609270601852748 258592566730.16315 -258590515447.3479
12.60928450308446 261555916205.68045 -261553853202.95236
12.609298404316171 264561835551.06012 -264559760727.68948
12.609312305547883 267611060728.07437 -267608973982.17392
12.609326206779595 270704342585.50632 -270702243814.0144
12.609340108011306 273842447204.2995 -273840336302.9632
12.609354009243019 277026156251.73645 -277024033115.0943
12.609367910474729 280256267344.91003 -280254131866.27441
12.609381811706442 283533594423.7572 -283531446495.19659
12.609395712938152 286858968133.93549 -286856807646.2561
12.609409614169865 290233236219.83295 -290231063062.56036
12.609423515401575 293657263928.01385 -293655077989.37415
12.609437416633288 297131934421.40216 -297129735588.30273
12.609451317864998 300658149204.52106 -300655937362.53113
12.609465219096711 304236828560.12695 -304234603593.4577
12.609479120328421 307868911997.573 -307866673789.05737
12.609493021560134 311555358713.24707 -311553107144.31927
12.609506922791846 315297148063.45099 -315294883014.12543
12.609520824023557 319095280050.10004 -319093001398.95007
12.609534725255269 322950775819.62878 -322948483443.76508
12.60954862648698 326864678175.49628 -326862371950.54462
12.609562527718692 330838052104.70789 -330835731904.78674
12.609576428950403 334871985318.78583 -334869651016.4834
12.609590330182115 338967588809.62524 -338965240275.9762
12.609604231413826 343125997420.69391 -343123634525.15558
12.609618132645538 347348370434.04437 -347345993044.4726
12.609632033877249 351635892173.63257 -351633500156.25708
12.609645935108961 355989772625.43854 -355987365844.83783
12.609659836340674 360411248074.91956 -360408826393.9953
12.609673737572384 364901581762.33801 -364899145042.28912
12.609687638804097 369462064556.51117 -369459612656.80719
12.609701540035807 374094015647.56323 -374091548425.91736
12.60971544126752 378798783259.28992 -378796300571.63147
12.60972934249923 383577745381.73535 -383575247082.18182
12.609743243730943 388432310524.62994 -388429796465.45819
12.609757144962654 393363918492.35529 -393361388523.97266
12.609771046194366 398374041181.11725 -398371495152.03174
12.609784947426077 403464183399.03583 -403461621155.82599
12.609798848657789 408635883709.88556 -408633305097.16949
12.6098127498895 413890715301.2514 -413888120161.65558
12.609826651121212 419230286877.88281 -419227675052.00983
12.609840552352924 424656243581.0614 -424653614907.45758
12.609854453584635 430170267934.82697 -430167622249.94891
12.609868354816347 435774080819.94 -435771417958.12067
12.609882256048058 441469442476.48969 -441466762269.90393
12.609896157279771 447258153536.07574 -447255455814.70496
12.609910058511481 453142056084.54004 -453139340676.13623
12.609923959743194 459123034756.26898 -459120301486.31824
12.609937860974904 465203017861.08606 -465200266552.77087
12.609951762206617 471383978544.84143 -471381209019.00281
12.609965663438327 477667935984.81903 -477665148059.9176
12.60997956467004 484056956621.10168 -484054150113.17792
12.60999346590175 490553155425.12726 -490550330147.76099
12.610007367133463 497158697206.68921 -497155852970.95844
12.610021268365175 503875797960.65399 -503872934575.09283
12.610035169596886 510706726254.7605 -510703843525.3161
12.610049070828598 517653804659.89368 -517650902389.88239
12.610062972060309 524719411224.2879 -524716489214.35065
12.610076873292021 531905980993.15356 -531903039041.21008
12.610090774523732 539216007575.29077 -539213045476.49304
12.610104675755444 546652044758.32013 -546649062305.00488
12.610118576987155 554216708174.20312 -554213705155.84326
12.610132478218867 561912677016.7915 -561909653219.94653
12.610146379450578 569742695813.23975 -569739651021.50537
12.61016028068229 577709576251.14233 -577706510245.09863
12.610174181914003 585816199063.35107 -585813111620.50989
12.610188083145713 594065515972.51855 -594062406867.26953
12.610201984377426 602460551697.47986 -602457420701.03577
12.610215885609136 611004406023.6333 -611001252903.97363
12.610229786840849 619700255939.63428 -619697080461.44812
12.610243688072559 628551357842.74158 -628548159767.36914
12.610257589304272 637561049815.29688 -637557828900.66931
12.610271490535983 646732753974.88684 -646729509975.4657
12.610285391767695 656069978900.83875 -656066711567.5531
12.610299292999406 665576322139.83923 -665573031220.02222
12.610313194231118 675255472793.53296 -675252158030.85657
12.610327095462829 685111214191.09229 -685107875325.50073
12.610340996694541 695147426649.87646 -695144063417.51831
12.610354897926253 705368090327.41626 -705364702460.57471
12.610368799157964 715777288168.10522 -715773875395.12744
12.610382700389676 726379208948.07617 -726375770993.30029
12.610396601621387 737178150421.92432 -737174687005.60547
12.6104105028531 748178522575.09302 -748175033413.32727
12.61042440408481 759384850985.87439 -759381335790.52136
12.610438305316523 770801780301.10632 -770798238779.70972
12.610452206548233 782434077829.90784 -782430509685.61426
12.610466107779946 794286637259.91211 -794283042191.38831
12.610480009011656 806364482500.63477 -806360860201.98279
12.610493910243369 818672771658.81372 -818669121819.48401
12.610507811475079 831216801150.81482 -831213123455.51758
12.610521712706792 844002009957.37061 -843998304085.98499
12.610535613938504 857033984026.09851 -857030249653.57971
12.610549515170215 870318460827.58411 -870314697623.86829
12.610563416401927 883861334070.97742 -883857541700.8844
12.610577317633638 897668658585.36206 -897664836708.49609
12.61059121886535 911746655373.30945 -911742803643.95703
12.610605120097061 926101716843.48645 -926097834910.51233
12.610619021328773 940740412229.35889 -940736499736.09912
12.610632922560484 955669493201.36914 -955665549785.52222
12.610646823792196 970895899680.29224 -970891924973.80676
12.610660725023907 986426765859.83032 -986422759488.79077
12.610674626255619 1002269426446.8728 -1002265388031.3824
12.61068852748733 1018431423128.0739 -1018427352282.1343
12.610702428719042 1034920511272.0902 -1034916407603.4785
12.610716329950755 1051744666876.941 -1051740529987.084
12.610730231182465 1068912093772.4742 -1068907923256.3191
12.610744132414178 1086431231088.4496 -1086427026534.3318
12.610758033645888 1104310760999.1675 -1104306521988.6755
12.610771934877601 1122559616756.0215 -1122555342863.8574
12.610785836109311 1141186991020.0115 -1141182681813.8496
12.610799737341024 1160202344506.5801 -1160197999546.9207
12.610813638572735 1179615414955.8979 -1179611033795.9177
12.610827539804447 1199436226442.3269 -1199431808627.7258
12.610841441036158 1219675099037.332 -1219670644106.1768
12.61085534226787 1240342658840.7129 -1240338166323.2751
12.610869243499582 1261449848395.9668 -1261445317814.5588
12.610883144731293 1283007937506.1648 -1283003368374.9697
12.610897045963005 1305028534467.4097 -1305023926292.3076
12.610910947194716 1327523597738.0576 -1327518950016.4482
12.610924848426428 1350505448062.4297 -1350500760283.0488
12.610938749658139 1373986781068.7874 -1373982052711.5198
12.610952650889852 1397980680362.323 -1397975910898.01
12.610966552121562 1422500631134.8547 -1422495820025.0969
12.610980453353275 1447560534313.9165 -1447555681010.8708
12.610994354584985 1473174721275.1614 -1473169825221.3335
12.611008255816698 1499357969143.1431 -1499353029771.1738
12.611022157048408 1526125516706.6826 -1526120533439.1287
12.611036058280121 1553493080976.3306 -1553488053225.4395
12.611049959511833 1581476874412.9688 -1581471801580.4478
12.611063860743544 1610093622857.8093 -1610088504334.5884
12.611077761975256 1639360584195.7046 -1639355419361.6924
12.611091663206967 1669295567785.1414 -1669290356008.9746
12.611105564438679 1699916954690.2458 -1699911695329.0325
12.61111946567039 1731243718751.6279 -1731238411150.6824
12.611133366902102 1763295448535.0208 -1763290092027.5923
12.611147268133813 1796092370198.3684 -1796086964105.3621
12.611161169365525 1829655371320.3667 -1829649914950.0564
12.611175070597236 1864006025735.4812 -1864000518383.2146
12.611188971828948 1899166619423.0002 -1899161060370.895
12.611202873060659 1935160177500.0735 -1935154566016.7058
12.611216774292371 1972010492371.3145 -1972004827711.3979
12.611230675524084 2009742153090.1389 -2009736434494.1951
12.611244576755794 2048380575990.1653 -2048374802684.1833
12.611258477987507 2087952036648.021 -2087946207843.1096
12.611272379219217 2128483703242.2112 -2128477818134.238
12.61128628045093 2170003671376.0781 -2169997729145.3008
12.61130018168264 2212541000436.5723 -2212535000247.2578
12.611314082914353 2256125751564.4229 -2256119692564.4551
12.611327984146063 2300789027315.5854 -2300782908636.0615
12.611341885377776 2346563013098.416 -2346556833853.2324
12.611355786609487 2393481020474.2437 -2393474779759.667
12.611369687841199 2441577532416.0952 -2441571229310.3228
12.611383589072911 2490888250623.854 -2490881884186.5586
12.611397490304622 2541450145000.2056 -2541443714272.0688
12.611411391536334 2593301505398.0479 -2593295009400.2778
12.611425292768045 2646481995755.2339 -2646475433489.0688
12.611439193999757 2701032710739.9043 -2701026081186.1001
12.611453095231468 2756996235036.813 -2756989537155.1157
12.61146699646318 2814416705411.4067 -2814409938140.0093
12.611480897694891 2873339875697.314 -2873333037952.2939
12.611494798926604 2933813184861.4468 -2933806275536.188
12.611508700158314 2995885828309.355 -2995878846273.9502
12.611522601390027 3059608832602.646 -3059601776703.2812
12.611536502621737 3125035133771.521 -3125028002829.8398
12.61155040385345 3192219659415.4219 -3192212452227.8696
12.611564305085162 3261219414795.8643 -3261212130133.0107
12.611578206316873 3332093573139.2432 -3332086209745.083
12.611592107548585 3404903570379.104 -3404896126970.3354
12.611606008780296 3479713204582.0977 -3479705679847.3765
12.611619910012008 3556588740315.7886 -3556581132914.958
12.611633811243719 3635599018233.0913 -3635591326796.3867
12.611647712475431 3716815570164.6157 -3716807793291.8413
12.611661613707142 3800312740028.1187 -3800304876287.7993
12.611675514938854 3886167810883.8218 -3886159858812.3232
12.611689416170565 3974461138484.543 -3974453096585.1646
12.611703317402277 4065276291691.4014 -4065268158433.4365
12.611717218633988 4158700200149.8921 -4158691973967.6567
12.6117311198657 4254823309645.7886 -4254814988937.6172
12.611745021097413 4353739745587.0156 -4353731328714.2207
12.611758922329123 4455547485086.2451 -4455538970372.043
12.611772823560836 4560348538150.5605 -4560339923878.9541
12.611786724792546 4668249138517.3301 -4668240422931.96
12.611800626024259 4779359944709.2119 -4779351126012.1611
12.611814527255969 4893796251918.3066 -4893787328268.8623
12.611828428487682 5011678215376.4072 -5011669184889.7832
12.611842329719392 5133131085903.2168 -5133121946649.2246
12.611856230951105 5258285458374.5947 -5258276208376.2666
12.611870132182815 5387277533906.7109 -5387268171138.877
12.611884033414528 5520249396599.0635 -5520239918986.8721
12.611897934646239 5657349305740.9648 -5657339711158.3506
12.611911835877951 5798732004448.3184 -5798722290716.4111
12.611925737109663 5944559045762.7715 -5944549210648.248
12.611939638341374 6094999137319.2695 -6094989178532.6396
12.611953539573086 6250228505762.9795 -6250218420956.8105
12.611967440804797 6410431282182.1426 -6410421068949.2148
12.611981342036509 6575799909911.1318 -6575789565782.5234
12.61199524326822 6746535576155.752 -6746525098598.8477
12.612009144499932 6922848668997.1553 -6922838055413.5801
12.612023045731643 7104959261442.7549 -7104948509166.2256
12.612036946963356 7293097624317.6914 -7293086730611.7852
12.612050848195066 7487504769913.8408 -7487493731969.6699
12.612064749426779 7688433028463.2832 -7688421843397.084
12.612078650658491 7896146659651.4688 -7896135324502.0889
12.612092551890202 8110922501552.6152 -8110911013278.8975
12.612106453121914 8333050659551.2002 -8333039015029.2656
12.612120354353625 8562835238004.3467 -8562823434024.7617
12.612134255585337 8800595117610.2695 -8800583150875.0957
12.612148156817048 9046664781680.7637 -9046652648800.4883
12.61216205804876 9301395194757.0293 -9301382892247.3613
12.612175959280471 9565154737281.2266 -9565142261559.7637
12.612189860512183 9838330200327.8613 -9838317547710.6113
12.612203761743894 10121327844704.186 -10121315011401.938
12.612217662975606 10414574529094.34 -10414561511208.881
12.612231564207317 10718518912281.346 -10718505705801.516
12.612245465439029 11033632734886.428 -11033619335684
12.612259366670742 11360412186506.463 -11360398590331.836
12.612273267902452 11699379364632.547 -11699365567110.258
12.612287169134165 12051083832246.727 -12051069828870.75
12.612301070365875 12416104281559.744 -12416090067688.59
12.612314971597588 12795050311994.838 -12795035882846.422
12.612328872829298 13188564331195.986 -13188549681842.266
12.612342774061011 13597323588588.742 -13597308713950.104
12.612356675292721 14022042351850.979 -14022027246690.365
12.612370576524434 14463474237548.24 -14463458896465.006
12.612384477756144 14922414708143.012 -14922399125566.48
12.612398378987857 15399703748690.426 -15399687918873.152
12.612412280219568 15896228737701.75 -15896212654712.445
12.61242618145128 16412927527954.904 -16412911185671.031
12.612440082682992 16950791754447.596 -16950775146547.598
12.612453983914703 17510870388248.566 -17510853508203.711
12.612467885146415 18094273556740.863 -18094256397806.688
12.612481786378126 18702176652617.629 -18702159207824.953
12.612495687609838 19335824756093.016 -19335807018238.512
12.612509588841549 19996537397063.562 -19996519358699.828
12.612523490073261 20685713686524.09 -20685695339949.227
12.612537391304972 21404837849358.047 -21404819186604.695
12.612551292536684 22155485193628.141 -22155466206451.945
12.612565193768395 22939328555006.66 -22939309234874.125
12.612579095000108 23758145258723.164 -23758125596798.867
12.61259299623182 24613824645626.387 -24613804632759.504
12.612606897463531 25508376213628.695 -25508355840338.801
12.612620798695243 26443938430957.969 -26443917687420.062
12.612634699926954 27422788283313.23 -27422767159341.945
12.612648601158666 28447351623497.281 -28447330108530.195
12.612662502390377 29520214399245.922 -29520192482325.953
12.612676403622089 30644134842772.73 -30644112512529.535
12.6126903048538 31822056714399.023 -31822033959029.32
12.612704206085512 33057123702597.344 -33057100509844.117
12.612718107317223 34352695093705.535 -34352671450836.016
12.612732008548935 35712362836942.406 -35712338730724.758
12.612745909780646 37139970144166.633 -37139945560845.273
12.612759811012358 38639631779236.727 -38639606704506.148
12.612773712244071 40215756209217.805 -40215730628194.812
12.612787613475781 41873069809350.688 -41873043706544.938
12.612801514707494 43616643335445.531 -43616616694728.273
12.612815415939204 45451920902166.602 -45451893706737.422
12.612829317170917 47384751733675.047 -47384723966026.555
12.612843218402627 49421424984405.047 -49421396626285.273
12.61285711963434 51568707963450.117 -51568678995822.523
12.61287102086605 53833888136259.75 -53833858539260.617
12.612884922097763 56224819322776.82 -56224789075669.82
12.612898823329473 58749972563373.062 -58749941644500.805
12.612912724561186 61418492182496.625 -61418460569228.953
12.612926625792896 64240257646721.406 -64240225315400.148
12.612940527024609 67225951890665.922 -67225918816545.867
12.612954428256321 70387136870743.969 -70387103027929.688
12.612968329488032 73736337206266.016 -73736302567644.266
12.612982230719744 77287132881836.125 -77287097419003.375
12.612996131951455 81054262114244.344 -81054225797429.125
12.613010033183167 85053735638284.453 -85053698436264.016
12.613023934414878 89302963836743.391 -89302925716754.156
12.61303783564659 93820898338653.562 -93820859266294.891
12.613051736878301 98628189939572.625 -98628149878703.297
12.613065638110013 103747364960425.55 -103747323873052.25
12.613079539341724 109203022468752.45 -109202980314909.61
12.613093440573437 115022055140994.55 -115022011878614.64
12.613107341805147 121233896956871.97 -121233852541645.55
12.61312124303686 127870801396995.16 -127870755782219.45
12.613135144268572 134968154375068.47 -134968107511483.61
12.613149045500283 142564826791346.03 -142564778626957.59
12.613162946731995 150703572360133.94 -150703522840020.5
12.613176847963706 159431477265903.97 -159431426332008.25
12.613190749195418 168800469258554.19 -168800416849456
12.613204650427129 178867895046867.75 -178867841097536.91
12.613218551658841 189697176326524.12 -189697120768051.25
12.613232452890552 201358556524510.28 -201358499283813.25
12.613246354122264 213929952410382 -213929893409885.19
12.613260255353975 227497927200058.06 -227497866357341.66
12.613274156585687 242158804715591.69 -242158741943007.5
12.6132880578174 258019947693776.62 -258019882898026.91
12.61330195904911 275201227559657.81 -275201160641332.56
12.613315860280823 293836718061101.19 -293836648914169.38
12.613329761512533 314076651301901.88 -314076579813150.81
12.613343662744246 336089682132658.94 -336089608181075.75
12.613357563975956 360065515870904.44 -360065439326992.69
12.613371465207669 386217965293162.31 -386217886018185.19
12.613385366439379 414788516251795.56 -414788434096936.75
12.613399267671092 446050497710044.5 -446050412515476
12.613413168902802 480313972208151.69 -480313883801996.06
12.613427070134515 517931487745730.25 -517931395942903.38
12.613440971366225 559304863026160.62 -559304767627078.31
12.613454872597938 604893216507837.62 -604893117296967.62
12.61346877382965 655222497854032.25 -655222394598268.5
12.613482675061361 710896840724875.25 -710896733171709.75
12.613496576293073 772612131994129.25 -772612019869590.75
12.613510477524784 841172288735647 -841172171741970.88
12.613524378756496 917508856936002.75 -917508734748991.12
12.613538279988207 1002704702464159.2 -1002704574730181.1
12.613552181219919 1098022766187058.6 -1098022632519632.2
12.61356608245163 1204941115048589.5 -1204940975024477.2
12.613579983683342 1325195858763221.5 -1325195711917954.5
12.613593884915053 1460833943084443 -1460833788907175
12.613607786146765 1614278410954205.2 -1614278248881776
12.613621687378476 1788409490754871.5 -1788409320164935
12.613635588610189 1986665893874915 -1986665714077955
12.613649489841901 2213172075882690.8 -2213171886112707.2
12.613663391073612 2472899070779591 -2472898870183194.5
12.613677292305324 2771869034342353.5 -2771868821965937.5
12.613691193537035 3117417102214734 -3117416876989320
12.613705094768747 3518528976129480.5 -3518528736852727.5
12.613718996000458 3986279373333654 -3986279118648394
12.61373289723217 4534405961404111 -4534405689772601
12.613746798463881 5180066935694856 -5180066645367715
12.613760699695593 5944849912650934 -5944849601629439
12.613774600927304 6856128283325380 -6856127949315410
12.613788502159016 7948903221521241 -7948902861876616
12.613802403390729 9268332474522524 -9268332086174786
12.613816304622439 10873242612733118 -10873242192103812
12.613830205854152 12841068669543804 -12841068212433948
12.613844107085862 15274895819866812 -15274895321316322
12.613858008317575 18313645659338292 -18313645113445392
12.613871909549285 22147047743032672 -22147047142719336
12.613885810780998 27038029645825720 -27038028982529340
