# serie phase 2 p4_w1.73_c1.05_dt2_k4 : t x1 x2 (dt2=1.3901231711593138e-05, depart t=120.396 etat bascule x1 x2 v1 v2 = -94394.17925814951 93163.682403619343 -1871245.3214918231 1858960.2617675383)
120.59033921932807 -165977939825.19244 165976296426.54483
120.59035312055978 -167679135153.77753 167677483354.62457
120.59036702179149 -169402181518.68842 169400521254.45441
120.5903809230232 -171147416591.48438 171145747796.92999
120.59039482425491 -172915184147.27435 172913506756.48816
120.59040872548663 -174705834191.12836 174704148137.5181
120.59042262671834 -176519723087.44214 176518028303.72595
120.59043652795005 -178357213692.3317 178355510110.52914
120.59045042918177 -180218675489.13614 180216963040.55917
120.59046433041348 -182104484727.11069 182102763342.35431
120.59047823164519 -184015024563.39407 184013294172.32706
120.5904921328769 -185950685208.33673 185948945740.09207
120.59050603410861 -187911864074.27594 187910115457.24112
120.59051993534032 -189898965927.85184 189897208089.65912
120.59053383657204 -191912403045.9563 191910635913.47263
120.59054773780375 -193952595375.41214 193950818874.72906
120.59056163903546 -196019970696.48309 196018184752.9064
120.59057554026717 -198114964790.31454 198113169328.35391
120.59058944149888 -200238021610.41119 200236216553.76941
120.59060334273059 -202389593458.2608 202387778729.82306
120.5906172439623 -204570141163.21573 204568316685.03857
120.59063114519401 -206780134266.74612 206778299960.04633
120.59064504642572 -209020051211.1857 209018206996.32895
120.59065894765745 -211290379533.08826 211288525329.57758
120.59067284888916 -213591616061.32172 213589751787.78577
120.59068675012087 -215924267120.0322 215922392694.21341
120.59070065135258 -218288848736.60779 218286964075.35022
120.59071455258429 -220685886854.78094 220683991874.01804
120.590728453816 -223115917553.00873 223114012167.75073
120.59074235504771 -225579487268.28018 225577571392.60153
120.59075625627942 -228077153025.49997 228075226572.52631
120.59077015751113 -230609482672.5993 230607545554.49435
120.59078405874284 -233177055121.54028 233175107249.49252
120.59079795997455 -235780460595.37265 235778501879.58176
120.59081186120626 -238420300881.51321 238418331231.17621
120.59082576243797 -241097189591.4248 241095208914.72205
120.59083966366968 -243811752426.87463 243809760630.95557
120.59085356490139 -246564627452.95563 246562624443.92429
120.59086746613312 -249356465378.06107 249354451060.96124
120.59088136736483 -252187929841.01682 252185904119.81714
120.59089526859654 -255059697705.5687 255057660483.14731
120.59090916982825 -257972459362.43439 257970410540.56348
120.59092307105996 -260926919039.14154 260924858518.4715
120.59093697229167 -263923795117.87128 263921722797.91467
120.59095087352338 -266963820461.54044 266961736240.65573
120.59096477475509 -270047742748.35526 270045646523.73004
120.5909786759868 -273176324815.09021 273174216482.72446
120.59099257721851 -276350345009.34106 276348224464.02979
120.59100647845023 -279570597551.0116 279568464686.32751
120.59102037968194 -282837892903.30377 282835747611.57941
120.59103428091365 -286153058153.49274 286150900325.80225
120.59104818214536 -289516937403.7757 289514766929.9165
120.59106208337708 -292930392172.48944 292928208940.9635
120.59107598460879 -296394301806.00031 296392105703.99493
120.5910898858405 -299909563901.58618 299907354814.95465
120.59110378707221 -303477094741.63715 303474872554.87897
120.59111768830392 -307097829739.51105 307095594335.75177
120.59113158953564 -310772723897.39429 310770475158.36505
120.59114549076735 -314502752276.52539 314500490082.54199
120.59115939199906 -318288910480.15967 318286634710.10144
120.59117329323077 -322132215149.65015 322129925680.93829
120.59118719446248 -326033704474.04779 326031401182.62335
120.59120109569419 -329994438713.63324 329992121473.93475
120.5912149969259 -334015500737.80157 334013169422.74213
120.59122889815761 -338097996577.73627 338095651058.68042
120.59124279938932 -342243055994.33209 342240696141.07202
120.59125670062103 -346451833061.83179 346449458742.56342
120.59127060185276 -350725506767.66034 350723117848.95862
120.59128450308447 -355065281628.96021 355062877975.75427
120.59129840431618 -359472388326.34119 359469969801.88879
120.59131230554789 -363948084355.3844 363945650821.24603
120.5913262067796 -368493654696.45764 368491206012.47003
120.59134010801131 -373110412503.41614 373107948527.66541
120.59135400924302 -377799699811.76996 377797220400.56433
120.59136791047473 -382562888266.93915 382560393274.78076
120.59138181170644 -387401379873.24133 387398869152.79791
120.59139571293815 -392316607764.26117 392314081166.3371
120.59140961416986 -397310036995.2702 397307494368.77686
120.59142351540157 -402383165358.42059 402380606550.34625
120.59143741663328 -407537524221.43103 407534949076.81024
120.59145131786499 -412774679390.52411 412772087752.40625
120.5914652190967 -418096231998.39404 418093623707.81158
120.59147912032843 -423503819418.0177 423501194313.95367
120.59149302156014 -428999116203.14221 428996474122.49701
120.59150692279185 -434583835056.32123 434581175833.87885
120.59152082402356 -440259727825.39911 440257051293.79279
120.59153472525527 -446028586529.36377 446025892519.04083
120.59154862648698 -451892244414.55383 451889532753.73987
120.59156252771869 -457852577042.2063 457849847556.86865
120.5915764289504 -463911503408.3822 463908755922.19269
120.59159033018211 -470070987097.36157 470068221431.65863
120.59160423141383 -476333037469.60059 476330253443.3504
120.59161813264554 -482699710885.40936 482696908315.16656
120.59163203387725 -489173111965.56 489170290665.42719
120.59164593510896 -495755394890.05383 495752554671.6405
120.59165983634067 -502448764736.35474 502445905408.73535
120.59167373757238 -509255478858.40698 509252600228.07831
120.5916876388041 -516177848307.82269 516174950178.66003
120.59170154003581 -523218239298.68359 523215321471.8963
120.59171544126752 -530379074717.45599 530376136991.54187
120.59172934249924 -537662835679.56372 537659877850.26282
120.59174324373095 -545072063134.22009 545069084994.46729
120.59175714496266 -552609359519.1825 552606360859.0592
120.59177104619437 -560277390467.17468 560274371073.8595
120.59178494742608 -568078886565.77551 568075846223.49377
120.59179884865779 -576016645172.63599 576013583662.60852
120.5918127498895 -584093532287.96973 584090449388.36047
120.59182665112121 -592312484486.30176 592309379972.16394
120.59184055235292 -600676510909.60681 600673384552.82825
120.59185445358463 -609188695324.00757 609185546893.25488
120.59186835481634 -617852198242.28821 617849027502.94971
120.59188225604805 -626670259114.54553 626667065828.6731
120.59189615727978 -635646198589.44263 635642982515.69202
120.59191005851149 -644783420848.60352 644780181742.17358
120.5919239597432 -654085416016.77844 654082153629.34912
120.59193786097491 -663555762650.51501 663552476730.18372
120.59195176220662 -673198130308.21094 673194820599.42786
120.59196566343833 -683016282204.4989 683012948448.00061
120.59197956467004 -693014077952.05005 693010719884.79187
120.59199346590175 -703195476394.01013 703192093749.09705
120.59200736713346 -713564538530.39832 713561131037.01404
120.59202126836517 -724125430541.97974 724121997925.3147
120.59203516959688 -734882426915.18481 734878968896.36206
120.59204907082859 -745839913671.86475 745836429967.8645
120.5920629720603 -757002391707.81482 756998882031.39734
120.59207687329202 -768374480244.13892 768370944303.7655
120.59209077452374 -779960920395.69324 779957357895.44543
120.59210467575545 -791766578861.07886 791762989500.57581
120.59211857698716 -803796451738.78223 803792835213.09656
120.59213247821887 -816055668474.2467 816052024473.81787
120.59214637945058 -828549495942.93359 828545824153.47974
120.59216028068229 -841283342674.5625 841279642776.98999
120.592174181914 -854262763223.9729 854259034894.28381
120.59218808314571 -867493462694.32324 867489705603.52112
120.59220198437743 -880981301418.51111 880977515232.50378
120.59221588560914 -894732299804.97534 894728484184.4762
120.59222978684085 -908752643354.40515 908748797954.83167
120.59224368807256 -923048687853.95728 923044812325.32715
120.59225758930427 -937626964756.07214 937623058742.89734
120.59227149053598 -952494186749.2135 952490249890.39148
120.59228539176769 -967657253528.08228 967653285456.78467
120.59229929299941 -983123257771.36926 983119258114.92786
120.59231319423112 -998899491335.34192 998895459715.1322
120.59232709546284 -1014993451671.9545 1014989387703.2759
120.59234099669455 -1031412848480.5348 1031408751772.4886
120.59235489792626 -1048165610602.5731 1048161480757.937
120.59236879915797 -1065259893169.4991 1065255729784.5986
120.59238270038968 -1082704085013.8485 1082699887678.4257
120.59239660162139 -1100506816354.5745 1100502584651.6531
120.5924105028531 -1118676966767.8801 1118672700273.6277
120.59242440408481 -1137223673455.3213 1137219371738.9072
120.59243830531652 -1156156339821.6782 1156152002445.1289
120.59245220654823 -1175484644375.5391 1175480270893.5896
120.59246610777994 -1195218549965.9182 1195214139925.8596
120.59248000901165 -1215368313369.3198 1215363866310.843
120.59249391024336 -1235944495242.0332 1235940010697.0688
120.59250781147509 -1256957970453.0413 1256953447945.5952
120.5925217127068 -1278419938813.9429 1278415377859.9282
120.59253561393851 -1300341936222.8384 1300337336329.9023
120.59254951517022 -1322735846240.0342 1322731206907.3813
120.59256341640193 -1345613912114.2141 1345609232832.4243
120.59257731763364 -1368988749278.6179 1368984029529.4597
120.59259121886535 -1392873358337.8081 1392868597594.0479
120.59260512009706 -1417281138566.4568 1417276336291.6621
120.59261902132877 -1442225901942.574 1442221057590.9121
120.59263292256048 -1467721887739.0281 1467717000755.0591
120.59264682379219 -1493783777698.0103 1493778847516.4751
120.5926607250239 -1520426711814.4067 1520421737860.0088
120.59267462625562 -1547666304755.4121 1547661286442.5938
120.59268852748733 -1575518662945.0728 1575513599677.7854
120.59270242871904 -1604000402343.5798 1603995293515.0481
120.59271632995076 -1633128666953.0671 1633123511945.5464
120.59273023118247 -1662921148082.9038 1662915946267.4309
120.59274413241418 -1693396104409.5103 1693390855145.6479
120.59275803364589 -1724572382866.9702 1724567085502.5444
120.5927719348776 -1756469440407.0496 1756464094277.8792
120.59278583610931 -1789107366668.885 1789101971098.5039
120.59279973734102 -1822506907600.9463 1822501461900.3186
120.59281363857274 -1856689490079.7454 1856683993546.9714
120.59282753980445 -1891677247572.4729 1891671699492.4885
120.59284144103616 -1927493046892.7783 1927487446537.0442
120.59285534226787 -1964160516101.5784 1964154862727.761
120.59286924349958 -2001704073607.949 2001698366459.593
120.59288314473129 -2040148958527.5632 2040143196833.7542
120.592897045963 -2079521262359.1272 2079515445334.1436
120.59291094719471 -2119847962043.043 2119842088885.9995
120.59292484842643 -2161156954469.5986 2161151024364.0791
120.59293874965815 -2203477092507.4146 2203471104621.0923
120.59295265088986 -2246838222627.1797 2246832176111.4297
120.59296655212157 -2291271224199.2876 2291265118188.7847
120.59298045335328 -2336808050548.6113 2336801884160.9175
120.59299435458499 -2383481771854.4072 2383475544189.5464
120.5930082558167 -2431326619987.5024 2431320330127.5225
120.59302215704841 -2480378035383.0996 2480371682391.6216
120.59303605828012 -2530672716051.9575 2530666298973.7109
120.59304995951183 -2582248668838.7256 2582242186699.0693
120.59306386074354 -2635145263042.7002 2635138714847.1289
120.59307776197525 -2689403286522.8706 2689396671256.5068
120.59309166320696 -2745065004415.5664 2745058321042.6353
120.59310556443867 -2802174220600.437 2802167468063.7266
120.5931194656704 -2860776342058.3687 2860769519278.6714
120.59313336690211 -2920918446273.9194 2920911552149.4575
120.59314726813382 -2982649351842.958 2982642385248.791
120.59316116936553 -3046019692454.8608 3046012652242.2729
120.59317507059724 -3111081994430.4199 3111074879426.2886
120.59318897182895 -3177890758006.1855 3177883567012.3296
120.59320287306066 -3246502542567.5615 3246495274360.0693
120.59321677429237 -3316976056044.4277 3316968709372.9624
120.59323067552408 -3389372248696.3774 3389364822283.4595
120.59324457675579 -3463754411529.1987 3463746904069.4658
120.5932584779875 -3540188279597.0371 3540180689756.479
120.59327237921921 -3618742140462.584 3618734466877.7524
120.59328628045093 -3699486948101.5923 3699479189378.7842
120.59330018168264 -3782496442557.9741 3782488597272.3877
120.59331408291435 -3867847275673.8906 3867839342368.7539
120.59332798414607 -3955619143238.9453 3955611120424.6133
120.59334188537778 -4045894923924.5654 4045886810077.5889
120.59335578660949 -4138760825393.793 4138752618955.9526
120.5933696878412 -4234306537999.7871 4234298237377.0967
120.59338358907291 -4332625396514.3418 4332617000076.0156
120.59339749030462 -4433814550354.874 4433806056432.2607
120.59341139153634 -4537975142807.4004 4537966549692.874
120.59342529276805 -4645212499779.6592 4645203805725.4766
120.59343919399976 -4755636328650.0859 4755627531867.2021
120.59345309523147 -4869360927815.0576 4869352026471.8984
120.59346699646318 -4986505407576.1621 4986496399797.3516
120.59348089769489 -5107193923058.6025 5107184806923.6465
120.5934947989266 -5231555919889.8652 5231546693431.7881
120.59350870015831 -5359726393418.4268 5359717054622.3525
120.59352260139002 -5491846162311.1875 5491836709112.876
120.59353650262175 -5628062157419.0498 5628052587703.375
120.59355040385346 -5768527726861.5059 5768518038460.8779
120.59356430508517 -5913402958351.1016 5913393149043.8301
120.59357820631688 -6062855019845.9102 6062845087354.5049
120.59359210754859 -6217058519696.5449 6217048461685.9541
120.5936060087803 -6376195887533.0674 6376185701608.8467
120.59361991001201 -6540457777229.1006 6540447460935.5137
120.59363381124372 -6710043493373.668 6710033044191.7119
120.59364771247543 -6885161442783.5947 6885150858128.9502
120.59366161370714 -7066029612700.9199 7066018889921.8193
120.59367551493885 -7252876077442.3564 7252865213817.3701
120.59368941617056 -7445939535389.8359 7445928528125.5684
120.59370331740227 -7645469878356.8057 7645458724585.5029
120.59371721863398 -7851728795512.6133 7851717492289.6689
120.59373111986569 -8064990414214.1846 8064978958515.5498
120.59374502109742 -8285541980266.8184 8285530368986.3066
120.59375892232913 -8513684580322.4639 8513672810268.9395
120.59377282356084 -8749733909344.2979 8749721977238.7539
120.59378672479255 -8994021086280.127 8994008988752.6387
120.59380062602426 -9246893521333.9961 9246881254920.5508
120.59381452725597 -9508715838482.5352 9508703399621.7207
120.59382842848768 -9779870857179.6133 9779858242209.1738
120.59384232971939 -10060760637500.664 10060747842653.906
120.5938562309511 -10351807593303.947 10351794614705.988
120.59387013218281 -10653455678377.547 10653442512041.402
120.59388403341453 -10966171650919.512 10966158292742.016
120.59389793464624 -11290446422139.039 11290432867896.574
120.59391183587795 -11626796495251.652 11626782740595.703
120.59392573710966 -11975765501648.656 11975751542101.154
120.59393963834137 -12337925841579.707 12337911672528.174
120.59395353957309 -12713880437312.311 12713866054004.773
120.5939674408048 -13104264607407.096 13104250004946.775
120.59398134203651 -13509748071475.475 13509733244815.227
120.59399524326822 -13931037095585.395 13931022039521.893
120.59400914449994 -14368876789373.83 14368861498541.482
120.59402304573165 -14824053566869.58 14824038035734.148
120.59403694696336 -15297397784097.949 15297382006949.871
120.59405084819507 -15789786567698.754 15789770538646.148
120.59406474942678 -16302146850047.023 16302130563008.354
120.59407865065849 -16835458627749.93 16835442076446.309
120.5940925518902 -17390758461958.424 17390741639905.543
120.59410645312191 -17969143240592.531 17969126141092.191
120.59412035435362 -18571774224435.027 18571756840566.25
120.59413425558533 -19199881401081.676 19199863725691.355
120.59414815681706 -19854768173004.875 19854750198697.977
120.59416205804877 -20537816408478.25 20537798127607.48
120.59417595928048 -21250491886816.957 21250473291471.922
120.59418986051219 -21994350172470.148 21994331254465.949
120.5942037617439 -22771042955745.516 22771023706610.723
120.59421766297561 -23582324901804.465 23582305312768.477
120.59423156420732 -24430061053577.992 24430041115557.711
120.59424546543903 -25316234838813.551 25316214542399.336
120.59425936667074 -26242956736524.535 26242936071965.398
120.59427326790245 -27212473663807.43 27212452620995.414
120.59428716913416 -28227179150078.473 28227157718532.172
120.59430107036587 -29289624372849.988 29289602541697.129
120.59431497159758 -30402530136916.23 30402507894875.297
120.59432887282929 -31568799887345.211 31568777222705.988
120.594342774061 -32791533856385.895 32791510756988.918
120.59435667529273 -34074044455232.391 34074020908447.199
120.59437057652444 -35419873033420.945 35419849026123.047
120.59438447775615 -36832808142272.344 36832783660818.82
120.59439837898786 -38316905453987 38316880484190.664
120.59441228021957 -39876509504596.992 39876484031698.969
120.59442618145128 -41516277448408.398 41516251457049.031
120.59444008268299 -43241205032934.539 43241178507122.516
120.5944539839147 -45056655027089.422 45056627950168.953
120.59446788514641 -46968388362985.016 46968360717600.961
120.59448178637813 -48982598282371.078 48982570050431.875
120.59449568760984 -51105947812891.305 51105918975529.461
120.59450958884155 -53345610939197.93 53345581476728
120.59452349007326 -55709317878028.547 55709287769902.289
120.59453739130497 -58205404916983.656 58205374141742.273
120.59455129253668 -60842869333925.367 60842837869148.484
120.5945651937684 -63631429978734.211 63631397800985.414
120.59457909500011 -66581594173839.711 66581561258608.32
120.59459299623182 -69704731674522.906 69704697996161.734
120.59460689746354 -73013156526255.062 73013122057913.75
120.59462079869525 -76520217767234.547 76520182480788.172
120.59463469992696 -80240400051101.375 80240363917073.938
120.59464860115867 -84189435410055.672 84189398397537.953
120.59466250239038 -88384427545857.984 88384389622419.375
120.59467640362209 -92843990228605.391 92843951360199.141
120.5946903048538 -97588401605074.75 97588361755936
120.59470420608551 -102639776475376.88 102639735607912.91
120.59471810731722 -108022258892475.16 108022216967147.12
120.59473200854893 -113762237783667.28 113762194758862.59
120.59474590978064 -119888588693578.61 119888544525473.2
120.59475981101235 -126432945211778.41 126432899854187.83
120.59477371224408 -133430004190812.22 133429957595030.59
120.59478761347579 -140917869494418.69 140917821609044.19
120.5948015147075 -148938439757174.72 148938390527920.53
120.59481541593921 -157537846505615.47 157537795875104.44
120.59482931717092 -166766950015470.97 166766897923012.5
120.59484321840263 -176681901483884.5 176681847865231.97
120.59485711963434 -187344781518730.12 187344726305816.5
120.59487102086605 -198824326631790.38 198824269752439.94
120.59488492209776 -211196757423910.12 211196698801523.81
120.59489882332947 -224546724524683.53 224546664077894.69
120.59491272456118 -238968391188333.75 238968328830631.44
120.59492662579289 -254566674837511.72 254566610476827.62
120.5949405270246 -271458673912448 271458607450702.91
120.59495442825632 -289775311275377.31 289775242607982.44
120.59496832948803 -309663231305491.5 309663160320799.25
120.59498223071975 -331286994967271.19 331286921545969.69
120.59499613195146 -354831625756597.62 354831549771041.31
120.59501003318317 -380505569973467.88 380505491286937.06
120.59502393441488 -408544147624576.06 408544066090456.12
120.59503783564659 -439213585976570.31 439213501437439.94
120.5950517368783 -472815747152577.75 472815659439194.81
120.59506563811001 -509693685030848.25 509693593961018.75
120.59507953934173 -550238196294191.31 550238101671506.5
120.59509344057344 -594895567225859.12 594895468838281.62
120.59510734180515 -644176763752142.25 644176661370420.12
120.59512124303686 -698668369757156.12 698668263133039.62
120.59513514426857 -759045651182139.88 759045540046372
120.59514904550028 -826088214989186.38 826088099049233
120.59516294673199 -900698848501576.25 900698727439055.12
120.5951768479637 -983926273325838.25 983926146793599.88
120.59519074919542 -1076992738846733.5 1076992606465537.2
120.59520465042714 -1181327626529297.2 1181327487884015.2
120.59521855165885 -1298608555684236.8 1298608410319506.2
120.59523245289056 -1430811898509749.8 1430811745924978.5
120.59524635412227 -1580275159274539.2 1580274998918146.5
120.59526025535398 -1749774396199495 1749774227462250.8
120.59527415658569 -1942620826935544.8 1942620649142836.2
120.5952880578174 -2162782047470949.5 2162781859873769.2
120.59530195904911 -2415035033766569.5 2415034835530970
120.59531586028082 -2705160460727702 2705160250922405
120.59532976151253 -3040191116346302 3040190893928073
120.59534366274424 -3428731673388084 3428731437184388.5
120.59535756397595 -3881373337651299 3881373086339632
120.59537146520766 -4411235707921795 4411235440004915
120.59538536643939 -5034680727328175 5034680441104261
120.5953992676711 -5772261653990781 5772261347517259
120.59541316890281 -6649996244457415 6649995915506832
120.59542707013452 -7701092024009302 7701091670015121
120.59544097136623 -8968309259327642 8968308877317175
120.59545487259794 -10507234627900778 10507234214411550
120.59546877382965 -12390872797402298 12390872348376860
120.59548267506136 -14716172696784784 14716172207437196
120.59549657629307 -17613438161506908 17613437626151612
120.59551047752478 -21260111506118912 21260110917948964
120.59552437875649 -25901308924127024 25901308274923376
