# serie phase 2 p4_w2.80_c1.05_dt2s2_k2 : t x1 x2 (dt2=4.0040047261685271e-06, depart t=366.81 etat bascule x1 x2 v1 v2 = -2228622.3475803784 2217490.6446688669 -133965750.79608843 133630473.2089569)
366.87318319457893 -421574717972.42804 421569865754.44952
366.87318719858365 -423706354209.71002 423701489739.84973
366.87319120258837 -425851480442.87799 425846603674.67303
366.8731952065931 -428010199247.18976 428005310133.94214
366.87319921059782 -430182614109.01367 430177712603.78857
366.87320321460254 -432368829435.08875 432363915490.7132
366.87320721860726 -434568950561.89178 434564024130.95294
366.87321122261199 -436783083765.11139 436778144799.95526
366.87321522661676 -439011336269.23114 439006384721.96094
366.87321923062149 -441253816257.22217 441248852079.69672
366.87322323462621 -443510632880.3476 443505656024.17981
366.87322723863093 -445781896268.0802 445776906684.63556
366.87323124263565 -448067717538.13422 448062715178.52917
366.87323524664038 -450368208806.61267 450363193621.71289
366.8732392506451 -452683483198.27289 452678455138.69183
366.87324325464982 -455013654856.91113 455008613873.00836
366.87324725865454 -457358838955.86664 457353784997.74615
366.87325126265927 -459719151708.64813 459714084726.15686
366.87325526666399 -462094710379.68372 462089630322.40967
366.87325927066871 -464485633295.19617 464480540112.46692
366.87326327467343 -466892039854.20471 466886933495.08557
366.87326727867816 -469314050539.65552 469308930952.948
366.87327128268288 -471751786929.68207 471746654063.92206
366.87327528668766 -474205371708.99695 474200225512.453
366.87327929069238 -476674928680.41809 476669769101.08966
366.8732832946971 -479160582776.52942 479155409762.1452
366.87328729870183 -481662460071.47919 481657273569.4953
366.87329130270655 -484180687792.91626 484175487750.51447
366.87329530671127 -486715394334.06763 486710180698.1535
366.87329931071599 -489266709265.95813 489261481983.15936
366.87330331472072 -491834763349.77423 491829522366.43872
366.87330731872544 -494419688549.37439 494414433811.56836
366.87331132273016 -497021618043.94775 497016349497.45404
366.87331532673488 -499640686240.82245 499635403831.13855
366.8733193307396 -502277028788.42578 502271732460.76196
366.87332333474433 -504930782589.39899 504925472288.67645
366.87332733874905 -507602085813.86853 507596761484.71741
366.87333134275377 -510291077912.87451 510285739499.63208
366.87333534675849 -512997899631.95972 512992547078.6684
366.87333935076327 -515722693024.92133 515717326275.3266
366.873343354768 -518465601467.72699 518460220465.27563
366.87334735877272 -521226769672.5979 521221374360.43591
366.87335136277744 -524006343702.26056 524000934023.23108
366.87335536678216 -526804470984.36951 526799046881.01093
366.87335937078689 -529621300326.10443 529615861740.64825
366.87336337479161 -532456981928.94269 532451528803.31152
366.87336737879633 -535311667403.61011 535306199679.41565
366.87337138280105 -538185509785.21198 538180027403.75287
366.87337538680578 -541078663548.54718 541073166450.80688
366.8733793908105 -543991284623.6084 543985772750.25317
366.87338339481522 -546923530411.26953 546918003702.64624
366.87338739881994 -549875559799.16394 549870018195.29785
366.87339140282467 -552847533177.75525 552841976618.34802
366.87339540682939 -555839612456.60535 555834040881.03259
366.87339941083417 -558851961080.83875 558846374428.14807
366.87340341483889 -561884744047.81042 561879142256.71899
366.87340741884361 -564938127923.97522 564932510932.8678
366.87341142284833 -568012280861.96509 568006648608.89136
366.87341542685306 -571107372617.87476 571101725040.54749
366.87341943085778 -574223574568.76099 574217911604.55347
366.8734234348625 -577361059730.35547 577355381316.29932
366.87342743886722 -580520002774.99646 580514308847.77917
366.87343144287195 -583700580049.78137 583694870545.74414
366.87343544687667 -586902969594.94299 586897244450.07812
366.87343945088139 -590127351162.45422 590121610312.40295
366.87344345488611 -593373906234.86169 593368149614.91162
366.87344745889084 -596642818044.35303 596637045589.43567
366.87345146289556 -599934271592.0625 599928483236.75098
366.87345546690028 -603248453667.6145 603242649346.12097
366.87345947090506 -606585552868.91125 606579732515.08447
366.87346347490978 -609945759622.16699 609939923169.48987
366.87346747891451 -613329266202.19055 613323413583.77734
366.87347148291923 -616736266752.92395 616730397901.51794
366.87347548692395 -620166957308.23853 620161072156.20947
366.87347949092867 -623621535812.98853 623615634292.32983
366.8734834949334 -627100202144.33118 627094284186.65759
366.87348749893812 -630603158133.31494 630597223669.85962
366.87349150294284 -634130607586.73779 634124656548.34973
366.87349550694756 -637682756309.28333 637676788626.4248
366.87349951095229 -641259812125.93469 641253827728.67847
366.87350351495701 -644861984904.67102 644855983722.69739
366.87350751896173 -648489486579.45288 648483468542.04736
366.87351152296645 -652142531173.49915 652136496209.54944
366.87351552697118 -655821334822.85754 655815282860.85071
366.87351953097595 -659526115800.2749 659520046768.29456
366.87352353498068 -663257094539.37268 663251008365.09619
366.8735275389854 -667014493659.13098 667008390269.82666
366.87353154299012 -670798537988.68396 670792417311.20801
366.87353554699484 -674609454592.43176 674603316553.22534
366.87353955099957 -678447472795.4751 678441317320.56165
366.87354355500429 -682312824209.37512 682306651224.35706
366.87354755900901 -686205742758.24463 686199552188.30054
366.87355156301373 -690126464705.17358 690120256475.05518
366.87355556701846 -694075228678.99585 694069002713.02502
366.87355957102318 -698052275701.40002 698046031923.46545
366.8735635750279 -702057849214.3905 702051587547.94495
366.87356757903262 -706092195108.10559 706085915476.16235
366.87357158303735 -710155561748.99268 710149264074.12268
366.87357558704207 -714248200008.35217 714241884212.68079
366.87357959104679 -718370363291.24976 718364029296.45374
366.87358359505157 -722522307565.8042 722515955293.10803
366.87358759905629 -726704291392.85706 726697920763.03003
366.87359160306102 -730916575956.03064 730910186889.38342
366.87359560706574 -735159425092.17834 735153017508.55969
366.87359961107046 -739433105322.23169 739426679141.02515
366.87360361507518 -743737885882.453 743731441022.57336
366.87360761907991 -748074038756.09705 748067575135.98718
366.87361162308463 -752441838705.48828 752435356243.11536
366.87361562708935 -756841563304.52185 756835061917.37427
366.87361963109407 -761273492971.5918 761266972576.67529
366.8736236350988 -765737911002.95361 765731371516.78809
366.87362763910352 -770235103606.5282 770228544945.14392
366.87363164310824 -774765359936.15137 774758782015.08557
366.87363564711296 -779328972126.27881 779322374860.57178
366.87363965111768 -783926235327.15234 783919618631.34399
366.87364365512246 -788557447740.43201 788550811528.55798
366.87364765912719 -793222910655.30518 793216254840.89343
366.87365166313191 -797922928485.07434 797916252981.14111
366.87365566713663 -802657808804.23401 802651113523.28027
366.87365967114135 -807427862386.04346 807421147240.05078
366.87366367514608 -812233403240.60168 812226668141.02881
366.8736676791508 -817074748653.43555 817067993511.21411
366.87367168315552 -821952219224.60315 821945443950.13379
366.87367568716024 -826866138908.32617 826859343411.47473
366.87367969116497 -831816835053.15564 831810019243.24902
366.87368369516969 -836804638442.67749 836797802228.49988
366.87368769917441 -841829883336.76978 841823026626.55835
366.87369170317913 -846892907513.4176 846886030214.8584
366.87369570718386 -851994052311.09375 851987154331.31775
366.87369971118858 -857133662671.71655 857126743917.29517
366.87370371519336 -862312087184.19104 862305147561.1322
366.87370771919808 -867529678128.54187 867522717542.28552
366.8737117232028 -872786791520.64941 872779809876.06348
366.87371572720753 -878083787157.59705 878076784358.9729
366.87371973121225 -883421028663.63599 883414004614.68408
366.87372373521697 -888798883536.78271 888791838140.6283
366.87372773922169 -894217723196.0542 894210656355.23267
366.87373174322641 -899677923029.35193 899670834645.80469
366.87373574723114 -905179862442.00537 905172752417.07483
366.87373975123586 -910723924905.98328 910716793140.40857
366.87374375524058 -916310498009.78503 916303344403.69751
366.8737477592453 -921939973509.02185 921932797961.94006
366.87375176325003 -927612747377.69836 927605549788.52356
366.87375576725475 -933329219860.20398 933322000127.21533
366.87375977125947 -939089795524.02856 939082553544.87842
366.87376377526419 -944894883313.20923 944887618984.91809
366.87376777926897 -950744896602.5238 950737609821.47583
366.8737717832737 -956640253252.43823 956632943914.37585
366.87377578727842 -962581375664.82202 962574043664.84131
366.87377979128314 -968568690839.44397 968561336071.9895
366.87378379528786 -974602630431.2594 974595252790.11914
366.87378779929259 -980683630808.5033 980676230186.80359
366.87379180329731 -986812133111.59705 986804709401.79724
366.87379580730203 -992988583312.8894 992981136406.7771
366.87379981130675 -999213432277.2356 999205962065.92078
366.87380381531148 -1005487135823.4321 1005479642197.3424
366.8738078193162 -1011810154786.5256 1011802637635.4005
366.87381182332092 -1018182955081.0002 1018175414293.8859
366.87381582732564 -1024606007764.8649 1024598443230.1085
366.87381983133037 -1031079789104.6493 1031072200709.8939
366.87382383533509 -1037604780641.3271 1037597168273.5059
366.87382783933987 -1044181469257.178 1044173832802.5083
366.87383184334459 -1050810347243.6038 1050802686587.582
366.87383584734931 -1057491912369.9177 1057484227397.3134
366.87383985135403 -1064226667953.1169 1064218958547.9667
366.87384385535876 -1071015122928.6584 1071007388974.2604
366.87384785936348 -1077857791922.2515 1077850033301.1594
366.8738518633682 -1084755195322.6837 1084747411916.701
366.87385586737292 -1091707859355.6963 1091700051045.87
366.87385987137765 -1098716316158.9287 1098708482825.5435
366.87386387538237 -1105781103857.9443 1105773245380.5161
366.87386787938709 -1112902766643.3628 1112894882900.6328
366.87387188339181 -1120081854849.1084 1120073945719.0374
366.87387588739654 -1127318925031.791 1127310990391.5518
366.87387989140126 -1134614540051.2534 1134606579777.2256
366.87388389540598 -1141969269152.2864 1141961283120.0496
366.87388789941076 -1149383688047.5364 1149375676131.8635
366.87389190341548 -1156858379001.6348 1156850341076.4856
366.87389590742021 -1164393930916.5542 1164385866855.0691
366.87389991142493 -1171990939418.2168 1171982849092.7097
366.87390391542965 -1179650006944.3752 1179641890226.3269
366.87390791943437 -1187371742833.7908 1187363599593.842
366.8739119234391 -1195156763416.7307 1195148593524.6758
366.87391592744382 -1203005692106.7991 1202997495431.5784
366.87391993144854 -1210919159494.1252 1210910935903.8186
366.87392393545326 -1218897803439.9294 1218889552801.7488
366.87392793945799 -1226942269172.501 1226933991352.7832
366.87393194346271 -1235053209384.606 1235044904248.8062
366.87393594746743 -1243231284332.3362 1243222951745.0198
366.87393995147215 -1251477161935.4382 1251468801760.2737
366.87394395547688 -1259791517879.147 1259783129978.8987
366.87394795948165 -1268175035717.5381 1268166619954.0586
366.87395196348638 -1276628406978.4312 1276619963212.6538
366.8739559674911 -1285152331269.8721 1285143859361.8032
366.87395997149582 -1293747516388.2097 1293739016196.9209
366.87396397550054 -1302414678427.8105 1302406149811.4309
366.87396797950527 -1311154541892.4255 1311145984708.1335
366.87397198350999 -1319967839808.2446 1319959253912.2605
366.87397598751471 -1328855313838.6611 1328846699086.2388
366.87397999151943 -1337817714400.7754 1337809070646.1938
366.87398399552416 -1346855800783.6719 1346847127880.2273
366.87398799952888 -1355970341268.5017 1355961639068.4995
366.8739920035336 -1365162113250.3916 1365153381605.1372
366.87399600753832 -1374431903362.2156 1374423142122.0068
366.87400001154305 -1383780507600.2644 1383771716614.3826
366.87400401554777 -1393208731451.8315 1393199910568.5325
366.87400801955249 -1402717390024.7725 1402708539091.2786
366.87401202355727 -1412307308179.0471 1412298427041.5376
366.87401602756199 -1421979320660.2913 1421970409163.894
366.87402003156672 -1431734272235.4521 1431725330224.2344
366.87402403557144 -1441573017830.5183 1441564045147.4773
366.87402803957616 -1451496422670.3894 1451487419157.4438
366.87403204358088 -1461505362420.9026 1461496327918.8831
366.87403604758561 -1471600723333.0696 1471591657681.7087
366.87404005159033 -1481783402389.5742 1481774305427.4976
366.87404405559505 -1492054307453.5469 1492045179018.2634
366.87404805959977 -1502414357419.6589 1502405197347.5518
366.87405206360449 -1512864482367.5779 1512855290493.8936
366.87405606760922 -1523405623717.8345 1523396399876.6738
366.87406007161394 -1534038734390.1394 1534029478414.4473
366.87406407561866 -1544764778964.1917 1544755490685.7466
366.87406807962338 -1555584733843.0173 1555575413092.4221
366.87407208362816 -1566499587418.8848 1566490234025.5552
366.87407608763289 -1577510340241.8484 1577500954034.0037
366.87408009163761 -1588618005190.9651 1588608585995.6169
366.87408409564233 -1599823607648.2163 1599814155291.1584
366.87408809964705 -1611128185675.2083 1611118699981.0056
366.87409210365178 -1622532790192.6738 1622523270984.6516
366.8740961076565 -1634038485162.8486 1634028932263.0813
366.87410011166122 -1645646347774.7646 1645636761004.0649
366.87410411566594 -1657357468632.5022 1657347847810.4102
366.87410811967067 -1669172951946.4648 1669163296891.2361
366.87411212367539 -1681093915727.7261 1681084226256.3206
366.87411612768011 -1693121491985.5098 1693111767913.5803
366.87412013168483 -1705256826927.8508 1705247068069.7312
366.87412413568956 -1717501081165.4968 1717491287334.1899
366.87412813969428 -1729855429919.1152 1729845600926.2815
366.87413214369906 -1742321063229.8523 1742311198885.7974
366.87413614770378 -1754899186173.3157 1754889286286.978
366.8741401517085 -1767591019077.0437 1767581083455.9827
366.87414415571322 -1780397797741.5129 1780387826191.896
366.87414815971795 -1793320773664.761 1793310765991.3513
366.87415216372267 -1806361214270.678 1806351170276.8215
366.87415616772739 -1819520403141.041 1819510322628.6538
366.87416017173211 -1832799640251.365 1832789523020.9199
366.87416417573684 -1846200242210.6328 1846190088061.1467
366.87416817974156 -1859723542504.9675 1859713351233.9875
366.87417218374628 -1873370891745.3367 1873360663148.927
366.874176187751 -1887143657919.3538 1887133391792.0823
366.87418019175573 -1901043226647.2471 1901032922782.1711
366.87418419576045 -1915071001442.0769 1915060659630.7295
366.87418819976517 -1929228403974.292 1929218024006.668
366.87419220376995 -1943516874340.6936 1943506456005.2354
366.87419620777467 -1957937871337.8796 1957927414421.4626
366.8742002117794 -1972492872740.2625 1972482377028.1807
366.87420421578412 -1987183375582.7534 1987172840858.7051
366.87420821978884 -2002010896448.1873 2002000322494.2593
366.87421222379356 -2016976971759.5862 2016966358356.2395
366.87421622779829 -2032083158077.3521 2032072505003.4067
366.87422023180301 -2047331032401.4619 2047320339434.0811
366.87422423580773 -2062722192478.7864 2062711459393.4614
366.87422823981245 -2078258257115.6155 2078247483686.1499
366.87423224381718 -2093940866495.481 2093930052493.9746
366.8742362478219 -2109771682502.3987 2109760827699.2314
366.87424025182662 -2125752389049.6145 2125741493213.4304
366.87424425583134 -2141884692413.9651 2141873755311.6558
366.87424825983607 -2158170321575.9551 2158159342972.6431
366.87425226384079 -2174611028565.6611 2174600008224.6831
366.87425626784557 -2191208588814.5796 2191197526497.4692
366.87426027185029 -2207964801513.5332 2207953696980.0044
366.87426427585501 -2224881489976.7402 2224870342984.6689
366.87426827985973 -2241960502012.1753 2241949312317.5825
366.87427228386446 -2259203710298.3403 2259192477655.3745
366.87427628786918 -2276613012767.5605 2276601736928.479
366.8742802918739 -2294190332995.9487 2294179013711.0991
366.87428429587862 -2311937620600.1553 2311926257617.959
366.87428829988335 -2329856851641.0337 2329845444707.9648
366.87429230388807 -2347950029034.3564 2347938577894.9243
366.87429630789279 -2366219182968.7344 2366207687365.4648
366.87430031189751 -2384666371330.8486 2384654831004.2637
366.87430431590224 -2403293680138.1494 2403282094826.748
366.87430831990696 -2422103223979.2173 2422091593419.4556
366.87431232391168 -2441097146461.8652 2441085470388.1372
366.87431632791646 -2460277620669.1533 2460265898813.7695
366.87432033192118 -2479646849623.5049 2479635081716.6729
366.87432433592591 -2499207066759.0479 2499195252528.8516
366.87432833993063 -2518960536402.3403 2518948675574.7183
366.87433234393535 -2538909554261.6655 2538897646560.3896
366.87433634794007 -2559056447925.1147 2559044493071.77
366.8743403519448 -2579403577367.5322 2579391575081.4941
366.87434435594952 -2599953335466.5371 2599941285464.9502
366.87434835995424 -2620708148527.8213 2620696050525.5762
366.87435236395896 -2641670476819.9277 2641658330529.6392
366.87435636796368 -2662842815118.6738 2662830620250.6577
366.87436037196841 -2684227693261.3857 2684215449523.6362
366.87436437597313 -2705827676711.1685 2705815383809.335
366.87436837997785 -2727645367131.4302 2727633024768.793
366.87437238398257 -2749683402970.8447 2749671010848.292
366.87437638798735 -2771944460058.9683 2771932017874.9712
366.87438039199208 -2794431252212.7207 2794418759663.3096
366.8743843959968 -2817146531853.9692 2817133988632.708
366.87438840000152 -2840093090638.4282 2840080496436.3906
366.87439240400624 -2863273760096.103 2863261114601.8457
366.87439640801097 -2886691412283.5176 2886678715183.0557
366.87440041201569 -2910348960447.9824 2910336211424.7627
366.87440441602041 -2934249359704.1294 2934236558439.0049
366.87440842002513 -2958395607722.9673 2958382753894.1694
366.87441242402986 -2982790745433.7295 2982777838716.8423
366.87441642803458 -3007437857738.7656 3007424897806.6982
366.8744204320393 -3032340074241.7349 3032327060764.6929
366.87442443604402 -3057500569989.4336 3057487502634.8921
366.87442844004875 -3082922566227.4995 3082909444660.1743
366.87443244405347 -3108609331170.2319 3108596155052.0518
366.87443644805819 -3134564180784.9082 3134550949774.9844
366.87444045206297 -3160790479590.8745 3160777193345.4722
366.87444445606769 -3187291641473.6904 3187278299646.1987
366.87444846007241 -3214071130514.6714 3214057732755.5732
366.87445246407714 -3241132461836.1631 3241119007793.0054
366.87445646808186 -3268479202462.8389 3268465691780.2002
366.87446047208658 -3296114972199.3804 3296101404518.8413
366.8744644760913 -3324043444524.9014 3324029819485.0112
366.87446848009603 -3352268347504.4497 3352254664740.6953
366.87447248410075 -3380793464718.0015 3380779723862.7744
366.87447648810547 -3409622636207.2554 3409608836889.8193
366.87448049211019 -3438759759440.6016 3438745901287.0591
366.87448449611492 -3468208790296.6865 3468194872929.9448
366.87448850011964 -3497973744067.0073 3497959767106.7437
366.87449250412436 -3528058696477.895 3528044659540.5234
366.87449650812908 -3558467784732.3379 3558453687430.9727
366.87450051213386 -3589205208571.9868 3589191050516.4077
366.87450451613859 -3620275231359.917 3620261012156.5332
366.87450852014331 -3651682181184.4858 3651667900436.2998
366.87451252414803 -3683430451984.7734 3683416109291.3428
366.87451652815275 -3715524504698.1133 3715510099655.5146
366.87452053215748 -3747968868430.1763 3747954400630.9668
366.8745245361622 -3780768141648.0654 3780753610681.2441
366.87452854016692 -3813926993396.9697 3813912398847.939
366.87453254417164 -3847450164540.8794 3847435505991.4048
366.87453654817637 -3881342469027.9067 3881327746056.0786
366.87454055218109 -3915608795180.731 3915594007360.9229
366.87454455618581 -3950254107012.666 3950239253915.4932
366.87454856019053 -3985283445570.1064 3985268526762.3857
366.87455256419526 -4020701930301.7451 4020686945346.4517
366.87455656819998 -4056514760455.2378 4056499708911.4629
366.87456057220476 -4092727216501.915 4092712097924.8223
366.87456457620948 -4129344661590.188 4129329475530.9702
366.8745685802142 -4166372543028.3159 4166357289034.1504
366.87457258421892 -4203816393797.1055 4203801071411.1089
366.87457658822365 -4241681834093.2593 4241666442854.4424
366.87458059222837 -4279974572904.1172 4279959112347.3384
366.87458459623309 -4318700409614.4014 4318684879270.3198
366.87458860023781 -4357865235645.7891 4357849635040.8174
366.87459260424254 -4397475036130.0317 4397459364786.2876
366.87459660824726 -4437535891616.2812 4437520149051.5391
366.87460061225198 -4478053979813.5635 4478038165541.2041
366.8746046162567 -4519035577369.1562 4519019690898.1172
366.87460862026143 -4560487061683.6387 4560471102518.3643
366.87461262426615 -4602414912763.4404 4602398880403.8281
366.87461662827087 -4644825715111.8623 4644809609053.2119
366.87462063227565 -4687726159659.4111 4687709979392.373
366.87462463628037 -4731123045734.2354 4731106790744.7539
366.8746286402851 -4775023283073.7695 4775006952843.0312
366.87463264428982 -4819433893878.5479 4819417487882.9238
366.87463664829454 -4864362014908.9697 4864345532619.9629
366.87464065229926 -4909814899626.1982 4909798340510.3828
366.87464465630399 -4955799920378.209 4955783283897.1758
366.87464866030871 -5002324570631.9551 5002307856242.252
366.87465266431343 -5049396467252.8242 5049379674405.8975
366.87465666831815 -5097023352832.4346 5097006480974.5684
366.87466067232288 -5145213098066.0273 5145196146638.2822
366.8746646763276 -5193973704180.499 5193956672618.6514
366.87466868033232 -5243313305414.375 5243296193148.8555
366.87467268433704 -5293240171550.7598 5293222978006.5869
366.87467668834176 -5343762710504.8594 5343745435101.5762
366.87468069234649 -5394889470967.2324 5394872113118.8428
366.87468469635127 -5446629145103.918 5446611704218.8193
366.87468870035599 -5498990571315.0166 5498973046795.9326
366.87469270436071 -5551982737053.1035 5551965128297.0156
366.87469670836543 -5605614781702.8828 5605597088100.96
366.87470071237016 -5659895999523.6865 5659878220461.2178
366.87470471637488 -5714835842656.1885 5714817977512.5098
366.8747087203796 -5770443924194.8252 5770425972343.249
366.87471272438432 -5826730021327.708 5826711982135.4473
366.87471672838905 -5883704078545.6816 5883685951373.7773
366.87472073239377 -5941376210922.1611 5941357995125.4072
366.87472473639849 -5999756707465.3809 5999738402392.2461
366.87472874040321 -6058856034545.001 6058837639537.5527
366.87473274440794 -6118684839394.8672 6118666353788.6914
366.87473674841266 -6179253953693.6572 6179235376817.7793
366.87474075241738 -6240574397225.6475 6240555728402.4502
366.87474475642216 -6302657381623.3594 6302638620168.502
366.87474876042688 -6365514314194.2109 6365495459416.543
366.87475276443161 -6429156801833.248 6429137853034.7275
366.87475676843633 -6493596655024.0703 6493577611499.6768
366.87476077244105 -6558845891930.0996 6558826752967.7441
366.87476477644577 -6624916742578.7578 6624897507459.1973
366.87476878045049 -6691821653140.7793 6691802321137.5254
366.87477278445522 -6759573290306.8477 6759553860686.0752
366.87477678845994 -6828184545764.0957 6828165017784.5488
366.87478079246466 -6897668540775.4355 6897648913688.335
366.87478479646938 -6968038630863.7412 6968018903912.6885
366.87478880047411 -7039308410603.8926 7039288583024.7725
366.87479280447883 -7111491718525.2686 7111471789546.1504
366.87479680848355 -7184602642127.7715 7184582610968.8076
366.87480081248827 -7258655523014.2803 7258635388887.6064
366.87480481649305 -7333664962142.3496 7333644724251.9805
366.87480882049778 -7409645825198.2432 7409625482739.9688
366.8748128245025 -7486613248096.6045 7486592800257.8828
366.87481682850722 -7564582642608.9121 7564562088568.7588
366.87482083251194 -7643569702124.4365 7643549041053.3193
366.87482483651667 -7723590407546.7324 7723569638606.4561
366.87482884052139 -7804661033329.29 7804640155672.8848
366.87483284452611 -7886798153654.249 7886777166425.8545
366.87483684853083 -7970018648757.7129 7969997551092.4609
366.87484085253556 -8054339711405.7744 8054318502429.6719
366.87484485654028 -8139778853524.9805 8139757532354.7871
366.874848860545 -8226353912991.4297 8226332478734.5361
366.87485286454972 -8314083060582.9453 8314061512337.248
366.87485686855445 -8402984807098.3174 8402963143952.0908
366.87486087255917 -8493078010648.5615 8493056231680.333
366.87486487656395 -8584381884124.3242 8584359988402.7412
366.87486888056867 -8676916002844.2666 8676893989427.9639
366.87487288457339 -8770700312389.6758 8770678180327.1406
366.87487688857811 -8865755136629.9824 8865732884959.416
366.87488089258284 -8962101185944.8711 8962078813694.0527
366.87488489658756 -9059759565647.6895 9059737071833.834
366.87488890059228 -9158751784615.5469 9158729168245.1582
366.874892904597 -9259099764132.6953 9259077024201.4219
366.87489690860173 -9360825846952.6777 9360802982445.1641
366.87490091260645 -9463952806584.4121 9463929816474.1484
366.87490491661117 -9568503856809.4883 9568480740058.6543
366.87490892061589 -9674502661436.9355 9674479416996.2441
366.87491292462062 -9781973344301.6953 9781949971110.2363
366.87491692862534 -9890940499513.7129 9890916996498.7949
366.87492093263006 -10001429201963.762 10001405568040.74
366.87492493663478 -10113465018094.99 10113441252167.104
366.87492894063956 -10227074016946.748 10227050117904.949
366.87493294464429 -10342282781478.064 10342258748200.85
366.87493694864901 -10459118420178.943 10459094251532.174
366.87494095265373 -10577608578977.432 10577584273814.156
366.87494495665845 -10697781453451.318 10697757010611.592
366.87494896066318 -10819665801353.059 10819641219663.758
366.8749529646679 -10943290955456.357 10943266233730.994
366.87495696867262 -11068686836734.061 11068661973772.588
366.87496097267734 -11195883967876.521 11195858962465.143
366.87496497668207 -11324913487161.113 11324888338072.082
366.87496898068679 -11455807162682.002 11455781868673.424
366.87497298469151 -11588597406950.941 11588571966766.566
366.87497698869623 -11723317291880.197 11723291704249.215
366.87498099270096 -11860000564158.742 11859974827795.566
366.87498499670568 -11998681661032.604 11998655774636.662
366.87498900071046 -12139395726501.422 12139369688756.932
366.87499300471518 -12282178627944.24 12282152437519.988
366.8749970087199 -12427066973186.115 12427040628735.232
366.87500101272462 -12574098128019.15 12574071628178.877
366.87500501672935 -12723310234191.531 12723283577582.984
366.87500902073407 -12874742227878.15 12874715413106.084
366.87501302473879 -13028433858647.35 13028406884299.912
366.87501702874351 -13184425708938.547 13184398573587.031
366.87502103274824 -13342759214066.131 13342731916264.727
366.87502503675296 -13503476682765.414 13503449221050.945
366.87502904075768 -13666621318297.273 13666593691188.941
366.8750330447624 -13832237240128.393 13832209446127.504
366.87503704876713 -14000369506204.457 14000341543794.16
366.87504105277185 -14171064135833.859 14171036003478.865
366.87504505677657 -14344368133201.092 14344339829347.393
366.87504906078135 -14520329511529.721 14520301034604.303
366.87505306478607 -14698997317913.676 14698968666324.229
366.8750570687908 -14880421658838.555 14880392830973.176
366.87506107279552 -15064653726413.799 15064624720640.691
366.87506507680024 -15251745825337.711 15251716640004.873
366.87506908080496 -15441751400618.219 15441722034053.133
366.87507308480969 -15634725066073.719 15634695516583.029
366.87507708881441 -15830722633636.959 15830692899506.15
366.87508109281913 -16029801143488.77 16029771222981.832
366.87508509682385 -16232018895046.215 16231988786405.309
366.87508910082857 -16437435478833.902 16437405180279.01
366.8750931048333 -16646111809265.5 16646081318994.08
366.87509710883802 -16858110158364.105 16858079474550.73
366.87510111284274 -17073494190452.568 17073463311248.564
366.87510511684746 -17292328997844.432 17292297921377.504
366.87510912085219 -17514681137566.504 17514649861940.361
366.87511312485697 -17740618669148 17740587192441.965
366.87511712886169 -17970211193510.039 17970179513778.656
366.87512113286641 -18203529892991.688 18203498008264.332
366.87512513687113 -18440647572546.855 18440615480827.312
366.87512914087586 -18681638702153.52 18681606401419.566
366.87513314488058 -18926579460476.641 18926546948679.629
366.8751371488853 -19175547779821.383 19175515054885.809
366.87514115289002 -19428623392420.137 19428590452243.191
366.87514515689475 -19685887878099.223 19685854720550.344
366.87514916089947 -19947424713370.922 19947391336291.336
366.87515316490419 -20213319321997.504 20213285723199.754
366.87515716890891 -20483659127078.656 20483625304346.129
366.87516117291364 -20758533604708.754 20758499555795.188
366.87516517691836 -21038034339261.527 21038000061890.523
366.87516918092308 -21322255080353.895 21322220572218.395
366.87517318492786 -21611291801547.926 21611257060309.707
366.87517718893258 -21905242760851.184 21905207784140.328
366.8751811929373 -22204208563070.402 22204173348484.754
366.87518519694203 -22508292224090.457 22508256769195.082
366.87518920094675 -22817599237137.695 22817563539464.309
366.87519320495147 -23132237641101.094 23132201698147.488
366.87519720895619 -23452318090981.086 23452281900210.551
366.87520121296092 -23777953930538.363 23777917489379.09
366.87520521696564 -24109261267219.379 24109224573063.848
366.87520922097036 -24446359049439.922 24446322099644.281
366.87521322497508 -24789369146308.383 24789331938191.816
366.87521722897981 -25138416429873.949 25138378960718.023
366.87522123298453 -25493628859990.035 25493591127038.035
366.87522523698925 -25855137571886.918 25855099572343.18
366.87522924099397 -26223076966546.898 26223038697576.109
366.87523324499875 -26597584803983.617 26597546262710.121
366.87523724900348 -26978802299530.078 26978763483037.148
366.8752412530082 -27366874223241.059 27366835128570.16
366.87524525701292 -27761949002525.891 27761909626675.934
366.87524926101764 -28164178828127.039 28164139168053.609
366.87525326502237 -28573719763564.348 28573679816178.922
366.87525726902709 -28990731858174.031 28990691620343.176
366.87526127303181 -29415379263872.859 29415338732417.406
366.87526527703653 -29847830355786.684 29847789527480.898
366.87526928104126 -30288257856881.906 30288216728452.629
366.87527328504598 -30736838966751.34 30736797534877.113
366.8752772890507 -31193755494706.133 31193713756016.309
366.87528129305542 -31659193997334.363 31659151948408.184
366.87528529706015 -32133345920698.148 32133303558063.82
366.87528930106487 -32616407747338.5 32616365067472.227
366.87529330506965 -33108581148270.5 33108538147595.512
366.87529730907437 -33610073140162.648 33610029815048.203
366.87530131307909 -34121096247888.676 34121052594649.035
366.87530531708381 -34641868672663.605 34641824687556.992
366.87530932108854 -35172614465975.082 35172570145202.613
366.87531332509326 -35713563709530.992 35713519049235.578
366.87531732909798 -36264952701461.703 36264907697726.922
366.8753213331027 -36827024149019.25 36826978797868.234
366.87532533710743 -37400027368011.195 37399981665405.422
366.87532934111215 -37984218489248.75 37984172431086.867
366.87533334511687 -38579860672284.93 38579814254401.508
366.87533734912159 -39187224326718.422 39187177544882.727
366.87534135312632 -39806587341369.773 39806540191284.461
366.87534535713104 -40438235321630.289 40438187798930.086
366.87534936113576 -41082461835332.211 41082413935582.586
366.87535336514048 -41739568667458.062 41739520386153.828
366.87535736914526 -42409866084054.891 42409817416618.805
366.87536137314999 -43093673105723.883 43093624047505.195
366.87536537715471 -43791317791070.602 43791268337343.578
366.87536938115943 -44503137530521.906 44503087676484.297
366.87537338516415 -45229479350932.844 45229429091704.344
366.87537738916888 -45970700231427.531 45970649562048.18
366.8753813931736 -46727167430931.18 46727116346359.734
366.87538539717832 -47499258827876.086 47499207322988.336
366.87538940118304 -48287363272598.719 48287311342185.797
366.87539340518776 -49091880952938.297 49091828591704.906
366.87539740919249 -49913223773594.516 49913170976157.125
366.87540141319721 -50751815749836.047 50751762510721.055
366.87540541720193 -51608093416152.031 51608039729793.883
366.87540942120665 -52482506250475.664 52482452111214.898
366.87541342521138 -53375517114646.391 53375462516727.641
366.87541742921616 -54287602711822.297 54287547649392.281
366.87542143322088 -55219254061548.117 55219198528653.531
366.8754254372256 -56170976993226.758 56170920983812.117
366.87542944123032 -57143292658833.766 57143236166739.227
366.87543344523505 -58136738065684.742 58136681084643.828
366.87543744923977 -59151866630117.938 59151809153755.227
366.87544145324449 -60189248753032.281 60189190774861.031
366.87544545724921 -61249472418242.25 61249413931661.953
366.87544946125394 -62333143814643.844 62333084812937.711
366.87545346525866 -63440887983268.609 63440828459601.031
366.87545746926338 -64573349490311.07 64573289437724.945
366.8754614732681 -65731193127310.266 65731132538724.297
366.87546547727283 -66915104639717.586 66915043507923.516
366.87546948127755 -68125791485113.211 68125729802772.938
366.87547348528227 -69363983622427.156 69363921382069.812
366.87547748928705 -70630434333589.203 70630371527608.141
366.87548149329177 -71925921079074.703 71925857699724.391
366.87548549729649 -73251246388920.766 73251182428313.594
366.87548950130122 -74607238790866.719 74607174240969.734
366.87549350530594 -75994753777328.75 75994688629960.297
366.87549750931066 -77414674813017.484 77414609059843.75
366.87550151331538 -78867914385118.922 78867848017650.375
366.87550551732011 -80355415098029.312 80355348107617.062
366.87550952132483 -81878150814771.906 81878083192603.906
366.87551352532955 -83437127847320.859 83437059584418.109
366.87551752933427 -85033386198156.828 85033317285369.328
366.875521533339 -86668000855498.859 86667931283501.578
366.87552553734372 -88342083144860.828 88342012904149.469
366.87552954134844 -90056782139616.484 90056711220503.156
366.87553354535316 -91813286133464.266 91813214526073.031
366.87553754935794 -93612824177827.734 93612751872090.031
366.87554155336267 -95456667687393.562 95456594673043.484
366.87554555736739 -97346132117130.969 97346058383700.406
366.87554956137211 -99282578714383.297 99282504251196.922
366.87555356537683 -101267416349777.39 101267341145947.52
366.87555756938156 -103302103430892.64 103302027475313.92
366.87556157338628 -105388149902865.33 105388073184209.27
366.875565577391 -107527119340358.47 107527041847067.81
366.87556958139572 -109720631135558.53 109720552855841.44
366.87557358540045 -111970362787122.7 111970283708946.8
366.87557758940517 -114278052295214.45 114277972406300.62
366.87558159340989 -116645500668220.81 116645419956036.89
366.87558559741461 -119074574546887.8 119074492998641.95
366.87558960141934 -121567208952080.98 121567126554715.03
366.87559360542406 -124125410162644.62 124125326902827
366.87559760942878 -126751258730176.31 126751174594294.91
366.87560161343356 -129446912638136.92 129446827612291.67
366.87560561743828 -132214610612864.88 132214524682860.08
366.875609621443 -135056675594744.73 135056588746081.16
366.87561362544773 -137975518378227.94 137975430596094.69
366.87561762945245 -140973641429699.94 140973552698966.03
366.87562163345717 -144053642893042.88 144053553198248.47
366.87562563746189 -147218220793316.25 147218130118663.78
366.87562964146662 -150470177449227.84 150470085778572.69
366.87563364547134 -153812424106087.88 153812331422928.78
366.87563764947606 -157247985801631.69 157247892089100.88
366.87564165348078 -160780006477783.41 160779911718636.28
366.87564565748551 -164411754352209.66 164411658528814.28
366.87564966149023 -168146627564425.25 168146530658751.44
366.87565366549495 -171988160112052.38 171988062105660.34
366.87565766949967 -175940028093954.62 175939928967983.28
366.87566167350445 -180006056277967.84 180005956013122.72
366.87566567750918 -184190225012282.47 184190123588823.16
366.8756696815139 -188496677500297.47 188496574898024.69
366.87567368551862 -192929727460354.28 192929623658596.5
366.87567768952334 -197493867193259.25 197493762170858.78
366.87568169352807 -202193776081581.75 202193669816880.31
366.87568569753279 -207034329546959.47 207034222017783.38
366.87568970153751 -212020608492814.09 212020499676458.81
366.87569370554223 -217157909261610.25 217157799134824.38
366.87569770954696 -222451754138401.56 222451642677370.31
366.87570171355168 -227907902434014.22 227907789614342.22
366.8757057175564 -233532362183533.78 233532247980227.31
366.87570972156112 -239331402498418.75 239331286885867.22
366.87571372556584 -245311566613084.19 245311449565041.06
366.87571772957057 -251479685669432.03 251479567158994.94
366.87572173357535 -257842893286136.19 257842773285726.28
366.87572573758007 -264408640962717.47 264408519444058.06
366.87572974158479 -271184714371698.62 271184591305792.97
366.87573374558951 -278179250596209.5 278179125953317.69
366.87573774959424 -285400756374568.06 285400630124183.12
366.87574175359896 -292858127417171.56 292857999527994.5
366.87574575760368 -300560668866760.81 300560539306674.81
366.8757497616084 -308518116977011.62 308517985713055.12
366.87575376561313 -316740662091284.06 316740529089622.81
366.87575776961785 -325238973008533.25 325238838234431.19
366.87576177362257 -334024222829972.38 334024086247761.44
366.87576577762729 -343108116387272.12 343107977960320.75
366.87576978163202 -352502919360344.56 352502779051024.94
366.87577378563674 -362221489201314.88 362221346970968.88
366.87577778964146 -372277307989821 372277163798724.62
366.87578179364618 -382684517355150.62 382684371162477.06
366.87578579765096 -393457955609861.5 393457807373642.5
366.87578980165569 -404613197252616.44 404613046929702.19
366.87579380566041 -416166595008979.5 416166442554996.81
366.87579780966513 -428135324591578.94 428135169960887.5
366.87580181366985 -440537432377679.38 440537275523326.25
366.87580581767457 -453391886217096.5 453391727090768.62
366.8758098216793 -466718629599539.19 466718468151513.69
366.87581382568402 -480538639430818.19 480538475609910.5
366.87581782968874 -494873987687737 494873821441247
366.87582183369346 -509747907240797.62 509747738514452.81
366.87582583769819 -525184862162779.44 525184690900676.19
366.87582984170291 -541210622863431.81 541210449007973.38
366.87583384570763 -557852346421909.31 557852169913741.31
366.87583784971235 -575138662520545.75 575138483298488.62
366.87584185371708 -593099765415613.88 593099583416592.25
366.87584585772186 -611767512421720.12 611767327580688.62
366.87584986172658 -631175529424454.75 631175341674320.75
366.8758538657313 -651359323984410.38 651359133255952.5
366.87585786973602 -672356406644526.75 672356212866310.12
366.87586187374075 -694206421105581.88 694206224203868.62
366.87586587774547 -716951283998176.12 716951083896831.88
366.87586988175019 -740635335044056.38 740635131664452.25
366.87587388575491 -765305498469638.62 765305291730548.25
366.87587788975964 -791011456615001.5 791011246432492.5
366.87588189376436 -817805836776004 817805623063324.75
366.87588589776908 -845744412408109.88 845744195075570
366.8758899017738 -874886319924651.62 874886098879496.38
366.87589390577853 -905294292450215.62 905294067596494.25
366.87589790978325 -937034912011403.38 937034683249829.75
366.87590191378797 -970178881795519.75 970178649023326.5
366.87590591779275 -1004801320271557.5 1004801083382342.1
366.87590992179747 -1040982079134934.8 1040981838018497.4
366.87591392580219 -1078806087241837.9 1078805841784010.1
366.87591792980692 -1118363722919430.6 1118363473001895.6
366.87592193381164 -1159751217274124 1159750962774226
366.87592593781636 -1203071091389997.5 1203070832180541.8
366.87592994182108 -1248432630609277.2 1248432366558317
366.87593394582581 -1295952399434729.8 1295952130405343.2
366.87593794983053 -1345754800947962.8 1345754526798016
366.87594195383525 -1397972685055315.8 1397972405637212.2
366.87594595783997 -1452748010358854.8 1452747725519270.8
366.8759499618447 -1510232564938519 1510232274518122.5
366.87595396584942 -1570588751947242.5 1570588455780396.2
366.87595796985414 -1633990446549495.2 1633990144463942
366.87596197385886 -1700623931480973.8 1700623623297501.5
366.87596597786364 -1770688919321092.2 1770688604853180.8
366.87596998186837 -1844399670506742.8 1844399349560186.5
366.87597398587309 -1921986217135418.2 1921985889507926.2
366.87597798987781 -2003695703828826.8 2003695369309598
366.87598199388253 -2089793858215893 2089793516585163.5
366.87598599788726 -2180566605104360.5 2180566256132922.5
366.87599000189198 -2276321840123529 2276321483572217.5
366.8759940058967 -2377391380524444.5 2377391016143591.5
366.87599800990142 -2484133113022037.5 2484132740550888.5
366.87600201390615 -2596933361046920.5 2596932980213012
366.87600601791087 -2716209496600112 2716209107118607
366.87601002191559 -2842412825123832 2842412426696810
366.87601402592031 -2976031775441801.5 2976031367757498
366.87601802992504 -3117595431054323 3117595013786316
366.87602203392976 -3267677443872061 3267677016678400
366.87602603793448 -3426900376945489 3426899939467759
366.87603004193926 -3595940529118516.5 3595940080980836.5
366.87603404594398 -3775533301755037.5 3775532842562983.5
366.8760380499487 -3966479175986701 3966478705326147
366.87604205395343 -4169650378732793 4169649896168666.5
366.87604605795815 -4385998326819023.5 4385997831893963.5
366.87605006196287 -4616561951367415 4616561443600327
366.87605406596759 -4862477019666746 4862476498551240
366.87605806997232 -5124986589289473 5124986054292182
366.87606207397704 -5405452749008057 5405452199566816
366.87606607798176 -5705369825051618 5705369260573492
366.87607008198648 -6026379258938603 6026378678797753
366.87607408599121 -6370286395228816 6370285798764184
366.87607808999593 -6739079455539496 6739078842052295
366.87608209400065 -7134951019630801 7134950388381781
366.87608609800537 -7560322387283510 7560321737489989
366.87609010201015 -8017871256744733 8017870587577358
366.87609410601488 -8510563228853623 8510562539432840
366.8760981100196 -9041687733787738 9041687023179934
366.87610211402432 -9614899080930136 9614898348143422
366.87610611802904 -10234263457073556 10234262701053150
366.87611012203377 -10904312845104130 10904312064727286
366.87611412603849 -11630107015880804 11630106209951254
366.87611813004321 -12417304957853406 12417304125095244
366.87612213404793 -13272247367913692 13272246506964626
366.87612613805265 -14202052140973844 14202051250377768
366.87613014205738 -15214725174395546 15214724252594318
366.8761341460621 -16319289264703292 16319288310027638
366.87613815006682 -17525934440651916 17525933451311346
366.87614215407154 -18846193766259000 18846192740330596
366.87614615807627 -20293149502491436 20293148437907384
366.87615016208105 -21881675563341536 21881674457875216
366.87615416608577 -23628723507277544 23628722358527984
366.87615817009049 -25553660928214340 25553659733588808
366.87616217409521 -27678673132300912 27678671888995392
366.87616617809994 -30029241527260308 30029240232237520
366.87617018210466 -32634715355402584 32634714005367224
366.87617418610938 -35528997452213032 35528996043583768
366.8761781901141 -38751369871886184 38751368400763944
366.87618219411883 -42347491799617992 42347490261749928
366.87618619812355 -46370610643650784 46370609034389216
366.87619020212827 -50883038130296576 50883036444552080
366.87619420613299 -55957957428622128 55957955660809784
366.87619821013772 -61681645886096648 61681644030074248
366.87620221414244 -68156222332154664 68156220381151408
