# serie phase 2 p5_w2.27_c1.05_dt2_k2 : t x1 x2 (dt2=1.1198441119223875e-05, depart t=22.890000000000001 etat bascule x1 x2 v1 v2 = 38908.663240615831 -38609.854481839931 1691158.1057320507 -1685934.4746310581)
22.961893991985416 551116723.4275099 -551103002.07851005
22.961905190426535 555906943.80305469 -555893174.87200439
22.961916388867653 560751431.98623085 -560737615.18362331
22.961927587308775 565650946.6370585 -565637081.67086375
22.961938785749894 570606259.04328287 -570592345.61891937
22.961949984191012 575618153.36438954 -575604191.18469512
22.96196118263213 580687426.88098955 -580673415.64619184
22.961972381073252 585814890.24971211 -585800829.6573987
22.961983579514371 591001367.76373649 -590987257.50882459
22.961994777955489 596247697.61910856 -596233537.39381409
22.962005976396608 601554732.1869849 -601540521.68079174
22.96201717483773 606923338.29194677 -606909077.19157493
22.962028373278848 612354397.49654007 -612340085.48591352
22.962039571719966 617848806.3922019 -617834443.15241611
22.962050770161085 623407476.89672935 -623393062.10601842
22.962061968602203 629031336.55845439 -629016869.89215744
22.962073167043325 634721328.86730111 -634706809.99782836
22.962084365484444 640478413.57289398 -640463842.1696924
22.962095563925562 646303567.00990021 -646288942.73941851
22.96210676236668 652197782.43078935 -652183104.95644248
22.962117960807802 658162070.34619904 -658147339.32833219
22.962129159248921 664197458.87310815 -664182673.9689604
22.962140357690039 670304994.09101129 -670290154.95467854
22.962151556131158 676485740.40630233 -676470846.6886996
22.96216275457228 682740780.92508352 -682725832.27390695
22.962173953013398 689071217.83461607 -689056213.89430416
22.962185151454516 695478172.79363668 -695463113.20533121
22.962196349895635 701962787.33177245 -701947671.73327839
22.962207548336753 708526223.25828993 -708511051.28403509
22.962218746777875 715169663.08043027 -715154434.36142421
22.962229945218994 721894310.43157697 -721879024.59536934
22.962241143660112 728701390.50951517 -728686047.18015349
22.96225234210123 735592150.52505481 -735576749.32304156
22.962263540542352 742567860.16128385 -742552400.70353281
22.962274738983471 749629812.04374635 -749614293.94353831
22.962285937424589 756779322.22182989 -756763745.08876765
22.962297135865708 764017730.66166329 -764002094.1016264
22.962308334306826 771346401.7508353 -771330705.36593354
22.962319532747948 778766724.81524861 -778750968.20377493
22.962330731189066 786280114.64844561 -786264297.40482855
22.962341929630185 793888012.05373359 -793872133.76848865
22.962353128071303 801591884.39946187 -801575944.65914237
22.962364326512425 809393226.18781388 -809377224.57496107
22.962375524953544 817293559.63747525 -817277495.73056746
22.962386723394662 825294435.28056073 -825278308.65396178
22.96239792183578 833397432.5741967 -833381242.79810357
22.962409120276902 841604160.52715659 -841587907.16754615
22.962420318718021 849916258.34197295 -849899940.96054804
22.962431517159139 858335396.07295036 -858319014.22708499
22.962442715600258 866863275.30051816 -866846828.54320168
22.962453914041376 875501629.82238531 -875485117.7021656
22.962465112482498 884252226.36196637 -884235648.42289269
22.962476310923616 893116865.29456115 -893100221.07612526
22.962487509364735 902097381.39179134 -902080670.42886829
22.962498707805853 911195644.5848099 -911178866.40759778
22.962509906246975 920413560.74680662 -920396714.8807652
22.962521104688093 929753072.49536371 -929736158.46115208
22.962532303129212 939216160.01523197 -939199177.32864511
22.96254350157033 948804841.90210581 -948787790.07401037
22.962554700011452 958521176.02800012 -958504054.56426895
22.962565898452571 968367260.42884886 -968350068.83029461
22.962577096893689 978345234.21497023 -978327971.97727764
22.962588295334807 988457278.50505781 -988439945.11871517
22.962599493775926 998705617.38437676 -998688212.33460593
22.962610692217048 1009092518.8878787 -1009075041.6545643
22.962621890658166 1019620296.0089562 -1019602746.0665734
22.962633089099285 1030291307.7345915 -1030273684.5521325
22.962644287540403 1041107960.1076734 -1041090263.1485728
22.962655485981525 1052072707.317289 -1052054936.0393482
22.962666684422643 1063188052.8178083 -1063170206.6731184
22.962677882863762 1074456550.4776225 -1074438628.9124856
22.96268908130488 1085880805.7584147 -1085862808.2132642
22.962700279746002 1097463476.9258866 -1097445402.8352063
22.962711478187121 1109207276.2928627 -1109189125.085104
22.962722676628239 1121114971.4957621 -1121096742.5932603
22.962733875069357 1133189386.8054488 -1133171079.6243374
22.962745073510476 1145433404.4734797 -1145415018.4236045
22.962756271951598 1157849966.1148374 -1157831500.5996668
22.962767470392716 1170442074.128252 -1170423528.5447884
22.962778668833835 1183212793.1552827 -1183194166.89397
22.962789867274953 1196165251.57932 -1196146544.0239511
22.962801065716075 1209302643.0657556 -1209283853.5933781
22.962812264157193 1222628228.1445663 -1222609356.1253858
22.962823462598312 1236145335.8366411 -1236126380.6339228
22.96283466103943 1249857365.3252161 -1249838326.2951858
22.962845859480549 1263767787.673821 -1263748664.1655633
22.962857057921671 1277880147.59217 -1277860938.947525
22.962868256362789 1292198065.2515223 -1292178770.80498
22.962879454803907 1306725238.1510715 -1306705857.2296653
22.962890653245026 1321465443.0369742 -1321445974.9601717
22.962901851686148 1336422537.8756585 -1336402981.9552505
22.962913050127266 1351600463.8831718 -1351580819.4231596
22.962924248568385 1367003247.612349 -1366983513.908829
22.962935447009503 1382635003.0996425 -1382615179.4406893
22.962946645450625 1398499934.0735407 -1398480019.7390881
22.962957843891743 1414602336.2265415 -1414582330.4882607
22.962969042332862 1430946599.5527637 -1430926501.6739395
22.96298024077398 1447537210.7533233 -1447517019.9887285
22.962991439215099 1464378755.7116587 -1464358471.3074257
22.963002637656221 1481475922.0411143 -1481455543.2346044
22.963013836097339 1498833501.7071414 -1498813027.7268114
22.963025034538457 1516456393.7265825 -1516435823.7918496
22.963036232979576 1534349606.9465702 -1534328940.2676733
22.963047431420698 1552518262.9056964 -1552497498.6835556
22.963058629861816 1570967598.7801952 -1570946736.2062685
22.963069828302935 1589702970.4179399 -1589682008.6740766
22.963081026744053 1608729855.4632404 -1608708793.7215323
22.963092225185175 1628053856.5754755 -1628032693.9981053
22.963103423626293 1647680704.7447307 -1647659440.4838171
22.963114622067412 1667616262.7077229 -1667594895.9051628
22.96312582050853 1687866528.4674158 -1687845058.2547233
22.963137018949649 1708437638.9199035 -1708416064.4180467
22.963148217390771 1729335873.5921926 -1729314193.9114258
22.963159415831889 1750567658.4946902 -1750545872.7343836
22.963170614273007 1772139570.0924058 -1772117677.3408723
22.963181812714126 1794058339.3989387 -1794036338.7332563
22.963193011155248 1816330856.1975141 -1816308746.6833458
22.963204209596366 1838964173.3935096 -1838941954.0849183
22.963215408037485 1861965511.503108 -1861943181.442369
22.963226606478603 1885342263.2828329 -1885319821.5002425
22.963237804919725 1909101998.5049272 -1909079444.0186069
22.963249003360843 1933252468.8837538 -1933229800.699451
22.963260201801962 1957801613.1585932 -1957778830.2694774
22.96327140024308 1982757562.338424 -1982734663.7248793
22.963282598684199 2008128645.1144745 -2008105629.7438879
22.963293797125321 2033923393.4465871 -2033900260.2731321
22.963304995566439 2060150548.3296645 -2060127296.294081
22.963316194007557 2086819065.7467175 -2086795693.7760856
22.963327392448676 2113938122.81534 -2113914629.8228509
22.963338590889798 2141517124.1346624 -2141493509.0193834
22.963349789330916 2169565708.3400993 -2169541969.9867344
22.963360987772035 2198093754.8736019 -2198069892.152247
22.963372186213153 2227111390.9773378 -2227087402.7432313
22.963383384654271 2256628998.9190636 -2256604884.0123315
22.963394583095393 2286657223.4578962 -2286632980.7032914
22.963405781536512 2317206979.5594482 -2317182607.7660847
22.96341697997763 2348289460.3696742 -2348264958.3307548
22.963428178418749 2379916145.4571939 -2379891511.9497342
22.963439376859871 2412098809.3342285 -2412074043.1187725
22.963450575300989 2444849530.2667952 -2444824630.0871258
22.963461773742107 2478180699.3852077 -2478155663.968051
22.963472972183226 2512105030.1062989 -2512079858.1610212
22.963484170624348 2546635567.8794942 -2546610258.097795
22.963495369065466 2581785700.2691278 -2581760251.3247218
22.963506567506585 2617569167.3861237 -2617543577.9344192
22.963517765947703 2654000072.6827044 -2653974341.3604736
22.963528964388821 2691092894.1241617 -2691067019.5492034
22.963540162829943 2728862495.7526674 -2728836476.5234618
22.963551361271062 2767324139.6585183 -2767297974.3538747
22.96356255971218 2806493498.3750319 -2806467185.5537291
22.963573758153299 2846386667.7138829 -2846360205.914299
22.963584956594421 2887020180.0585237 -2886993567.7982602
22.963596155035539 2928411018.1340604 -2928384253.9095569
22.963607353476657 2970576629.2727723 -2970549711.5589113
22.963618551917776 3013534940.1953917 -3013507867.4450951
22.963629750358898 3057304372.3291373 -3057277142.9729548
22.963640948800016 3101903857.6842999 -3101876470.1299844
22.963652147241135 3147352855.3124156 -3147325307.9444923
22.963663345682253 3193671368.3700151 -3193643659.5493398
22.963674544123371 3240879961.81284 -3240852089.8761444
22.963685742564493 3288999780.746922 -3288971744.006351
22.963696941005612 3338052569.4639006 -3338024366.2065382
22.96370813944673 3388060691.1891894 -3388032319.6765723
22.963719337887849 3439047148.5731597 -3439018607.0407791
22.963730536328971 3491035604.9567099 -3491006891.613503
22.963741734770089 3544050406.4442172 -3544021519.4720449
22.963752933211207 3598116604.8182802 -3598087542.3713927
22.963764131652326 3653259981.3323531 -3653230741.5368419
22.963775330093448 3709507071.4192553 -3709477652.3724928
22.963786528534566 3766885190.3550692 -3766855590.1251335
22.963797726975685 3825422459.9200816 -3825392676.5451674
22.963808925416803 3885147836.1003637 -3885117867.5881786
22.963820123857921 3946091137.8756857 -3946060982.2028313
22.963831322299043 4008283077.1416349 -4008252732.2529736
22.963842520740162 4071755289.8162503 -4071724753.6242533
22.96385371918128 4136540368.1839895 -4136509638.5680704
22.963864917622399 4202671894.532506 -4202640969.3383374
22.963876116063521 4270184476.1401906 -4270153353.1790032
22.963887314504639 4339113781.6756153 -4339082458.7234774
22.963898512945757 4409496579.0730114 -4409465053.8700933
22.963909711386876 4481370774.9509821 -4481339045.2007961
22.963920909827994 4554775455.6455889 -4554743519.0142145
22.963932108269116 4629750929.9320421 -4629718784.0473289
22.963943306710235 4706338773.5129528 -4706306415.9637012
22.963954505151353 4784581875.3557625 -4784549303.6908855
22.963965703592471 4864524485.9656839 -4864491697.6933432
22.963976902033593 4946212267.685051 -4946179260.2717733
22.963988100474712 5029692347.1149836 -5029659117.9847507
22.96399929891583 5115013369.7602816 -5114979916.2935972
22.964010497356949 5202225557.0035696 -5202191876.5365009
22.964021695798071 5291380765.520299 -5291346855.3434925
22.964032894239189 5382532549.2523127 -5382498406.6099806
22.964044092680307 5475736224.0643129 -5475701846.1531935
22.964055291121426 5571048935.2139416 -5571014319.18223
22.964066489562544 5668529727.7734261 -5668494870.719677
22.964077688003666 5768239620.1478376 -5768204519.1198368
22.964088886444785 5870241680.8432074 -5870206332.8368092
22.964100084885903 5974601108.6463461 -5974565510.6042795
22.964111283327021 6081385316.3875771 -6081349465.1982193
22.964122481768143 6190664018.4662886 -6190627910.9624014
22.964133680209262 6302509322.32938 -6302472955.286809
22.96414487865038 6416995824.1042137 -6416959194.2405548
22.964156077091499 6534200708.5981579 -6534163812.5713787
22.96416727553262 6654203853.8890848 -6654166688.2961092
22.964178473973739 6777087940.7449818 -6777050502.1202345
22.964189672414857 6902938567.1230431 -6902900851.9369478
22.964200870855976 7031844368.0136719 -7031806372.6711063
22.964212069297094 7163897140.9109488 -7163858861.7496529
22.964223267738216 7299191977.2072868 -7299153410.4962244
22.964234466179335 7437827399.826582 -7437788541.7642517
22.964245664620453 7579905507.4301777 -7579866354.1428747
22.964256863061571 7725532125.5484457 -7725492673.0884657
22.964268061502693 7874816965.0134993 -7874777209.3572922
22.964279259943812 8027873788.0903244 -8027833725.1365881
22.96429045838493 8184820582.7272367 -8184780208.2949543
22.964301656826049 8345779745.3725204 -8345739055.1989326
22.96431285526717 8510878272.8319826 -8510837262.5704975
22.964324053708289 8680247963.6720123 -8680206628.890049
22.964335252149407 8854025629.7028885 -8853983965.8796558
22.964346450590526 9032353318.1095562 -9032311320.6337528
22.964357649031644 9215378544.8346176 -9215336209.0020638
22.964368847472766 9403254539.8565464 -9403211860.8677387
22.964380045913884 9596140505.0457363 -9596097478.0033188
22.964391244355003 9794201885.325201 -9794158505.2313576
22.964402442796121 9997610653.9094524 -9997566915.6632099
22.964413641237243 10206545612.445602 -10206501510.840046
22.964424839678362 10421192706.934664 -10421148236.654058
22.96443603811948 10641745360.367041 -10641700515.983856
22.964447236560598 10868404823.06978 -10868359599.041616
22.964458435001717 11101380541.827431 -11101334932.493834
22.964469633442839 11340890548.91271 -11340844548.491884
22.964480831883957 11587161872.235489 -11587115474.820894
22.964492030325076 11840430967.903755 -11840384167.460585
22.964503228766194 12100944176.576206 -12100896966.93774
22.964514427207316 12368958205.082352 -12368910579.946188
22.964525625648434 12644740634.887928 -12644692587.812071
22.964536824089553 12928570459.091637 -12928521983.490454
22.964548022530671 13220738649.75935 -13220689738.899378
22.964559220971793 13521548757.528934 -13521499404.52454
22.964570419412912 13831317545.554417 -13831267743.363291
22.96458161785403 14150375660.006618 -14150325401.425112
22.964592816295148 14479068339.511734 -14479017617.170019
22.964604014736267 14817756166.074202 -14817704972.431255
22.964615213177389 15166815860.219482 -15166764187.557878
22.964626411618507 15526641123.296387 -15526588963.716892
22.964637610059626 15897643530.095427 -15897590875.511396
22.964648808500744 16280253475.168579 -16280200317.300135
22.964660006941866 16674921176.500473 -16674867506.868456
22.964671205382984 17082117740.44742 -17082063550.367109
22.964682403824103 17502336292.168419 -17502281572.743004
22.964693602265221 17936093176.094296 -17936037918.208099
22.964704800706343 18383929231.323971 -18383873425.635399
22.964715999147462 18846411147.224663 -18846354784.158859
22.96472719758858 19324132904.940086 -19324075974.681313
22.964738396029698 19817717310.940739 -19817659803.424438
22.964749594470817 20327817629.24839 -20327759534.15292
22.964760792911939 20855119319.507069 -20855060626.245094
22.964771991353057 21400341888.647556 -21400282586.357105
22.964783189794176 21964240864.518757 -21964180942.053871
22.964794388235294 22547609900.559929 -22547549346.480938
22.964805586676416 23151283021.34066 -23151221823.904049
22.964816785117534 23776137019.607044 -23776075166.754868
22.964827983558653 24423094016.378731 -24423031495.727581
22.964839181999771 25093124196.629356 -25093060995.458851
22.964850380440893 25787248734.136322 -25787184839.37709
22.964861578882012 26506542920.271797 -26506478318.492924
22.96487277732313 27252139512.80619 -27252074190.202106
22.964883975764248 28025232322.200569 -28025166264.577351
22.964895174205367 28827080054.399094 -28827013247.160145
22.964906372646489 29659010430.851597 -29658942858.982662
22.964917571087607 30522424608.372444 -30522356256.425941
22.964928769528726 31418801923.475117 -31418732775.553741
22.964939967969844 32349704988.110687 -32349635027.850243
22.964951166410966 33316785166.203049 -33316714376.754448
22.964962364852084 34321788463.166748 -34321716827.177189
22.964973563293203 35366561863.586502 -35366489363.179695
22.964984761734321 36453060155.607834 -36452986772.363297
22.96499596017544 37583353284.29937 -37583278999.23069
22.965007158616562 38759634280.320068 -38759559073.852081
22.96501835705768 39984227814.809723 -39984151666.754562
22.965029555498798 41259599436.405319 -41259522325.937263
22.965040753939917 42588365551.869232 -42588287457.498222
22.965051952381039 43973304218.05854 -43973225117.602394
22.965063150822157 45417366819.868668 -45417286690.423805
22.965074349263276 46923690716.309128 -46923609534.219772
22.965085547704394 48495612945.608055 -48495530686.433807
22.965096746145516 50136685089.646652 -50136601728.128296
22.965107944586634 51850689408.686974 -51850604918.71048
22.965119143027753 53641656369.23558 -53641570723.794098
22.965130341468871 55513883701.162727 -55513796872.31649
22.96514153990999 57471957135.099747 -57471869093.933754
22.965152738351112 59520772987.803886 -59520683704.383163
22.96516393679223 61665562781.934326 -61665472225.25666
22.965175135233348 63911920107.739403 -63911828245.685341
22.965186333674467 66265829957.777863 -66265736757.057808
22.965197532115589 68733700792.536118 -68733606218.634277
22.965208730556707 71322399624.908325 -71322303642.023376
22.965219928997826 74039290445.444458 -74039193016.426575
22.965231127438944 76892276348.791245 -76892177435.075302
22.965242325880066 79889845765.32515 -79889745326.859863
22.965253524321184 83041123251.207687 -83041021246.380234
22.965264722762303 86355925346.307877 -86355821731.863846
22.965275921203421 89844822073.3452 -89844716804.303391
22.96528711964454 93519204723.900253 -93519097753.46199
22.965298318085662 97391360660.128113 -97391251939.580566
22.96530951652678 101474555955.68199 -101474445434.29517
22.965320714967898 105783126807.67329 -105783014432.59007
22.965331913409017 110332580775.51135 -110332466491.63007
22.965343111850139 115139709045.38232 -115139592795.23125
22.965354310291257 120222711083.01469 -120222592806.61778
22.965365508732376 125601333226.19643 -125601212860.92957
22.965376707173494 131297022986.83597 -131296900467.27298
22.965387905614616 137333101084.09381 -137332976341.84122
22.965399104055734 143734953522.48486 -143734826486.00452
22.965410302496853 150530246368.06946 -150530116962.48798
22.965421500937971 157749166269.67529 -157749034416.57904
22.96543269937909 165424690231.57791 -165424555848.79224
22.965443897820212 173592888681.69977 -173592751683.05109
22.96545509626133 182293266506.10342 -182293126801.16248
22.965466294702448 191569147457.82791 -191569004951.63245
22.965477493143567 201468108214.35345 -201467962807.10834
22.965488691584689 212042469377.42975 -212042320964.18231
22.965499890025807 223349851915.41074 -223349700385.69867
22.965511088466926 235453808976.88962 -235453654214.35904
22.965522286908044 248424544697.94431 -248424386579.93466
22.965533485349162 262339733640.04608 -262339572037.13834
22.965544683790284 277285456909.49426 -277285291685.01874
22.965555882231403 293357273886.90399 -293357104896.40314
22.965567080672521 310661451960.04169 -310661279050.68329
22.96557827911364 329316380812.07239 -329316203822.0072
22.965589477554762 349454202858.07349 -349454021615.73108
22.96560067599588 371222697517.60254 -371222511840.91846
22.965611874436998 394787464419.42676 -394787274114.99249
22.965623072878117 420334459682.21362 -420334264544.34021
22.965634271319239 448072950487.29773 -448072750296.98236
22.965645469760357 478238966758.00665 -478238761281.79028
22.965656668201476 511099345546.60931 -511099134535.31104
22.965667866642594 546956484504.60132 -546956267691.91364
22.965679065083712 586153946653.18103 -586153723754.10742
22.965690263524834 629083090946.27747 -629082861655.39062
22.965701461965953 676190943594.23584 -676190707583.73181
22.965712660407071 727989576141.69727 -727989333059.21631
22.96572385884819 785067320904.86194 -785067070371.04272
22.965735057289312 848102236562.27368 -848101978167.99963
22.96574625573043 917878341971.91382 -917878075275.20618
22.965757454171548 995305271646.8418 -995304996169.34338
22.965768652612667 1081442181435.8928 -1081441896658.8773
22.965779851053789 1177526961017.354 -1177526666377.1819
22.965791049494907 1285012108551.6909 -1285011803434.6196
22.965802247936026 1405609016810.8149 -1405608700547.0503
22.965813446377144 1541342943193.2556 -1541342615050.1096
22.965824644818262 1694621635998.5632 -1694621295172.5547
22.965835843259384 1868321532721.5269 -1868321178329.2236
22.965847041700503 2065896728271.7175 -2065896359339.0764
22.965858240141621 2291517669067.3486 -2291517284517.25
22.96586943858274 2550248960281.5405 -2550248558919.1455
22.965880637023862 2848279069375.6338 -2848278649871.0903
22.96589183546498 3193219502478.9844 -3193219063346.9004
22.965903033906098 3594497865535.9438 -3594497405110.8779
22.965914232347217 4063879088857.8247 -4063878605264.8467
22.965925430788339 4616163509257.2227 -4616163000376.3145
22.965936629229457 5270131849120.459 -5270131312543.1699
22.965947827670576 6049839187078.7354 -6049838620054.998
22.965959026111694 6986408905920.2402 -6986408305292.5859
22.965970224552812 8120553398546.4023 -8120552760667.8584
22.965981422993934 9506167951257.7422 -9506167271888.373
22.965992621435053 11215536778940.963 -11215536053116.127
