# serie phase 2 p7_w1.73_c1.20_dt2_k2 : t x1 x2 (dt2=1.1915341467079832e-05, depart t=12.222 etat bascule x1 x2 v1 v2 = 1572.4013732844148 -1552.1655072542242 43949.286764076533 -43781.746340422367)
12.314701356613881 7467108.4449724136 -7466879.7450465467
12.314713271955348 7520319.6277468884 -7520090.4633630207
12.314725187296816 7574046.7346152328 -7573817.1036456302
12.314737102638283 7628296.1004147734 -7628066.0007165
12.31474901797975 7683074.1542119104 -7682843.5836266801
12.314760933321216 7738387.4209496453 -7738156.3773036739
12.314772848662683 7794242.5231282329 -7794011.0042320853
12.31478476400415 7850646.1825197125 -7850414.186168151
12.314796679345617 7907605.2219170909 -7907372.7458889177
12.314808594687085 7965126.5669189673 -7964893.6089768689
12.314820510028552 8023217.2477504313 -8022983.8056408195
12.314832425370019 8081884.4011210371 -8081650.4725738857
12.314844340711486 8141135.2721207365 -8140900.8548494214
12.314856256052954 8200977.2161546359 -8200742.3078557672
12.314868171394419 8261417.700917447 -8261182.2992707044
12.314880086735887 8322464.3084086124 -8322228.4110765737
12.314892002077354 8384124.7369890092 -8383888.3416169798
12.314903917418821 8446406.8034802042 -8446169.9076960441
12.314915832760288 8509318.4453072716 -8509081.0467212163
12.314927748101756 8572867.7226862088 -8572629.8188906945
12.314939663443223 8637062.8208569773 -8636824.40942646
12.31495157878469 8701912.0523632318 -8701673.1308540031
12.314963494126157 8767423.8593798727 -8767184.4253298752
12.314975409467625 8833606.8160895519 -8833366.867018193
12.31498732480909 8900469.6311092712 -8900229.1645172331
12.314999240150557 8968021.1499682721 -8967780.1633373182
12.315011155492025 9036270.3576384764 -9036028.8484312575
12.315023070833492 9105226.3811187502 -9104984.3467786033
12.315034986174959 9174898.4920742158 -9174655.9300249703
12.315046901516427 9245296.1095319819 -9245053.0171777532
12.315058816857894 9316428.8026346657 -9316185.1773596518
12.315070732199361 9388306.2934530564 -9388062.1326213274
12.315082647540828 9460938.4598594271 -9460693.760814717
12.315094562882294 9534335.338462973 -9534090.0985284634
12.315106478223761 9608507.1276088096 -9608261.3440869153
12.315118393565228 9683464.1904421896 -9683217.8606143389
12.315130308906696 9759217.0580394771 -9758970.1791658904
12.315142224248163 9835776.4326075241 -9835529.0019269884
12.31515413958963 9913153.1907531973 -9912905.2054828368
12.315166054931098 9991358.3868247196 -9991109.844159767
12.315177970272565 10070403.256326672 -10070154.15344023
12.315189885614032 10150299.219410479 -10150049.553453287
12.315201800955498 10231057.884442253 -10230807.652542444
12.315213716296965 10312691.051649937 -10312440.250912795
12.315225631638432 10395210.716851715 -10394959.344359424
12.315237546979899 10478629.075267827 -10478377.128079224
12.315249462321367 10562958.525417827 -10562706.000568146
12.315261377662834 10648211.673105462 -10647958.567606075
12.315273293004301 10734401.335493373 -10734147.646331534
12.315285208345768 10821540.545269968 -10821286.269408541
12.315297123687236 10909642.554910786 -10909387.689287981
12.315309039028701 10998720.841036813 -10998465.38256591
12.315320954370168 11088789.108872194 -11088533.054441269
12.315332869711636 11179861.296803957 -11179604.643275606
12.315344785053103 11271951.58104635 -11271694.325257396
12.31535670039457 11365074.380412536 -11364816.519173749
12.315368615736038 11459244.361196382 -11458985.891292181
12.315380531077505 11554476.442167325 -11554217.360355487
12.315392446418972 11650785.799681216 -11650526.102692571
12.315404361760439 11748187.872910129 -11747927.557448255
12.315416277101905 11846698.369194424 -11846437.431935342
12.315428192443372 11946333.269520139 -11946071.707111998
12.315440107784839 12047108.834125118 -12046846.643187873
12.315452023126307 12149041.608237242 -12148778.785362335
12.315463938467774 12252148.427948421 -12251884.969698453
12.315475853809241 12356446.426227776 -12356182.329136176
12.315487769150709 12461953.039077912 -12461688.299648598
12.315499684492176 12568686.011838017 -12568420.626545053
12.315511599833643 12676663.405637853 -12676397.370925104
12.31552351517511 12785903.604006702 -12785636.916287484
12.315535430516576 12896425.319641417 -12896157.975298133
12.315547345858043 13008247.601337945 -13007979.596721729
12.31555926119951 13121389.841090837 -13121121.172521183
12.315571176540978 13235871.781365262 -13235602.445129652
12.315583091882445 13351713.522546355 -13351443.514899876
12.315595007223912 13468935.530570744 -13468664.84773571
12.315606922565379 13587558.644745288 -13587287.282910844
12.315618837906847 13707604.085758327 -13707332.041080054
12.315630753248314 13829093.463888677 -13828820.732488191
12.31564266858978 13952048.787417885 -13951775.365382425
12.315654583931247 14076492.471251592 -14076218.354633609
12.315666499272714 14202447.345755806 -14202172.530572539
12.315678414614181 14329936.665814094 -14329661.148047147
12.315690329955649 14458984.120111939 -14458707.89570684
12.315702245297116 14589613.840654828 -14589336.905520594
12.315714160638583 14721850.412526689 -14721572.762535376
12.31572607598005 14855718.883895457 -14855440.514881702
12.315737991321518 14991244.776272956 -14990965.684033522
12.315749906662983 15128454.095036393 -15128174.275329696
12.31576182200445 15267373.340218935 -15267092.788764568
12.315773737345918 15408029.517577237 -15407748.230055487
12.315785652687385 15550450.149943985 -15550168.121995341
12.315797568028852 15694663.288873687 -15694380.516098339
12.31580948337032 15840697.526590411 -15840414.004547745
12.315821398711787 15988582.00824615 -15988297.732454233
12.315833314053254 16138346.444499131 -16138061.410434188
12.315845229394721 16290021.124421366 -16289735.327517245
12.315857144736187 16443636.928745262 -16443350.364392897
12.315869060077654 16599225.343459487 -16598938.007006347
12.315880975419121 16756818.473764339 -16756530.360513868
12.315892890760589 16916449.058397509 -16916160.163608562
12.315904806102056 17078150.484341338 -17077860.803227603
12.315916721443523 17241956.801922955 -17241666.329652369
12.315928636784991 17407902.740319226 -17407611.472013377
12.315940552126458 17576023.723479055 -17575731.654212572
12.315952467467925 17746355.886475451 -17746063.011275399
12.315964382809392 17918936.092300601 -17918642.406145848
12.315976298150858 18093801.949117329 -18093507.446937915
12.315988213492325 18270991.827981383 -18270696.504657872
12.316000128833792 18450544.881048683 -18450248.731411502
12.31601204417526 18632501.060282968 -18632204.07911174
12.316023959516727 18816901.13667921 -18816603.318702072
12.316035874858194 19003786.720018655 -19003488.059911568
12.316047790199661 19193200.279172804 -19192900.771558855
12.316059705541129 19385185.162972759 -19384884.802421436
12.316071620882596 19579785.621662382 -19579484.402688853
12.316083536224061 19777046.828953512 -19776744.746017888
12.316095451565529 19977014.904702194 -19976711.952208769
12.316107366906996 20179736.938226148 -20179433.110522632
12.316119282248463 20385261.012283955 -20384956.303660702
12.316131197589931 20593636.227736734 -20593330.632425949
12.316143112931398 20804912.72891476 -20804606.241089683
12.316155028272865 21019141.729711682 -21018834.343485776
12.316166943614332 21236375.540430158 -21236067.249856275
12.3161788589558 21456667.595403094 -21456358.39447261
12.316190774297265 21680072.481416173 -21679762.364058141
12.316202689638732 21906645.966957707 -21906334.927037962
12.3162146049802 22136445.03232336 -22136133.063643634
12.316226520321667 22369527.900603849 -22369214.996900853
12.316238435663134 22605954.069584869 -22605640.224529359
12.316250351004602 22845784.344589971 -22845469.551785816
12.316262266346069 23089080.872297682 -23088765.125280883
12.316274181687536 23335907.175565612 -23335590.467803337
12.316286097029003 23586328.189295758 -23586010.514185328
12.316298012370469 23840410.297376115 -23840091.648244001
12.316309927711936 24098221.370735213 -24097901.740835991
12.316321843053403 24359830.806547187 -24359510.189062487
12.316333758394871 24625309.568627246 -24624987.956664678
12.316345673736338 24894730.229058314 -24894407.615650371
12.316357589077805 25168167.01109134 -25167843.38919428
12.316369504419272 25445695.833363462 -25445371.19585618
12.31638141976074 25727394.355479714 -25727068.695162572
12.316393335102207 26013342.025006291 -26013015.334599953
12.316405250443674 26303620.125924297 -26303292.39806851
12.31641716578514 26598311.828595851 -26597983.055848233
12.316429081126607 26897502.241296243 -26897172.416131031
12.316440996468074 27201278.46336671 -27200947.578173485
12.316452911809542 27509729.640046604 -27509397.687128995
12.316464827151009 27822947.019044489 -27822613.990618844
12.316476742492476 28141024.008911215 -28140689.897105265
12.316488657833943 28464056.239279423 -28463721.036130894
12.316500573175411 28792141.623037148 -28791805.320492364
12.316512488516878 29125380.420506358 -29125043.010418814
12.316524403858343 29463875.305699125 -29463536.779828027
12.316536319199811 29807731.434727434 -29807391.784736216
12.316548234541278 30157056.516446363 -30156715.733901158
12.316560149882745 30511960.885414023 -30511618.961782128
12.316572065224213 30872557.57725269 -30872214.503900975
12.31658398056568 31238962.406502254 -31238618.174695563
12.316595895907147 31611294.047058154 -31610948.647957657
12.316607811248614 31989674.115291189 -31989327.539952707
12.316619726590082 32374227.255950924 -32373879.495323215
12.316631641931547 32765081.230958283 -32764732.275881294
12.316643557273014 33162367.011197649 -33162016.852400735
12.316655472614482 33566218.871422581 -33565867.499522686
12.316667387955949 33976774.488395616 -33976421.893895417
12.316679303297416 34394175.042385802 -34393821.215671808
12.316691218638883 34818565.322155617 -34818210.25349623
12.316703133980351 35250093.833572775 -35249737.513116315
12.316715049321818 35688912.91198884 -35688555.329761535
12.316726964663285 36135178.838530473 -36134819.984434381
12.316738880004751 36589051.96046143 -36588691.824272335
12.316750795346218 37050696.815775178 -37050335.387140445
12.316762710687685 37520282.26218503 -37519919.530621409
12.316774626029153 37997981.610689513 -37997617.565580875
12.31678654137062 38483972.763897091 -38483607.394492142
12.316798456712087 38978438.359302379 -38978071.654712319
12.316810372053554 39481565.917712785 -39481197.866908893
12.316822287395022 39993547.997038417 -39993178.588849619
12.316834202736489 40514582.351662509 -40514211.574772872
12.316846118077954 41044872.097622246 -41044499.940568402
12.316858033419422 41584625.883840464 -41584252.335009001
12.316869948760889 42134058.069661543 -42133683.117286332
12.316881864102356 42693388.908950992 -42693012.541110426
12.316893779443824 43262844.741035946 -43262466.945650168
12.316905694785291 43842658.188774623 -43842278.953602642
12.316917610126758 44433068.364055783 -44432687.676692553
12.316929525468225 45034321.081044324 -45033938.928917736
12.316941440809693 45646669.077505052 -45646285.447872877
12.31695335615116 46270372.24454926 -46269987.124495998
12.316965271492625 46905697.865170263 -46905311.241603941
12.316977186834093 47552920.861948095 -47552532.721596971
12.31698910217556 48212324.054320939 -48211934.383730143
12.317001017517027 48884198.425845362 -48883807.211373441
12.317012932858495 49568843.401882827 -49568450.629698209
12.317024848199962 50266567.138175517 -50266172.794252925
12.317036763541429 50977686.820795707 -50977290.890912428
12.317048678882896 51702528.977972969 -51702131.44770509
12.317060594224364 52441429.804337293 -52441030.659055799
12.317072509565829 53194735.498135872 -53194334.723002672
12.317084424907296 53962802.612014838 -53962400.191978693
12.317096340248764 54745998.417983919 -54745594.337776259
12.317108255590231 55544701.287212633 -55544295.531343281
12.317120170931698 56359301.085341267 -56358893.63809406
12.317132086273165 57190199.584028482 -57189790.429456756
12.317144001614633 58037810.889489688 -58037400.011411667
12.3171559169561 58902561.888823561 -58902149.270817645
12.317167832297567 59784892.714961544 -59784478.340361439
12.317179747639033 60685257.231124483 -60684841.08301425
12.3171916629805 61604123.53571035 -61603705.596919276
12.317203578321967 62541974.488596074 -62541554.741693452
12.317215493663435 63499308.259883143 -63498886.68717289
12.317227409004902 64476638.902169205 -64476215.485684372
12.317239324346369 65474496.947487548 -65474071.668984629
12.317251239687836 66493430.030128345 -66493002.871081494
12.317263155029304 67534003.536612615 -67533574.478207663
12.317275070370771 68596801.28415969 -68596370.307288051
12.317286985712236 69682426.229061052 -69681993.314313412
12.317298901053704 70791501.206462756 -70791066.334122613
12.317310816395171 71924669.703140378 -71924232.853177413
12.317322731736638 73082596.664927378 -73082157.816990629
12.317334647078106 74265969.340565011 -74265528.473975882
12.317346562419573 75475498.163833916 -75475055.257578969
12.31735847776104 76711917.675940588 -76711472.708664119
12.317370393102507 77975987.490251631 -77975540.440248117
12.317382308443975 79268493.301564768 -79268044.146770984
12.317394223785442 80590247.942262039 -80589796.66024904
12.317406139126907 81942092.487819999 -81941639.055784851
12.317418054468375 83324897.41427955 -83324441.809036791
12.317429969809842 84739563.810465634 -84739106.008438542
12.317441885151309 86187024.647883818 -86186564.625095367
12.317453800492776 87668246.111413255 -87667783.843476862
12.317465715834244 89184228.994099841 -89183764.456209779
12.317477631175711 90736010.159554675 -90735543.326476276
12.317489546517178 92324664.075677738 -92324194.921737239
12.317501461858646 93951304.42365478 -93950832.922728896
12.317513377200111 95617085.786426172 -95616611.911931351
12.317525292541578 97323205.421073154 -97322729.14595449
12.317537207883046 99070905.119877055 -99070426.416596875
12.317549123224513 100861473.16507363 -100860992.00559975
12.31756103856598 102696246.38265821 -102695762.73845176
12.317572953907447 104576612.3009444 -104576126.14294736
12.317584869248915 106504011.4199546 -106503522.71857688
12.317596784590382 108479939.59808591 -108479448.32319205
12.317608699931849 110505950.56294502 -110505456.68384042
12.317620615273315 112583658.55369563 -112583162.03911245
12.317632530614782 114714741.10272525 -114714241.9208077
12.317644445956249 116900941.96498337 -116900440.08327268
12.317656361297717 119144074.20390567 -119143569.58932444
12.317668276639184 121446023.4434246 -121445516.0622607
12.317680191980651 123808751.29621679 -123808241.11410674
12.317692107322118 126234298.97904137 -126233785.96095313
12.317704022663586 128724791.12677076 -128724275.23698595
12.317715938005053 131282439.81751917 -131281921.01961468
12.317727853346518 133909548.82215093 -133909027.07897994
12.317739768687986 136608518.09237495 -136607993.36604723
12.317751684029453 139381848.50265273 -139381320.7545144
12.31776359937092 142232146.86221826 -142231616.05283064
12.317775514712388 145162131.21470416 -145161597.30382207
12.317787430053855 148174636.44413984 -148174099.39068899
12.317799345395322 151272620.20745862 -151272079.96951228
12.317811260736789 154459169.21511412 -154458625.74986896
12.317823176078257 157737505.88301781 -157736959.14676881
12.317835091419722 161110995.3807793 -161110445.32889375
12.317847006761189 164583153.10306394 -164582599.68995458
12.317858922102657 168157652.59297827 -168157095.77207533
12.317870837444124 171838333.94852862 -171837773.67225084
12.317882752785591 175629212.74571937 -175628648.96544397
12.317894668127058 179534489.51434037 -179533922.18037191
12.317906583468526 183558559.80536067 -183557988.8668986
12.317918498809993 187706024.89199305 -187705450.29709816
12.31793041415146 191981703.14972869 -191981124.84528816
12.317942329492928 196390642.16441226 -196390060.09610337
12.317954244834393 200938131.62128973 -200937545.73354217
12.31796616017586 205629717.03233942 -205629127.26829606
12.317978075517328 210471214.36394432 -210470620.66542044
12.317989990858795 215468725.63204619 -215468127.93948707
12.318001906200262 220628655.53762895 -220628053.79006574
12.318013821541729 225957729.22144318 -225957123.35644686
12.318025736883197 231463011.22378203 -231462401.17741561
12.318037652224664 237151925.7422995 -237151311.44906816
12.318049567566131 243032278.28899363 -243031659.68179271
12.318061482907597 249112278.85641488 -249111655.86647573
12.318073398249064 255400566.71287987 -255399939.26971331
12.318085313590531 261906236.95700505 -261905604.98834252
12.318097228931999 268638868.97367591 -268638232.40540785
12.318109144273466 275608556.94651449 -275607915.70262617
12.318121059614933 282825942.59610665 -282825296.59861112
12.3181329749564 290302250.32887566 -290301599.49774349
12.318144890297868 298049324.99878007 -298048669.25186628
12.318156805639335 306079672.50305796 -306079011.75602525
12.3181687209808 314406503.45433283 -314405837.62057149
12.318180636322268 323043780.19461286 -323043109.18515688
12.318192551663735 332006267.44248009 -332005591.16591918
12.318204467005202 341309586.89369899 -341308905.25608665
12.318216382346669 350970276.12676913 -350969589.03152621
12.318228297688137 361005852.20006621 -361005159.5478797
12.318240213029604 371434880.36663574 -371434182.05535269
12.318252128371071 382277048.37622792 -382276344.30074412
12.318264043712539 393553246.88234705 -393552536.93449003
12.318275959054004 405285656.52627343 -405284940.59467977
12.318287874395471 417497842.33027637 -417497120.30026239
12.318299789736939 430214856.09988379 -430214127.85330993
12.318311705078406 443463347.61008096 -443462613.02520889
12.318323620419873 457271685.4347772 -457270944.38611931
12.31833553576134 471670088.37388021 -471669340.73204124
12.318347451102808 486690768.53918815 -486690014.17069811
12.318359366444275 502368087.27851921 -502367326.04565734
12.318371281785742 518738725.25287783 -518737957.01348674
12.31838319712721 535841868.13275278 -535841092.74004221
12.318395112468675 553719409.55210578 -553718626.85444522
12.318407027810142 572416173.15070879 -572415382.99140847
12.31841894315161 591980155.7544955 -591979357.97157431
12.318430858493077 612462793.99292767 -612461988.41886783
12.318442773834544 633919256.93342745 -633918443.39491451
12.318454689176011 656408767.63276112 -656407945.95040822
12.318466604517479 679994956.87164176 -679994126.85969746
12.318478519858946 704746252.75206041 -704745414.21809793
12.318490435200413 730736310.31597531 -730735463.06056297
12.318502350541879 758044485.88332355 -758043629.69967425
12.318514265883346 786756361.43028569 -786755496.1038835
12.318526181224813 816964325.04960811 -816963450.35781121
12.318538096566281 848768214.34985662 -848767330.06147373
12.318550011907748 882276030.60334229 -882275136.47818077
12.318561927249215 917604732.5447309 -917603828.33311462
12.318573842590682 954881119.98751497 -954880205.42976904
12.31858575793215 994242818.88875377 -994241893.71465266
12.318597673273617 1035839381.2072212 -1035838445.135399
12.318609588615082 1079833514.8684556 -1079832567.6057732
12.31862150395655 1126402461.4679313 -1126401502.7087972
12.318633419298017 1175739542.0527976 -1175738571.4784398
12.318645334639484 1228055894.4730928 -1228054911.7507746
12.318657249980951 1283582429.525598 -1283581434.3077748
12.318669165322419 1342572037.4820917 -1342571029.4055018
12.318681080663886 1405302081.7647688 -1405301060.4494538
12.318692996005353 1472077222.6377625 -1472076187.6860077
12.318704911346821 1543232621.0312247 -1543231572.0264137
12.318716826688286 1619137581.2647436 -1619136517.7701185
12.318728742029753 1700199701.6947911 -1700198623.2521079
12.318740657371221 1786869614.6381311 -1786868520.7661991
12.318752572712688 1879646411.7123468 -1879645301.905441
12.318764488054155 1979083868.5225852 -1979082742.2487171
12.318776403395622 2085797604.1045854 -2085796460.8036168
12.31878831873709 2200473336.6129651 -2200472175.6945477
12.318800234078557 2323876428.3854833 -2323875249.2268043
12.318812149420024 2456862952.2039819 -2456861754.1472926
12.31882406476149 2600392557.9639153 -2600391340.3138165
12.318835980102957 2755543477.2559919 -2755542239.2764482
12.318847895444424 2923530075.3373075 -2923528816.2483568
12.318859810785892 3105723449.1163993 -3105722168.0905161
12.318871726127359 3303675681.2430158 -3303674377.4010882
12.318883641468826 3519148499.3050799 -3519147171.7119455
12.318895556810293 3754147264.277709 -3754145911.9371915
12.318907472151761 4010961433.4757504 -4010960055.3251286
12.318919387493228 4292212924.0853534 -4292211518.9891806
12.318931302834695 4600914162.3038321 -4600912729.0470133
12.318943218176161 4940538063.7209501 -4940536601.0009642
12.318955133517628 5315102786.3587418 -5315101292.7768784
12.318967048859095 5729274872.1983337 -5729273346.2497931
12.318978964200562 6188495406.305604 -6188493846.3682709
12.31899087954203 6699135158.8761759 -6699133563.1978531
12.319002794883497 7268686449.121583 -7268684815.8054152
12.319014710224964 7906001842.4639721 -7906000169.4517479
12.319026625566432 8621592993.1740894 -8621591278.2270241
12.319038540907899 9428007298.7015171 -9428005539.3780632
12.319050456249364 10340306008.486427 -10340304202.116514
12.319062371590832 11376675714.27231 -11376673857.927313
12.319074286932299 12559216750.998032 -12559214841.455576
12.319086202273766 13914968463.116678 -13914966496.819164
12.319098117615233 15477254821.558691 -15477252794.56414
12.319110032956701 17287467996.021004 -17287465903.944431
12.319121948298168 19397457655.81406 -19397455493.757084
12.319133863639635 21872768573.904724 -21872766336.370422
12.319145778981103 24797082413.269333 -24797080094.058468
12.319157694322568 28278394088.202332 -28278391680.285732
12.319169609664035 32457726860.228355 -32457724355.588558
