# serie phase 2 p4_w2.80_c1.05_dt2s4_k2 : t x1 x2 (dt2=2.0020023630842635e-06, depart t=366.81 etat bascule x1 x2 v1 v2 = -2228622.3475803784 2217490.6446688669 -133965750.79608843 133630473.2089569)
366.87318319457893 -421575267178.34534 421570414957.27399
366.87318519658129 -422639406315.16132 422634547973.93707
366.87318719858365 -423706905206.14722 423702040733.18365
366.87318920058601 -424777776588.46625 424772905972.14764
366.87319120258837 -425852033255.65295 425847156484.33429
366.87319320459073 -426929688057.8988 426924805119.90552
366.8731952065931 -428010753902.33887 428005864785.96692
366.87319720859546 -429095243753.34058 429090348446.85626
366.87319921059782 -430183170632.79388 430178269124.43378
366.87320121260018 -431274547620.40314 431269639898.37402
366.87320321460254 -432369387853.98065 432364473906.45935
366.8732052166049 -433467704529.74164 433462784344.875
366.87320721860726 -434569510902.60156 434564584468.50629
366.87320922060962 -435674820286.4743 435669887591.23694
366.87321122261199 -436783646054.57281 436778707086.24951
366.87321322461435 -437896001639.71094 437891056386.32751
366.87321522661676 -439011900534.60736 439006948984.15918
366.87321722861913 -440131356292.19098 440126398432.6427
366.87321923062149 -441254382525.90808 441249418345.19373
366.87322123262385 -442380992910.03174 442376022396.05457
366.87322323462621 -443511201179.97235 443506224320.60468
366.87322523662857 -444645021132.59015 444640037915.6734
366.87322723863093 -445782466626.50983 445777477039.85431
366.87322924063329 -446923551582.43646 446918555613.82129
366.87323124263565 -448068289983.47375 448063287620.64667
366.87323324463802 -449216695875.44379 449211687106.12128
366.87323524664038 -450368783367.20892 450363768179.07593
366.87323724864274 -451524566630.99512 451519545011.70502
366.8732392506451 -452684059902.71753 452679031839.89203
366.87324125264746 -453847277482.30768 453842242963.53662
366.87324325464982 -455014233734.04272 455009192746.88416
366.87324525665218 -456184943086.87671 456179895618.85663
366.87324725865454 -457359420034.77344 457354366073.3858
366.87324926065691 -458537679137.04138 458532618669.74792
366.87325126265927 -459719735018.67065 459714668032.90076
366.87325326466163 -460905602370.67188 460900528853.82257
366.87325526666399 -462095295950.41711 462090215889.85291
366.87325726866635 -463288830581.98254 463283743965.0354
366.87325927066871 -464486221156.49323 464481127970.46228
366.87326127267107 -465687482632.46991 465682382864.62152
366.87326327467343 -466892630036.17798 466887523673.74554
366.8732652766758 -468101678461.97827 468096565492.16223
366.87326727867816 -469314643072.67999 469309523482.64752
366.87326928068052 -470531539099.89545 470526412876.78058
366.87327128268288 -471752381844.39746 471747248975.30078
366.87327328468524 -472977186676.47827 472972047148.46692
366.87327528668766 -474205969036.31085 474200822836.4184
366.87327728869002 -475438744434.31219 475433591549.53851
366.87327929069238 -476675528451.50873 476670368868.81995
366.87328129269474 -477916336739.90411 477911170446.23236
366.8732832946971 -479161185022.84875 479156012005.09222
366.87328529669946 -480410089095.41187 480404909340.43463
366.87328729870183 -481663064824.75555 481657878319.38739
366.87328930070419 -482920128150.51099 482914934881.5473
366.87329130270655 -484181295085.1571 484176095039.35889
366.87329330470891 -485446581714.40137 485441374878.49506
366.87329530671127 -486716004197.56268 486710790558.23999
366.87329730871363 -487989578767.95648 487984358311.87439
366.87329931071599 -489267321733.28241 489262094447.06287
366.87330131271835 -490549249476.01398 490544015346.24402
366.87330331472072 -491835378453.79083 491830137467.02228
366.87330531672308 -493125725199.81293 493120477342.56238
366.87330731872544 -494420306323.23737 494415051581.98602
366.8733093207278 -495719138509.57758 495713876870.77118
366.87331132273016 -497022238521.10461 497016969971.15326
366.87331332473252 -498329623197.25104 498324347722.52905
366.87331532673488 -499641309455.01715 499636027041.8631
366.87331732873724 -500957314289.37964 500952024924.09607
366.8733193307396 -502277654773.70258 502272358442.55603
366.87332133274197 -503602348060.15088 503597044749.3717
366.87332333474433 -504931411380.10614 504926101075.88824
366.87332533674669 -506264862044.58508 506259544733.08606
366.87332733874905 -507602717444.66064 507597393112.00153
366.87332934075141 -508944995051.88501 508939663684.15009
366.87333134275377 -510291712418.71582 510286374001.95264
366.87333334475613 -511642887178.94458 511637541699.1637
366.87333534675849 -512998537048.12762 512993184491.30261
366.87333734876091 -514358679824.01965 514353320176.08698
366.87333935076327 -515723333387.00995 515717966633.86871
366.87334135276564 -517092515700.56097 517087141828.07288
366.873343354768 -518466244811.64996 518460863805.63916
366.87334535677036 -519844538851.21295 519839150697.46594
366.87334735877272 -521227416034.59149 521222020718.85699
366.87334936077508 -522614894661.98181 522609492169.97064
366.87335136277744 -524006993118.88715 524001583436.27203
366.8733533647798 -525403729876.57239 525398312988.98798
366.87335536678216 -526805123492.52167 526799699385.56427
366.87335736878453 -528211192610.89838 528205761270.12585
366.87335937078689 -529621955963.00842 529616517373.94019
366.87336137278925 -531037432367.76593 531031986515.88263
366.87336337479161 -532457640732.1618 532452187602.90527
366.87336537679397 -533882600051.73523 533877139630.50842
366.87336737879633 -535312329411.04779 535306861683.2146
366.87336938079869 -536746847984.16083 536741372935.0459
366.87337138280105 -538186175035.1153 538180692650.00397
366.87337338480341 -539630329918.41473 539624840182.55292
366.87337538680578 -541079332079.51099 541073834978.10498
366.87337738880814 -542533201055.29297 542527696573.50934
366.8733793908105 -543991956474.57849 543986444597.54395
366.87338139281286 -545455618058.60889 545450098771.41016
366.87338339481522 -546924205621.54663 546918678909.23035
366.87338539681758 -548397739070.97607 548392204918.54858
366.87338739881994 -549876238408.40723 549870696800.83447
366.8733894008223 -551359723729.78235 551354174651.98975
366.87339140282467 -552848215225.98621 552842658662.8584
366.87339340482703 -554341733183.35889 554336169119.73987
366.87339540682939 -555840297984.21179 555834726404.90454
366.87339740883181 -557343930107.34705 557338350997.1134
366.87339941083417 -558852650128.57983 558847063472.1405
366.87340141283653 -560366478721.26404 560360884503.29834
366.87340341483889 -561885436656.8208 561879834861.96655
366.87340541684125 -563409544805.27075 563403935418.12427
366.87340741884361 -564938824135.76904 564933207140.88464
366.87340942084597 -566473295717.14392 566467671099.03406
366.87341142284833 -568012980718.43872 568007348461.57385
366.8734134248507 -569557900409.45715 569552260498.2655
366.87341542685306 -571108076161.3114 571102428580.17871
366.87341742885542 -572663529446.97424 572657874180.2439
366.87341943085778 -574224281841.83411 574218618873.80688
366.87342143286014 -575790355024.25403 575784684339.18774
366.8734234348625 -577361770776.13318 577356092358.2428
366.87342543686486 -578938550983.4729 578932864816.9303
366.87342743886722 -580520717636.94568 580515023705.87964
366.87342944086959 -582108292832.46741 582102591120.96313
366.87343144287195 -583701298771.77332 583695589263.87256
366.87343344487431 -585299757762.99792 585294040442.69885
366.87343544687667 -586903692221.25793 586897967072.51477
366.87343744887903 -588513124669.23889 588507391675.96191
366.87343945088139 -590128077737.78577 590122336883.84131
366.87344145288375 -591748574166.49683 591742825435.70679
366.87344345488611 -593374636804.32129 593368880180.46313
366.87344545688848 -595006288610.16077 595000524076.96741
366.87344745889084 -596643552653.47437 596637780194.63391
366.8734494608932 -598286452114.8877 598280671714.04358
366.87345146289556 -599935010286.80542 599929221927.55579
366.87345346489792 -601589250574.02747 601583454239.92542
366.87345546690028 -603249196494.36963 603243392168.92285
366.87345746890264 -604914871679.28748 604909059345.95825
366.87345947090506 -606586299874.50439 606580479516.70935
366.87346147290742 -608263504940.64343 608257676541.75317
366.87346347490978 -609946510853.86292 609940674397.20215
366.87346547691214 -611635341706.49695 611629497175.34424
366.87346747891451 -613330021707.69873 613324169085.2865
366.87346948091687 -615030575184.08838 615024714453.60242
366.87347148291923 -616737026580.40466 616731157724.98425
366.87347348492159 -618449400460.16089 618443523462.89844
366.87347548692395 -620167721506.30542 620161836350.24634
366.87347748892631 -621892014521.88538 621886121190.0282
366.87347949092867 -623622304430.71509 623616402906.01086
366.87348149293103 -625358616278.04822 625352706543.40063
366.8734834949334 -627100975231.25525 627095057269.52039
366.87348549693576 -628849406580.50378 628843480374.48999
366.87348749893812 -630603935739.44397 630598001271.91162
366.87348950094048 -632364588245.89807 632358645499.55945
366.87349150294284 -634131389762.5542 634125438720.07336
366.8734935049452 -635904366077.66479 635898406721.65723
366.87349550694756 -637683543105.7489 637677575418.78162
366.87349750894992 -639468946888.29968 639462970852.89087
366.87349951095229 -641260603594.49561 641254619193.1145
366.87350151295465 -643058539521.91638 643052546736.98315
366.87350351495701 -644862781097.26392 644856779911.14929
366.87350551695937 -646673354877.08704 646667345272.11243
366.87350751896173 -648490287548.51135 648484269506.94861
366.87350952096409 -650313605929.97327 650307579434.04431
366.87351152296645 -652143336971.95886 652137302003.83557
366.87351352496881 -653979507757.74756 653973464299.55188
366.87351552697118 -655822145504.16052 655816093537.96387
366.87351752897354 -657671277562.31348 657665217070.13672
366.87351953097595 -659526931418.37488 659520862382.18835
366.87352153297832 -661389134694.32849 661383057096.05151
366.87352353498068 -663257915148.7406 663251828970.24146
366.87352553698304 -665133300677.5332 665127205900.62891
366.8735275389854 -667015319314.76062 667009215921.21692
366.87352954098776 -668903999233.39197 668897887204.92297
366.87353154299012 -670799368746.09839 670793248064.36633
366.87353354499248 -672701456306.04529 672695326952.66052
366.87353554699484 -674610290507.68945 674604152464.21021
366.87353754899721 -676525900087.58203 676519753335.51416
366.87353955099957 -678448313925.17542 678442158445.97229
366.87354155300193 -680377561043.63635 680371396818.69861
366.87354355500429 -682313670610.66382 682307497621.33923
366.87354555700665 -684256671939.31201 684250490166.89514
366.87354755900901 -686206594488.81909 686200403914.55139
366.87354956101137 -688163467865.44116 688157268470.5105
366.87355156301373 -690127321823.29077 690121113588.83154
366.8735535650161 -692098186265.18164 692091969172.27429
366.87355556701846 -694076091243.47852 694069865273.14954
366.87355756902082 -696061066960.95276 696054832094.17444
366.87355957102318 -698053143771.64294 698046899989.33301
366.87356157302554 -700052352181.72144 700046099464.74304
366.8735635750279 -702058722850.36658 702052461179.5282
366.87356557703026 -704072286590.64026 704066015946.69519
366.87356757903262 -706093074370.37134 706086794734.0177
366.87356958103499 -708121117313.04468 708114828664.92529
366.87357158303735 -710156446698.69592 710150149019.39795
366.87357358503971 -712199093964.81213 712192787234.86694
366.87357558704207 -714249090707.23816 714242774907.12109
366.87357758904443 -716306468681.08887 716300143791.21912
366.87357959104679 -718371259801.6676 718364925802.40796
366.87358159304921 -720443496145.39014 720437153017.04688
366.87358359505157 -722523209950.71484 722516857673.53723
366.87358559705393 -724610433619.07849 724604072173.25891
366.87358759905629 -726705199715.83948 726698829081.51294
366.87358960105865 -728807540971.22559 728801161128.46985
366.87359160306102 -730917490281.28943 730911101210.12451
366.87359360506338 -733035080708.86816 733028682389.25635
366.87359560706574 -735160345484.55115 735153937896.39661
366.8735976090681 -737293318007.65356 737286901130.80212
366.87359961107046 -739434031847.19592 739427605661.43506
366.87360161307282 -741582520742.89026 741576085227.94873
366.87360361507518 -743738818606.13293 743732373741.68054
366.87360561707754 -745902959521.00378 745896505286.65125
366.87360761907991 -748074977745.27161 748068514120.57031
366.87360962108227 -750254907711.40649 750248434675.84827
366.87361162308463 -752442784027.599 752436301560.61597
366.87361362508699 -754638641478.78564 754632149559.74988
366.87361562708935 -756842515027.68103 756836013635.90442
366.87361762909171 -759054439815.81738 759047928930.55151
366.87361963109407 -761274451164.59021 761267930765.02588
366.87362163309643 -763502584576.31091 763496054641.57812
366.8736236350988 -765738875735.26709 765732336244.43481
366.87362563710116 -767983360508.78918 767976811440.86499
366.87362763910352 -770236074948.32422 770229516282.25415
366.87362964110588 -772497055290.51685 772490487005.1853
366.87363164310824 -774766337958.29749 774759760032.52673
366.8736336451106 -777043959561.97729 777037371974.52747
366.87363564711296 -779329956900.35107 779323359629.9198
366.87363764911532 -781624366961.80664 781617759987.02893
366.87363965111768 -783927226925.44275 783920610224.89075
366.87364165312005 -786238574162.19312 786231947714.37573
366.87364365512246 -788558446235.9585 788551810019.32141
366.87364565712483 -790886880904.74646 790880234897.67163
366.87364765912719 -793223916121.81836 793217260302.62402
366.87364966112955 -795569590036.84436 795562924383.78455
366.87365166313191 -797923940997.06555 797917265488.33008
366.87365366513427 -800287007548.4646 800280322162.17871
366.87365566713663 -802658828436.9436 802652133151.16772
366.87365766913899 -805039442609.50989 805032737402.2395
366.87365967114135 -807428889215.47021 807422174064.6355
366.87366167314372 -809827207607.63208 809820482491.09766
366.87366367514608 -812234437343.51367 812227702239.07861
366.87366567714844 -814650618186.56189 814643873071.95911
366.8736676791508 -817075790107.37781 817069034960.27393
366.87366968115316 -819509993284.95203 819503228082.94727
366.87367168315552 -821953268107.90686 821946492828.53467
366.87367368515788 -824405655175.74719 824398869796.47412
366.87367568716024 -826867195300.11938 826860399798.34473
366.87367768916261 -829337929506.07971 829331123859.13525
366.87367969116497 -831817899033.37036 831811083218.52014
366.87368169316733 -834307145337.70435 834300319332.14441
366.87368369516969 -836805710092.05908 836798873872.91724
366.87368569717205 -839313635187.97876 839306788732.31433
366.87368769917441 -841830962736.88574 841824106021.68933
366.87368970117677 -844357735071.40015 844350868073.59338
366.87369170317913 -846893994746.66833 846887117443.10339
366.87369370518149 -849439784541.70129 849432896909.16089
366.87369570718386 -851995147460.72144 851988249475.91858
366.87369770918622 -854560126734.51868 854553218374.09631
366.87369971118858 -857134765821.8158 857127847062.34644
366.87370171319094 -859719108410.64246 859712179228.62817
366.87370371519336 -862313198419.71948 862306258791.59143
366.87370571719572 -864917079999.85156 864910129901.96985
366.87370771919808 -867530797535.3302 867523836943.9834
366.87370972120044 -870154395645.34619 870147424536.75122
366.8737117232028 -872787919185.4115 872780937535.7135
366.87371372520516 -875431413248.79053 875424421034.06238
366.87371572720753 -878084923167.94128 878077920364.18335
366.87371772920989 -880748494515.96692 880741481099.10693
366.87371973121225 -883422173108.07654 883415149053.96912
366.87372173321461 -886106005003.05627 886098970287.48279
366.87372373521697 -888800036504.75 888792991103.41821
366.87372573721933 -891504314163.55115 891497258052.09497
366.87372773922169 -894218884777.90393 894211817931.88306
366.87372974122405 -896943795395.81519 896936717790.71497
366.87373174322641 -899679093316.37671 899672004927.60791
366.87373374522878 -902424826091.29785 902417726894.19604
366.87373574723114 -905181041526.44763 905173931496.27319
366.8737377492335 -907947787683.40955 907940666795.34741
366.87373975123586 -910725112881.04541 910717981110.20459
366.87374175323822 -913513065697.07056 913505923018.48389
366.87374375524058 -916311694969.64001 916304541358.26392
366.87374575724294 -919121049798.94568 919113885229.65979
366.8737477592453 -921941179548.8241 921934003996.43115
366.87374976124767 -924772133848.37573 924764947287.60107
366.87375176325003 -927613962593.59497 927606764999.0863
366.87375376525239 -930466715949.01221 930459507295.33936
366.87375576725475 -933330444349.34692 933323224611.00146
366.87375776925711 -936205198501.17175 936197967652.56689
366.87375977125947 -939091029384.58862 939083787400.05872
366.87376177326183 -941987988254.91577 941980735108.71594
366.87376377526419 -944896126644.38757 944888862310.6936
366.87376577726661 -947815496363.86597 947808220816.77393
366.87376777926897 -950746149504.56311 950738862718.08899
366.87376978127133 -953688138439.77661 953680840387.85608
366.8737717832737 -956641515826.63647 956634206483.12451
366.87377378527606 -959606334607.86426 959599013946.53503
366.87377578727842 -962582648013.54492 962575316008.09119
366.87377778928078 -965570509562.91077 965563166186.9436
366.87377979128314 -968569973066.1377 968562618293.1864
366.8737817932855 -971581092626.15454 971573726429.66614
366.87378379528786 -974603922640.46484 974596544993.80383
366.87378579729022 -977638517802.98083 977631128679.42883
366.87378779929259 -980684933105.87073 980677532478.62622
366.87378980129495 -983743223841.41907 983735811683.59692
366.87379180329731 -986813445603.89966 986806021888.53101
366.87379380529967 -989895654291.46265 989888218991.49438
366.87379580730203 -992989906108.03394 992982459196.32849
366.87379780930439 -996096257565.22827 996088799014.56311
366.87379981130675 -999214765484.27612 999207295267.34375
366.87380181330911 -1002345486997.9639 1002338005087.3712
366.87380381531148 -1005488479552.5872 1005480985920.8553
366.87380581731384 -1008643800909.9187 1008636295529.4825
366.8738078193162 -1011811509149.1899 1011803991992.3979
366.87380982131856 -1014991662669.0872 1014984133708.2009
366.87381182332092 -1018184320189.7604 1018176779396.9543
366.87381382532328 -1021389540754.8475 1021381988102.2085
366.87381582732564 -1024607383733.5128 1024599819193.0398
366.873817829328 -1027837908822.4996 1027830332366.1034
366.87381983133037 -1031081176048.1978 1031073587647.7006
366.87382183333273 -1034337245768.7253 1034329645395.8605
366.87382383533509 -1037606178676.0255 1037598566302.437
366.87382583733751 -1040888035797.9784 1040880411395.2207
366.87382783933987 -1044182878500.5275 1044175242040.0651
366.87382984134223 -1047490768489.8219 1047483119943.0289
366.87383184334459 -1050811767814.3734 1050804107152.5333
366.87383384534695 -1054145938867.2291 1054138266061.5343
366.87383584734931 -1057493344388.1594 1057485659409.7108
366.87383784935167 -1060854047465.8621 1060846350285.6689
366.87383985135403 -1064228111540.1823 1064220402129.1617
366.8738418533564 -1067615600404.3468 1067607878733.3235
366.87384385535876 -1071016578207.2163 1071008844246.9219
366.87384585736112 -1074431109455.5527 1074423363176.6257
366.87384785936348 -1077859259016.303 1077851500389.2882
366.87384986136584 -1081301092118.8999 1081293321114.2483
366.8738518633682 -1084756674357.5787 1084748890945.6469
366.87385386537056 -1088226071693.7106 1088218275844.7603
366.87385586737292 -1091709350458.1523 1091701542142.3502
366.87385786937529 -1095206577353.6143 1095198756541.0316
366.87385987137765 -1098717819457.0449 1098709986117.6571
366.87386187338001 -1102243144222.0317 1102235298325.7178
366.87386387538237 -1105782619481.2202 1105774760997.7627
366.87386587738473 -1109336313448.7507 1109328442347.835
366.87386787938709 -1112904294722.7117 1112896410973.9255
366.87386988138945 -1116486632287.6123 1116478735860.446
366.87387188339181 -1120083395516.8726 1120075486380.718
366.87387388539418 -1123694654175.3296 1123686732299.4802
366.87387588739654 -1127320478421.7651 1127312543775.4153
366.8738778893989 -1130960938811.4487 1130952991363.6934
366.87387989140126 -1134616106298.7004 1134608146018.5344
366.87388189340362 -1138286052239.4734 1138278079095.792
366.87388389540598 -1141970848393.9546 1141962862355.552
366.87388589740834 -1145670566929.1821 1145662567964.7517
366.87388789941076 -1149385280421.6843 1149377268499.8179
366.87388990141312 -1153115061860.1375 1153107036949.325
366.87389190341548 -1156859984648.0444 1156851946716.6736
366.87389390541784 -1160620122606.4294 1160612071622.7856
366.87389590742021 -1164395549976.5544 1164387485908.8193
366.87389790942257 -1168186341422.6558 1168178264238.9082
366.87389991142493 -1171992572034.7014 1171984481702.916
366.87390191342729 -1175814317331.1653 1175806213819.2124
366.87390391542965 -1179651653261.8254 1179643536537.4702
366.87390591743201 -1183504656210.5815 1183496526241.4844
366.87390791943437 -1187373402998.2944 1187365259752.01
366.87390992143673 -1191257970885.6433 1191249814329.6201
366.8739119234391 -1195158437576.0068 1195150267677.5872
366.87391392544146 -1199074881218.3638 1199066697944.7827
366.87391592744382 -1203007380410.2158 1202999183728.6011
366.87391792944618 -1206956014200.5327 1206947804077.9045
366.87391993144854 -1210920862092.7183 1210912638495.9883
366.8739219334509 -1214902004047.5974 1214893766943.5686
366.87392393545326 -1218899520486.4277 1218891269841.7942
366.87392593745562 -1222913492293.9307 1222905228075.2766
366.87392793945799 -1226944000821.3479 1226935722995.1475
366.87392994146035 -1230991127889.5188 1230982836422.1357
366.87393194346271 -1235054955791.981 1235046650649.6682
366.87393394546507 -1239135567298.0935 1239127248446.9924
366.87393594746743 -1243233045656.1833 1243224713062.3237
366.87393794946979 -1247347474596.7161 1247339128226.0151
366.87393995147215 -1251478938335.488 1251470578153.7502
366.87394195347451 -1255627521576.8462 1255619147549.7625
366.87394395547688 -1259793309516.9299 1259784921610.0776
366.87394595747924 -1263976387846.937 1263967986025.7795
366.87394795948165 -1268176842756.4136 1268168426986.2993
366.87394996148402 -1272394760936.5688 1272386331182.7314
366.87395196348638 -1276630229583.6147 1276621785811.1719
366.87395396548874 -1280883336402.1301 1280874878576.0835
366.8739559674911 -1285154169608.4519 1285145697693.6865
366.87395796949346 -1289442817934.0906 1289434331895.3743
366.87395997149582 -1293749370629.1719 1293740870431.155
366.87396197349818 -1298073917465.9041 1298065403073.1191
366.87396397550054 -1302416548742.0696 1302408020118.9304
366.87396597750291 -1306777355284.5457 1306768812395.3469
366.87396797950527 -1311156428452.8499 1311147871261.7666
366.87396998150763 -1315553860142.7126 1315545288613.8
366.87397198350999 -1319969742789.6787 1319961156886.8713
366.87397398551235 -1324404169372.7327 1324395569059.844
366.87397598751471 -1328857233417.9539 1328848618658.6758
366.87397798951707 -1333329029002.1982 1333320399760.1008
366.87397999151943 -1337819650756.8081 1337811006995.3386
366.8739819935218 -1342329193871.3506 1342320535553.8333
366.87398399552416 -1346857754097.3838 1346849081187.0188
366.87398599752652 -1351405427752.2527 1351396740212.1167
366.87398799952888 -1355972311722.9133 1355963609515.958
366.87399000153124 -1360558503469.7849 1360549786558.8367
366.8739920035336 -1365164101030.6328 1365155369378.3923
366.87399400553596 -1369789203024.481 1369780456593.5227
366.87399600753832 -1374433908655.5544 1374425147408.3262
366.87399800954068 -1379098317717.2505 1379089541616.0728
366.87400001154305 -1383782530596.1404 1383773739603.2056
366.87400201354541 -1388486648276.0022 1388477842353.3745
366.87400401554777 -1393210772341.8848 1393201951451.4993
366.87400601755013 -1397955004984.2034 1397946169087.8657
366.87400801955249 -1402719449002.8662 1402710598062.252
366.87401002155491 -1407504207811.4319 1407495341788.0859
366.87401202355727 -1412309385441.2996 1412300504296.6357
366.87401402555963 -1417135086545.9309 1417126190241.2312
366.87401602756199 -1421981416405.105 1421972504901.5193
366.87401802956435 -1426848480929.2061 1426839554187.7512
366.87402003156672 -1431736386663.5435 1431727444645.1028
366.87402203356908 -1436645240792.7051 1436636283458.0281
366.87402403557144 -1441575151144.9468 1441566178454.6482
366.8740260375738 -1446526226196.6125 1446517238111.1724
366.87402803957616 -1451498575076.5891 1451489571556.3511
366.87403004157852 -1456492307570.7974 1456483288575.969
366.87403204358088 -1461507534126.7175 1461498499617.3699
366.87403404558324 -1466544365857.9475 1466535315794.0139
366.87403604758561 -1471602914548.7983 1471593848890.074
366.87403804958797 -1476683292658.925 1476674211365.0662
366.87404005159033 -1481785613327.9954 1481776516358.5193
366.87404205359269 -1486909990380.3921 1486900877694.6763
366.87404405559505 -1492056538329.9519 1492047409887.2334
366.87404605759741 -1497225372384.7437 1497216228144.1179
366.87404805959977 -1502416608451.8818 1502407448372.3032
366.87405006160213 -1507630363142.3787 1507621187182.6587
366.87405206360449 -1512866753776.0334 1512857561894.8411
366.87405406560686 -1518125898386.3616 1518116690542.2219
366.87405606760922 -1523407915725.5591 1523398691876.8535
366.87405806961158 -1528712925269.5093 1528703685374.4741
366.87406007161394 -1534041047222.8264 1534031791239.5522
366.8740620736163 -1539392402523.9409 1539383130410.3728
366.87406407561866 -1544767112850.2239 1544757824564.1597
366.87406607762102 -1550165300623.1499 1550155996122.2405
366.87406807962338 -1555587089013.5037 1555577768255.2517
366.8740700816258 -1561032601946.6252 1561023264888.385
366.87407208362816 -1566501964107.698 1566492610706.6741
366.87407408563053 -1571995300947.0771 1571985931160.3245
366.87407608763289 -1577512738685.6633 1577503352470.0864
366.87407808963525 -1583054404320.313 1583045001632.6648
366.87408009163761 -1588620425629.2952 1588611006426.1768
366.87408209363997 -1594210931177.7935 1594201495415.6533
366.87408409564233 -1599826050323.4485 1599816597958.5818
366.87408609764469 -1605465913221.9456 1605456444210.4937
366.87408809964705 -1611130650832.646 1611121165130.5957
366.87409010164941 -1616820394924.2629 1616810892487.4456
366.87409210365178 -1622535278080.5835 1622525758864.6743
366.87409410565414 -1628275433706.2363 1628265897666.7544
366.8740961076565 -1634040996032.5034 1634031443124.8098
366.87409810965886 -1639832100123.1802 1639822530302.4783
366.87410011166122 -1645648881880.4824 1645639295101.8167
366.87410211366358 -1651491478050.9988 1651481874269.2544
366.87410411566594 -1657360026231.6921 1657350405401.594
366.8741061176683 -1663254664875.948 1663245026952.0603
366.87410811967067 -1669175533299.6719 1669165878236.397
366.87411012167303 -1675122771687.4346 1675113099439.0127
366.87411212367539 -1681096521098.6692 1681086831619.1772
366.87411412567775 -1687096923473.917 1687087216717.2683
366.87411612768011 -1693124121641.1228 1693114397561.0662
366.87411812968247 -1699178259321.9805 1699168517872.0994
366.87412013168483 -1705259481138.3306 1705249722272.0427
366.87412213368719 -1711367932618.6091 1711358156289.1653
366.87412413568956 -1717503760204.3496 1717493966364.8333
366.87412613769192 -1723667111256.7346 1723657299860.061
366.87412813969428 -1729858134063.2034 1729848305062.1187
366.87413014169664 -1736076977844.1106 1736067131191.1914
366.87413214369906 -1742323792759.4417 1742313928407.094
366.87413414570142 -1748598729915.5779 1748588847816.0366
366.87413614770378 -1754901941372.1218 1754892041477.4495
366.87413814970614 -1761233580148.7756 1761223662410.8623
366.8741401517085 -1767593800232.2754 1767583864602.8374
366.87414215371086 -1773982756583.3806 1773972803013.96
366.87414415571322 -1780400605143.9236 1780390633585.887
366.87414615771559 -1786847502843.9136 1786837513248.4519
366.87414815971795 -1793323607608.7009 1793313599926.8284
366.87415016172031 -1799829078366.1968 1799819052548.75
366.87415216372267 -1806364075054.1533 1806354031051.7908
366.87415416572503 -1812928758627.5039 1812918696390.7046
366.87415616772739 -1819523291065.7634 1819513210544.8264
366.87415816972975 -1826147835380.4895 1826137736525.533
366.87416017173211 -1832802555622.8052 1832792438383.7659
366.87416217373448 -1839487616890.9812 1839477481217.6135
366.87416417573684 -1846203185338.082 1846193031179.9573
366.8741661777392 -1852949428179.6733 1852939255486.1785
366.87416817974156 -1859726513701.593 1859716322421.9297
366.87417018174392 -1866534611267.791 1866524401350.9756
366.87417218374628 -1873373891328.2292 1873363662723.0911
366.87417418574864 -1880244525426.8467 1880234278082.0281
366.874176187751 -1887146686209.5916 1887136420073.5461
366.87417818975337 -1894080547432.5186 1894070262453.5107
366.87418019175573 -1901046283969.9543 1901035980096.0586
366.87418219375809 -1908044071822.7305 1908033749001.8301
366.87418419576045 -1915074088126.4849 1915063746306.2715
366.87418619776281 -1922136511160.0315 1922126150288.0042
366.87418819976517 -1929231520353.7993 1929221140377.2629
366.87419020176753 -1936359296298.3418 1936348897164.4075
366.87419220376995 -1943520020752.9185 1943509602408.5012
366.87419420577231 -1950713876654.1453 1950703439045.9644
366.87419620777467 -1957941048124.7197 1957930591199.2969
366.87419820977703 -1965201720482.2163 1965191244185.8752
366.8742002117794 -1972496080247.9578 1972485584526.823
366.87420221378176 -1979824315155.959 1979813799955.9553
366.87420421578412 -1987186614161.9463 1987176079428.7974
366.87420621778648 -1994583167452.4524 1994572613131.6802
366.87420821978884 -2002014166453.9873 2002003592490.9109
366.8742102217912 -2009479803842.2861 2009469210182.0208
366.87421222379356 -2016980273551.6362 2016969660139.0928
366.87421422579592 -2024515770784.28 2024505137564.1636
366.87421622779829 -2032086492019.8967 2032075838936.7058
366.87421822980065 -2039692635025.167 2039681962023.1924
366.87422023180301 -2047334398863.4172 2047323705886.7415
366.87422223380537 -2055011983904.3442 2055001270896.8403
366.87422423580773 -2062725591833.8213 2062714858739.1519
366.87422623781009 -2070475425663.7864 2070464672425.4023
366.87422823981245 -2078261689742.2178 2078250916303.3577
366.87423024181481 -2086084589763.1924 2086073796066.8816
366.87423224381718 -2093944332777.0283 2093933518766.0774
366.87423424581954 -2101841127200.5134 2101830292817.5176
366.8742362478219 -2109775182827.2236 2109764328014.5615
366.87423824982426 -2117746710837.9263 2117735835537.759
366.87424025182662 -2125755923811.0732 2125745027965.3435
366.87424225382898 -2133803035733.3821 2133792119283.813
366.87424425583134 -2141888262010.5093 2141877324898.6033
366.8742462578337 -2150011819477.813 2150000861644.8506
366.87424825983607 -2158173926411.2092 2158162947798.2488
366.87425026183843 -2166374802538.1194 2166363803085.9949
366.87425226384079 -2174614669048.5112 2174603648697.8323
366.87425426584321 -2182893748606.0366 2182882707297.187
366.87425626784557 -2191212265359.2605 2191201203032.3967
366.87425826984793 -2199570444952.9912 2199559361548.042
366.87426027185029 -2207968514539.7056 2207957409996.3706
366.87426227385265 -2216406702791.0674 2216395577048.8154
366.87426427585501 -2224885239909.5586 2224874092907.6279
366.87426627785737 -2233404357640.2012 2233393189317.5972
366.87426827985973 -2241964289282.3779 2241953099577.8721
366.8742702818621 -2250565269701.7598 2250554058553.8896
366.87427228386446 -2259207535342.3345 2259196302689.4009
366.87427428586682 -2267891324238.5449 2267880070018.6128
366.87427628786918 -2276616876027.5239 2276605600178.4199
366.87427828987154 -2285384431961.4346 2285373134420.7461
366.8742802918739 -2294194234919.9233 2294182915624.9971
366.87428229387626 -2303046529422.6787 2303035188310.6201
366.87428429587862 -2311941561642.1021 2311930198649.7739
366.87428629788099 -2320879579416.0884 2320868194480.1094
366.87428829988335 -2329860832260.915 2329849425317.6587
366.87429030188571 -2338885571384.2461 2338874142369.8398
366.87429230388807 -2347954049698.248 2347942598548.5723
366.87429430589043 -2357066521832.8179 2357055048483.5039
366.87429630789279 -2366223244148.9287 2366211748535.3584
366.87429830989515 -2375424474752.0928 2375412956809.397
366.87430031189751 -2384670473505.9438 2384658933169.001
366.87430231389988 -2393961502045.936 2393949939249.3706
366.87430431590224 -2403297823793.1665 2403286238471.3491
366.8743063179046 -2412679703968.312 2412668096055.3569
366.87430831990696 -2422107409605.6948 2422095779035.4595
366.87431032190932 -2431581209567.4722 2431569556273.5547
366.87431232391168 -2441101374557.9468 2441089698473.686
366.87431432591404 -2450668177138.0093 2450656478196.4834
366.87431632791646 -2460281891739.7041 2460270169873.7285
366.87431832991882 -2469942794680.9233 2469931049823.0503
366.87432033192118 -2479651164180.2271 2479639396262.7441
366.87432233392354 -2489407280371.8018 2489395489326.73
366.87432433592591 -2499211425320.5513 2499199611079.644
366.87432633792827 -2509063883037.3218 2509052045532.0645
366.87432833993063 -2518964939494.2549 2518953078655.8618
366.87433034193299 -2528914882640.2842 2528902998399.6987
366.87433234393535 -2538914002416.7676 2538902094704.6602
366.87433434593771 -2548962590773.2598 2548950659520.0269
366.87433634794007 -2559060941683.4238 2559048986819.186
366.87433834994243 -2569209351161.0845 2569197372615.686
366.8743403519448 -2579408117276.4263 2579396114979.4336
366.87434235394716 -2589657540172.3301 2589645514053.0288
366.87434435594952 -2599957922080.8677 2599945872068.2632
366.87434635795188 -2610309567339.9409 2610297493362.7563
366.87434835995424 -2620712782410.0596 2620700684396.7339
366.8743503619566 -2631167875891.2788 2631155753769.9663
366.87435236395896 -2641675158540.2876 2641663012238.8555
366.87435436596132 -2652234943287.6504 2652222772733.6777
366.87435636796368 -2662847545255.2046 2662835350375.981
366.87435836996605 -2673513281773.6191 2673501062496.1431
366.87436037196841 -2684232472400.1045 2684220228651.0825
366.87436237397077 -2695005438936.2842 2694993170642.1289
366.87436437597313 -2705832505446.2261 2705820212533.0547
366.87436637797549 -2716713998274.6392 2716701680668.272
366.87436837997785 -2727650246065.2368 2727637903691.1963
366.87437038198021 -2738641579779.2622 2738629212562.7705
366.87437238398257 -2749688332714.1851 2749675940580.1631
366.87437438598494 -2760790840522.5693 2760778423395.6348
366.87437638798735 -2771949441231.1133 2771936999035.5801
366.87437838998972 -2783164475259.8623 2783152007919.7383
366.87438039199208 -2794436285441.5894 2794423792880.5752
366.87438239399444 -2805765217041.3555 2805752699182.8423
366.8743843959968 -2817151617776.2539 2817139074543.3223
366.87438639799916 -2828595837835.3394 2828583269150.7578
366.87438840000152 -2840098229899.7261 2840085635685.9497
366.87439040200388 -2851659149162.8755 2851646529342.0435
366.87439240400624 -2863278953351.0708 2863266307845.0059
366.87439440600861 -2874958002744.085 2874945331474.291
366.87439640801097 -2886696660196.0269 2886683963083.688
366.87439841001333 -2898495291156.3872 2898482568122.3652
366.87440041201569 -2910354263691.2725 2910341514656.106
366.87440241401805 -2922273948504.8433 2922261173388.7456
366.87440441602041 -2934254718960.9453 2934241917683.8032
366.87440641802277 -2946296951104.9395 2946284123586.311
366.87440842002513 -2958401023685.7319 2958388169844.8452
366.87441042202749 -2970567318178.0142 2970554437933.7656
366.87441242402986 -2982796218804.7036 2982783312075.6562
366.87441442603222 -2995088112559.5898 2995075179263.9707
366.87441642803458 -3007443389230.1997 3007430429285.8994
366.87441843003694 -3019862441420.8721 3019849454745.4424
366.8744204320393 -3032345664576.0435 3032332651086.6958
366.87442243404166 -3044893457003.7505 3044880416617.354
366.87442443604402 -3057506219899.3574 3057493152532.437
366.87442643804638 -3070184357369.499 3070171262938.2339
366.87442844004875 -3082928276456.2529 3082915154876.4746
366.87443044205111 -3095738387161.5312 3095725238348.7222
366.87443244405347 -3108615102471.7056 3108601926340.9971
366.87443444605583 -3121558838382.4556 3121545634848.626
366.87443644805819 -3134570013923.8564 3134556782901.3291
366.87443845006061 -3147649051185.6997 3147635792588.541
366.87444045206297 -3160796375343.0601 3160783089084.978
366.87444245406533 -3174012414682.0962 3173999100676.4385
366.87444445606769 -3187297600626.0898 3187284258785.8418
366.87444645807005 -3200652367761.7339 3200638997999.5166
366.87444846007241 -3214077153865.6719 3214063756093.7402
366.87445046207478 -3227572399931.2856 3227558974061.5269
366.87445246407714 -3241138550195.7349 3241125096139.6655
366.8744544660795 -3254776052167.2588 3254762569836.0244
366.87445646808186 -3268485356652.7251 3268471845957.0967
366.87445847008422 -3282266917785.4517 3282253378635.8247
366.87446047208658 -3296121193053.2905 3296107625359.6821
366.87446247408894 -3310048643326.9717 3310035046999.02
366.8744644760913 -3324049732888.7256 3324036107835.686
366.87446647809367 -3338124929461.1719 3338111275591.9165
366.87446848009603 -3352274704236.4893 3352261021459.5044
366.87447048209839 -3366499531905.8564 3366485820129.2402
366.87447248410075 -3380799890689.1812 3380786149820.6421
366.87447448610311 -3395176262365.1094 3395162492311.9639
366.87447648810547 -3409629132301.3213 3409615332970.4912
366.87447849010783 -3424158989485.1221 3424145160783.1333
366.87448049211019 -3438766326554.3296 3438752468387.3101
366.87448249411256 -3453451639828.4404 3453437752102.1167
366.87448449611492 -3468215429340.1226 3468201511959.8198
366.87448649811728 -3483058198866.9941 3483044251737.6318
366.87448850011964 -3497980455963.7056 3497966478989.7969
366.874490502122 -3512982711994.3423 3512968705079.9907
366.87449250412436 -3528065482165.1343 3528051445214.0322
366.87449450612672 -3543229285557.4897 3543215218472.9165
366.87449650812908 -3558474645161.3364 3558460547846.1553
366.8744985101315 -3573802087908.7896 3573787960265.4453
366.87450051213386 -3589212144708.1562 3589197986638.6743
366.87450251413622 -3604705350478.2646 3604691161884.248
366.87450451613859 -3620282244183.1167 3620268024965.7432
366.87450651814095 -3635943368866.8818 3635929118926.9023
366.87450852014331 -3651689271689.251 3651674990926.9873
366.87451052214567 -3667520503961.1069 3667506192276.4487
366.87451252414803 -3683437621180.5649 3683423278472.9683
366.87451452615039 -3699441183069.3564 3699426809237.8403
366.87451652815275 -3715531753609.5737 3715517348552.7192
366.87451853015511 -3731709901080.7686 3731695464696.7148
366.87452053215748 -3747976198097.4165 3747961730283.8604
366.87452253415984 -3764331221646.7505 3764316722300.9419
366.8745245361622 -3780775553126.9565 3780761022145.6973
366.87452653816456 -3797309778385.7627 3797295215665.4033
366.87452854016692 -3813934487759.4028 3813919893195.8418
366.87453054216928 -3830650276111.9536 3830635649600.6323
366.87453254417164 -3847457742875.0688 3847443084310.9712
366.874534546174 -3864357492088.106 3864342801365.7549
366.87453654817637 -3881350132438.6484 3881335409452.104
366.87453855017873 -3898436277303.4312 3898421521946.2866
366.87454055218109 -3915616544789.6655 3915601756955.0464
366.87454255418345 -3932891557776.7881 3932876737357.3486
366.87454455618581 -3950261943958.6094 3950247090846.5303
366.87454655818817 -3967728335885.8926 3967713449972.8784
366.87454856019053 -3985291371009.3506 3985276452186.627
366.87455056219289 -4002951691723.0703 4002936739881.3818
366.87455256419526 -4020709945408.375 4020694960437.9819
366.87455456619762 -4038566784478.1172 4038551766268.792
366.87455656819998 -4056522866421.4297 4056507814862.4561
366.87455857020234 -4074578853848.9189 4074563768829.0889
366.87456057220476 -4092735414538.3013 4092720295945.9111
366.87456257420712 -4110993221480.4985 4110978069203.3467
366.87456457620948 -4129352952926.208 4129337766851.5928
366.87456657821184 -4147815292432.936 4147800072447.6523
366.8745685802142 -4166380928912.5034 4166365674902.8398
366.87457058221656 -4185050556679.0322 4185035268530.7686
366.87457258421892 -4203824875497.4175 4203809553095.8213
366.87457458622129 -4222704590632.2817 4222689233862.106
366.87457658822365 -4241690412897.4399 4241675021642.9209
366.87457859022601 -4260783058705.8442 4260767632850.6968
366.87458059222837 -4279983250120.0454 4279967789547.4609
366.87458259423073 -4299291714903.1812 4299276219495.8252
366.87458459623309 -4318709186570.458 4318693656210.4668
366.87458659823545 -4338236404441.166 4338220839010.1426
366.87458860023781 -4357874113691.2329 4357858513070.2456
366.87459060224018 -4377623065406.3081 4377607429475.8867
366.87459260424254 -4397484016635.3784 4397468345275.5122
366.8745946062449 -4417457730444.9414 4417442023535.0742
366.87459660824726 -4437544975973.7266 4437529233392.7549
366.87459861024962 -4457746528487.9883 4457730750114.2578
366.87460061225198 -4478063169437.3545 4478047355148.6562
366.87460261425434 -4498495686511.2803 4498479836184.8496
366.8746046162567 -4519044873696.0381 4519028987208.5498
366.87460661825907 -4539711531332.293 4539695608559.8584
366.87460862026143 -4560496466173.3047 4560480506991.4688
366.87461062226379 -4581400491443.7207 4581384495727.459
366.87461262426615 -4602424426898.957 4602408394522.6709
366.87461462626851 -4623569098885.2119 4623553029722.7275
366.87461662827087 -4644835340400.0986 4644819234324.6621
366.87461863027323 -4666223991153.8936 4666207848038.168
366.87462063227565 -4687735897631.4287 4687719717347.4902
366.87462263427801 -4709371913154.6338 4709355695573.9697
366.87462463628037 -4731132897945.7158 4731116642939.2197
366.87462663828273 -4753019719191.0059 4753003426628.9746
366.8746286402851 -4775033251105.4717 4775016920857.6025
366.87463064228746 -4797174374997.8965 4797158006933.2832
366.87463264428982 -4819443979336.7461 4819427573323.875
366.87463464629218 -4841842959816.7051 4841826515723.4521
366.87463664829454 -4864372219425.9414 4864355737119.5684
366.8746386502969 -4887032668514.0605 4887016147861.2119
366.87464065229926 -4909825224860.7588 4909808665727.458
366.87464265430162 -4932750813745.207 4932734215996.8525
366.87464465630399 -4955810368016.1738 4955793731517.5352
366.87464665830635 -4979004828162.8828 4978988152778.0977
366.87464866030871 -5002335142386.6211 5002318427979.1914
366.87465066231107 -5025802266673.0771 5025785513105.8652
366.87465266431343 -5049407164865.4736 5049390372000.6973
366.87465466631579 -5073150808738.4834 5073133976437.7148
366.87465666831815 -5097034178072.9043 5097017306197.0635
366.87465867032051 -5121058260731.1123 5121041349140.4658
366.87466067232288 -5145224052733.3418 5145207101287.4971
366.87466267432524 -5169532558334.7588 5169515566892.6611
366.8746646763276 -5193984790103.3652 5193967758523.292
366.87466667832996 -5218581768998.7471 5218564697138.3066
366.87466868033232 -5243324524451.6592 5243307412167.7861
366.87467068233468 -5268214094444.415 5268196941593.3643
366.87467268433704 -5293251525592.1826 5293234332029.5273
366.8746746863394 -5318437873225.1436 5318420638805.7705
366.87467668834176 -5343774201471.5293 5343756926049.6348
366.87467869034413 -5369261583341.5361 5369244266770.6221
366.87468069234649 -5394901100812.1602 5394883742945.0283
366.87468269434891 -5420693844912.9463 5420676445601.6982
366.87468469635127 -5446640915812.6357 5446623474908.6641
366.87468669835363 -5472743422906.75 5472725940260.7354
366.87468870035599 -5499002484906.166 5498984960368.0752
366.87469070235835 -5525419229926.6123 5525401663345.6904
366.87469270436071 -5551994795579.1299 5551977186803.8994
366.87469470636307 -5578730329061.5234 5578712677939.7773
366.87469670836543 -5605626987250.791 5605609293629.5898
366.8746987103678 -5632685936796.5811 5632668200522.248
366.87470071237016 -5659908354215.6504 5659890575133.7666
366.87470271437252 -5687295425987.3369 5687277603942.7363
366.87470471637488 -5714848348650.123 5714830483486.8906
366.87470671837724 -5742568328899.2109 5742550420460.6748
366.8747087203796 -5770456583685.1543 5770438631813.8828
366.87471072238196 -5798514340313.6133 5798496344851.4111
366.87471272438432 -5826742836546.165 5826724797334.0674
366.87471472638669 -5855143320702.2168 5855125237580.4844
366.87471672838905 -5883717051762.0635 5883698924570.1787
366.87471873039141 -5912465299471.0732 5912447128047.7363
366.87472073239377 -5941389344444.9971 5941371128628.1191
366.87472273439613 -5970490478276.4619 5970472217903.1611
366.87472473639849 -5999770003642.6289 5999751698549.2256
366.87472673840085 -6029229234414.043 6029210884436.0537
366.87472874040321 -6058869495764.7246 6058851100736.8594
366.87473074240557 -6088692124283.4375 6088673684039.5947
366.87473274440794 -6118698468086.1611 6118679982459.4199
366.8747347464103 -6148889886929.8584 6148871355752.4756
366.87473674841266 -6179267752327.5225 6179249175430.9277
366.87473875041502 -6209833447664.459 6209814824879.249
366.87474075241738 -6240588368315.8916 6240569699471.8262
366.8747427544198 -6271533921765.8447 6271515206691.8389
366.87474475642216 -6302671527727.4004 6302652766251.5215
366.87474675842452 -6334002618264.2891 6333983810213.751
366.87474876042688 -6365528637913.8232 6365509783114.9795
366.87475076242924 -6397251043811.2432 6397232142089.585
366.87475276443161 -6429171305815.4297 6429152356995.5771
366.87475476643397 -6461290906636.0264 6461271910541.7256
366.87475676843633 -6493611341962.0068 6493592298416.1221
366.87475877043869 -6526134120591.6846 6526115029416.1953
366.87476077244105 -6558860764564.1934 6558841625580.1875
366.87476277444341 -6591792809292.4463 6591773622320.1143
366.87476477644577 -6624931803697.5859 6624912568556.2139
366.87476677844813 -6658279310345.0098 6658260026852.9775
366.87476878045049 -6691836905581.9082 6691817573556.6807
366.87477078245286 -6725606179676.3271 6725586798934.4482
366.87477278445522 -6759588736957.8564 6759569307314.9453
366.87477478645758 -6793786195959.9189 6793766717230.6631
366.87477678845994 -6828200189563.6719 6828180661561.8203
366.8747787904623 -6862832365143.5225 6862812787681.8818
366.87478079246466 -6897684384714.3604 6897664757604.7871
366.87478279446702 -6932757925080.4404 6932738248133.8359
366.87478479646938 -6968054677985.9824 6968034951012.2871
366.87478679847175 -7003576350267.4658 7003556573075.6514
366.87478880047411 -7039324664007.7158 7039304836405.7812
366.87479080247647 -7075301356691.7451 7075281478486.709
366.87479280447883 -7111508181364.377 7111488252362.2705
366.87479480648119 -7147946906789.7217 7147926926795.584
366.87479680848355 -7184619317612.4814 7184599286430.3535
366.87479881048591 -7221527214521.0938 7221507131954.0107
366.87480081248827 -7258672414412.7686 7258652280262.7539
366.87480281449064 -7296056750560.4482 7296036564628.5068
366.87480481649305 -7333682072781.708 7333661834867.8203
366.87480681849541 -7371550247609.6221 7371529957512.7363
366.87480882049778 -7409663158465.6006 7409642815983.627
366.87481082250014 -7448022705834.2656 7448002310764.0703
366.8748128245025 -7486630807440.3496 7486610359577.7461
366.87481482650486 -7525489398427.6562 7525468897567.4004
366.87481682850722 -7564600431540.1113 7564579877475.8926
366.87481883050958 -7603965877304.9551 7603945269829.3916
366.87482083251194 -7643587724218.0752 7643567063122.7061
366.8748228345143 -7683467978931.4961 7683447264006.7734
366.87482483651667 -7723608666443.083 7723587897478.3662
366.87482683851903 -7764011830288.4805 7763991007072.0283
366.87482884052139 -7804679532735.3223 7804658655054.2861
366.87483084252375 -7845613854979.6982 7845592922620.1143
366.87483284452611 -7886816897344.9883 7886795910091.7705
366.87483484652847 -7928290779483.0391 7928269737119.9717
366.87483684853083 -7970037640577.7158 7970016542887.4463
366.87483885053319 -8012059639550.8496 8012038486314.8809
366.87484085253556 -8054358955270.6562 8054337746269.3389
366.87484285453792 -8096937786762.6182 8096916521775.1445
366.87484485654028 -8139798353422.8984 8139777032227.291
366.87484685854264 -8182942895234.2832 8182921517607.3916
366.874848860545 -8226373672984.7295 8226352238702.2197
366.87485086254736 -8270092968488.4678 8270071477324.8154
366.87485286454972 -8314103084809.8145 8314081536538.2969
366.87485486655208 -8358406346489.6074 8358384740882.2949
366.87485686855445 -8403005099774.4102 8402983436602.1582
366.87485887055681 -8447901712848.4902 8447879991880.9326
366.87486087255917 -8493098576068.5176 8493076797074.0557
366.87486287456153 -8538598102201.1396 8538576264946.9375
366.87486487656395 -8584402726663.4375 8584380830915.4111
366.87486687856631 -8630514907766.2227 8630492953289.0322
366.87486888056867 -8676937126960.3359 8676915113517.377
366.87487088257103 -8723671889085.9258 8723649816439.3223
366.87487288457339 -8770721722624.7432 8770699590535.3369
366.87487488657575 -8818089179955.4922 8818066988182.8359
366.87487688857811 -8865776837612.2832 8865754585914.6309
366.87487889058048 -8913787296546.2656 8913764984680.5645
366.87488089258284 -8962123182390.4141 8962100810112.293
366.8748828945852 -9010787145727.582 9010764712791.3457
366.87488489658756 -9059781862361.8711 9059759368520.4902
366.87488689858992 -9109110033593.2422 9109087478598.3457
366.87488890059228 -9158774386495.4863 9158751770097.3496
366.87489090259464 -9208777674197.7188 9208754996145.2559
366.874892904597 -9259122676169.2461 9259099936209.998
366.87489490659937 -9309812198507.9785 9309789396388.1094
366.87489690860173 -9360849074232.375 9360826209696.6582
366.87489891060409 -9412236163576.9805 9412213236368.7891
366.87490091260645 -9463976354291.7266 9463953364153.0254
366.87490291460881 -9516072561944.8633 9516049508616.2012
366.87490491661117 -9568527730229.5176 9568504613450.0117
366.87490691861353 -9621344831274.2207 9621321650781.5508
366.87490892061589 -9674526865957.3555 9674503621487.7559
366.87491092261826 -9728076864225.3516 9728053555513.5957
366.87491292462062 -9781997885414.9336 9781974512194.3281
366.87491492662298 -9836293018579.4023 9836269580581.7773
366.87491692862534 -9890965382818.9004 9890941879774.5957
366.8749189306277 -9946018127614.9395 9945994559252.7949
366.87492093263006 -10001454433169.066 10001430799216.412
366.87492293463242 -10057277510745.879 10057253810928.529
366.87492493663478 -10113490603020.227 10113466837062.461
366.8749269386372 -10170096984428.762 10170073152053.322
366.87492894063956 -10227099961526.041 10227076062454.115
366.87493094264192 -10284502873345.055 10284478907296.27
366.87493294464429 -10342309091762.293 10342285058454.699
366.87493494664665 -10400522021867.51 10400497921017.576
366.87493694864901 -10459145102338.154 10459120933660.75
366.87493895065137 -10518181805818.561 10518157569026.951
366.87494095265373 -10577635639303.926 10577611334109.758
366.87494295465609 -10637510144529.092 10637485770642.381
366.87494495665845 -10697808898362.486 10697784455491.605
366.87494695866081 -10758535513205.008 10758511001056.678
366.87494896066318 -10819693637394.061 10819669055673.34
366.87495096266554 -10881286955612.57 10881262304022.838
366.8749529646679 -10943319189303.396 10943294467546.344
366.87495496667026 -11005794097089.123 11005769304864.742
366.87495696867262 -11068715475197.139 11068690612203.707
366.87495897067498 -11132087157890.186 11132062223824.256
366.87496097267734 -11195913017902.633 11195888012459.021
366.8749629746797 -11260196966882.158 11260171889753.93
366.87496497668207 -11324942955837.291 11324917806715.75
366.87496697868443 -11390154975590.736 11390129754165.41
366.87496898068679 -11455837057238.559 11455811763197.189
366.87497098268915 -11521993272615.273 11521967905643.799
366.87497298469151 -11588627734765.086 11588602294547.635
366.87497498669387 -11655744598419.266 11655719084638.137
366.87497698869623 -11723348060479.619 11723322472815.271
366.87497899069859 -11791442360508.482 11791416698639.523
366.87498099270096 -11860031781224.922 11860006044828.092
366.87498299470332 -11929120649007.582 11929094837757.738
366.87498499670568 -11998713334404.115 11998687447974.223
366.87498699870804 -12068814252647.332 12068788290708.449
366.87498900071046 -12139427864178.006 12139401826399.268
366.87499100271282 -12210558675174.66 12210532561223.266
366.87499300471518 -12282211238090.475 12282185047631.674
366.87499500671754 -12354390152197.021 12354363884894.098
366.8749970087199 -12427100064135.453 12427073719649.715
366.87499901072226 -12500345668474.887 12500319246465.646
366.87500101272462 -12574131708278.1 12574105208402.662
366.87500301472699 -12648462975674.949 12648436397588.598
366.87500501672935 -12723344312443.344 12723317655799.322
366.87500701873171 -12798780610597.963 12798753875047.461
366.87500902073407 -12874776812986.895 12874749998179.037
366.87501102273643 -12951337913896.186 12951311019478.012
366.87501302473879 -13028468959662.484 13028441985278.936
366.87501502674115 -13106175049293.916 13106147994587.82
366.87501702874351 -13184461335099.301 13184434199711.354
366.87501903074588 -13263333023325.895 13263305806894.645
366.87502103274824 -13342795374805.754 13342768076967.588
366.8750230347506 -13422853705610.75 13422826325999.879
366.87502503675296 -13503513387716.393 13503485925964.83
366.87502703875532 -13584779849674.754 13584752305412.305
366.87502904075768 -13666658577296.426 13666630950150.664
366.87503104276004 -13749155114341.713 13749127403937.969
366.8750330447624 -13832275063221.496 13832247269182.84
366.87503504676476 -13916024085707.301 13915996207654.521
366.87503704876713 -14000407903651.229 14000379941202.822
366.87503905076949 -14085432299715.648 14085404252487.795
366.87504105277185 -14171103118112.898 14171074985719.447
366.87504305477421 -14257426265355.314 14257398047407.768
366.87504505677657 -14344407711015.295 14344379407122.787
366.87504705877893 -14432053488495.857 14432025098265.137
366.87504906078135 -14520369695811.932 14520341218847.348
366.87505106278371 -14609362496382.344 14609333932285.822
366.87505306478607 -14699038119832.627 14699009468203.652
366.87505506678843 -14789402862809.217 14789374123244.818
366.8750570687908 -14880463089804.732 14880434261899.461
366.87505907079316 -14972225233994.607 14972196317340.518
366.87506107279552 -15064695798085.508 15064666792272.137
366.87506307479788 -15157881355175.682 15157852259790.035
366.87506507680024 -15251788549626.996 15251759364253.521
366.8750670788026 -15346424097949.312 15346394822169.885
366.87506908080496 -15441794789697.281 15441765423091.18
366.87507108280732 -15537907488379.57 15537878030523.459
366.87507308480969 -15634769132381.029 15634739582848.941
366.87507508681205 -15732386735897.555 15732357094260.863
366.87507708881441 -15830767389884.24 15830737655711.645
366.87507909081677 -15929918263017.039 15929888435874.539
366.87508109281913 -16029846602667.754 16029816682118.635
366.87508309482149 -16130559735892.846 16130529721497.652
366.87508509682385 -16232065070436.229 16232034961752.742
366.87508709882621 -16334370095746.557 16334339892329.777
366.87508910082857 -16437482384008.75 16437452085410.873
366.87509110283094 -16541409591190.07 16541379196960.465
366.8750931048333 -16646159458101.318 16646128967786.504
366.87509510683566 -16751739811473.096 16751709224616.721
366.87509710883802 -16858158565047.35 16858127881190.166
366.87509911084038 -16965423720684.75 16965392939364.594
366.87510111284274 -17073543369487.822 17073512490239.59
366.8751031148451 -17182525692940.16 17182494715295.781
366.87510511684746 -17292378964062.17 17292347887550.588
366.87510711884983 -17403111548583.439 17403080372730.588
366.87510912085219 -17514731906131.734 17514700630460.508
366.87511112285461 -17627248591439.676 17627217215469.906
366.87511312485697 -17740670255568.668 17740638778817.109
366.87511512685933 -17855005647150.543 17854974069130.84
366.87511712886169 -17970263613646.891 17970231933869.551
366.87511913086405 -18086453102627.098 18086421320599.465
366.87512113286641 -18203583163065.336 18203551278291.574
366.87512313486877 -18321662946655.906 18321630958636.969
366.87512513687113 -18440701709147.82 18440669617381.418
366.87512713887349 -18560708811699.379 18560676615679.965
366.87512914087586 -18681693722252.281 18681661421471.012
366.87513114287822 -18803666016926.121 18803633610870.84
366.87513314488058 -18926635381433.555 18926602869588.762
366.87513514688294 -19050611612515.422 19050578994362.246
366.8751371488853 -19175604619397.855 19175571894414.027
366.87513915088766 -19301624425270.895 19301591592930.715
366.87514115289002 -19428681168788.844 19428648228563.164
366.87514315489238 -19556785105592.871 19556752056949.055
366.87514515689475 -19685946609856.055 19685913452257.957
366.87514715889711 -19816176175851.742 19816142908759.676
366.87514916089947 -19947484419545.203 19947451042415.906
366.87515116290183 -20079882080209.285 20079848592495.902
366.87515316490419 -20213380022063.855 20213346423215.898
366.87515516690655 -20347989235939.797 20347955525403.117
366.87515716890891 -20483720840968.348 20483687018185.109
366.87515917091127 -20620586086295.668 20620552150704.309
366.87516117291364 -20758596352823.055 20758562303858.266
366.875163174916 -20897763154973.316 20897728992066.004
366.87516517691836 -21038098142484.203 21038063865061.457
366.87516717892072 -21179613102228.738 21179578709713.801
366.87516918092308 -21322319960063.402 21322285451875.641
366.8751711829255 -21466230782704.137 21466196158258.996
366.87517318492786 -21611357779631.066 21611323038340.055
366.87517518693022 -21757713305022.008 21757678446292.652
366.87517718893258 -21905309859715.668 21905274882951.48
366.87517919093494 -22054160093205.016 22054124997805.469
366.8751811929373 -22204276805660.551 22204241591021.031
366.87518319493967 -22355672949985.094 22355637615496.875
366.87518519694203 -22508361633900.219 22508326178950.422
366.87518719894439 -22662356122064.805 22662320546036.363
366.87518920094675 -22817669838226.086 22817634140497.711
366.87519120294911 -22974316367404.219 22974280547350.367
366.87519320495147 -23132309458110.098 23132273515100.934
366.87519520695383 -23291663024597.832 23291626957999.188
366.87519720895619 -23452391149152 23452354958325.332
366.87519921095856 -23614508084411.105 23614471768713.469
366.87520121296092 -23778028255726.895 23777991814510.902
366.87520321496328 -23942966263560.152 23942929696173.934
366.87520521696564 -24109336885914.082 24109300191701.242
366.875207218968 -24277155080806.141 24277118259105.723
366.87520922097036 -24446435988778.547 24446399038924.996
366.87521122297272 -24617194935448.094 24617157856771.215
366.87521322497508 -24789447434095.984 24789410225920.898
366.87521522697745 -24963209188298.953 24963171849946.059
366.87521722897981 -25138496094601.75 25138458625386.684
366.87521923098217 -25315324245231.773 25315286644465.363
366.87522123298453 -25493709930856.816 25493672197845.051
366.87522323498689 -25673669643386.469 25673631777430.438
366.87522523698925 -25855220078818.262 25855182079214.121
366.87522723899161 -26038378140129.754 26038340006168.688
366.87522924099397 -26223160940215.715 26223122671183.879
366.87523124299634 -26409585804872.809 26409547400051.301
366.87523324499875 -26597670275832.246 26597631734497.051
366.87523524700111 -26787432113840.594 26787393435262.539
366.87523724900348 -26978889301790.73 26978850485235.438
366.87523925100584 -27172060047903.02 27172021092630.867
366.8752412530082 -27366962788958.137 27366923694224.203
366.87524325501056 -27563616193581.461 27563576958635.484
366.87524525701292 -27762039165581.27 27761999789667.598
366.87524725901528 -27962250847340.254 27962211329697.793
366.87524926101764 -28164270623263.086 28164230963125.25
366.87525126302 -28368118123280.281 28368078319874.949
366.87525326502237 -28573813226408.508 28573773278957.973
366.87525526702473 -28781376064369.34 28781335972090.254
366.87525726902709 -28990827025266.93 28990786787370.254
366.87525927102945 -29202186757326.312 29202146373017.262
366.87526127303181 -29415476172693.918 29415435641171.918
366.87526327503417 -29630716451299.902 29630675771758.531
366.87526527703653 -29847929044783.477 29847888216410.41
366.87526727903889 -30067135680484.043 30067094702461
366.87526928104126 -30288358365498.672 30288317237001.367
366.87527128304362 -30511619390806.035 30511578111004.113
366.87527328504598 -30736941335459.027 30736899903516.016
366.87527528704834 -30964347070847.324 30964305485920.574
366.8752772890507 -31193859765031.141 31193818026271.766
366.87527929105306 -31425502887147.605 31425460993700.43
366.87528129305542 -31659300211890.348 31659258162893.84
366.87528329505778 -31895275824064.523 31895233618650.75
366.87528529706015 -32133454123218.414 32133411760512.969
366.87528729906251 -32373859828352.496 32373817307474.441
366.87528930106487 -32616517982708.785 32616475302770.594
366.87529130306723 -32861453958640.703 32861411118748.195
366.87529330506965 -33108693462565.199 33108650461817.48
366.87529530707201 -33358262539998.758 33358219377488.156
366.87529730907437 -33610187580679.613 33610144255491.613
366.87529931107673 -33864495323776.516 33864451834989.695
366.87530131307909 -34121212863186.863 34121169209872.832
366.87530331508145 -34380367652924.57 34380323834147.898
366.87530531708381 -34641987512600.898 34641943527419.047
366.87530731908618 -34906100632999.562 34906056480462.824
366.87530932108854 -35172735581747.023 35172691260898.449
366.8753113230909 -35441921309080.641 35441876818955.969
366.87531332509326 -35713687153716.539 35713642493344.141
366.87531532709562 -35988062848817.633 35988018017218.414
366.87531732909798 -36265078528066.375 36265033524253.727
366.87531933110034 -36544764731843.297 36544719554823.008
366.8753213331027 -36827152413512.32 36827107062282.523
366.87532333510507 -37112272945815.086 37112227419366.164
366.87532533710743 -37400158127377.109 37400112424691.641
366.87532733910979 -37690840189327.852 37690794309380.508
366.87532934111215 -37984351802036.695 37984305743794.18
366.87533134311451 -38280726081967.953 38280679844388.93
366.87533334511687 -38579996598655.336 38579950180690.344
366.87533534711923 -38882197381799.289 38882150782390.656
366.87533734912159 -39187362928491.359 39187316146573.133
366.87533935112396 -39495528210565.008 39495481245062.867
366.87534135312632 -39806728682076.117 39806681531907.297
366.87534335512868 -40121000286917.594 40120952950990.789
366.87534535713104 -40438379466569.539 40438331943784.836
366.8753473591334 -40758903167986.961 40758855457235.742
366.87534936113576 -41082608851628.273 41082560951793.141
366.87535136313812 -41409534499627.836 41409486409582.508
366.87535336514048 -41739718624115.531 41739670342724.766
366.8753553671429 -42073200275686.312 42073151801805.82
366.87535736914526 -42410019052020.516 42409970384496.859
366.87535937114762 -42750215106661.219 42750166244331.734
366.87536137314999 -43093829157949.766 43093780099642.453
366.87536337515235 -43440902498123.43 43440853242656.875
366.87536537715471 -43791477002578.859 43791427548762.133
366.87536737915707 -44145595139302.422 44145545485934.977
366.87536938115943 -44503299978474.789 44503250124346.383
366.87537138316179 -44864635202248.305 44864585146138.875
366.87537338516415 -45229645114705.414 45229594855385
366.87537538716651 -45598374651999.391 45598324188228.023
366.87537738916888 -45970869392680.734 45970818723208.336
366.87537939117124 -46347175568213.68 46347124691779.961
366.8753813931736 -46727340073687.297 46727288989021.656
366.87538339517596 -47111410478724.883 47111359184546.289
366.87538539717832 -47499435038595.188 47499383533612.086
366.87538739918068 -47891462705530.469 47891410988440.656
366.87538940118304 -48287543140254.805 48287491209745.344
366.8753914031854 -48687726723726.969 48687674578474.062
366.87539340518776 -49092064569102.305 49092012207771.172
366.87539540719013 -49500608533920.648 49500555955165.43
366.87539740919249 -49913411232522.469 49913358434986.109
366.87539941119485 -50330526048696.742 50330473031010.867
366.87540141319721 -50752007148566.875 50751953909351.672
366.87540341519957 -51177909493722.281 51177856031586.383
366.87540541720193 -51608288854596.789 51608235168137.156
366.87540741920429 -52043201824102.062 52043147911903.859
366.87540942120665 -52482705831516.93 52482651692153.391
366.87541142320902 -52926859156644.758 52926804788677.07
366.87541342521138 -53375720944240.703 53375666346217.883
366.8754154272138 -53829351218711.211 53829296389169.953
366.87541742921616 -54287810899100.203 54287755836564.789
366.87541943121852 -54751161814359.906 54751106517342.023
366.87542143322088 -55219466718916.297 55219411185914.945
366.87542343522324 -55692789308536.562 55692733538037.906
366.8754254372256 -56171194236497.789 56171138226975.008
366.87542743922796 -56654747130073.594 56654690879986.75
366.87542944123032 -57143514607341.844 57143458115137.758
366.87543144323269 -57637564294314.5 57637507558426.578
366.87543344523505 -58136964842404.375 58136907861252.484
366.87543544723741 -58641785946233.828 58641728718224.148
366.87543744923977 -59152098361790.406 59152040885315.273
366.87543945124213 -59667973924939.078 59667916198376.828
366.87544145324449 -60189485570300.906 60189427592015.75
366.87544345524685 -60716707350499.984 60716649118841.828
366.87544545724921 -61249714455792.133 61249655969096.422
366.87544745925157 -61788583234083.242 61788524490670.82
366.87544946125394 -62333391211343.695 62333332209520.625
366.8754514632563 -62884217112430.055 62884157850487.469
366.87545346525866 -63441140882318.461 63441081358532.391
366.87545546726102 -64004243707763.398 64004183920394.602
366.87545746926338 -64573608039392.242 64573547986686.039
366.87545947126574 -65149317614242.969 65149257294429.078
366.8754614732681 -65731457478751.383 65731396890043.727
366.87546347527046 -66320114012203.297 66320053152799.852
366.87546547727283 -66915374950661.875 66915313818744.477
366.87546747927519 -67517329411377.5 67517268005111.664
366.87546948127755 -68126067917692.336 68126006235227.07
366.87547148327991 -68741682424452.555 68741620463920.188
366.87547348528227 -69364266343938.969 69364204103454.938
366.87547548728463 -69993914572325.555 69993852049988.242
366.87547748928705 -70630723516681.984 70630660710572.5
366.87547949128941 -71274791122527.125 71274728030709.125
366.87548149329177 -71926216901953.797 71926153522473.281
366.87548349529413 -72585101962326.891 72585038293212
366.87548549729649 -73251549035575.734 73251485074836.562
366.87548749929886 -73925662508096.219 73925598253724.562
366.87548950130122 -74607548451271.047 74607483901240.234
366.87549150330358 -75297314652629.875 75297249804894.531
366.87549350530594 -75995070647653.609 75995005500149.469
366.8754955073083 -76700927752242.406 76700862302886.047
366.87549750931066 -77414999095868.531 77414933342557.203
366.87549951131302 -78137399655424.016 78137333596035.375
366.87550151331538 -78868246289779.234 78868179922171.156
366.87550351531775 -79607657775067.703 79607591097078
366.87550551732011 -80355754840720.062 80355687850166.281
366.87550751932247 -81112660206268.719 81112592900947.906
366.87550952132483 -81878498618923.672 81878430996612.141
366.87551152332719 -82653396891948.688 82653328950401.719
366.87551352532955 -83437483943857.547 83437415680809.203
366.87551552733191 -84230890838459.078 84230822251621.922
366.87551752933427 -85033750825747.5 85033681912812.328
366.87551953133664 -85846199383682.359 85846130142317.969
366.875521533339 -86668374260867.203 86668304688720.125
366.87552353534136 -87500415520138.078 87500345614832.297
366.87552553734372 -88342465583106.422 88342395342243.094
366.87552753934608 -89194669275672.281 89194598696829.5
366.87552954134844 -90057173874524.047 90057102955256.531
366.8755315433508 -90930129154645.516 90930057892484.359
366.87553354535316 -91813687437864.578 91813615830316.922
366.87553554735553 -92708003642469.266 92707931687018.031
366.87553754935794 -93613235333919.094 93613163028022.672
366.8755395513603 -94529542776667 94529470117758.984
366.87554155336267 -95457088987121.938 95457015972610.797
366.87554355536503 -96396039787787.625 96395966415056.391
366.87554555736739 -97346563862602.094 97346490129008.062
366.87554755936975 -98308832813507.938 98308758716382.359
366.87554956137211 -99283021218277.812 99282946754925.547
366.87555156337447 -100269306689642.92 100269231857342.12
366.87555356537683 -101267869935740.69 101267794731742.47
366.87555556737919 -102278894821918.56 102278819243446.66
366.87555756938156 -103302568433937 103302492478187.41
366.87555957138392 -104339081142597.88 104339004806738.56
366.87556157338628 -105388626669832.66 105388549951003.16
366.87556357538864 -106451402156283.3 106451325051594.36
366.875565577391 -107527608230436.16 107527530736969.41
366.87556757939336 -108617449079317.25 108617371194124.83
366.87556958139572 -109721132520811.44 109721054240915.58
366.87557158339808 -110838870077630 110838791400022.69
366.87557358540045 -111970877052993.91 111970797974636.48
366.87557558740281 -113117372608052.12 113117293125874.89
366.87557758940517 -114278579841092.22 114278499951994.06
366.87557959140753 -115454725868574.19 115454645569422.16
366.87558159340989 -116646041908047.22 116645961195676.11
366.87558359541225 -117852763363007.78 117852682234219.72
366.87558559741461 -119075129909737.16 119075048361301.2
366.87558759941697 -120313385586165.89 120313303614817.59
366.87558960141934 -121567778882815.75 121567696485256.7
366.8755916034217 -122838562835890.8 122838480008788.2
366.87559360542406 -124125995122562.44 124125911862548.67
366.87559560742642 -125430338158503.25 125430254462175.39
366.87559760942878 -126751859197730.83 126751775061650.19
366.8755996114312 -128090830434832.72 128090745855524.38
366.87560161343356 -129447529109627.88 129447444083580.2
366.87560361543592 -130822237614322.66 130822152137986.84
366.87560561743828 -132215243603234.95 132215157673024.5
366.87560761944064 -133626840105151.08 133626753717441.28
366.875609621443 -135057325638394.77 135057238789522.22
366.87561162344537 -136507004328682.56 136506917014944.67
366.87561362544773 -137976186029816.09 137976098247470.48
366.87561562745009 -139465186447315.25 139465098192579.3
366.87561762945245 -140974327265062.72 140974238534112.97
366.87561963145481 -142503936275022.88 142503847063994.5
366.87562163345717 -144054347510170.53 144054257815156.78
366.87562363545953 -145625901380639.44 145625811197691.03
366.87562563746189 -147218944813253.38 147218854138377.97
366.87562763946426 -148833831394501.72 148833740223663.28
366.87562964146662 -150470921517034.12 150470829846152.34
366.87563164346898 -152130582529810 152130490354759.72
366.87563364547134 -153813188891965.56 153813096208576.09
366.8756356474737 -155519122330517.31 155519029134571.84
366.87563764947606 -157248772002048.34 157248678289283.28
366.87563965147842 -159002534658428.75 159002440424533.12
366.87564165348078 -160780814816690.91 160780720057305.59
366.87564365548315 -162584024933207.81 162583929643925.03
366.87564565748551 -164412585582287.12 164412489758649.56
366.87564765948787 -166266925639275.47 166266829276775.75
366.87564966149023 -168147482468350.19 168147385562430.09
366.87565166349259 -170054702115070.69 170054604661120.41
366.87565366549495 -171989039503874.97 171988941497232.41
366.87565566749731 -173950958640669.81 173950860076619.91
366.87565766949967 -175940932820579.38 175940833694353.22
366.87565967150204 -177959444841082 177959345147856.16
366.87566167350445 -180006987220693.25 180006886955588.91
366.87566367550681 -182084062423312.03 182083961581394.28
366.87566567750918 -184191183088371.72 184191081664648.69
366.87566767951154 -186328872267045.94 186328770256468
366.8756696815139 -188497663664615.69 188497561062074.62
366.87567168351626 -190698101889217.28 190697998689545.38
366.87567368551862 -192930742707129.41 192930638905098.62
366.87567568752098 -195196153304816.97 195196048895138.06
366.87567768952334 -197494912557920.44 197494807535242.09
366.8756796915257 -199827611307381.56 199827505666289.44
366.87568169352807 -202194852642915.84 202194746377931.59
366.87568369553043 -204597252194085.12 204597145299665.53
366.87568569753279 -207035438429196.94 207035330899732.94
366.87568769953515 -209510052962188.97 209509944792004.66
366.87568970153751 -212021750867810.56 212021642051162.16
366.87569170353987 -214571201005359.59 214571091536434.47
366.87569370554223 -217159086351181.59 217158976224097.25
366.87569570754459 -219786104340214.97 219785993549017.97
366.87569770954696 -222452967216836.53 222452855755501.38
366.87569971154932 -225160402395381.91 225160290257810
366.87570171355168 -227909152830513.62 227909040010532.16
366.87570371555404 -230699977397812.94 230699863889173.72
366.8757057175564 -233533651284898.78 233533537081277.12
366.87570771955876 -236410966393374.53 236410851488368.06
366.87570972156112 -239332731751936.16 239332616139063.59
366.87571172356348 -242299773941053.94 242299657613753.94
366.87571372556584 -245312937529499.53 245312820481129.41
366.87571572756821 -248373085523079.75 248372967746914.16
366.87571772957057 -251481099826118.94 251480981315348.69
366.87571973157293 -254637881715909.53 254637762463640.19
366.87572173357535 -257844352330573.34 257844232329823.97
366.87572373557771 -261101453170842 261101332414543.72
366.87572573758007 -264410146616107.62 264410025097102.28
366.87572773958243 -267771416455263.75 267771294166302.47
366.87572974158479 -271186268432767.22 271186145366509
366.87573174358715 -274655730810392.78 274655606959402.94
366.87573374558951 -278180854945258.31 278180730302007.09
366.87573574759188 -281762715884592.44 281762590441453.44
366.87573774959424 -285402412977739.31 285402286726988
366.8757397515966 -289101070506002.25 289100943439814.19
366.87574175359896 -292859838330938.88 292859710441388.31
366.87574375560132 -296679892561783.69 296679763840841.75
366.87574575760368 -300562436242369.88 300562306681903
366.87574775960604 -304508700058445.75 304508569650214
366.8757497616084 -308519943065823.38 308519811801478.5
366.87575176361077 -312597453440325.06 312597321311408.88
366.87575376561313 -316742549250088.25 316742416248030.88
366.87575576761549 -320956579250837.88 320956445366955.69
366.87575776961785 -325240923705207.75 325240788930701.56
366.87575977162021 -329596995226811.88 329596859552765.19
366.87576177362257 -334026239649602.25 334026103066979.06
366.87576377562493 -338530136923705.12 338529999423348
366.87576577762729 -343110202038550.62 343110063611178.62
366.87576777962965 -347767985974277.5 347767846610484.12
366.87576978163202 -352505076682182.69 352504936372433.81
366.87577178363438 -357323100095293.69 357322958829925.25
366.87577378563674 -362223721170220.56 362223578939436.44
366.8757757876391 -367208644961230 367208501755099.75
366.87577778964146 -372279617727629.31 372279473536085.75
366.87577979164382 -377438428075811.06 377438282888648
366.87578179364618 -382686908136942.5 382686761943812.38
366.8757837956486 -388026934781667.06 388026787572078.38
366.87578579765096 -393460430872955.5 393460282636270.31
366.87578779965332 -398989366558810.06 398989217284241.5
366.87578980165569 -404615760605821.38 404615610282431.06
366.87579180365805 -410341681775100.88 410341530391796.12
366.87579380566041 -416169250242249.12 416169097787780.25
366.87579580766277 -422100639063007.5 422100485525965.06
366.87579780966513 -428138075685981.88 428137921054793.81
366.87579981166749 -434283843514131.06 434283687777059.81
366.87580181366985 -440540283516953.75 440540126662093.31
366.87580381567221 -446909795895049.62 446909637910322.38
366.87580581767457 -453394841799203.38 453394682672357.12
366.87580781967694 -459997945105599.44 459997784824204.19
366.8758098216793 -466721694249512.75 466721532800957.44
366.87581182368166 -473568744119553.69 473568581491042.94
366.87581382568402 -480541818014681.94 480541654193232.69
366.87581582768638 -487643709666135.5 487643544638573.5
366.87581782968874 -494877285327021.75 494877119079978.06
366.8758198316911 -502245485931756.62 502245318451663.94
366.87582183369346 -509751329328226.75 509751160601315.81
366.87582383569583 -517397912585304.94 517397742597600.69
366.87582583769819 -525188414378429.25 525188243115747
366.87582783970055 -533126097456451.06 533125924904392.5
366.87582984170291 -541214311192535.06 541214137336484.38
366.87583184370527 -549456494222532.88 549456319047652.44
366.87583384570763 -557856177173961.81 557856000665188
366.87583584770999 -566416985489538.25 566416807631577.25
366.87583784971235 -575142642348333.5 575142463125656.62
366.87583985171472 -584036971688714.75 584036791085554.12
366.87584185371708 -593103901337058.38 593103719337402.38
366.87584385571949 -602347466245575.75 602347282833164.12
366.87584585772186 -611771811844381.75 611771627002701
366.87584785972422 -621381197512058.75 621381011224336.75
366.87584986172658 -631180000169491.5 631179812418692.88
366.87585186372894 -641172718001551.25 641172528770371.75
366.8758538657313 -651363974312063.88 651363783582925.5
366.87585586773366 -661758521517366.88 661758329272412.12
366.87585786973602 -672361245283016 672361051504102.38
366.87585987173838 -683177168811054.5 683176973479748.88
366.87586187374075 -694211457282881.75 694211260380454.5
366.87586387574311 -705469422463695.12 705469223971114
366.87586587774547 -716956527476233.38 716956327374157.62
366.87586787974783 -728678391749950.12 728678190018723.88
366.87586988175019 -740640796152959.12 740640592772605.38
366.87587188375255 -752849688314539.88 752849483264753.5
366.87587388575491 -765311188145289.88 765310981405431.12
366.87587588775727 -778031593564150.5 778031385113237.88
366.87587788975964 -791017386440531.12 791017176257234.5
366.875879891762 -804275238760227.88 804275026822861
366.87588189376436 -817812019025379.5 817811805311892.62
366.87588389576672 -831634798897228.12 831634583385200.5
366.87588589776908 -845750860092816.75 845750642759448.62
366.87588789977144 -860167701546329.12 860167482368433.62
366.8758899017738 -874893046846012 874892825800007.12
366.87589190377616 -889934851959053.25 889934629020953.25
366.87589390577853 -905301313255942 905301088401348.75
366.87589590778089 -921000875848600.88 921000649052695
366.87589790978325 -937042242254789.75 937042013492321.38
366.87589991178561 -953434381404063 953434150649342.5
366.87590191378797 -970186537999775 970186305226663.38
366.87590391579033 -987308242251971.88 987308007433870.75
366.87590591779275 -1004809319999171.1 1004809083109012.9
366.87590791979511 -1022699903235478.5 1022699664245715.5
366.87590992179747 -1040990441061391.2 1040990199943985.5
366.87591192379983 -1059691711077376.5 1059691467803788.5
366.87591392580219 -1078814831239374.6 1078814585780552.1
366.87591592780456 -1098371272198432.5 1098371024524799
366.87591792980692 -1118372870146010.9 1118372620227453.8
366.87591993180928 -1138831840187510 1138831587993368.2
366.87592193381164 -1159760790268897.5 1159760535767949.2
366.875923935814 -1181172735681603.5 1181172478842053
366.87592593781636 -1203081114173623.8 1203080854963088.2
366.87592793981872 -1225499801693982 1225499540079478.2
366.87592994182108 -1248443128799229 1248442864747158.8
366.87593194382345 -1271925897755319 1271925631231455.2
366.87593394582581 -1295963400367139.5 1295963131336611.5
366.87593594782817 -1320571436568169.5 1320571164995447
366.87593794983053 -1345766333810014 1345766059658892.5
366.87593995183289 -1371564967287278.2 1371564690520862.5
366.87594195383525 -1397984781038407 1397984501619094.5
366.87594395583761 -1425043809965029.2 1425043527854493
366.87594595783997 -1452760702816114.8 1452760417975286
366.87594795984234 -1481154746183263 1481154458572313
366.8759499618447 -1510245889555773.2 1510245599134095
366.87595196384706 -1540054771486992 1540054478213180.5
366.87595396584942 -1570602746930670.8 1570602450762504
366.87595596785178 -1601911915804285.5 1601911616698704
366.87595796985414 -1634005152836836.8 1634004850749922.8
366.8759599718565 -1666906138767533.2 1666905833654489
366.87596197385886 -1700639392968686 1700639084783811.5
366.87596397586123 -1735230307561688.8 1735229996258359.5
366.87596597786364 -1770705183100666 1770704868631309
366.875967979866 -1807091265905371.2 1807090948221441
366.87596998186837 -1844416787129850 1844416466181803
366.87597198387073 -1882711003656288.8 1882710679393558.5
366.87597398587309 -1922004240910560 1922003913281530.2
366.87597598787545 -1962327937694388.2 1962327606646365.2
366.87597798987781 -2003714693149025.8 2003714358628210.2
366.87597999188017 -2046198315956817.2 2046197977908275.2
366.87598199388253 -2089813875905477 2089813534273109.8
366.87598399588489 -2134597757936037 2134597412662550
366.87598599788726 -2180587718810421.5 2180587369837292.2
366.87598799988962 -2227822946543930.5 2227822593811375.8
366.87599000189198 -2276344122747098 2276343766194040
366.87599200389434 -2326193488035185 2326193127599215
366.8759940058967 -2377414910685572.5 2377414546302915
366.87599600789906 -2430053958715346 2430053590320821.5
366.87599800990142 -2484157975566187 2484157603093172.5
366.87600001190378 -2539776159602878 2539775782983267.5
366.87600201390615 -2596959647639848 2596959266804010.5
366.87600401590851 -2655761602714325 2655761217591061.5
366.87600601791087 -2716237306369087 2716236916885586.5
366.87600801991323 -2778444255686552 2778443861768345.5
366.87601002191559 -2842442265346163.5 2842441866917076
366.87601202391795 -2908293575009915.5 2908293171992018
366.87601402592031 -2976062962332675.5 2976062554646233.5
366.87601602792267 -3045817861923938 3045817449487358.5
366.87601802992504 -3117628490635515 3117628073365293.5
366.8760200319274 -3191567979524257.5 3191567557334919.5
366.87602203392976 -3267712512904124.5 3267712085708168.5
366.87602403593212 -3346141474903883 3346141042611720
366.87602603793448 -3426937603994025.5 3426937166513916.5
366.8760280399369 -3510187155946232 3510186713184223
366.87603004193926 -3595980075756699.5 3595979627616553.5
366.87603204394162 -3684410179086887.5 3684409725470015
366.87603404594398 -3775575343812843.5 3775574884618231
366.87603604794634 -3869577712291118.5 3869577247415253
366.8760380499487 -3966523905027581.5 3966523434364372.5
366.87604005195107 -4066525246471278.5 4066524769911977
366.87604205395343 -4169698003706176.5 4169697521139292.5
366.87604405595579 -4276163638827410 4276163150138624.5
366.87604605795815 -4386049075928420.5 4386048581000495.5
366.87604805996051 -4499486983624636.5 4499486482337321.5
366.87605006196287 -4616616074119886 4616615566349820
366.87605206396523 -4737581419892003 4737580905512613
366.87605406596759 -4862534789192499 4862534268073896
366.87605606796996 -4991635001598045 4991634473606914
366.87605806997232 -5125048304893907 5125047769893394
366.87606007197468 -5262948774800353 5262948232649945
366.87606207397704 -5405518739066450 5405518189621854
366.8760640759794 -5552949227587127 5552948670700141
366.87606607798176 -5705440450314987 5705439885833366
366.87606807998412 -5863202304918988 5863201732686306
366.87607008198648 -6026454916260825 6026454336116331
366.87607208398884 -6195429209873167 6195428621651634
366.87607408599121 -6370367521863116 6370366925394684
366.87607608799357 -6551524247870107 6551523642980119
366.87607808999593 -6739166533824801 6739165920333633
366.87608009199829 -6933575011560618 6933574389283502
366.87608209400065 -7135044582470136 7135043951216973
366.87608409600301 -7343885252811223 7343884612386391
366.87608609800537 -7560423024377852 7560422374580003
366.87608810000779 -7785000844714059 7785000185335906
366.87609010201015 -8017979621358961 8017978952187061
366.87609210401251 -8259739304857563 8259738625672085
366.87609410601488 -8510680045764309 8510679356338792
366.87609610801724 -8771223431396889 8771222731497993
366.8760981100196 -9041813808396940 9041813097784180
366.87610011202196 -9322919697820538 9322918976246012
366.87610211402432 -9615035309890686 9615034577098782
366.87610411602668 -9918682166503042 9918681422230138
366.87610611802904 -10234410839890118 10234410083864268
366.8761081200314 -10562802816824656 10562802048765258
366.87611012203377 -10904472498364812 10904471717982256
366.87611212403613 -11260069346441384 11260068553436696
366.87611412603849 -11630280189232110 11630279383296564
366.87611612804085 -12015831698260602 12015830879075322
366.87611813004321 -12417493052040522 12417492219276058
366.87612013204557 -12836078801749514 12836077955065404
366.87612213404793 -13272451955970670 13272451095014976
366.87612413605029 -13727527303311014 13727526427719830
366.87612613805265 -14202274993678016 14202274103074960
366.87612814005502 -14697724400592092 14697723494587766
366.87613014205738 -15214968289203814 15214967367395230
366.87613214405974 -15755167317430946 15755166379400938
366.8761341460621 -16319554899712720 16319553945029308
366.87613614806446 -16909442466245430 16909441494461156
366.87613815006682 -17526225154136540 17526224164787774
366.87614015206918 -18171387969487400 18171386962093600
366.87614215407154 -18846512464621768 18846511438684700
366.87614415607391 -19553283978548696 19553282933551616
366.87614615807627 -20293499494609556 20293498430016336
366.87614816007863 -21069076173291224 21069075088545440
366.87615016208105 -21882060625924776 21882059520448736
366.87615216408341 -22734639001260528 22734637874454256
366.87615416608577 -23629147964430428 23629146815670556
366.87615616808813 -24568086658283616 24568085486922260
366.87615817009049 -25554129743996148 25554128549359668
366.87616017209285 -26590141631103848 26590140412491568
366.87616217409521 -27679192019927612 27679190776610448
366.87616417609757 -28824572889247336 28824571620466340
366.87616617809994 -30029817082641444 30029815787606256
366.8761681801023 -31298718662395800 31298717340283016
366.87617018210466 -32635355217601320 32635353867552736
366.87617218410702 -34044112339370800 34044110960491556
366.87617418610938 -35529710498970872 35529709090327480
366.87617618811174 -37097234593473680 37097233154091920
366.8761781901141 -38752166455440216 38752164984302872
366.87618019211646 -40500420663964760 40500419160009232
366.87618219411883 -42348384031323872 42348382493439624
366.87618419612119 -44302959188864368 44302957615890184
366.87618619812355 -46371612749881720 46371611140602776
366.87618820012591 -48562428595850632 48562426948995384
366.87619020212827 -50884166889884232 50884165204121048
366.87619220413063 -53346329514332896 53346327788266480
366.87619420613299 -55959232720498064 55959230952665600
366.87619620813535 -58734087879988136 58734086068855136
366.87619821013772 -61683091358321480 61683089502277360
366.87620021214008 -64819524671799592 64819522769152896
366.87620221414244 -68157866244580072 68157864293553328
