# serie phase 2 p7_w1.73_c1.05_dt2s4_k2 : t x1 x2 (dt2=3.4753079278982844e-06, depart t=21.510000000000002 etat bascule x1 x2 v1 v2 = 1705.0931788853222 -1684.3634474435548 49624.955635752427 -49449.576929902563)
21.599106895271312 4798063.4597242055 -4797861.9104802376
21.59911037057924 4806547.6771250293 -4806346.0261156131
21.599113845887167 4815052.2683543116 -4814850.5154637611
21.599117321195095 4823577.2952516312 -4823375.4403640563
21.599120796503023 4832122.8198835133 -4831920.862882819
21.59912427181095 4840688.9045444056 -4840486.8453142913
21.599127747118878 4849275.6117576612 -4849073.4501816193
21.599131222426806 4857883.0042765234 -4857680.7402378405
21.599134697734737 4866511.1450851206 -4866308.7784668757
21.599138173042665 4875160.0973994592 -4874957.6280845236
21.599141648350592 4883829.9246684285 -4883627.3525394658
21.59914512365852 4892520.6905748043 -4892318.0155142695
21.599148598966448 4901232.4590362627 -4901029.6809264012
21.599152074274375 4909965.2942063948 -4909762.4129292415
21.599155549582303 4918719.2604757287 -4918516.2759131091
21.599159024890231 4927494.4224727564 -4927291.3345062863
21.599162500198158 4936290.845064966 -4936087.653576049
21.599165975506086 4945108.5933598783 -4944905.2982297055
21.599169450814014 4953947.7327060867 -4953744.333815638
21.599172926121941 4962808.3286943082 -4962604.8259243509
21.599176401429869 4971690.4471584326 -4971486.8403895199
21.599179876737796 4980594.1541765826 -4980390.4432890546
21.599183352045724 4989519.5160721745 -4989315.7009461559
21.599186827353655 4998466.5994149884 -4998262.6799303899
21.599190302661583 5007435.4710222399 -5007231.4470587578
21.599193777969511 5016426.1979596615 -5016222.0693967752
21.599197253277438 5025438.8475425839 -5025234.6142595569
21.599200728585366 5034473.4873370286 -5034269.1492129061
21.599204203893294 5043530.1851608017 -5043325.7420744123
21.599207679201221 5052609.0090845944 -5052404.4609145494
21.599211154509149 5061710.0274330908 -5061505.3740577828
21.599214629817077 5070833.3087860784 -5070628.5500836801
21.599218105125004 5079978.9219795652 -5079774.0578280296
21.599221580432932 5089146.9361069044 -5088941.9663839657
21.59922505574086 5098337.4205199229 -5098132.3451030925
21.599228531048787 5107550.4448300535 -5107345.2635966232
21.599232006356715 5116786.0789094772 -5116580.7917365171
21.599235481664643 5126044.3928922685 -5125838.999656626
21.599238956972574 5135325.4571755473 -5135119.9577538474
21.599242432280501 5144629.3424206339 -5144423.7366892779
21.599245907588429 5153956.1195542151 -5153750.407389381
21.599249382896357 5163305.8597695129 -5163100.0410471521
21.599252858204284 5172678.6345274579 -5172472.7091232985
21.599256333512212 5182074.5155578731 -5181868.4833474169
21.59925980882014 5191493.5748606576 -5191287.4357191818
21.599263284128067 5200935.8847069833 -5200729.6385095362
21.599266759435995 5210401.5176404901 -5210195.1642618934
21.599270234743923 5219890.5464784941 -5219684.0857933424
21.59927371005185 5229403.044313197 -5229196.476195856
21.599277185359778 5238939.0845129043 -5238732.4088375112
21.599280660667706 5248498.7407232486 -5248291.9573637107
21.599284135975633 5258082.0868684202 -5257875.1956984149
21.599287611283565 5267689.1971524023 -5267482.1980453758
21.599291086591492 5277320.1460602125 -5277113.0388893802
21.59929456189942 5286975.0083591538 -5286767.792997499
21.599298037207348 5296653.859100068 -5296446.5354203414
21.599301512515275 5306356.7736185975 -5306149.3414933179
21.599304987823203 5316083.8275364544 -5315876.2868379066
21.599308463131131 5325835.0967626926 -5325627.4473629268
21.599311938439058 5335610.6574949911 -5335402.899265823
21.599315413746986 5345410.5862209387 -5345202.7190339491
21.599318889054913 5355234.9597193319 -5355026.9834458651
21.599322364362841 5365083.8550614715 -5364875.7695726361
21.599325839670769 5374957.3496124726 -5374749.1547791399
21.599329314978696 5384855.5210325783 -5384647.2167253811
21.599332790286624 5394778.4472784791 -5394570.0333678136
21.599336265594552 5404726.2066046428 -5404517.6829606649
21.599339740902483 5414698.8775646472 -5414490.2440572735
21.599343216210411 5424696.5390125206 -5424487.7955114283
21.599346691518338 5434719.2701040925 -5434510.4164787177
21.599350166826266 5444767.1502983486 -5444558.1864178861
21.599353642134194 5454840.2593587898 -5454631.1850921931
21.599357117442121 5464938.6773548042 -5464729.4925707839
21.599360592750049 5475062.4846630432 -5474853.1892300667
21.599364068057977 5485211.7619688027 -5485002.3557550935
21.599367543365904 5495386.5902674161 -5495177.0731409546
21.599371018673832 5505587.0508656502 -5505377.4226941718
21.59937449398176 5515813.2253831113 -5515603.4860341046
21.599377969289687 5526065.1957536563 -5525855.3450943641
21.599381444597615 5536343.0442268122 -5536133.0821242314
21.599384919905543 5546646.8533692043 -5546436.7796900831
21.59938839521347 5556976.7060659891 -5556766.5206768289
21.599391870521401 5567332.6855222965 -5567122.3882893492
21.599395345829329 5577714.8752646782 -5577504.4660539478
21.599398821137257 5588123.359142567 -5587912.8378198063
21.599402296445184 5598558.2213297375 -5598347.5877604494
21.599405771753112 5609019.5463257795 -5608808.8003752157
21.59940924706104 5619507.418957578 -5619296.5604907386
21.599412722368967 5630021.9243808007 -5629810.9532624325
21.599416197676895 5640563.148081392 -5640352.0641759895
21.599419672984823 5651131.1758770766 -5650919.9790488798
21.59942314829275 5661726.0939188702 -5661514.7840318652
21.599426623600678 5672347.9886925984 -5672136.5656105159
21.599430098908606 5682996.9470204227 -5682785.4106067382
21.599433574216533 5693673.0560623743 -5693461.4061803073
21.599437049524461 5704376.4033178985 -5704164.6398304105
21.599440524832389 5715107.0766274035 -5714895.1993971998
21.59944400014032 5725865.164173821 -5725653.173063348
21.599447475448248 5736650.754484171 -5736438.6493556164
21.599450950756175 5747463.9364311388 -5747251.7171464292
21.599454426064103 5758304.7992346575 -5758092.46565546
21.59945790137203 5769173.4324635006 -5768960.9844512222
21.599461376679958 5780069.9260368813 -5779857.3634526674
21.599464851987886 5790994.3702260619 -5790781.6929307943
21.599468327295813 5801946.8556559701 -5801734.0635102689
21.599471802603741 5812927.4733068245 -5812714.5661710454
21.599475277911669 5823936.3145157704 -5823723.2922500055
21.599478753219596 5834973.4709785199 -5834760.3334425967
21.599482228527524 5846039.0347510055 -5845825.7818044852
21.599485703835452 5857133.0982510392 -5856919.7297532158
21.599489179143379 5868255.7542599821 -5868042.2700698841
21.599492654451307 5879407.0959244231 -5879193.4959008098
21.599496129759238 5890587.2167578619 -5890373.5007592253
21.599499605067166 5901796.2106424104 -5901582.3785269726
21.599503080375094 5913034.1718304921 -5912820.2234562058
21.599506555683021 5924301.1949465601 -5924087.1301711071
21.599510030990949 5935597.3749888157 -5935383.1936696079
21.599513506298877 5946922.8073309446 -5946708.5093251215
21.599516981606804 5958277.5877238549 -5958063.1728882827
21.599520456914732 5969661.8122974271 -5969447.2804886987
21.59952393222266 5981075.5775622763 -5980860.9286367111
21.599527407530587 5992518.9804115212 -5992304.2142251637
21.599530882838515 6003992.1181225609 -6003777.23453118
21.599534358146443 6015495.0883588642 -6015280.0872179531
21.59953783345437 6027027.9891717676 -6026812.8703365419
21.599541308762298 6038590.9190022806 -6038375.6823276794
21.599544784070229 6050183.9766829051 -6049968.622023588
21.599548259378157 6061807.2614394594 -6061591.7886498077
21.599551734686084 6073460.8728929162 -6073245.2818270316
21.599555209994012 6085144.9110612497 -6084929.2015729537
21.59955868530194 6096859.4763612896 -6096643.6483041216
21.599562160609867 6108604.6696105879 -6108388.7228378048
21.599565635917795 6120380.5920292949 -6120164.5263938727
21.599569111225723 6132187.3452420477 -6131971.1605966771
21.59957258653365 6144025.0312798619 -6143808.7274769507
21.599576061841578 6155893.7525820434 -6155677.3294737143
21.599579537149506 6167793.6119981017 -6167577.0694361916
21.599583012457433 6179724.712789678 -6179508.0506257368
21.599586487765361 6191687.1586324833 -6191470.3767177742
21.599589963073289 6203681.0536182458 -6203464.1518037431
21.599593438381216 6215706.5022566691 -6215489.4803930605
21.599596913689147 6227763.6094774026 -6227546.4674150851
21.599600388997075 6239852.4806320202 -6239635.218221101
21.599603864305003 6251973.2214960111 -6251755.8385863053
21.59960733961293 6264125.9382707803 -6263908.4347118121
21.599610814920858 6276310.7375856619 -6276093.1132266633
21.599614290228786 6288527.7264999412 -6288309.9811898507
21.599617765536713 6300777.0125048896 -6300559.1460923515
21.599621240844641 6313058.7035258086 -6312840.7158591719
21.599624716152569 6325372.9079240859 -6325154.7988514043
21.599628191460496 6337719.7344992645 -6337501.5038682958
21.599631666768424 6350099.2924911194 -6349880.940149324
21.599635142076352 6362511.6915817475 -6362293.217376288
21.599638617384279 6374957.0418976704 -6374738.4456754103
21.599642092692207 6387435.4540119451 -6387216.7356194481
21.599645568000135 6399947.0389462886 -6399728.1982298195
21.599649043308066 6412491.9081732165 -6412272.9449787373
21.599652518615994 6425070.1736181863 -6424851.0877913572
21.599655993923921 6437681.9476617593 -6437462.739047938
21.599659469231849 6450327.3431417719 -6450108.0115860123
21.599662944539777 6463006.4733555187 -6462787.0187025713
21.599666419847704 6475719.4520619456 -6475499.8741562543
21.599669895155632 6488466.3934838576 -6488246.692169562
21.59967337046356 6501247.4123101393 -6501027.5874310704
21.599676845771487 6514062.6236979831 -6513842.6750976667
21.599680321079415 6526912.1432751371 -6526692.0707967877
21.599683796387342 6539796.0871421555 -6539575.8906286806
21.59968727169527 6552714.5718746725 -6552494.2511686683
21.599690747003198 6565667.7145256782 -6565447.2694694297
21.599694222311125 6578655.632627815 -6578435.0630632965
21.599697697619053 6591678.4441956831 -6591457.7499645557
21.599701172926984 6604736.2677281592 -6604515.4486717703
21.599704648234912 6617829.2222107258 -6617608.2781701097
21.59970812354284 6630957.427117819 -6630736.3579336936
21.599711598850767 6644121.0024151839 -6643899.8079279512
21.599715074158695 6657320.068562245 -6657098.7486119904
21.599718549466623 6670554.7465144908 -6670333.3009409821
21.59972202477455 6683825.1577258687 -6683603.5863685552
21.599725500082478 6697131.4241511989 -6696909.7268492095
21.599728975390406 6710473.6682485929 -6710251.8448407371
21.599732450698333 6723852.0129818944 -6723630.0633066604
21.599735926006261 6737266.5818231273 -6737044.505718682
21.599739401314189 6750717.4987549614 -6750495.2960591475
21.599742876622116 6764204.8882731879 -6763982.5588235259
21.599746351930044 6777728.8753892137 -6777506.4190228982
21.599749827237972 6791289.5856325645 -6791067.002186466
21.599753302545903 6804887.1450534053 -6804664.4343640665
21.59975677785383 6818521.6802250734 -6818298.8421287108
21.599760253161758 6832193.3182466263 -6831970.3525791271
21.599763728469686 6845902.1867454043 -6845679.0933423266
21.599767203777613 6859648.4138796059 -6859425.1925761783
21.599770679085541 6873432.1283408795 -6873208.7789719999
21.599774154393469 6887253.4593569264 -6887029.9817571612
21.599777629701396 6901112.5366941234 -6900888.9306977056
21.599781105009324 6915009.4906601543 -6914785.7561009843
21.599784580317252 6928944.4521066612 -6928720.5888183042
21.599788055625179 6942917.5524319084 -6942693.5602475936
21.599791530933107 6956928.92358346 -6956704.8023360809
21.599795006241035 6970978.6980608767 -6970754.4475829899
21.599798481548962 6985067.0089184223 -6984842.6290422464
21.599801956856894 6999193.9897677908 -6998969.4803252043
21.599805432164821 7013359.7747808434 -7013135.135603385
21.599808907472749 7027564.4986923682 -7027339.7296112357
21.599812382780677 7041808.2968028476 -7041583.397648897
21.599815858088604 7056091.3049812466 -7055866.275584992
21.599819333396532 7070413.6596678142 -7070188.4998594243
21.599822808704459 7084775.4978769021 -7084550.207486202
21.599826284012387 7099176.9571997998 -7098951.536056269
21.599829759320315 7113618.1758075831 -7113392.6237403546
21.599833234628242 7128099.2924539819 -7127873.6092918394
21.59983670993617 7142620.4464782607 -7142394.6320496416
21.599840185244098 7157181.7778081214 -7156955.8319411119
21.599843660552025 7171783.4269626159 -7171557.3494849522
21.599847135859953 7186425.5350550795 -7186199.3257941464
21.599850611167881 7201108.2437960804 -7200881.9025789099
21.599854086475812 7215831.6954963841 -7215605.2221496552
21.59985756178374 7230596.0330699356 -7230369.4274199735
21.599861037091667 7245401.4000368612 -7245174.6619096352
21.599864512399595 7260247.9405264826 -7260021.0697476054
21.599867987707523 7275135.799280351 -7274908.7956750775
21.59987146301545 7290065.1216552993 -7289837.9850485278
21.599874938323378 7305036.0536265122 -7304808.7838427806
21.599878413631306 7320048.7417906094 -7319821.3386540953
21.599881888939233 7335103.3333687503 -7334875.7967032697
21.599885364247161 7350199.9762097578 -7349972.3058387646
21.599888839555089 7365338.8187932558 -7365111.0145398397
21.599892314863016 7380520.0102328276 -7380292.071919715
21.599895790170944 7395743.700279193 -7395515.6277287444
21.599899265478872 7411010.0393234007 -7410781.8323576106
21.599902740786799 7426319.1784000415 -7426090.8368405374
21.59990621609473 7441671.2691904791 -7441442.7928585187
21.599909691402658 7457066.4640260991 -7456837.8527425714
21.599913166710586 7472504.9158915784 -7472276.1694770018
21.599916642018513 7487986.7784281718 -7487757.8967026928
21.599920117326441 7503512.2059370177 -7503283.1887204098
21.599923592634369 7519081.3533824636 -7518852.2004941273
21.599927067942296 7534694.3763954127 -7534465.0876543745
21.599930543250224 7550351.4312766856 -7550122.0065015946
21.599934018558152 7566052.675000404 -7565823.1140095331
21.599937493866079 7581798.2652173927 -7581568.5678286375
21.599940969174007 7597588.3602586053 -7597358.5262894817
21.599944444481935 7613423.119138564 -7613193.1484062066
21.599947919789862 7629302.7015588237 -7629072.5938799884
21.59995139509779 7645227.2679114547 -7644997.0231025144
21.599954870405718 7661196.9792825459 -7660966.5971594891
21.599958345713649 7677211.9974557264 -7676981.4778341576
21.599961821021576 7693272.4849157119 -7693041.8276108513
21.599965296329504 7709378.604851868 -7709147.809678548
21.599968771637432 7725530.5211617956 -7725299.5879344614
21.599972246945359 7741728.3984549372 -7741497.3269876465
21.599975722253287 7757972.4020562051 -7757741.1921626236
21.599979197561215 7774262.6980096288 -7774031.3495030319
21.599982672869142 7790599.453082026 -7790367.965775297
21.59998614817707 7806982.8347666953 -7806751.2084723245
21.599989623484998 7823413.0112871267 -7823181.2458172105
21.599993098792925 7839890.151600739 -7839658.2467669779
21.599996574100853 7856414.4254026338 -7856182.3810163317
21.600000049408781 7872986.003129377 -7872753.81900144
21.600003524716708 7889605.0559627982 -7889372.7319037337
21.600007000024636 7906271.7558338167 -7906039.2916537318
21.600010475332567 7922986.2754262853 -7922753.6709348857
21.600013950640495 7939748.7881808598 -7939516.0431874497
21.600017425948423 7956559.4682988906 -7956326.5826123711
21.60002090125635 7973418.4907463379 -7973185.4641752038
21.600024376564278 7990326.0312577086 -7990092.8636100497
21.600027851872206 8007282.2663400155 -8007048.9574235147
21.600031327180133 8024287.3732767664 -8024053.9228986986
21.600034802488061 8041341.5301319677 -8041107.938099198
21.600038277795989 8058444.915754158 -8058211.1818731418
21.600041753103916 8075597.7097804639 -8075363.8338572448
21.600045228411844 8092800.0926406775 -8092566.0744808866
21.600048703719771 8110052.2455613622 -8109818.0849702153
21.600052179027699 8127354.3505699812 -8127120.0473522795
21.600055654335627 8144706.5904990491 -8144472.1444591777
21.600059129643558 8162109.1489903107 -8161874.5599322356
21.600062604951486 8179562.2104989421 -8179327.4782262128
21.600066080259413 8197065.960297781 -8196831.0846135253
21.600069555567341 8214620.5844815755 -8214385.5651885001
21.600073030875269 8232226.2699712655 -8231991.1068716543
21.600076506183196 8249883.2045182837 -8249647.897413997
21.600079981491124 8267591.5767088877 -8267356.1254013618
21.600083456799052 8285351.5759685142 -8285115.9802587582
21.600086932106979 8303163.3925661594 -8302927.6522547547
21.600090407414907 8321027.2176187877 -8320791.3325058874
21.600093882722835 8338943.2430957658 -8338707.2129810937
21.600097358030762 8356911.6618233239 -8356675.4865061715
21.60010083333869 8374932.6674890406 -8374696.3467682675
21.600104308646618 8393006.454646362 -8392769.9883203935
21.600107783954545 8411133.2187191378 -8410896.6065859646
21.600111259262476 8429313.1560061947 -8429076.3978633713
21.600114734570404 8447546.4636859316 -8447309.5593305752
21.600118209878332 8465833.3398209438 -8465596.2890497316
21.600121685186259 8484173.9833626747 -8483936.7859718446
21.600125160494187 8502568.5941560958 -8502331.249941444
21.600128635802115 8521017.3729444183 -8520779.8817012981
21.600132111110042 8539520.5213738251 -8539282.882897146
21.60013558641797 8558078.2419982404 -8557840.456082467
21.600139061725898 8576690.7382841241 -8576452.804723274
21.600142537033825 8595358.214615291 -8595120.1332029346
21.600146012341753 8614080.8762977701 -8613842.6468270272
21.600149487649681 8632858.9295646809 -8632620.5518282205
21.600152962957608 8651692.5815811493 -8651454.0553711876
21.600156438265536 8670582.0404492505 -8670343.3655575532
21.600159913573464 8689527.5152129792 -8689288.6914308555
21.600163388881395 8708529.2158632521 -8708290.2429815568
21.600166864189323 8727587.3533429392 -8727348.231152067
21.60017033949725 8746702.1395519301 -8746462.8678418174
21.600173814805178 8765873.7873522267 -8765634.3659123518
21.600177290113105 8785102.5105730724 -8784862.9391924497
21.600180765421033 8804388.5240161028 -8804148.8024832867
21.600184240728961 8823732.0434605405 -8823492.1715636197
21.600187716036888 8843133.2856684085 -8842893.263195008
21.600191191344816 8862592.4683897886 -8862352.295127064
21.600194666652744 8882109.8103681002 -8881869.4861027393
21.600198141960671 8901685.5313454233 -8901445.0558636431
21.600201617268599 8921319.8520678431 -8921079.2251553908
21.600205092576527 8941012.994290838 -8940772.215732988
21.600208567884454 8960765.1807846893 -8960524.2503662426
21.600212043192382 8980576.6353399344 -8980335.5528452154
21.600215518500313 9000447.5827728473 -9000206.3479857035
21.600218993808241 9020378.2489309553 -9020136.8616347574
21.600222469116169 9040368.8606985882 -9040127.3206762262
21.600225944424096 9060419.6460024677 -9060177.9530363511
21.600229419732024 9080530.8338173199 -9080288.9876893759
21.600232895039952 9100702.6541715339 -9100460.6546632033
21.600236370347879 9120935.33815285 -9120693.1850450896
21.600239845655807 9141229.1179140825 -9140986.8109873626
21.600243320963735 9161584.2266788818 -9161341.7657131832
21.600246796271662 9182000.8987475317 -9181758.2835223451
21.60025027157959 9202479.3695027735 -9202236.5997970998
21.600253746887518 9223019.8754156828 -9222776.9510080293
21.600257222195445 9243622.6540515702 -9243379.5747199487
21.600260697503373 9264287.9440759178 -9264044.7095978446
21.600264172811301 9285015.9852603655 -9284772.5954128597
21.600267648119232 9305807.0184887219 -9305563.4730483051
21.600271123427159 9326661.2857630197 -9326417.5845057126
21.600274598735087 9347579.0302096009 -9347335.1729109213
21.600278074043015 9368560.4960852508 -9368316.4825202134
21.600281549350942 9389605.9287833646 -9389361.7587264776
21.60028502465887 9410715.5748401526 -9410471.2480654195
21.600288499966798 9431889.6819408853 -9431645.1982218008
21.600291975274725 9453128.4989261776 -9452883.8580357283
21.600295450582653 9474432.2757983152 -9474187.4775089733
21.600298925890581 9495801.2637276091 -9495556.3078113366
21.600302401198508 9517235.7150588091 -9516990.6012870539
21.600305876506436 9538735.8833175413 -9538490.6114612333
21.600309351814364 9560302.0232167896 -9560056.593046343
21.600312827122291 9581934.3906634282 -9581688.8019487374
21.600316302430219 9603633.242764784 -9603387.4952752218
21.60031977773815 9625398.8378352411 -9625152.9313396588
21.600323253046078 9647231.4354028981 -9646985.3696696218
21.600326728354005 9669131.2962162532 -9668885.0710130855
21.600330203661933 9691098.6822509393 -9690852.2973451559
21.600333678969861 9713133.8567165025 -9712887.3118748497
21.600337154277788 9735237.0840632133 -9734990.379051907
21.600340629585716 9757408.6299889404 -9757161.7645736653
21.600344104893644 9779648.7614460476 -9779401.735391954
21.600347580201571 9801957.7466483489 -9801710.5597200505
21.600351055509499 9824335.8550780993 -9824088.5070396755
21.600354530817427 9846783.3574930392 -9846535.8481080271
21.600358006125354 9869300.5259334724 -9869052.854964871
21.600361481433282 9891887.6337294001 -9891639.8009396661
21.60036495674121 9914544.9555076901 -9914296.9606587384
21.600368432049141 9937272.7671993021 -9937024.6100524981
21.600371907357069 9960071.3460465465 -9959823.0263627134
21.600375382664996 9982940.9706104062 -9982692.4881498162
21.600378857972924 10005881.920777887 -10005633.275300262
21.600382333280852 10028894.477769429 -10028645.669033937
21.600385808588779 10051978.92414636 -10051729.951911617
21.600389283896707 10075135.543818399 -10074886.407842465
21.600392759204635 10098364.622051207 -10098115.322091583
21.600396234512562 10121666.445473982 -10121416.981287614
21.60039970982049 10145041.302087111 -10144791.673430381
21.600403185128418 10168489.481269861 -10168239.687898589
21.600406660436345 10192011.273788126 -10191761.315457569
21.600410135744273 10215606.971802231 -10215356.848267077
21.6004136110522 10239276.86887477 -10239026.579889141
21.600417086360128 10263021.25997851 -10262770.805295957
21.600420561668059 10286840.441504337 -10286589.820877841
21.600424036975987 10310734.711269254 -10310483.924451221
21.600427512283915 10334704.368524436 -10334453.415266698
21.600430987591842 10358749.713963334 -10358498.594017146
21.60043446289977 10382871.049729824 -10382619.762845863
21.600437938207698 10407068.67942643 -10406817.225354789
21.600441413515625 10431342.908122573 -10431091.286612766
21.600444888823553 10455694.042362899 -10455442.253163854
21.600448364131481 10480122.390175641 -10479870.433035702
21.600451839439408 10504628.261081047 -10504376.135747969
21.600455314747336 10529211.966099864 -10528959.672320811
21.600458790055264 10553873.817761865 -10553621.355283409
21.600462265363191 10578614.130114445 -10578361.498682568
21.600465740671119 10603433.218731275 -10603180.418091359
21.600469215979047 10628331.400720993 -10628078.430617826
21.600472691286978 10653308.994735973 -10653055.854913743
21.600476166594905 10678366.320981139 -10678113.011183431
21.600479641902833 10703503.701222844 -10703250.221192643
21.600483117210761 10728721.458797805 -10728467.808277488
21.600486592518688 10754019.91862209 -10753766.097353427
21.600490067826616 10779399.407200176 -10779145.414924331
21.600493543134544 10804860.252634065 -10804606.089091588
21.600497018442471 10830402.784632444 -10830148.449563274
21.600500493750399 10856027.334519928 -10855772.82766339
21.600503969058327 10881734.235246345 -10881479.556341145
21.600507444366254 10907523.821396094 -10907268.97018032
21.600510919674182 10933396.429197561 -10933141.405408679
21.60051439498211 10959352.396532599 -10959097.199907454
21.600517870290037 10985392.06294607 -10985136.693220882
21.600521345597965 11011515.769655446 -11011260.226565806
21.600524820905896 11037723.859560478 -11037468.142841354
21.600528296213824 11064016.677252933 -11063760.786638657
21.600531771521752 11090394.569026385 -11090138.504250655
21.600535246829679 11116857.882886074 -11116601.64368196
21.600538722137607 11143406.968558846 -11143150.554658776
21.600542197445534 11170042.177503133 -11169785.588638896
21.600545672753462 11196763.862919023 -11196507.098821767
21.60054914806139 11223572.379758382 -11223315.440158613
21.600552623369317 11250468.084735056 -11250210.969362633
21.600556098677245 11277451.336335126 -11277194.044919264
21.600559573985173 11304522.494827244 -11304265.027096506
21.6005630492931 11331681.922273034 -11331424.277955331
21.600566524601028 11358929.982537558 -11358672.161360148
21.600569999908956 11386267.041299867 -11386009.042989353
21.600573475216883 11413693.4660636 -11413435.290345926
21.600576950524815 11441209.626167677 -11440951.272768127
21.600580425832742 11468815.892797051 -11468557.361440245
21.60058390114067 11496512.638993533 -11496253.92940343
21.600587376448598 11524300.239666697 -11524041.351566587
21.600590851756525 11552179.071604844 -11551920.00471735
21.600594327064453 11580149.513486058 -11579890.267533131
21.600597802372381 11608211.945889318 -11607952.520592237
21.600601277680308 11636366.751305707 -11636107.146385072
21.600604752988236 11664614.314149676 -11664354.529325411
21.600608228296164 11692955.020770401 -11692695.055761751
21.600611703604091 11721389.259463204 -11721129.113988731
21.600615178912019 11749917.420481058 -11749657.09425864
21.600618654219947 11778539.896046167 -11778279.388792997
21.600622129527874 11807257.080361629 -11806996.391794208
21.600625604835805 11836069.369623169 -11835808.499457309
21.600629080143733 11864977.162030967 -11864716.109981785
21.600632555451661 11893980.857801553 -11893719.62358347
21.600636030759588 11923080.859179787 -11922819.442506528
21.600639506067516 11952277.57045093 -11952015.971035518
21.600642981375444 11981571.397952775 -11981309.61550753
21.600646456683371 12010962.750087883 -12010700.784324422
21.600649931991299 12040452.037335899 -12040189.88796513
21.600653407299227 12070039.672265938 -12069777.338998059
21.600656882607154 12099726.069549073 -12099463.552093569
21.600660357915082 12129511.6459709 -12129248.944036543
21.60066383322301 12159396.820444191 -12159133.933739036
21.600667308530937 12189382.014021633 -12189118.942253016
21.600670783838865 12219467.649908654 -12219204.392783187
21.600674259146793 12249654.153476341 -12249390.710699914
21.600677734454724 12279941.952274442 -12279678.323552217
21.600681209762651 12310331.476044463 -12310067.661080875
21.600684685070579 12340823.156732852 -12340559.155231602
21.600688160378507 12371417.428504273 -12371153.240168331
21.600691635686434 12402114.727754971 -12401850.35228657
21.600695110994362 12432915.493126236 -12432650.930226866
21.60069858630229 12463820.165517952 -12463555.414888367
21.600702061610217 12494829.188102253 -12494564.24944246
21.600705536918145 12525943.006337253 -12525677.879346516
21.600709012226073 12557162.067980889 -12556896.752357719
21.600712487534 12588486.823104851 -12588221.318547009
21.600715962841928 12619917.724108614 -12619652.030313106
21.600719438149856 12651455.225733571 -12651189.342396649
21.600722913457783 12683099.785077251 -12682833.711894408
21.600726388765711 12714851.861607652 -12714585.598273616
21.600729864073642 12746711.917177653 -12746445.46338639
21.60073333938157 12778680.416039554 -12778413.771484265
21.600736814689498 12810757.824859699 -12810490.989232812
21.600740289997425 12842944.612733206 -12842677.585726378
21.600743765305353 12875241.251198797 -12874974.032502912
21.600747240613281 12907648.21425374 -12907380.803558903
21.600750715921208 12940165.978368891 -12939898.375364427
21.600754191229136 12972795.02250384 -12972527.226878291
21.600757666537064 13005535.828122167 -13005267.83956329
21.600761141844991 13038388.879206803 -13038120.697401566
21.600764617152919 13071354.662275499 -13071086.286910081
21.600768092460847 13104433.666396406 -13104165.097156193
21.600771567768774 13137626.383203764 -13137357.619773345
21.600775043076702 13170933.306913698 -13170664.348976864
21.600778518384629 13204354.934340136 -13204085.781579873
21.600781993692561 13237891.764910826 -13237622.417009316
21.600785469000488 13271544.30068348 -13271274.757322099
21.600788944308416 13305313.046362022 -13305043.307221338
21.600792419616344 13339198.509312961 -13338928.574072728
21.600795894924271 13373201.199581863 -13372931.06792102
21.600799370232199 13407321.629909959 -13407051.301506624
21.600802845540127 13441560.315750856 -13441289.790282328
21.600806320848054 13475917.775287392 -13475647.052430144
21.600809796155982 13510394.529448573 -13510123.608878253
21.60081327146391 13544991.101926666 -13544719.983318092
21.600816746771837 13579708.019194394 -13579436.70222155
21.600820222079765 13614545.81052226 -13614274.294858294
21.600823697387693 13649505.007995995 -13649233.293313218
21.60082717269562 13684586.14653413 -13684314.232504012
21.600830648003548 13719789.763905693 -13719517.650198858
21.600834123311479 13755116.400748033 -13754844.087034259
21.600837598619407 13790566.600584779 -13790294.086532993
21.600841073927334 13826140.909843916 -13825868.195122192
21.600844549235262 13861839.877875999 -13861566.962151553
21.60084802454319 13897664.056972498 -13897390.93991169
21.600851499851117 13933614.002384273 -13933340.683652597
21.600854975159045 13969690.272340186 -13969416.751602272
21.600858450466973 14005893.428065838 -14005619.704985449
21.6008619257749 14042224.033802455 -14041950.108042482
21.600865401082828 14078682.656825894 -14078408.528048353
21.600868876390756 14115269.867465802 -14114995.535331832
21.600872351698683 14151986.239124907 -14151711.703294767
21.600875827006611 14188832.348298449 -14188557.608431512
21.600879302314539 14225808.774593752 -14225533.830348507
21.60088277762247 14262916.100749936 -14262640.951783979
21.600886252930398 14300154.912657781 -14299879.558627818
21.600889728238325 14337525.799379723 -14337250.239941563
21.600893203546253 14375029.353170009 -14374753.58797856
21.600896678854181 14412666.169494987 -14412390.198204255
21.600900154162108 14450436.84705355 -14450160.669316635
21.600903629470036 14488341.987797739 -14488065.60326683
21.600907104777963 14526382.196953475 -14526105.605279854
21.600910580085891 14564558.083041461 -14564281.28387549
21.600914055393819 14602870.257898223 -14602593.250889344
21.600917530701746 14641319.336697318 -14641042.121494053
21.600921006009674 14679905.937970698 -14679628.514220646
21.600924481317602 14718630.683630222 -14718353.050980048
21.600927956625529 14757494.198989324 -14757216.357084766
21.600931431933457 14796497.112784855 -14796219.061270712
21.600934907241388 14835640.057199068 -14835361.795719201
21.600938382549316 14874923.667881785 -14874645.196079113
21.600941857857244 14914348.583972713 -14914069.901489209
21.600945333165171 14953915.448123926 -14953636.554600617
21.600948808473099 14993624.906522524 -14993345.80159948
21.600952283781027 15033477.60891344 -15033198.292229779
21.600955759088954 15073474.208622441 -15073194.679816321
21.600959234396882 15113615.362579279 -15113335.621287894
21.60096270970481 15153901.731341025 -15153621.777200604
21.600966185012737 15194333.979115574 -15194053.811761374
21.600969660320665 15234912.773785319 -15234632.392851627
21.600973135628593 15275638.786931017 -15275358.192051141
21.60097661093652 15316512.693855815 -15316231.884662084
21.600980086244448 15357535.17360946 -15357254.149733219
21.600983561552376 15398706.909012698 -15398425.670084303
21.600987036860307 15440028.586681847 -15439747.132330665
21.600990512168234 15481500.89705356 -15481219.226907965
21.600993987476162 15523124.534409765 -15522842.64809713
21.60099746278409 15564900.196902802 -15564618.094049497
21.601000938092017 15606828.586580742 -15606546.266812133
21.601004413399945 15648910.409412896 -15648627.872353341
21.601007888707873 15691146.375315521 -15690863.620588364
21.6010113640158 15733537.198177708 -15733254.225405278
21.601014839323728 15776083.595887488 -15775800.404691089
21.601018314631656 15818786.290358106 -15818502.880358024
21.601021789939583 15861646.00755452 -15861362.378370009
21.601025265247511 15904663.477520077 -15904379.62876936
21.601028740555439 15947839.434403401 -15947555.365703668
21.601032215863366 15991174.616485491 -15990890.327452891
21.601035691171294 16034669.766207023 -16034385.25645666
21.601039166479225 16078325.630195841 -16078040.899341775
21.601042641787153 16122142.959294681 -16121858.00694992
21.60104611709508 16166122.508589089 -16165837.334365588
21.601049592403008 16210265.037435556 -16209979.640944209
21.601053067710936 16254571.30948987 -16254285.69034051
21.601056543018863 16299042.092735685 -16298756.250537077
21.601060018326791 16343678.159513302 -16343392.093873141
21.601063493634719 16388480.286548678 -16388193.997073587
21.601066968942646 16433449.254982645 -16433162.741278166
21.601070444250574 16478585.850400366 -16478299.112070959
21.601073919558502 16523890.862861006 -16523603.899510045
21.601077394866429 16569365.086927634 -16569077.898157403
21.601080870174357 16615009.321697358 -16614721.907109046
21.601084345482285 16660824.370831685 -16660536.730025385
21.601087820790212 16706811.042587118 -16706523.175161814
21.601091296098144 16752970.149845989 -16752682.055399563
21.601094771406071 16799302.510147534 -16799014.188276757
21.601098246713999 16845808.945719197 -16845520.396019723
21.601101722021927 16892490.283508178 -16892201.505574543
21.601105197329854 16939347.355213229 -16939058.348638844
21.601108672637782 16986380.997316696 -16986091.761693843
21.60111214794571 17033592.05111682 -17033302.586036652
21.601115623253637 17080981.362760272 -17080691.667812806
21.601119098561565 17128549.78327493 -17128259.858049039
21.601122573869493 17176298.168602932 -17176008.012686346
21.60112604917742 17224227.379633989 -17223936.992613286
21.601129524485348 17272338.282238934 -17272047.663699545
21.601132999793276 17320631.747303553 -17320340.896829747
21.601136475101203 17369108.650762666 -17368817.567937549
21.601139950409134 17417769.873634487 -17417478.558039997
21.601143425717062 17466616.302055255 -17466324.753272157
21.60114690102499 17515648.827314109 -17515357.044921998
21.601150376332917 17564868.345888272 -17564576.329465561
21.601153851640845 17614275.759478483 -17613983.508602399
21.601157326948773 17663871.975044709 -17663579.489291292
21.6011608022567 17713657.904842149 -17713365.183786243
21.601164277564628 17763634.466457523 -17763341.509672776
21.601167752872556 17813802.582845636 -17813509.389904488
21.601171228180483 17864163.182366222 -17863869.752839912
21.601174703488411 17914717.19882112 -17914423.53227967
21.601178178796339 17965465.571491685 -17965171.667503901
21.601181654104266 18016409.245176546 -18016115.103310015
21.601185129412194 18067549.170229632 -18067254.790050711
21.601188604720122 18118886.302598506 -18118591.683672328
21.601192080028053 18170421.603862997 -18170126.745753452
21.60119555533598 18222156.041274149 -18221860.943543889
21.601199030643908 18274090.587793481 -18273795.250003915
21.601202505951836 18326226.222132545 -18325930.64384383
21.601205981259763 18378563.928792819 -18378268.109563854
21.601209456567691 18431104.698105901 -18430808.637494329
21.601212931875619 18483849.526274029 -18483553.223836228
21.601216407183546 18536799.415410917 -18536502.870701995
21.601219882491474 18589955.373582937 -18589658.586156726
21.601223357799402 18643318.414850611 -18643021.384259671
21.601226833107329 18696889.559310433 -18696592.285106029
21.601230308415257 18750669.833137032 -18750372.314869147
21.601233783723185 18804660.268625695 -18804362.505843014
21.601237259031112 18858861.904235207 -18858563.896485113
21.60124073433904 18913275.784631032 -18912977.531459611
21.601244209646971 18967902.960728861 -18967604.461680882
21.601247684954899 19022744.489738487 -19022445.744357407
21.601251160262827 19077801.435208052 -19077502.443036012
21.601254635570754 19133074.867068645 -19132775.627646457
21.601258110878682 19188565.861679252 -19188266.374546397
21.60126158618661 19244275.501872092 -19243975.766566716
21.601265061494537 19300204.876998309 -19299904.893057216
21.601268536802465 19356355.08297402 -19356054.849932667
21.601272012110392 19412727.222326759 -19412426.739719253
21.60127548741832 19469322.404242288 -19469021.671601381
21.601278962726248 19526141.744611781 -19525840.761468861
21.601282438034175 19583186.366079405 -19582885.13196449
21.601285913342103 19640457.398090277 -19640155.912532017
21.601289388650031 19697955.976938821 -19697654.239464484
21.601292863957958 19755683.245817516 -19755381.255952988
21.60129633926589 19813640.354866043 -19813338.11213582
21.601299814573817 19871828.461220827 -19871525.965148009
21.601303289881745 19930248.729064997 -19929945.979171287
21.601306765189673 19988902.329678755 -19988599.325484443
21.6013102404976 20047790.441490151 -20047487.18251412
21.601313715805528 20106914.250126287 -20106610.735886004
21.601317191113456 20166274.948464919 -20165971.178476423
21.601320666421383 20225873.736686502 -20225569.710464403
21.601324141729311 20285711.822326668 -20285407.539384149
21.601327617037239 20345790.420329127 -20345485.880177923
21.601331092345166 20406110.753098994 -20405805.955249399
21.601334567653094 20466674.050556585 -20466368.994517434
21.601338042961022 20527481.55019163 -20527176.23547031
21.601341518268949 20588534.497117974 -20588228.9232204
21.601344993576877 20649834.144128673 -20649528.310559295
21.601348468884808 20711381.751751602 -20711075.658013396
21.601351944192736 20773178.588305488 -20772872.233899947
21.601355419500663 20835225.929956425 -20834919.314383551
21.601358894808591 20897525.060774863 -20897218.183533169
21.601362370116519 20960077.272793092 -20959770.13337959
21.601365845424446 21022883.866063148 -21022576.46397334
21.601369320732374 21085946.148715261 -21085638.483443145
21.601372796040302 21149265.43701677 -21148957.508054823
21.601376271348229 21212843.055431504 -21212534.862270676
21.601379746656157 21276680.336679701 -21276371.878809419
21.601383221964085 21340778.621798422 -21340469.89870657
21.601386697272012 21405139.260202445 -21404830.271375366
21.60139017257994 21469763.609745715 -21469454.3546682
21.601393647887868 21534653.036783285 -21534343.514938574
21.601397123195799 21599808.916233785 -21599499.127103556
21.601400598503727 21665232.631642405 -21664922.574706763
21.601404073811654 21730925.575244423 -21730615.249981899
21.601407549119582 21796889.148029279 -21796578.553916827
21.601411024427509 21863124.759805184 -21862813.896318167
21.601414499735437 21929633.82926425 -21929322.695876442
21.601417975043365 21996417.784048203 -21996106.380231772
21.601421450351292 22063478.060814649 -22063166.386040155
21.60142492565922 22130816.105303906 -22130504.159040298
21.601428400967148 22198433.372406393 -22198121.154120997
21.601431876275075 22266331.326230597 -22266018.835389111
21.601435351583003 22334511.44017164 -22334198.676238135
21.601438826890931 22402975.196980394 -22402662.15941729
21.601442302198858 22471724.088833205 -22471410.777101278
21.601445777506786 22540759.617402233 -22540446.030960605
21.601449252814717 22610083.293926373 -22609769.432232507
21.601452728122645 22679696.639282778 -22679382.501792461
21.601456203430573 22749601.184059009 -22749286.770226359
21.6014596787385 22819798.468625821 -22819483.77790327
21.601463154046428 22890290.043210529 -22889975.075048819
21.601466629354356 22961077.46797106 -22960762.221819237
21.601470104662283 23032162.313070625 -23031846.788376033
21.601473579970211 23103546.158753008 -23103230.35496128
21.601477055278139 23175230.595418505 -23174914.511973552
21.601480530586066 23247217.22370059 -23246900.860044602
21.601484005893994 23319507.654543173 -23319191.010116603
21.601487481201922 23392103.509278554 -23391786.583520118
21.601490956509849 23465006.419706054 -23464689.212052722
21.601494431817777 23538218.028171312 -23537900.5380583
21.601497907125705 23611739.987646297 -23611422.214507051
21.601501382433636 23685573.961810004 -23685255.905076209
21.601504857741563 23759721.625129871 -23759403.284231432
21.601508333049491 23834184.66294387 -23833866.037308905
21.601511808357419 23908964.771543358 -23908645.860598195
21.601515283665346 23984063.658256624 -23983744.461425789
21.601518758973274 24059483.041533176 -24059163.558239389
21.601522234281202 24135224.651028775 -24134904.88069294
21.601525709589129 24211290.227691211 -24210970.16973241
21.601529184897057 24287681.523846813 -24287361.177682299
21.601532660204985 24364400.303287748 -24364079.668332934
21.601536135512912 24441448.341360074 -24441127.41702852
21.60153961082084 24518827.425052579 -24518506.210755996
21.601543086128768 24596539.353086419 -24596217.848234657
21.601546561436695 24674585.93600551 -24674264.140006546
21.601550036744623 24752968.996267732 -24752646.908527665
21.601553512052554 24831690.368336953 -24831367.988259997
21.601556987360482 24910751.898775868 -24910429.225764342
21.601560462668409 24990155.446339648 -24989832.479793962
21.601563937976337 25069902.882070448 -25069579.621389106
21.601567413284265 25149996.089392751 -25149672.533972338
21.601570888592192 25230436.964209531 -25230113.113444705
21.60157436390012 25311227.414999284 -25310903.268282764
21.601577839208048 25392369.36291394 -25392044.919636503
21.601581314515975 25473864.741877656 -25473540.001428124
21.601584789823903 25555715.498686481 -25555390.460451711
21.601588265131831 25637923.593108911 -25637598.256473798
21.601591740439758 25720490.997987367 -25720165.362334821
21.601595215747686 25803419.699340541 -25803093.764051486
21.601598691055614 25886711.696466718 -25886385.460920084
21.601602166363541 25970369.002047982 -25970042.465620689
21.601605641671473 26054393.642255384 -26054066.804322343
21.6016091169794 26138787.656855077 -26138460.516789176
21.601612592287328 26223553.099315349 -26223225.656487446
21.601616067595256 26308692.03691468 -26308364.290693592
21.601619542903183 26394206.550850742 -26393878.500603233
21.601623018211111 26480098.736350425 -26479770.381441206
21.601626493519039 26566370.702780843 -26566042.042572554
21.601629968826966 26653024.573761322 -26652695.607614528
21.601633444134894 26740062.487276457 -26739733.214549638
21.601636919442821 26827486.595790166 -26827157.015839703
21.601640394750749 26915299.066360794 -26914969.178540967
21.601643870058677 27003502.08075726 -27003171.884420235
21.601647345366604 27092097.835576288 -27091767.330072109
21.601650820674532 27181088.542360663 -27180757.72703724
21.60165429598246 27270476.427718606 -27270145.301921707
21.601657771290391 27360263.733444262 -27359932.296517503
21.601661246598319 27450452.716639269 -27450120.967924107
21.601664721906246 27541045.649835426 -27540713.588671144
21.601668197214174 27632044.821118522 -27631712.446842223
21.601671672522102 27723452.534253296 -27723119.846199896
21.601675147830029 27815271.108809553 -27814938.106311765
21.601678623137957 27907502.880289443 -27907169.562677771
21.601682098445885 28000150.200255901 -27999816.566858627
21.601685573753812 28093215.436462283 -28092881.486605465
21.60168904906174 28186700.97298323 -28186366.70599068
21.601692524369668 28280609.210346717 -28280274.625539999
21.601695999677595 28374942.56566735 -28374607.662365768
21.601699474985523 28469703.472780872 -28469368.250301458
21.601702950293451 28564894.382379945 -28564558.84003745
21.601706425601382 28660517.762151226 -28660181.899258111
21.601709900909309 28756576.096913688 -28756239.91278011
21.601713376217237 28853071.88875822 -28852735.382692028
21.601716851525165 28950007.657188557 -28949670.828495275
21.601720326833092 29047385.939263508 -29047048.787246328
21.60172380214102 29145209.289740551 -29144871.813700318
21.601727277448948 29243480.281220768 -29243142.480455976
21.601730752756875 29342201.504295137 -29341863.378101915
21.601734228064803 29441375.56769219 -29441037.115364287
21.601737703372731 29541005.09842708 -29540666.319255859
21.601741178680658 29641092.74195205 -29640753.635226477
21.601744653988586 29741641.162308335 -29741301.727314968
21.601748129296514 29842653.042279474 -29842313.27830245
21.601751604604441 29944131.08354608 -29943790.989867102
21.601755079912369 30046078.006842103 -30045737.582740437
21.6017585552203 30148496.552112564 -30148155.79686502
21.601762030528228 30251389.478672769 -30251048.391553689
21.601765505836156 30354759.565369047 -30354418.145650297
21.601768981144083 30458609.61074106 -30458267.857692022
21.601772456452011 30562942.433185618 -30562600.346073169
21.601775931759938 30667760.871122066 -30667418.449210573
21.601779407067866 30773067.783159275 -30772725.025710583
21.601782882375794 30878866.048264202 -30878522.954537623
21.601786357683721 30985158.56593208 -30984815.135184377
21.601789832991649 31091948.256358244 -31091604.487843622
21.601793308299577 31199238.060611609 -31198893.953581706
21.601796783607504 31307030.940809805 -31306686.494513672
21.601800258915432 31415329.880296011 -31414985.093980104
21.60180373422336 31524137.883817516 -31523792.756725688
21.601807209531287 31633457.977705967 -31633112.509079449
21.601810684839219 31743293.210059367 -31742947.399136763
21.601814160147146 31853646.65092586 -31853300.496943127
21.601817635455074 31964521.392489258 -31964174.894679699
21.601821110763002 32075920.54925641 -32075573.706850655
21.601824586070929 32187847.258246385 -32187500.070472382
21.601828061378857 32300304.679181505 -32299957.145264514
21.601831536686785 32413295.994680207 -32412948.113842782
21.601835011994712 32526824.410451781 -32526476.181913748
21.60183848730264 32640893.15549304 -32640544.578471497
21.601841962610568 32755505.482286926 -32755156.555996228
21.601845437918495 32870664.667003028 -32870315.390654765
21.601848913226423 32986374.009700079 -32986024.382503077
21.601852388534351 33102636.83453045 -33102286.855690744
21.601855863842278 33219456.489946626 -33219106.158667453
21.601859339150206 33336836.348909751 -33336485.664391536
21.601862814458137 33454779.809100211 -33454428.770540558
21.601866289766065 33573290.293130293 -33572938.899723962
21.601869765073992 33692371.248758964 -33692019.499697872
21.60187324038192 33812026.149108723 -33811674.04358191
21.601876715689848 33932258.492884599 -33931906.030078232
21.601880190997775 34053071.804595411 -34052718.983692758
21.601883666305703 34174469.634777181 -34174116.454958603
21.601887141613631 34296455.560218766 -34296102.020661704
21.601890616921558 34419033.184189744 -34418679.284068704
21.601894092229486 34542206.136670507 -34541851.875157036
21.601897567537414 34665978.074584715 -34665623.450847402
21.601901042845341 34790352.682034127 -34789997.695238583
21.601904518153269 34915333.670535691 -34914978.319844529
21.601907993461197 35040924.779260978 -35040569.06383381
21.601911468769124 35167129.775278091 -35166773.694271497
21.601914944077055 35293952.453795999 -35293596.006363526
21.601918419384983 35421396.638411358 -35421039.823703505
21.601921894692911 35549466.181357734 -35549108.998521917
21.601925370000838 35678164.963757366 -35677807.411937937
21.601928845308766 35807496.895875566 -35807138.974213772
21.601932320616694 35937465.917377524 -35937107.625011496
21.601935795924621 36068075.997587875 -36067717.333652616
21.601939271232549 36199331.135752812 -36198972.099380188
21.601942746540477 36331235.361304805 -36330875.951623514
21.601946221848404 36463792.734130129 -36463432.950265698
21.601949697156332 36597007.344839104 -36596647.185913868
21.60195317246426 36730883.315039024 -36730522.780172117
21.601956647772187 36865424.797609888 -36865063.885917217
21.601960123080115 37000635.976982892 -37000274.687577121
21.601963598388046 37136521.069421954 -37136159.401412502
21.601967073695974 37273084.323307946 -37272722.275800951
21.601970549003902 37410330.019425899 -37409967.591524221
21.601974024311829 37548262.471255191 -37547899.662058383
21.601977499619757 37686886.025262646 -37686522.833866939
21.601980974927685 37826205.061198689 -37825841.486696981
21.601984450235612 37966223.992396586 -37965860.033878423
21.60198792554354 38106947.266074717 -38106582.922626272
21.601991400851468 38248379.363641992 -38248014.634346046
21.601994876159395 38390524.801006503 -38390159.684942439
21.601998351467323 38533388.128887326 -38533022.625131108
21.60200182677525 38676973.933129437 -38676608.040753588
21.602005302083178 38821286.835022032 -38820920.553095616
21.602008777391106 38966331.491620168 -38965964.819208778
21.602012252699033 39112112.596069768 -39111745.532235503
21.602015728006965 39258634.877935953 -39258267.421737403
21.602019203314892 39405903.103534833 -39405535.254027069
21.60202267862282 39553922.076268725 -39553553.832503259
21.602026153930748 39702696.636964947 -39702327.997989744
21.602029629238675 39852231.66421815 -39851862.629077584
21.602033104546603 40002532.074736238 -40002162.64247109
21.602036579854531 40153602.82368993 -40153232.993337356
21.602040055162458 40305448.905065976 -40305078.6756595
21.602043530470386 40458075.35202416 -40457704.72259365
21.602047005778314 40611487.237258047 -40611116.206829697
21.602050481086241 40765689.673359565 -40765318.240955882
21.602053956394169 40920687.813187383 -40920315.977827154
21.602057431702097 41076486.850239165 -41076114.610937454
21.602060907010024 41233092.019027941 -41232719.374796055
21.602064382317952 41390508.595462397 -41390135.545307875
21.602067857625883 41548741.897231191 -41548368.440157786
21.602071332933811 41707797.284191385 -41707423.419199042
21.602074808241738 41867680.158760972 -41867305.884845808
21.602078283549666 42028395.966315657 -42028021.282469928
21.602081758857594 42189950.195589975 -42189575.100802086
21.602085234165521 42352348.379082583 -42351972.872337043
21.602088709473449 42515596.09346588 -42515220.173743285
21.602092184781377 42679698.96000012 -42679322.626277141
21.602095660089304 42844662.644952007 -42844285.896201372
21.602099135397232 43010492.86001768 -43010115.695208132
21.60210261070516 43177195.362750314 -43176817.780846611
21.602106086013087 43344775.956992455 -43344397.956955343
21.602109561321015 43513240.493312947 -43512862.074099138
21.602113036628943 43682594.869448513 -43682216.03001067
21.60211651193687 43852845.0307502 -43852465.770036906
21.602119987244802 44023996.970634729 -44023617.287590466
21.602123462552729 44196056.731040701 -44195676.624605834
21.602126937860657 44369030.402889796 -44368649.872000545
21.602130413168585 44542924.126553029 -44542543.170141459
21.602133888476512 44717744.092322133 -44717362.709316112
21.60213736378444 44893496.540886 -44893114.730209194
21.602140839092367 45070187.763812393 -45069805.524384238
21.602144314400295 45247824.104034945 -45247441.434770621
21.602147789708223 45426411.956345551 -45426028.856155962
21.60215126501615 45605957.767892197 -45605574.235683955
21.602154740324078 45786468.038682163 -45786084.073357552
21.602158215632006 45967949.322090797 -45967564.922547765
21.602161690939933 46150408.225376077 -46150023.390508197
21.602165166247861 46333851.410198614 -46333466.138895065
21.602168641555789 46518285.593147703 -46517899.884293251
21.60217211686372 46703717.546273082 -46703331.398748063
21.602175592171648 46890154.097622506 -46889767.510302775
21.602179067479575 47077602.131785445 -47077215.10354238
21.602182542787503 47266068.590442851 -47265681.120143317
21.602186018095431 47455560.472922996 -47455172.559429325
21.602189493403358 47646084.836763553 -47645696.478933506
21.602192968711286 47837648.798279941 -47837259.994966701
21.602196444019214 48030259.53314013 -48029870.28319227
21.602199919327141 48223924.276945792 -48223534.579207242
21.602203394635069 48418650.325820081 -48418260.179130115
21.602206869942997 48614445.037001982 -48614054.440195188
21.602210345250924 48811315.829447336 -48810924.781353585
21.602213820558852 49009270.184436753 -49008878.683881178
21.60221729586678 49208315.646190405 -49207923.691993371
21.602220771174711 49408459.822489657 -49408067.413466744
21.602224246482638 49609710.385305829 -49609317.520267807
21.602227721790566 49812075.071436077 -49811681.749188855
21.602231197098494 50015561.683146499 -50015167.90249113
21.602234672406421 50220178.088822633 -50219783.848555267
21.602238147714349 50425932.223627314 -50425537.522539176
21.602241623022277 50632832.090166107 -50632436.92704346
21.602245098330204 50840885.759160399 -50840490.132784538
21.602248573638132 51050101.370128162 -51049705.279275373
21.60225204894606 51260487.132072367 -51260090.575513892
21.602255524253987 51472051.324177578 -51471654.300679602
21.602258999561915 51684802.296514377 -51684404.804837994
21.602262474869843 51898748.470752023 -51898350.509653203
21.60226595017777 52113898.340879254 -52113499.90910881
21.602269425485698 52330260.47393357 -52329861.570237152
21.602272900793629 52547843.510738805 -52547444.133856848
21.602276376101557 52766656.166651204 -52766256.315318897
21.602279851409484 52986707.232314482 -52986306.905261762
21.602283326717412 53208005.574423343 -53207604.770374842
21.60228680202534 53430560.136495963 -53430158.854170986
21.602290277333267 53654379.939655669 -53653978.177768171
21.602293752641195 53879474.083421521 -53879071.840680063
21.602297227949123 54105851.746508271 -54105449.021615997
21.60230070325705 54333522.18763569 -54333118.979290292
21.602304178564978 54562494.746347509 -54562091.053241208
21.602307653872906 54792778.84383972 -54792374.664659217
21.602311129180833 55024383.983798817 -55023979.31722527
21.602314604488761 55257319.753249861 -55256914.59795887
21.602318079796689 55491595.823414549 -55491190.178076088
21.602321555104616 55727221.950579435 -55726815.813857846
21.602325030412548 55964207.976974584 -55963801.34752854
21.602328505720475 56202563.831662476 -56202156.70814494
21.602331981028403 56442299.531437486 -56441891.912495688
21.602335456336331 56683425.181736149 -56683017.066011541
21.602338931644258 56925950.977558374 -56925542.363686614
21.602342406952186 57169887.204399444 -57169478.091010347
21.602345882260114 57415244.239193074 -57414834.624910586
21.602349357568041 57662032.551266037 -57661622.4347082
21.602352832875969 57910262.703304112 -57909852.083083026
21.602356308183897 58159945.352329567 -58159534.227051355
21.602359783491824 58411091.250690609 -58410679.618955389
21.602363258799752 58663711.247062504 -58663299.107464343
21.602366734107679 58917816.287460983 -58917403.63858787
21.602370209415607 59173417.41626773 -59173004.256701544
21.602373684723535 59430525.777268402 -59430112.10558486
21.602377160031466 59689152.614703186 -59688738.429471821
21.602380635339394 59949309.274330206 -59948894.574114323
21.602384110647321 60211007.204501584 -60210591.987858228
21.602387585955249 60474257.957252942 -60473842.222732864
21.602391061263177 60739073.189406008 -60738656.935553618
21.602394536571104 61005464.663684681 -61005047.889038011
21.602398011879032 61273444.249844842 -61273026.952935517
21.60240148718696 61543023.925818019 -61542606.105171211
21.602404962494887 61814215.778869025 -61813797.433003418
21.602408437802815 62087032.006767862 -62086613.134195618
21.602411913110743 62361484.918976024 -62361065.51820273
21.60241538841867 62637586.937847383 -62637167.007372029
21.602418863726598 62915350.599844053 -62914930.138158977
21.602422339034526 63194788.556767099 -63194367.562357955
21.602425814342453 63475913.577002741 -63475492.048348449
21.602429289650384 63758738.546784006 -63758316.482356735
21.602432764958312 64043276.471467912 -64042853.869733013
21.60243624026624 64329540.476828389 -64329117.33624436
21.602439715574167 64617543.810365848 -64617120.129384302
21.602443190882095 64907299.842632741 -64906875.619698368
21.602446666190023 65198822.068575598 -65198397.302126102
21.60245014149795 65492124.108894125 -65491698.797360197
21.602453616805878 65787219.711417384 -65786793.853222653
21.602457092113806 66084122.75249707 -66083696.346058071
21.602460567421733 66382847.23841849 -66382420.282144599
21.602464042729661 66683407.306829296 -66682979.799122706
21.602467518037589 66985817.228186317 -66985389.167441987
21.602470993345516 67290091.407220513 -67289662.791826129
21.602474468653444 67596244.384420633 -67595815.212756529
21.602477943961375 67904290.837535813 -67903861.107974991
21.602481419269303 68214245.58309716 -68213815.294005185
21.602484894577231 68526123.577958778 -68525692.727693751
21.602488369885158 68839939.920858547 -68839508.50777109
21.602491845193086 69155709.853998214 -69155277.876431376
21.602495320501014 69473448.76464428 -69473016.220933497
21.602498795808941 69793172.186749682 -69792739.07522276
21.602502271116869 70114895.802595839 -70114462.121572882
21.602505746424796 70438635.444455877 -70438201.192249238
21.602509221732724 70764407.096279576 -70763972.271193832
21.602512697040652 71092226.895399615 -71091791.495731488
21.602516172348579 71422111.13425985 -71421675.158298194
21.602519647656507 71754076.262166187 -71753639.708191887
21.602523122964435 72088138.887060463 -72087701.753346428
21.602526598272362 72424315.777316913 -72423878.062128007
21.602530073580294 72762623.863562196 -72762185.565155193
21.602533548888221 73103080.240519375 -73102641.35714291
21.602537024196149 73445702.168875515 -73445262.698770031
21.602540499504077 73790507.077173561 -73790067.018571243
21.602543974812004 74137512.563729614 -74137071.914854348
21.602547450119932 74486736.39857538 -74486295.157642707
21.60255092542786 74838196.525425926 -74837754.690642968
21.602554400735787 75191911.0636729 -75191468.63323833
21.602557876043715 75547898.310404569 -75547455.282508552
21.602561351351643 75906176.742452562 -75905733.115276694
21.60256482665957 76266765.018465385 -76266320.79018262
21.602568301967498 76629681.981009513 -76629237.149784148
21.602571777275426 76994946.658698514 -76994501.222686097
21.602575252583353 77362578.268350467 -77362132.225697756
21.602578727891281 77732596.217174038 -77732149.566018954
21.602582203199212 78105020.104983687 -78104572.84345524
21.60258567850714 78479869.726444766 -78479421.852662995
21.602589153815067 78857165.073348165 -78856716.58542408
21.602592629122995 79236926.336916044 -79236477.232951581
21.602596104430923 79619173.910138577 -79618724.188226536
21.60259957973885 80003928.390141651 -80003478.048365623
21.602603055046778 80391210.58058697 -80390759.617021292
21.602606530354706 80781041.494104117 -80780589.9068138
21.602610005662633 81173442.3547557 -81172990.141796365
21.602613480970561 81568434.600536242 -81567981.75995408
21.602616956278489 81966039.8859047 -81965586.415736392
21.602620431586416 82366280.084351048 -82365825.982623696
21.602623906894344 82769177.290998593 -82768722.555729672
21.602627382202272 83174753.825241357 -83174298.454438642
21.602630857510199 83583032.233417764 -83582576.225079268
21.602634332818131 83994035.291520804 -83993578.643634707
21.602637808126058 84407786.007945389 -84407328.71848999
21.602641283433986 84824307.626273394 -84823849.693217024
21.602644758741913 85243623.628097132 -85243165.049398094
21.602648234049841 85665757.735882089 -85665298.509488612
21.602651709357769 86090733.915868759 -86090274.039718896
21.602655184665696 86518576.381014526 -86518115.853036106
21.602658659973624 86949309.593976751 -86948848.412087291
21.602662135281552 87382958.270137504 -87382496.432244167
21.602665610589479 87819547.380670249 -87819084.884669766
21.602669085897407 88259102.155648574 -88258638.999427155
21.602672561205335 88701648.087198928 -88701184.268632203
21.602676036513262 89147210.932697937 -89146746.449650899
21.60267951182119 89595816.718013659 -89595351.568340555
21.602682987129118 90047491.740793005 -90047025.922337294
21.602686462437049 90502262.57379505 -90501796.084389329
21.602689937744977 90960156.068271026 -90959688.905736923
21.602693413052904 91421199.357393131 -91420731.519541278
21.602696888360832 91885419.859730795 -91884951.344360709
21.60270036366876 92352845.28277652 -92352376.08767654
21.602703838976687 92823503.626522198 -92823033.749469429
21.602707314284615 93297423.187085733 -93296952.625845939
21.602710789592543 93774632.560389206 -93774161.312716752
21.60271426490047 94255160.645890087 -94254688.70952785
21.602717740208398 94739036.650365666 -94738564.023044959
21.602721215516326 95226290.091751397 -95225816.77119188
21.602724690824253 95716950.803034469 -95716476.786944076
21.602728166132181 96211048.936203852 -96210574.222278699
21.602731641440108 96708614.966256827 -96708139.552181154
21.602735116748036 97209679.69526349 -97209203.578709558
21.602738592055967 97714274.256489024 -97713797.435117021
21.602742067363895 98222430.118577272 -98221952.59003526
21.602745542671823 98734179.089793995 -98733700.851717785
21.60274901797975 99249553.322332382 -99249074.372345462
21.602752493287678 99768585.316681638 -99768105.652395114
21.602755968595606 100291307.92605814 -100290827.5450706
21.602759443903533 100817754.36090216 -100817273.26079963
21.602762919211461 101347958.19344054 -101347476.37179638
21.602766394519389 101881953.36231543 -101881470.81669022
21.602769869827316 102419774.17728201 -102419290.90522347
21.602773345135244 102961455.32397586 -102960971.3230188
21.602776820443172 103507031.86874942 -103506547.13641559
21.602780295751099 104056539.26358058 -104056053.79737858
21.602783771059027 104610013.35105416 -104609527.1484794
21.602787246366958 105167490.36941719 -105167003.42795172
21.602790721674886 105729006.95770986 -105728519.27482235
21.602794196982813 106294600.16097184 -106294111.73411742
21.602797672290741 106864307.43552668 -106863818.26214689
21.602801147598669 107438166.65434586 -107437676.73186849
21.602804622906596 108016216.11249334 -108015725.43833239
21.602808098214524 108598494.5326509 -108598003.10420646
21.602811573522452 109185041.0707275 -109184548.88538563
21.602815048830379 109775895.32155263 -109775402.37668529
21.602818524138307 110371097.32465613 -110370603.61762103
21.602821999446235 110970687.57013531 -110970193.09827586
21.602825474754162 111574707.00461084 -111574211.765256
21.60282895006209 112183197.03727302 -112182701.02773724
21.602832425370018 112796199.54601979 -112795702.76360285
21.602835900677945 113413756.8836896 -113413259.32567653
21.602839375985877 114035911.88438876 -114035413.54804972
21.602842851293804 114662707.86991584 -114662208.75250602
21.602846326601732 115294188.65628421 -115293688.75504372
21.60284980190966 115930398.56034534 -115929897.87249906
21.602853277217587 116571382.40651353 -116570880.92927107
21.602856752525515 117217185.533595 -117216683.26415052
21.602860227833443 117867853.80172241 -117867350.73725452
21.60286370314137 118523433.59939727 -118522929.73706894
21.602867178449298 119183971.85064016 -119183467.18759854
21.602870653757225 119849516.02225409 -119849010.55563046
21.602874129065153 120520114.13120086 -120519607.85811049
21.602877604373081 121195814.75209031 -121195307.6696323
21.602881079681008 121876667.0247886 -121876159.13004582
21.602884554988936 122562720.66214682 -122562211.95218572
21.602888030296864 123254025.95784923 -123253516.42971976
21.602891505604795 123950633.79438582 -123950123.44512129
21.602894980912723 124652595.65115036 -124652084.4777673
21.60289845622065 125359963.61266734 -125359451.61216542
21.602901931528578 126072790.37694719 -126072277.54630904
21.602905406836506 126791129.26397517 -126790615.60016623
21.602908882144433 127515034.22433732 -127514519.72430578
21.602912357452361 128244559.84798135 -128244044.50865795
21.602915832760289 128979761.37311763 -128979245.19141556
21.602919308068216 129720694.69526318 -129720177.66807793
21.602922783376144 130467416.37643155 -130466898.50064078
21.602926258684072 131219983.65446989 -131219464.92693329
21.602929733991999 131978454.45254475 -131977934.87010388
21.602933209299927 132742887.38878204 -132742366.94826022
21.602936684607855 133513341.78606419 -133512820.48426634
21.602940159915782 134289877.68198401 -134289355.5156965
21.602943635223713 135072555.83896098 -135072032.80495146
21.602947110531641 135861437.75452295 -135860913.84954026
21.602950585839569 136656585.67175478 -136656060.8925288
21.602954061147496 137458062.58991677 -137457536.93315819
21.602957536455424 138265932.2752375 -138265405.73763779
21.602961011763352 139080259.27188274 -139079731.85011384
21.602964487071279 139901108.91310731 -139900580.60382161
21.602967962379207 140728547.33259112 -140728018.13242126
21.602971437687135 141562641.47595587 -141562111.38151452
21.602974912995062 142403459.11248118 -142402928.12036097
21.60297838830299 143251068.84701079 -143250536.95378411
21.602981863610918 144105540.13205501 -144105007.33427384
21.602985338918845 144966943.28009751 -144966409.57429329
21.602988814226773 145835349.4761042 -145834814.85878757
21.602992289534701 146710830.79024544 -146710295.2579062
21.602995764842632 147593460.1908299 -147592923.73993677
21.60299924015056 148483311.55745277 -148482774.18445319
21.603002715458487 149380459.69436887 -149379921.39568889
21.603006190766415 150284980.34409046 -150284441.11613452
21.603009666074342 151196950.20121554 -151196410.04036632
21.60301314138227 152116446.9264881 -152115905.82910636
21.603016616690198 153043549.16109842 -153043007.12352273
21.603020091998125 153978336.54122579 -153977793.55977243
21.603023567306053 154920889.71283069 -154920345.78379345
21.603027042613981 155871290.34670022 -155870745.4663502
21.603030517921908 156829621.15374896 -156829075.31833437
21.603033993229836 157795965.90058395 -157795419.10632992
21.603037468537764 158770409.42533892 -158769861.66844735
21.603040943845691 159753037.65377945 -159752488.93042877
21.603044419153623 160743937.61568397 -160743387.92202896
21.60304789446155 161743197.46151495 -161742646.79368654
21.603051369769478 162750906.47937393 -162750354.83347902
21.603054845077406 163767155.11225128 -163766602.48437247
21.603058320385333 164792034.97558072 -164791481.3617762
21.603061795693261 165825638.87509871 -165825084.27140197
21.603065271001189 166868060.82501417 -166867505.22743383
21.603068746309116 167919396.06650183 -167918839.47102141
21.603072221617044 168979741.08651754 -168979183.48909527
21.603075696924972 170049193.63694483 -170048635.0335134
21.603079172232899 171127852.75408384 -171127293.1405502
21.603082647540827 172215818.77848086 -172215258.15072599
21.603086122848755 173313193.37511218 -173312631.72899091
21.603089598156682 174420079.55392578 -174419516.88526651
21.60309307346461 175536581.69074821 -175536017.99535266
21.603096548772541 176662805.54857251 -176662240.82221553
21.603100024080469 177798858.2992202 -177798292.5376496
21.603103499388396 178944848.54539162 -178944281.74432781
21.603106974696324 180100886.34311256 -180100318.49824837
21.603110450004252 181267083.22459424 -181266514.33159468
21.603113925312179 182443552.22150108 -182442982.27600309
21.603117400620107 183630407.8886382 -183629836.88625041
21.603120875928035 184827766.32806933 -184827194.26437181
21.603124351235962 186035745.21367645 -186035172.08422044
21.60312782654389 187254463.81616703 -187253889.61647466
21.603131301851818 188484043.0285413 -188483467.75410539
21.603134777159745 189724605.39202139 -189724029.03830519
21.603138252467673 190976275.12245831 -190975697.68489519
21.603141727775601 192239178.13722643 -192238599.61121964
21.603145203083528 193513442.08261403 -193512862.46353641
21.603148678391459 194799196.36172119 -194798615.6449149
21.603152153699387 196096572.16287819 -196095990.34365445
21.603155629007315 197405702.48858604 -197405119.56222486
21.603159104315242 198726722.18500125 -198726138.14675111
21.60316257962317 200059767.97197136 -200059182.81704894
21.603166054931098 201404978.47363043 -201404392.19722033
21.603169530239025 202762494.24957058 -202761906.84682503
21.603173005546953 204132457.826601 -204131869.29263955
21.603176480854881 205515013.73110309 -205514424.06101233
21.603179956162808 206910308.52200377 -206909717.71083698
21.603183431470736 208318490.82436687 -208317898.86714375
21.603186906778664 209739711.36362758 -209739118.25533396
21.603190382086591 211174123.00047565 -211173528.73606315
21.603193857394519 212621880.76640514 -212621285.34079084
21.603197332702447 214083141.89995098 -214082545.3080171
21.603200808010378 215558065.88361448 -215557468.12020808
21.603204283318306 217046814.48150021 -217046215.54143286
21.603207758626233 218549551.77768362 -218548951.65573102
21.603211233934161 220066444.21531275 -220065842.90621445
21.603214709242089 221597660.63647506 -221597058.13493413
21.603218184550016 223143372.32283068 -223142768.62351328
21.603221659857944 224703753.0370447 -224703148.13457981
21.603225135165872 226278979.06502631 -226278372.95400536
21.603228610473799 227869229.25899401 -227868621.93397051
21.603232085781727 229474685.08138475 -229474076.53687391
21.603235561089654 231095530.64963141 -231094920.88010982
21.603239036397582 232731952.78182107 -232731341.78172633
21.60324251170551 234384141.04325411 -234383528.80698439
21.603245987013437 236052287.79392439 -236051674.31583813
21.603249462321365 237736588.23695391 -237735973.51136935
21.603252937629296 239437240.4679845 -239436624.48917934
21.603256412937224 241154445.52555841 -241153828.28776947
21.603259888245152 242888407.44250554 -242887788.93992826
21.603263363553079 244639333.29836395 -244638713.52515209
21.603266838861007 246407433.27285558 -246406812.22312069
21.603270314168935 248192920.70044035 -248192298.36825144
21.603273789476862 249996012.12598094 -249995388.50536406
21.60327726478479 251816927.36153346 -251816302.44647124
21.603280740092718 253655889.54428625 -253655263.32871747
21.603284215400645 255513125.19569224 -255512497.67351145
21.603287690708573 257388864.28180411 -257388235.44686118
21.603291166016501 259283340.27484077 -259282710.12094039
21.603294641324428 261196790.21602678 -261196158.73692805
21.603298116632356 263129454.7797291 -263128821.96914503
21.603301591940287 265081578.33891577 -265080944.1905129
21.603305067248215 267053409.03197086 -267052773.53936872
21.603308542556142 269045198.8308965 -269044561.98766714
21.60331201786407 271057203.6109398 -271056565.4106074
21.603315493171998 273089683.22167271 -273089043.65771294
21.603318968479925 275142901.5595566 -275142260.62539619
21.603322443787853 277217126.64204037 -277216484.33105665
21.603325919095781 279312630.68321651 -279311986.98873693
21.603329394403708 281429690.1710608 -281429045.08636236
21.603332869711636 283568585.94631225 -283567939.46462101
21.603336345019564 285729603.28303504 -285728955.39752549
21.603339820327491 287913031.97089756 -287912382.67469227
21.603343295635419 290119166.39919859 -290118515.68536752
21.603346770943347 292348305.64270371 -292347653.50426376
21.603350246251274 294600753.54931122 -294600099.97922558
21.603353721559206 296876818.82961196 -296876163.82078964
21.603357196867133 299176815.14837879 -299176158.69367397
21.603360672175061 301501061.21803749 -301500403.31024903
21.603364147482988 303849880.89416862 -303849221.52603948
21.603367622790916 306223603.27308166 -306222942.43729818
21.603371098098844 308622562.7915169 -308621900.4807083
21.603374573406771 311047099.32854933 -311046435.53528714
21.603378048714699 313497558.30970085 -313496893.0264982
21.603381524022627 315974290.81336021 -315973624.03267121
21.603384999330554 318477653.67955661 -318476985.39377582
21.603388474638482 321008009.62112761 -321007339.82258934
21.60339194994641 323565727.33735061 -323565056.01832825
21.603395425254337 326151181.63011479 -326150508.78282017
21.603398900562265 328764753.52268302 -328764079.13926566
21.603402375870193 331406830.38112479 -331406154.4536714
21.603405851178124 334077806.03846508 -334077128.5589987
21.603409326486052 336778080.92161793 -336777401.88209736
21.603412801793979 339508062.18120742 -339507381.5735265
21.603416277101907 342268163.82429683 -342267481.64028358
21.603419752409835 345058806.85016161 -345058123.08157772
21.603423227717762 347880419.38916355 -347879734.02770346
21.60342670302569 350733436.84476513 -350732749.8820554
21.603430178333618 353618302.03881127 -353617613.4664098
21.603433653641545 356535465.36015791 -356534775.16955316
21.603437128949473 359485384.91671437 -359484693.09932452
21.603440604257401 362468526.69101405 -362467833.23818636
21.603444079565328 365485364.69939405 -365484669.60240394
21.603447554873256 368536381.15483707 -368535684.40488732
21.603451030181184 371622066.6336655 -371621368.2218855
21.603454505489111 374742920.24610269 -374742220.16354752
21.603457980797042 377899449.81084895 -377898748.04849863
21.60346145610497 381092172.0337559 -381091468.58251441
21.603464931412898 384321612.69070834 -384320907.54140282
21.603468406720825 387588306.81488383 -387587599.95826364
21.603471882028753 390892798.88842571 -390892090.31516171
21.603475357336681 394235643.03867495 -394234932.73935837
21.603478832644608 397617403.23908883 -397616691.20423043
21.603482307952536 401038653.51500201 -401037939.73503119
21.603485783260464 404499978.15432727 -404499262.61959112
21.603489258568391 408001971.92331201 -408001254.62407416
21.603492733876319 411545240.28754771 -411544521.21398765
21.603496209184247 415130399.63833112 -415129678.78054297
21.603499684492174 418758077.52452123 -418757354.87251288
21.603503159800102 422428912.89007449 -422428188.43376637
21.60350663510803 426143556.31741244 -426142830.04663676
21.603510110415961 429902670.27673924 -429901942.18123877
21.603513585723888 433706929.38150066 -433706199.45092767
21.603517061031816 437557020.65019792 -437556288.87411308
21.603520536339744 441453643.77467692 -441452910.14254832
21.603524011647671 445397511.3950786 -445396775.89628047
21.603527486955599 449389349.38166267 -449388612.00547427
21.603530962263527 453429897.12372696 -453429157.85933155
21.603534437571454 457519907.82574266 -457519166.6622262
21.603537912879382 461660148.8109588 -461659405.73730886
21.60354138818731 465851401.83269292 -465850656.83779734
21.603544863495237 470094463.39351743 -470093716.46616322
21.603548338803165 474390145.07258087 -474389396.20145279
21.603551814111093 478739273.86130774 -478738523.03498733
21.60355528941902 483142692.50764644 -483141939.71461046
21.603558764726952 487601259.86918181 -487600505.09780103
21.603562240034879 492115851.27540076 -492115094.51393861
21.603565715342807 496687358.89929456 -496686600.13590586
21.603569190650735 501316692.13860172 -501315931.36133122
21.603572665958662 506004778.00698674 -506004015.20376778
21.60357614126659 510752561.53547555 -510751796.69412857
21.603579616574518 515561006.18439388 -515560239.29262513
21.603583091882445 520431094.2661379 -520430325.3115378
21.603586567190373 525363827.37912142 -525363056.34916323
21.603590042498301 530360226.85321331 -530359453.73525155
21.603593517806228 535421334.20700186 -535420558.98827082
21.603596993114156 540548211.61728024 -540547434.28489232
21.603600468422083 545741942.40107799 -545741162.9420222
21.603603943730011 551003631.51068473 -551002849.91182506
21.603607419037939 556334406.04195118 -556333622.290025
21.60361089434587 561735415.75641418 -561734629.83803046
21.603614369653798 567207833.61751831 -567207045.5191561
21.603617844961725 572752856.34145105 -572752066.04945767
21.603621320269653 578371704.96302426 -578370912.46361363
21.603624795577581 584065625.41712058 -584064830.69637132
21.603628270885508 589835889.13613653 -589835092.17999005
21.603631746193436 595683793.66390443 -595682994.45816338
21.603635221501364 601610663.28665984 -601609861.8169862
21.603638696809291 607617849.68146384 -607617045.93337679
21.603642172117219 613706732.5828017 -613705926.54167593
21.603645647425147 619878720.46788824 -619877912.1189518
21.603649122733074 626135251.26117003 -626134440.58950245
21.603652598041002 632477793.05874658 -632476980.04927671
21.60365607334893 638907844.87336767 -638907029.51087189
21.603659548656857 645426937.4004612 -645426119.66956103
21.603663023964788 652036633.80607867 -652035813.69123864
21.603666499272716 658738530.53744197 -658737708.02296758
21.603669974580644 665534258.15678823 -665533433.22682357
21.603673449888571 672425482.199229 -672424654.83775473
21.603676925196499 679413904.05540848 -679413074.24623919
21.603680400504427 686501261.87994242 -686500429.6067245
21.603683875812354 693689331.52628601 -693688496.77249551
21.603687351120282 700979927.508816 -700979090.25775576
21.60369082642821 708374903.99340415 -708374064.22820151
21.603694301736137 715876155.81713319 -715875313.52073765
21.603697777044065 723485619.53814209 -723484774.69332242
21.603701252351993 731205274.51678455 -731204427.10612643
21.60370472765992 739037144.02901566 -739036294.0349189
21.603708202967848 746983296.41310298 -746982443.81777894
21.603711678275776 755045846.25086474 -755044991.03633344
21.603715153583707 763226955.58445704 -763226097.73254454
21.603718628891635 771528835.17012906 -771527974.6624645
21.603722104199562 779953745.7700212 -779952882.5880338
21.60372557950749 788503999.48347354 -788503133.60838974
21.603729054815417 797181961.11923778 -797181092.53207827
21.603732530123345 805990049.60982203 -805989178.29139853
21.603736005431273 814930739.46954405 -814929865.40045631
21.6037394807392 824006562.29782665 -824005685.45845938
21.603742956047128 833220108.3291918 -833219228.69971108
21.603746431355056 842574028.03193891 -842573145.59228897
21.603749906662983 852071033.75708103 -852070148.48698115
21.603753381970911 861713901.43895376 -861713013.31789446
21.603756857278839 871505472.34986389 -871504581.35710359
21.603760332586766 881448654.91052866 -881447761.0250901
21.603763807894694 891546426.55818927 -891545529.75885606
21.603767283202625 901801835.67458892 -901800935.93990135
21.603770758510553 912218003.57600033 -912217100.88425195
21.603774233818481 922798126.56761265 -922797220.89684629
21.603777709126408 933545478.06448853 -933544569.39249241
21.603781184434336 944463410.78162742 -944462499.08593082
21.603784659742264 955555358.99579895 -955554444.25366867
21.603788135050191 966824840.88160264 -966823923.07003832
21.603791610358119 978275460.92448807 -978274540.02021813
21.603795085666047 989910912.41378844 -989909988.39326572
21.603798560973974 1001734980.01877 -1001734052.8581672
21.603802036281902 1013751542.4507636 -1013750612.1259687
21.60380551158983 1025964575.2147527 -1025963641.7013646
21.603808986897757 1038378153.4533944 -1038377216.7267181
21.603812462205685 1050996454.8875452 -1050995514.9225868
21.603815937513616 1063823762.8565745 -1063822819.6280363
21.603819412821544 1076864469.462687 -1076863522.9449625
21.603822888129471 1090123078.8231347 -1090122128.9903035
21.603826363437399 1103604210.4343176 -1103603257.2601407
21.603829838745327 1117312602.6521721 -1117311646.1100852
21.603833314053254 1131253116.2936807 -1131252156.3567901
21.603836789361182 1145430738.3643372 -1145429775.0054133
21.60384026466911 1159850585.9161251 -1159849619.1075971
21.603843739977037 1174517910.0412383 -1174516939.7551887
21.603847215284965 1189438100.0070195 -1189437126.2151773
21.603850690592893 1204616687.5385146 -1204615710.21225
21.60385416590082 1220059351.2533813 -1220058370.3636987
21.603857641208748 1235771921.255996 -1235770936.7735286
21.603861116516676 1251760383.897666 -1251759395.7926683
21.603864591824603 1268030886.7084312 -1268029894.950773
21.603868067132534 1284589743.5090907 -1284588748.0682502
21.603871542440462 1301443439.7097187 -1301442440.5547757
21.60387501774839 1318598637.8017063 -1318597634.9013348
21.603878493056317 1336062183.0537329 -1336061176.3761938
21.603881968364245 1353841109.4187646 -1353840098.9318988
21.603885443672173 1371942645.6605637 -1371941631.3317838
21.6038889189801 1390374221.7096202 -1390373203.5059032
21.603892394288028 1409143475.2583766 -1409142453.1462557
21.603895869595956 1428258258.6055183 -1428257232.5510752
21.603899344903883 1447726645.7602687 -1447725615.729125
21.603902820211811 1467556939.817066 -1467555905.7743745
21.603906295519739 1487757680.6135886 -1487756642.5240247
21.603909770827666 1508337652.6841888 -1508336610.5119421
21.603913246135594 1529305893.5206873 -1529304847.2294514
21.603916721443522 1550671702.1550348 -1550670651.707999
21.603920196751453 1572444648.0778415 -1572443593.4376807
21.603923672059381 1594634580.5067704 -1594633521.6356354
21.603927147367308 1617251638.0220032 -1617250574.8815105
21.603930622675236 1640306258.5839 -1640305191.1351221
21.603934097983164 1663809189.9502254 -1663808118.1536794
21.603937573291091 1687771500.5117118 -1687770424.3273494
21.603941048599019 1712204590.5649159 -1712203509.952112
21.603944523906947 1737120204.0408785 -1737119118.9584198
21.603947999214874 1762530440.7128327 -1762529351.118906
21.603951474522802 1788447768.9032843 -1788446674.755465
21.60395494983073 1814885038.7148337 -1814883939.9700735
21.603958425138657 1841855495.8082242 -1841854392.422838
21.603961900446585 1869372795.7543972 -1869371687.6840508
21.603965375754512 1897451018.9870453 -1897449906.1867423
21.60396885106244 1926104686.3834207 -1926103568.8074887
21.603972326370371 1955348775.5045059 -1955347653.1065829
21.603975801678299 1985198737.5264924 -1985197610.2595124
21.603979276986227 2015670514.8947103 -2015669382.7108889
21.603982752294154 2046780559.7376087 -2046779422.5884278
21.603986227602082 2078545853.0769939 -2078544710.9131868
21.60398970291001 2110983924.8728983 -2110982777.6444333
21.603993178217937 2144112874.9451892 -2144111722.601254
21.603996653525865 2177951394.815309 -2177950237.3042941
21.604000128833793 2212518790.5118475 -2212517627.7813287
21.60400360414172 2247835006.3911943 -2247833838.3879151
21.604007079449648 2283920650.0241404 -2283919476.6939945
21.604010554757576 2320797018.2018385 -2320795839.489851
21.604014030065503 2358486124.1166592 -2358484939.9669671
21.604017505373431 2397010725.7822204 -2397009536.1380539
21.604020980681359 2436394355.752183 -2436393160.5558448
21.60402445598929 2476661352.2078576 -2476660151.400703
21.604027931297217 2517836891.485158 -2517835685.0075722
21.604031406605145 2559947022.1170716 -2559945809.9084492
21.604034881913073 2603018700.4723287 -2603017482.4710503
21.604038357221 2647079828.073729 -2647078604.2171388
21.604041832528928 2692159290.6878839 -2692158060.9122653
21.604045307836856 2738286999.2803988 -2738285763.5209498
21.604048783144783 2785493932.9372931 -2785492691.1281013
21.604052258452711 2833812183.8631492 -2833810935.9371667
21.604055733760639 2883275004.5607209 -2883273750.4497361
21.604059209068566 2933916857.3234248 -2933915596.9580355
21.604062684376494 2985773466.1651897 -2985772199.4747748
21.604066159684422 3038881871.3233414 -3038880598.2360315
21.604069634992349 3093280486.4759808 -3093279206.9186287
21.604073110300277 3149009158.8316603 -3149007872.7298083
21.604076585608208 3206109232.2588854 -3206107939.5367351
21.604080060916136 3264623613.6210489 -3264622314.201427
21.604083536224064 3324596842.5058794 -3324595536.310204
21.604087011531991 3386075164.5501723 -3386073851.4984183
21.604090486839919 3449106608.5624557 -3449105288.5731182
21.604093962147846 3513741067.6709085 -3513739740.660965
21.604097437455774 3580030384.7413754 -3580029050.6262479
21.604100912763702 3648028442.3114433 -3648027101.0049577
21.604104388071629 3717791257.3140244 -3717789908.7283697
21.604107863379557 3789377080.8862371 -3789375724.9319234
21.604111338687485 3862846503.5645413 -3862845140.1503553
21.604114813995412 3938262566.2014103 -3938261195.2343702
21.60411828930334 4015690876.9567542 -4015689498.342063
21.604121764611268 4095199734.7456675 -4095198348.3866644
21.604125239919199 4176860259.5362844 -4176858865.3343949
21.604128715227127 4260746529.9377012 -4260745127.7923846
21.604132190535054 4346935728.5476665 -4346934318.3563633
21.604135665842982 4435508295.5470114 -4435506877.2050867
21.60413914115091 4526548091.0777664 -4526546664.4784536
21.604142616458837 4620142566.9679098 -4620141132.0022507
21.604146091766765 4716382948.426528 -4716381504.9833117
21.604149567074693 4815364426.3588285 -4815362974.3245268
21.60415304238262 4917186361.0043516 -4917184900.2630548
21.604156517690548 5021952497.6658144 -5021951028.0991602
21.604159992998476 5129771195.3455601 -5129769716.8326654
21.604163468306403 5240755669.1551952 -5240754181.5725813
21.604166943614331 5355024247.4438419 -5355022750.6653585
21.604170418922259 5472700644.6685562 -5472699138.5653028
21.604173894230186 5593914251.0946388 -5593912735.5348816
21.604177369538117 5718800440.5300827 -5718798915.3791695
21.604180844846045 5847500897.3449879 -5847499362.4652615
21.604184320153973 5980163964.1475019 -5980162419.3982067
21.6041877954619 6116945011.6091509 -6116943456.8463364
21.604191270769828 6258006832.0743113 -6258005267.1507359
21.604194746077756 6403520058.6442165 -6403518483.4092426
21.604198221385683 6553663611.6121712 -6553662025.9116583
21.604201696693611 6708625174.3384628 -6708623578.0146561
21.604205172001539 6868601700.720295 -6868600093.6117096
21.604208647309466 7033799956.6668024 -7033798338.6081018
21.604212122617394 7204437098.1603594 -7204435468.9822302
21.604215597925322 7380741288.7190447 -7380739648.2480669
21.604219073233249 7562952359.3246756 -7562950707.3831844
21.604222548541177 7751322514.1417494 -7751320850.5476942
21.604226023849105 7946117085.6244431 -7946115410.1912384
21.604229499157036 8147615342.9615355 -8147613655.4979067
21.604232974464963 8356111358.1780863 -8356109658.4879084
21.604236449772891 8571914934.5063057 -8571913222.3884335
21.604239925080819 8795352602.1969032 -8795350877.4449978
21.604243400388746 9026768687.2792034 -9026766949.6815472
21.604246875696674 9266526459.4285717 -9266524708.7678738
21.604250351004602 9515009365.5653496 -9515007601.6185493
21.604253826312529 9772622356.5143127 -9772620579.0523701
21.604257301620457 10039793314.562372 -10039791523.350042
21.604260776928385 10316974590.905888 -10316972785.701496
21.604264252236312 10604644662.530918 -10604642843.086115
21.60426772754424 10903309919.099531 -10903308085.159044
21.604271202852168 11213506591.341665 -11213504742.643032
21.604274678160095 11535802833.823177 -11535800970.096466
21.604278153468023 11870800976.345467 -11870799097.312988
21.604281628775954 12219139959.221792 -12219138064.597792
21.604285104083882 12581497969.78043 -12581496059.270765
21.60428857939181 12958595299.034988 -12958593372.336798
21.604292054699737 13351197439.340302 -13351195496.141644
21.604295530007665 13760118446.283899 -13760116486.26338
21.604299005315593 14186224590.662014 -14186222613.488398
21.60430248062352 14630438328.896032 -14630436334.227823
21.604305955931448 15093742623.799625 -15093740611.284634
21.604309431239376 15577185650.737192 -15577183620.012075
21.604312906547303 16081885928.503336 -16081883879.19311
21.604316381855231 16609037918.742836 -16609035850.460369
21.604319857163159 17159918142.711678 -17159916055.057146
21.604323332471086 17735891869.742352 -17735889762.302673
21.604326807779014 18338420438.586006 -18338418310.934227
21.604330283086941 18969069280.183784 -18969067131.878445
21.604333758394873 19629516718.837219 -19629514549.42168
21.6043372337028 20321563637.157997 -20321561446.159718
21.604340709010728 21047144102.153534 -21047141889.083313
