# serie phase 2 p4_w2.27_c1.05_dt2_k2 : t x1 x2 (dt2=9.5986638164776064e-06, depart t=23.334 etat bascule x1 x2 v1 v2 = -1718140.7509984067 1710523.97707853 -85434728.4527217 85244966.02208066)
23.410405363979162 -332551506534.08044 332548148535.797
23.410414962642978 -335915485769.22009 335912110829.59045
23.410424561306794 -339322107975.03394 339318715965.52881
23.410434159970613 -342772023477.55896 342768614268.34552
23.410443758634429 -346265894203.03845 346262467662.96387
23.410453357298245 -349804393915.00562 349800949911.5802
23.410462955962061 -353388208456.83136 353384746856.21155
23.410472554625876 -357018035999.87683 357014556666.84772
23.410482153289696 -360694587297.39825 360691090095.35602
23.410491751953511 -364418585944.34875 364415070735.2829
23.410501350617327 -368190768643.23138 368187235287.70648
23.410510949281143 -372011885476.15784 372008333833.2951
23.410520547944959 -375882700183.27856 375879130110.73718
23.410530146608778 -379803990447.7475 379800401801.70551
23.410539745272594 -383776548187.39374 383772940822.52881
23.41054934393641 -387801179853.2735 387797553622.74335
23.410558942600225 -391878706735.28589 391875061490.70813
23.410568541264041 -396009965275.03955 396006300866.4718
23.410578139927861 -400195807386.15723 400192123662.07623
23.410587738591676 -404437100782.22076 404433397589.50171
23.410597337255492 -408734729312.55518 408731006496.45038
23.410606935919308 -413089593306.06079 413085850710.17816
23.410616534583124 -417502609923.31464 417498847389.59583
23.410626133246943 -421974713517.15271 421970930885.85077
23.410635731910759 -426506856001.96857 426503053111.62549
23.410645330574575 -431100007231.96014 431096183919.38367
23.41065492923839 -435755155388.56372 435751311488.80414
23.410664527902206 -440473307377.33112 440469442723.65759
23.410674126566025 -445255489234.49902 445251603658.37537
23.410683725229841 -450102746543.5155 450098839874.57568
23.410693323893657 -455016144861.80115 455012216927.82452
23.410702922557473 -459996770158.01587 459992820784.90173
23.410712521221289 -465045729260.12549 465041758271.86737
23.410722119885104 -470164150314.56921 470160157533.22876
23.410731718548924 -475353183256.8241 475349168502.50452
23.410741317212739 -480614000293.68829 480609963384.50739
23.410750915876555 -485947796397.60583 485943737149.66833
23.410760514540371 -491355789813.36975 491351708040.73956
23.410770113204187 -496839222577.55176 496835118092.22357
23.410779711868006 -502399361051.00519 502395233662.87549
23.410789310531822 -508037496464.81683 508033345981.65472
23.410798909195638 -513754945480.08234 513750771707.49951
23.410808507859453 -519553050761.89545 519548853503.31598
23.410818106523269 -525433181567.9563 525428960624.58569
23.410827705187089 -531396734352.20813 531392489523.00208
23.410837303850904 -537445133383.92987 537440864465.56213
23.41084690251472 -543579831382.73376 543575538169.56378
23.410856501178536 -549802310169.91907 549797992453.95898
23.410866099842352 -556114081336.64709 556109738907.52808
23.410875698506171 -562516686929.42859 562512319574.36694
23.410885297169987 -569011700153.4082 569007307657.17017
23.410894895833803 -575600726093.98401 575596308238.85083
23.410904494497618 -582285402457.276 582280959023.00757
23.410914093161434 -589067400330.00806 589062931093.80652
23.410923691825253 -595948424959.36194 595943929695.83459
23.410933290489069 -602930216553.37231 602925695034.49341
23.410942889152885 -610014551102.49048 610010003097.56287
23.410952487816701 -617203241222.93701 617198666498.55298
23.410962086480517 -624498137022.47717 624493535342.47827
23.410971685144336 -631901126989.28369 631896498114.72021
23.410981283808152 -639414138904.58765 639409482593.67737
23.410990882471967 -647039140779.81067 647034456787.89648
23.411000481135783 -654778141818.91602 654773429898.42334
23.411010079799599 -662633193406.74402 662628453307.13708
23.411019678463418 -670606390124.09265 670601621591.83008
23.411029277127234 -678699870790.36609 678695073568.85571
23.41103887579105 -686915819534.62451 686910993364.17737
23.411048474454866 -695256466895.89771 695251611513.68115
23.411058073118681 -703724090953.63843 703719206093.6283
23.411067671782501 -712321018489.26367 712316103882.19604
23.411077270446317 -721049626179.71069 721044681553.03198
23.411086869110132 -729912341823.99915 729907366901.81604
23.411096467773948 -738911645603.82373 738906640106.85181
23.411106066437764 -748050071379.21997 748045035024.73132
23.411115665101583 -757330208020.40295 757325140522.17297
23.411125263765399 -766754700776.89758 766749601845.15076
23.411134862429215 -776326252685.11951 776321122026.47424
23.411144461093031 -786047626015.61292 786042463333.02527
23.411154059756846 -795921643761.19409 795916448753.90027
23.411163658420666 -805951191167.29089 805945963530.74915
23.411173257084481 -816139217305.80164 816133956731.63257
23.411182855748297 -826488736693.8606 826483442869.7865
23.411192454412113 -837002830958.93604 836997503568.71912
23.411202053075929 -847684650551.74731 847679289275.12683
23.411211651739748 -858537416508.52173 858532021021.14966
23.411221250403564 -869564422264.16956 869558992237.54529
23.41123084906738 -880769035518.03516 880763570619.43872
23.411240447731196 -892154700153.91431 892149200046.3385
23.411250046395011 -903724938216.10437 903719402558.18542
23.411259645058827 -915483351943.28748 915477780389.23462
23.411269243722646 -927433625862.14636 927428018061.66956
23.411278842386462 -939579528942.68103 939573884540.9176
23.411288441050278 -951924916817.25488 951919235454.6947
23.411298039714094 -964473734065.44775 964468015377.85706
23.41130763837791 -977230016566.88928 977224260185.23279
23.411317237041729 -990197893924.35083 990192099474.71204
23.411326835705545 -1003381591959.4398 1003375759062.9404
23.41133643436936 -1016785435283.2944 1016779563556.0116
23.411346033033176 -1030413849944.7889 1030407938997.6711
23.411355631696992 -1044271366158.8909 1044265415597.6718
23.411365230360811 -1058362621117.8558 1058356630542.9667
23.411374829024627 -1072692361888.0549 1072686330894.5353
23.411384427688443 -1087265448395.3496 1087259376572.7559
23.411394026352259 -1102086856502.0322 1102080743434.3447
23.411403625016074 -1117161681178.4519 1117155526443.9797
23.411413223679894 -1132495139772.614 1132488942943.8982
23.41142282234371 -1148092575381.0674 1148086336024.7817
23.411432421007525 -1163959460324.6206 1163953178001.4709
23.411442019671341 -1180101399732.5259 1180095073997.1467
23.411451618335157 -1196524135238.8772 1196517765639.7266
23.411461216998976 -1213233548795.1333 1213227134874.3853
23.411470815662792 -1230235666602.8767 1230229207896.312
23.411480414326608 -1247536663171.0068 1247530159207.9004
23.411490012990424 -1265142865501.7585 1265136315804.7654
23.411499611654239 -1283060757410.1255 1283054161495.1638
23.411509210318059 -1301296983981.3953 1301290341357.5271
23.411518808981874 -1319858356171.7632 1319851666341.073
23.41152840764569 -1338751855557.1125 1338745118014.5825
23.411538006309506 -1357984639235.27 1357977853468.6531
23.411547604973322 -1377564044887.2988 1377557210376.9888
23.411557203637141 -1397497596003.5784 1397490712222.4771
23.411566802300957 -1417793007280.6877 1417786073694.0696
23.411576400964773 -1438458190195.2505 1438451206260.6243
23.411585999628588 -1459501258761.2415 1459494223928.2087
23.411595598292404 -1480930535477.4846 1480923449187.5952
23.411605196956224 -1502754557472.3157 1502747419158.9199
23.411614795620039 -1524982082852.7695 1524974891940.8667
23.411624394283855 -1547622097265.8923 1547614853171.9768
23.411633992947671 -1570683820680.0132 1570676522811.9165
23.411643591611487 -1594176714394.1765 1594169362150.9058
23.411653190275306 -1618110488284.4053 1618103081055.9785
23.411662788939122 -1642495108295.6709 1642487645462.9482
23.411672387602938 -1667340804188.7898 1667333285123.301
23.411681986266753 -1692658077551.9773 1692650501615.7451
23.411691584930569 -1718457710087.2278 1718450076632.5874
23.411701183594388 -1744750772181.9497 1744743080551.3647
23.411710782258204 -1771548631776.7759 1771540881302.6489
23.41172038092202 -1798862963541.0154 1798855153545.4954
23.411729979585836 -1826705758367.6482 1826697888162.4326
23.411739578249652 -1855089333200.2156 1855081402086.3481
23.411749176913471 -1884026341204.6777 1884018348472.3416
23.411758775577287 -1913529782299.6443 1913521727227.95
23.411768374241102 -1943613014059.0522 1943604895915.8213
23.411777972904918 -1974289763002.0559 1974281581043.5986
23.411787571568734 -2005574136285.436 2005565889756.325
23.41179717023255 -2037480633814.5088 2037472321947.3457
23.411806768896369 -2070024160789.2654 2070015782804.4436
23.411816367560185 -2103220040703.1602 2103211595808.6204
23.411825966224001 -2137084028812.8694 2137075516203.8503
23.411835564887816 -2171632326097.9968 2171623744956.7795
23.411845163551632 -2206881593730.5068 2206872943226.1528
23.411854762215452 -2242848968074.8813 2242840247362.9639
23.411864360879267 -2279552076240.4878 2279543284462.8184
23.411873959543083 -2317009052208.9404 2317000188493.2866
23.411883558206899 -2355238553559.998 2355229617019.7944
23.411893156870715 -2394259778821.168 2394250768555.2207
23.411902755534534 -2434092485466.8599 2434083400559.0444
23.41191235419835 -2474757008593.7939 2474747848112.7441
23.411921952862166 -2516274280301.4917 2516265043300.2817
23.411931551525981 -2558665849807.3037 2558656535323.1211
23.411941150189797 -2601953904327.2192 2601944511381.0312
23.411950748853616 -2646161290754.7612 2646151818350.9707
23.411960347517432 -2691311538172.3403 2691301985298.4351
23.411969946181248 -2737428881230.3755 2737419246856.5669
23.411979544845064 -2784538284431.5732 2784528567510.4263
23.41198914350888 -2832665467359.6729 2832655666825.7261
23.411998742172699 -2881836930893.6675 2881827045663.0444
23.412008340836515 -2932079984450.1392 2932070013420.1484
23.41201793950033 -2983422774298.8262 2983412716347.5513
23.412027538164146 -3035894312998.7637 3035884166984.6421
23.412037136827962 -3089524510004.4971 3089514274765.8882
23.412046735491781 -3144344203494.1035 3144333877848.8457
23.412056334155597 -3200385193473.5449 3200374776218.5005
23.412065932819413 -3257680276214.4214 3257669766125.0088
23.412075531483229 -3316263280085.1406 3316252675914.8545
23.412085130147045 -3376169102838.3599 3376158403318.2788
23.412094728810864 -3437433750420.8882 3437422954259.1685
23.41210432747468 -3500094377375.1421 3500083483256.4971
23.412113926138495 -3564189328905.4448 3564178335490.6113
23.412123524802311 -3629758184685.3994 3629747090610.5889
23.412133123466127 -3696841804486.8906 3696830608363.2246
23.412142722129946 -3765482375715.2026 3765471076128.1338
23.412152320793762 -3835723462939.4409 3835712058448.1572
23.412161919457578 -3907610059511.1445 3907598548647.9561
23.412171518121394 -3981188641369.979 3981177022639.689
23.412181116785209 -4056507223139.8696 4056495495019.127
23.412190715449029 -4133615416623.9111 4133603577560.5444
23.412200314112845 -4212564491812.9678 4212552540225.3003
23.41220991277666 -4293407440528.7368 4293395374804.8828
23.412219511440476 -4376199042828.0054 4376186861325.144
23.412229110104292 -4460995936302.0459 4460983637345.6777
23.412238708768111 -4547856688411.6035 4547844270294.7812
23.412248307431927 -4636841872006.2656 4636829332988.8047
23.412257906095743 -4728014144185.1904 4728001482492.8564
23.412267504759559 -4821438328663.7441 4821425542487.417
23.412277103423374 -4917181501819.8984 4917168589314.708
23.412286702087194 -5015313082604.626 5015300041889.0664
23.412296300751009 -5115904926509.7217 5115891755664.7383
23.412305899414825 -5219031423796.7412 5219018120864.7881
23.412315498078641 -5324769602204.0029 5324756165188.0723
23.412325096742457 -5433199234359.5371 5433185661222.1611
23.412334695406273 -5544402950140.3721 5544389238802.5928
23.412344294070092 -5658466354231.6807 5658452502571.9873
23.412353892733908 -5775478149156.9102 5775464155010.1465
23.412363491397723 -5895530264060.9844 5895516125217.2188
23.412373090061539 -6018717989548.3135 6018703703751.6768
23.412382688725355 -6145140118892.9824 6145125683840.4688
23.412392287389174 -6274899095957.4795 6274884509297.707
23.41240188605299 -6408101170176.1426 6408086429508.0762
23.412411484716806 -6544856558980.6143 6544841661852.25
23.412421083380622 -6685279618066.126 6685264561973.1309
23.412430682044437 -6829489019920.8184 6829473802305.125
23.412440280708257 -6977607941067.4463 6977592559315.8057
23.412449879372073 -7129764258491.3193 7129748709933.8037
23.412459478035888 -7286090755758.6426 7286075037667.1035
23.412469076699704 -7446725339358.1045 7446709448944.5732
23.41247867536352 -7611811265834.0703 7611795200249.1113
23.412488274027339 -7781497380311.4209 7781481136642.4277
23.412497872691155 -7955938367051.5762 7955921942321.0117
23.412507471354971 -8135295012716.5586 8135278403880.1357
23.412517070018787 -8319734483061.583 8319717687006.3818
23.412526668682602 -8509430613823.2998 8509413627365.8242
23.412536267346422 -8704564216615.1025 8704547036499.2695
23.412545866010237 -8905323400695.1738 8905306023590.2305
23.412555464674053 -9111903911528.6875 9111886334027.0605
23.412565063337869 -9324509487123.3652 9324491705738.4297
23.412574662001685 -9543352233181.8398 9543334244345.6172
23.412584260665504 -9768653018182.3418 9768634818243.1113
23.41259385932932 -10000641889564.932 10000623474784.762
23.412603457993136 -10239558512289.457 10239539878841.643
23.412613056656951 -10485652631108.873 10485633775075.287
23.412622655320767 -10739184557988.814 10739165475357.158
23.412632253984587 -11000425686205.502 11000406372866.461
23.412641852648402 -11269659032754.959 11269639484499.252
23.412651451312218 -11547179810810.857 11547160023326.18
23.412661049976034 -11833296034096.645 11833276002964.494
23.41267064863985 -12128329155160.822 12128308875853.213
23.412680247303669 -12432614739681.537 12432594207557.586
23.412689845967485 -12746503179070.488 12746482389372.873
23.412699444631301 -13070360443816.217 13070339391667.502
23.412709043295116 -13404568880167.186 13404547560566.008
23.412718641958932 -13749528052940.287 13749506460757.395
23.412728240622751 -14105655637443.961 14105633767418.098
23.412737839286567 -14473388363718.824 14473366210452.459
23.412747437950383 -14853183016521.543 14853160574476.426
23.412757036614199 -15245517494738.77 15245494758231.316
23.412766635278015 -15650891934178.678 15650868897375.17
23.412776233941834 -16069829897984.525 16069806554896.125
23.41278583260565 -16502879639218.574 16502855983696.129
23.412795431269465 -16950615440515.475 16950591466244.115
23.412805029933281 -17413639036069.842 17413614736563.369
23.412814628597097 -17892581121618.836 17892556490213.867
23.412824227260916 -18388102958501.605 18388077988351.477
23.412833825924732 -18900898078368.805 18900872762437.234
23.412843424588548 -19431694095602.953 19431668426657.43
23.412853023252364 -19981254635060.398 19981228605665.289
23.41286262191618 -20550381383340.098 20550354985849.469
23.412872220579995 -21139916272460.082 21139889499010.211
23.412881819243815 -21750743805488.289 21750716647989.855
23.41289141790763 -22383793534452.914 22383765984582.852
23.412901016571446 -23040042701705 23040014750897.988
23.412910615235262 -23720519056793.754 23720490696233.344
23.412920213899078 -24426303861911.715 24426275082521.059
23.412929812562897 -25158535100037.941 25158505892470.102
23.412939411226713 -25918410901078.629 25918381255706.461
23.412949009890529 -26707193202615.445 26707163109521.016
23.412958608554344 -27526211663211.41 27526181112174.934
23.41296820721816 -28376867847808.852 28376836828297.125
23.41297780588198 -29260639706398.367 29260608207552.66
23.412987404545795 -30179086368947.137 30179054379570.516
23.412997003209611 -31133853281622.77 31133820790166.828
23.413006601873427 -32126677711528.824 32126644706079.781
23.413016200537243 -33159394649544.934 33159361117809.07
23.413025799201062 -34233943143518.902 34233909072807.297
23.413035397864878 -35352373096966.25 35352338474178.766
23.413044996528694 -36516852571603.734 36516817383212.227
23.413054595192509 -37729675635541.227 37729639867571.922
23.413064193856325 -38993270802817.789 38993234440832.781
23.413073792520144 -40310210114198.688 40310173143276.5
23.41308339118396 -41683218913875.922 41683181318591.109
23.413092989847776 -43115186381773.281 43115148146174.953
23.413102588511592 -44609176886893.898 44609137994483.156
23.413112187175408 -46168442233580.742 46168402667286.953
23.413121785839227 -47796434879216.453 47796394621372.25
23.413131384503043 -49496822209906.539 49496781242221.539
23.413140983166858 -51273501968965.305 51273460272498.391
23.413150581830674 -53130618942577.836 53130576497707.953
23.41316018049449 -55072583017616.328 55072539804011.703
23.413169779158309 -57104088738024.539 57104044734610.203
23.413179377822125 -59230136499308.039 59230091684231.562
23.413188976485941 -61456055534962.43 61456009885557.742
23.413198575149757 -63787528864736.906 63787482357486.055
23.413208173813572 -66230620392673.328 66230573003166.094
23.413217772477392 -68791804362648.695 68791756065539.867
23.413227371141208 -71477997401500.141 71477948170464.312
23.413236969805023 -74296593404915.609 74296543212599.344
23.413246568468839 -77255501548900.125 77255450366871.25
23.413256167132655 -80363187741367.297 80363135540061.234
23.413265765796474 -83628719862997.625 83628666611660.422
23.41327536446029 -87061817186319.703 87061762852947.641
23.413284963124106 -90672904406140.641 90672848957416.062
23.413294561787922 -94473170764530.781 94473114165753.984
23.413304160451737 -98474634809862.812 98474577024879.641
23.413313759115557 -102690215392409.27 102690156383534.11
23.413323357779372 -107133809571080.73 107133749299014.53
23.413332956443188 -111820378187451.62 111820316611194.62
23.413342555107004 -116766039954347.72 116765977031106.45
23.41335215377082 -121988175010939.25 121988110696027.36
23.413361752434639 -127505539014520.27 127505473261252.69
23.413371351098455 -133338388973650 133338321733229.94
23.413380949762271 -139508622180890.33 139508553402288.5
23.413390548426086 -146039929778050.25 146039859407875.72
23.413400147089902 -152957966686771.16 152957894669133.16
23.413409745753718 -160290539864419.59 160290466140779.47
23.413419344417537 -168067817108331.03 168067741617343.5
23.413428943081353 -176322558931929.56 176322481609272.56
23.413438541745169 -185090376378358 185090297156549.84
23.413448140408985 -194410018037611.44 194409936845814.47
23.4134577390728 -204323689987846.47 204323606751655.72
23.41346733773662 -214877412912378.62 214877327553594.44
23.413476936400436 -226121421255468 226121333691851.03
23.413486535064251 -238110609985725.09 238110520130732
23.413496133728067 -250905035361577.12 250904943124075.31
23.413505732391883 -264570477051068.97 264570382335028.25
23.413515331055702 -279179070071920.03 279178972776079.22
23.413524929719518 -294810016322104.06 294809916339609.88
23.413534528383334 -311550386997925.56 311550284215941.06
23.41354412704715 -329496028982187.31 329495923281467.31
23.413553725710965 -348752590389317.31 348752481643746.75
23.413563324374785 -369436682932349.62 369436571008441.75
23.4135729230386 -391677201691929.25 391677086448278.94
23.413582521702416 -415616826336270.69 415616707622958.56
23.413592120366232 -441413731934358.88 441413609592300.56
23.413601719030048 -469243542394352.88 469243416254587.94
23.413611317693867 -499301565360078.12 499301435242991.5
23.413620916357683 -531805354361135.94 531805220075604.75
23.413630515021499 -566997652333702.75 566997513676159.5
23.413640113685315 -605149780647657.25 605149637401060.5
23.41364971234913 -646565549825142.25 646565401757843
23.41365931101295 -691585782724807.38 691585629589299
23.413668909676765 -740593558678236 740593400209773.88
23.413678508340581 -794020308503955.62 794020144419029.75
23.413688107004397 -852352916640974 852352746635616.62
23.413697705668213 -916142018725708 916141842473614.38
23.413707304332032 -986011722420396 986011539570834.25
23.413716902995848 -1062671028012753 1062670838188234.6
23.413726501659664 -1146927285529507 1146927088323186.2
23.413736100323479 -1239702099990328.8 1239701894963092
23.413745698987295 -1342050189762535.2 1342049976439737.5
23.413755297651115 -1455181820029164.5 1455181597896961.5
23.41376489631493 -1580489580595814.5 1580489349097030.8
23.413774494978746 -1719580463192101.2 1719580221721564.5
23.413784093642562 -1874314429661286 1874314177560545
23.413793692306378 -2046850963843404.8 2046850700394734.8
23.413803290970197 -2239705486372788.5 2239705210792368.2
23.413812889634013 -2455818009754655 2455817721184779
23.413822488297829 -2698637057028792 2698636754528955.5
23.413832086961644 -2972222709474323 2972222392010983.5
23.41384168562546 -3281373753344545.5 3281373419779328.5
23.413851284289279 -3631785353386484.5 3631785002462545
23.413860882953095 -4030245618585630 4030245248911832.5
23.413870481616911 -4484882017422114.5 4484881627454605
23.413880080280727 -5005472093083400 5005471681104059
23.413889678944543 -5603837675060173 5603837239151317
23.413899277608362 -6294348276589043 6294347814603584
23.413908876272178 -7094568338922070 7094567848448158
23.413918474935993 -8026095480264782 8026094958583699
23.413928073599809 -9115654480563264 9115653924599022
23.413937672263625 -10396536707804428 10396536114063098
23.413947270927441 -11910510545246714 11910509909742946
23.41395686959126 -13710380462602212 13710379780769710
23.413966468255076 -15863448928537892 15863448195119562
23.413976066918892 -18456249359021192 18456248567933396
23.413985665582707 -21601090419681364 21601089563844856
23.413995264246523 -25445215738927292 25445214810054908
23.414004862910343 -30183793695083400 30183792683410980
23.414014461574158 -36078602350596680 36078601244538760
23.414024060237974 -43485324005868032 43485322791572496
23.41403365890179 -52894091715198528 52894090375963936
