# serie phase 2 p7_w1.73_c1.20_dt2s4_k2 : t x1 x2 (dt2=2.978835366769958e-06, depart t=12.222 etat bascule x1 x2 v1 v2 = 1572.4013732844148 -1552.1655072542242 43949.286764076533 -43781.746340422367)
12.314641779906545 7208610.7118684193 -7208384.302591661
12.314644758741911 7221246.3629403487 -7221019.8403445566
12.314647737577278 7233912.0918178353 -7233685.4557753168
12.314650716412645 7246607.988995377 -7246381.239378213
12.314653695248012 7259334.1452966686 -7259107.2819767175
12.314656674083379 7272090.65187601 -7271863.6747249039
12.314659652918746 7284877.6002197163 -7284650.5091088619
12.314662631754112 7297695.0821475368 -7297467.8769481154
12.314665610589479 7310543.1898140823 -7310315.8703970471
12.314668589424846 7323422.0157102551 -7323194.5819463329
12.314671568260213 7336331.6526646903 -7336104.1044243807
12.31467454709558 7349272.1938452022 -7349044.5309987767
12.314677525930946 7362243.7327602385 -7362015.9551777393
12.314680504766313 7375246.3632603409 -7375018.4708115803
12.31468348360168 7388280.1795396125 -7388052.1720941728
12.314686462437047 7401345.2761371946 -7401117.1535644289
12.314689441272414 7414441.7479387503 -7414213.5101077789
12.314692420107781 7427569.6901779519 -7427341.3369576652
12.314695398943147 7440729.1984379804 -7440500.7296970356
12.314698377778512 7453920.3686530301 -7453691.784259852
12.314701356613879 7467143.2971098209 -7466914.5969326003
12.314704335449246 7480398.0804491155 -7480169.2643558113
12.314707314284613 7493684.8156672511 -7493455.8835255858
12.31471029311998 7507003.6001176704 -7506774.5517951325
12.314713271955346 7520354.5315124653 -7520125.3668763079
12.314716250790713 7533737.7079239273 -7533508.4268411668
12.31471922962608 7547153.2277861051 -7546923.8301235223
12.314722208461447 7560601.1898963703 -7560371.6755205076
12.314725187296814 7574081.6934169894 -7573852.0621941518
12.314728166132181 7587594.8378767064 -7587365.0896729603
12.314731144967547 7601140.7231723312 -7600910.8578535039
12.314734123802914 7614719.4495703364 -7614489.4670020156
12.314737102638281 7628331.1177084623 -7628101.0177559964
12.314740081473648 7641975.8285973296 -7641745.6111258259
12.314743060309015 7655653.6836220603 -7655423.3484963849
12.314746039144381 7669364.7845439063 -7669134.331628683
12.314749017979748 7683109.233501886 -7682878.6626614965
12.314751996815115 7696887.1330144312 -7696656.4441130143
12.314754975650482 7710698.5859810384 -7710467.7788824886
12.314757954485849 7724543.6956839319 -7724312.7702519009
12.314760933321216 7738422.5657897349 -7738191.5218876284
12.314763912156582 7752335.3003511438 -7752104.1378421225
12.314766890991949 7766282.0038086195 -7766050.7225555973
12.314769869827316 7780262.7809920805 -7780031.3808577247
12.314772848662683 7794277.7371226065 -7794046.2179693384
12.31477582749805 7808326.9778141528 -7808095.3395041451
12.314778806333416 7822410.6090752697 -7822178.8514704462
12.314781785168783 7836528.7373108305 -7836296.8602728667
12.31478476400415 7850681.4693237729 -7850449.4727140944
12.314787742839517 7864868.9123168448 -7864636.7959966268
12.314790721674884 7879091.1738943597 -7878858.937724527
12.314793700510251 7893348.3620639611 -7893116.0059051858
12.314796679345617 7907640.5852383971 -7907408.1089511001
12.314799658180984 7921967.9522373034 -7921735.3556816531
12.314802637016351 7936330.5722889928 -7936097.8553249035
12.314805615851718 7950728.5550322579 -7950495.7175193904
12.314808594687083 7965162.0105181793 -7964929.0523159401
12.31481157352245 7979631.0492119463 -7979397.9701794861
12.314814552357817 7994135.7819946818 -7993902.5819908958
12.314817531193183 8008676.320165283 -8008442.9990488095
12.31482051002855 8023252.7754422659 -8023019.333071487
12.314823488863917 8037865.2599656228 -8037631.6961986618
12.314826467699284 8052513.8862986853 -8052280.2009934075
12.314829446534651 8067198.7674300028 -8066964.9604440136
12.314832425370017 8081920.0167752244 -8081686.0879658703
12.314835404205384 8096677.7481789943 -8096443.697403362
12.314838383040751 8111472.0759168556 -8111237.9030317701
12.314841361876118 8126303.1146971621 -8126068.8195591867
12.314844340711485 8141170.9796630014 -8140936.5621284377
12.314847319546852 8156075.7863941304 -8155841.2463190164
12.314850298382218 8171017.6509089163 -8170782.9881490273
12.314853277217585 8185996.6896662898 -8185761.904077136
12.314856256052952 8201013.0195677057 -8200778.1110045332
12.314859234888319 8216066.757959119 -8215831.7262769081
12.314862213723686 8231158.0226329658 -8230922.86768643
12.314865192559052 8246286.9318301566 -8246051.6534737432
12.314868171394419 8261453.6042420799 -8261218.2023299681
12.314871150229786 8276658.1590126157 -8276422.6333987163
12.314874129065153 8291900.7157401582 -8291665.0662781149
12.31487710790052 8307181.3944796529 -8306945.6210228372
12.314880086735887 8322500.3157446366 -8322264.418146152
12.314883065571253 8337857.600509298 -8337621.5786219761
12.31488604440662 8353253.3702105377 -8353017.2238869388
12.314889023241987 8368687.7467500493 -8368451.475842461
12.314892002077354 8384160.8524964042 -8383924.4568568422
12.314894980912721 8399672.8102871496 -8399436.2897673547
12.314897959748087 8415223.7434309181 -8414987.0978823565
12.314900938583454 8430813.7757095452 -8430577.0049834102
12.314903917418821 8446443.0313802026 -8446206.13532741
12.314906896254188 8462111.6351775378 -8461874.6136487275
12.314909875089555 8477819.7123158257 -8477582.5651613604
12.314912853924922 8493567.3884911351 -8493330.1155610997
12.314915832760288 8509354.7898835018 -8509117.3910277039
12.314918811595653 8525182.0431591161 -8524944.5182270817
12.31492179043102 8541049.2754725162 -8540811.6243134942
12.314924769266387 8556956.6144688018 -8556718.8369317614
12.314927748101754 8572904.1882858537 -8572666.2842194792
12.314930726937121 8588892.1255565602 -8588654.0948092546
12.314933705772487 8604920.5554110687 -8604682.3978309538
12.314936684607854 8620989.6074790359 -8620751.3229139484
12.314939663443221 8637099.4118918963 -8636861.00018939
12.314942642278588 8653250.0992851406 -8653011.5602924842
12.314945621113955 8669441.8008006066 -8669203.1343647838
12.314948599949322 8685674.648088783 -8685435.8540564887
12.314951578784688 8701948.7733111195 -8701709.8515287638
12.314954557620055 8718264.3091423567 -8718025.2594560627
12.314957536455422 8734621.3887728676 -8734382.2110284679
12.314960515290789 8751020.1459110025 -8750780.8399540409
12.314963494126156 8767460.7147854567 -8767221.2804611865
12.314966472961522 8783943.2301476467 -8783703.6673010308
12.314969451796889 8800467.8272740934 -8800228.1357498039
12.314972430632256 8817034.6419688314 -8816794.821611248
12.314975409467623 8833643.8105658125 -8833403.8612190206
12.31497838830299 8850295.469931338 -8850055.3914391324
12.314981367138357 8866989.757466495 -8866749.5496723745
12.314984345973723 8883726.8111096099 -8883486.4738567751
12.31498732480909 8900506.7693387084 -8900266.3024700694
12.314990303644457 8917329.7711740006 -8917089.1745321658
12.314993282479824 8934195.956180362 -8933955.2296076454
12.314996261315191 8951105.4644698463 -8950864.6078082621
12.314999240150557 8968058.436704196 -8967817.4497954603
12.315002218985924 8985055.0140973758 -8984813.896782903
12.315005197821291 9002095.3384181131 -9001854.0905390196
12.315008176656658 9019179.5519924574 -9018938.1733895577
12.315011155492025 9036307.7977063488 -9036066.2882201541
12.315014134327392 9053480.2190082036 -9053238.5784789231
12.315017113162758 9070696.9599115122 -9070455.1881790515
12.315020091998125 9087958.164997451 -9087716.2619014103
12.315023070833492 9105263.9794175047 -9105021.9447971806
12.315026049668859 9122614.5488961078 -9122372.3825904895
12.315029028504224 9140010.0197332986 -9139767.7215810698
12.315032007339591 9157450.5388073847 -9157208.10864692
12.315034986174958 9174936.2535776254 -9174693.6912469901
12.315037965010324 9192467.3120869286 -9192224.6174238808
12.315040943845691 9210043.8629645612 -9209801.0358065497
12.315043922681058 9227666.0554288756 -9227423.0956130363
12.315046901516425 9245334.0392900389 -9245090.9466531966
12.315049880351792 9263047.9649527986 -9262804.7393314671
12.315052859187158 9280807.983419247 -9280564.6246496253
12.315055838022525 9298614.2462916002 -9298370.7542095743
12.315058816857892 9316466.9057750031 -9316223.2802161444
12.315061795693259 9334366.1146803387 -9334122.3554798998
12.315064774528626 9352312.0264270585 -9352068.1334199775
12.315067753363993 9370304.795046024 -9370060.7680669222
12.315070732199359 9388344.575182369 -9388100.4140655492
12.315073711034726 9406431.522098368 -9406187.2266778126
12.315076689870093 9424565.7916763294 -9424321.3617857043
12.31507966870546 9442747.5404215027 -9442502.9758941513
12.315082647540827 9460976.9254649915 -9460732.2261339352
12.315085626376193 9479254.1045666952 -9479009.270264633
12.31508860521156 9497579.2361182626 -9497334.2666775696
12.315091584046927 9515952.479146054 -9515707.3743987828
12.315094562882294 9534373.993314134 -9534128.7530920114
12.315097541717661 9552843.9389272649 -9552598.5630616918
12.315100520553028 9571362.4769339245 -9571116.9652559776
12.315103499388394 9589929.7689293399 -9589684.1212697644
12.315106478223761 9608545.9771585334 -9608300.1933477502
12.315109457059128 9627211.2645193934 -9626965.3443874922
12.315112435894495 9645925.7945657503 -9645679.7379424907
12.315115414729862 9664689.7315104809 -9664443.5382252894
12.315118393565228 9683503.2402286194 -9683256.9101105947
12.315121372400595 9702366.4862604979 -9702120.0191384032
12.315124351235962 9721279.6358148865 -9721033.0315171517
12.315127330071329 9740242.8557721656 -9739996.1141268872
12.315130308906696 9759256.3136875089 -9759009.4345224481
12.315133287742063 9778320.177794084 -9778073.1609366648
12.315136266577429 9797434.6170062702 -9797187.4622835815
12.315139245412794 9816599.8009228986 -9816352.5081616882
12.315142224248161 9835815.8998304978 -9835568.4688571785
12.315145203083528 9855083.0847065747 -9854835.5153472163
12.315148181918895 9874401.5272228979 -9874153.8193032295
12.315151160754262 9893771.3997488096 -9893523.5530942194
12.315154139589628 9913192.8753545489 -9912944.8897900824
12.315157118424995 9932666.1278145947 -9932418.0031649545
12.315160097260362 9952191.3316110298 -9951943.067700576
12.315163076095729 9971768.6619369201 -9971520.2585896645
12.315166054931096 9991398.2946997117 -9991149.7517393213
12.315169033766463 10011080.406524653 -10010831.723774446
12.315172012601829 10030815.174758224 -10030566.352041174
12.315174991437196 10050602.777471602 -10050353.81461033
12.315177970272563 10070443.393464129 -10070194.290280906
12.31518094910793 10090337.202266807 -10090087.958583556
12.315183927943297 10110284.384145809 -10110034.999784099
12.315186906778663 10130285.120106015 -10130035.594887063
12.31518988561403 10150339.591894561 -10150089.925639231
12.315192864449397 10170447.982004412 -10170198.174533211
12.315195843284764 10190610.473677944 -10190360.524811028
12.315198822120131 10210827.250910569 -10210577.160467733
12.315201800955498 10231098.498454353 -10230848.266255036
12.315204779790864 10251424.401821673 -10251174.027684957
12.315207758626231 10271805.147288889 -10271554.631033495
12.315210737461598 10292240.92190003 -10291990.26334432
12.315213716296965 10312731.913470512 -10312481.112432484
12.315216695132332 10333278.310590865 -10333027.366888156
12.315219673967698 10353880.30263049 -10353629.216080375
12.315222652803065 10374538.079741431 -10374286.85016082
12.315225631638432 10395251.832862172 -10395000.460067607
12.315228610473799 10416021.75372145 -10415770.237529108
12.315231589309166 10436848.034842093 -10436596.375067787
12.315234568144533 10457730.869544886 -10457479.066004056
12.315237546979899 10478670.451952441 -10478418.504460162
12.315240525815266 10499666.976993104 -10499414.885364078
12.315243504650633 10520720.64040488 -10520468.404453438
12.315246483485998 10541831.638739372 -10541579.258279473
12.315249462321365 10563000.169365754 -10562747.644210983
12.315252441156732 10584226.430474766 -10583973.760438334
12.315255419992098 10605510.621082716 -10605257.80597746
12.315258398827465 10626852.94103552 -10626599.9806739
12.315261377662832 10648253.591012761 -10648000.485206859
12.315264356498199 10669712.772531765 -10669459.521093285
12.315267335333566 10691230.687951704 -10690977.29069197
12.315270314168933 10712807.540477728 -10712553.997207684
12.315273293004299 10734443.534165109 -10734189.844695317
12.315276271839666 10756138.873923413 -10755885.038064053
12.315279250675033 10777893.765520705 -10777639.783081573
12.3152822295104 10799708.415587757 -10799454.286378264
12.315285208345767 10821583.0316223 -10821328.755451471
12.315288187181133 10843517.821993288 -10843263.398669761
12.3152911660165 10865512.995945193 -10865258.42527722
12.315294144851867 10887568.76360232 -10887314.045397764
12.315297123687234 10909685.335973145 -10909430.470039478
12.315300102522601 10931862.924954681 -10931607.911098981
12.315303081357968 10954101.743336868 -10953846.581365826
12.315306060193334 10976402.004806988 -10976146.6945269
12.315309039028701 10998763.923954107 -10998508.465170871
12.315312017864068 11021187.716273537 -11020932.108792659
12.315314996699435 11043673.598171329 -11043417.841797918
12.315317975534802 11066221.78696879 -11065965.881507557
12.315320954370168 11088832.500907019 -11088576.446162276
12.315323933205535 11111505.95915148 -11111249.754927142
12.315326912040902 11134242.381796593 -11133986.02789617
12.315329890876269 11157041.989870353 -11156785.486096954
12.315332869711636 11179905.005338976 -11179648.351495309
12.315335848547003 11202831.651111575 -11202574.846999941
12.315338827382369 11225822.151044855 -11225565.196467152
12.315341806217736 11248876.729947843 -11248619.624705561
12.315344785053103 11271995.61358664 -11271738.357480861
12.31534776388847 11295179.028689202 -11294921.621520599
12.315350742723837 11318427.202950144 -11318169.644518983
12.315353721559203 11341740.365035582 -11341482.655141713
12.315356700394569 11365118.744587991 -11364860.883030856
12.315359679229935 11388562.572231101 -11388304.558809726
12.315362658065302 11412072.079574812 -11411813.91408781
12.315365636900669 11435647.499220144 -11435389.181465711
12.315368615736036 11459289.064764213 -11459030.594540128
12.315371594571403 11482997.010805232 -11482738.387908859
12.315374573406769 11506771.572947556 -11506512.797175836
12.315377552242136 11530612.98780673 -11530354.058956185
12.315380531077503 11554521.493014589 -11554262.41088132
12.31538350991287 11578497.327224381 -11578238.091604065
12.315386488748237 11602540.730115917 -11602281.340803806
12.315389467583604 11626651.942400746 -11626392.39919167
12.31539244641897 11650831.205827376 -11650571.508515738
12.315395425254337 11675078.763186507 -11674818.91156628
12.315398404089704 11699394.858316304 -11699134.852181034
12.315401382925071 11723779.736107703 -11723519.575250506
12.315404361760438 11748233.64250974 -11747973.3267233
12.315407340595804 11772756.824534917 -11772496.353611486
12.315410319431171 11797349.530264597 -11797088.903995993
12.315413298266538 11822012.00885443 -11821751.227032037
12.315416277101905 11846744.510539813 -11846483.572954578
12.315419255937272 11871547.286641376 -11871286.19308381
12.315422234772639 11896420.589570507 -11896159.33983068
12.315425213608005 11921364.672834909 -11921103.266702453
12.315428192443372 11946379.791044179 -11946118.228308285
12.315431171278739 11971466.199915437 -11971204.480364854
12.315434150114106 11996624.156278972 -11996362.279702002
12.315437128949473 12021853.918083927 -12021591.884268431
12.315440107784839 12047155.744404024 -12046893.553137414
12.315443086620206 12072529.895443311 -12072267.546512555
12.315446065455573 12097976.632541951 -12097714.125733566
12.31544904429094 12123496.218182039 -12123233.553282091
12.315452023126307 12149088.91599346 -12148826.092787566
12.315455001961674 12174754.990759775 -12174492.009033099
12.31545798079704 12200494.708424149 -12200231.5679614
12.315460959632407 12226308.336095305 -12226045.036680738
12.315463938467774 12252196.142053518 -12251932.683470929
12.315466917303139 12278158.395756649 -12277894.777789379
12.315469896138506 12304195.367846204 -12303931.590277134
12.315472874973873 12330307.330153435 -12330043.392764984
12.315475853809239 12356494.55570548 -12356230.458279608
12.315478832644606 12382757.318731535 -12382493.061049737
12.315481811479973 12409095.89466906 -12408831.476512367
12.31548479031534 12435510.560170028 -12435245.981319007
12.315487769150707 12462001.59310721 -12461736.853341958
12.315490747986074 12488569.272580493 -12488304.37168064
12.31549372682144 12515213.878923237 -12514948.816667944
12.315496705656807 12541935.693708677 -12541670.469876632
12.315499684492174 12568734.999756347 -12568469.614125768
12.315502663327541 12595612.081138566 -12595346.533487193
12.315505642162908 12622567.223186936 -12622301.513292037
12.315508620998274 12649600.712498903 -12649334.840137269
12.315511599833641 12676712.83694434 -12676446.801892282
12.315514578669008 12703903.885672173 -12703637.687705526
12.315517557504375 12731174.149117054 -12730907.788011169
12.315520536339742 12758523.919006068 -12758257.394535815
12.315523515175109 12785953.488365483 -12785686.800305247
12.315526494010475 12813463.15152753 -12813196.299651215
12.315529472845842 12841053.204137243 -12840786.188218262
12.315532451681209 12868723.943159321 -12868456.762970602
12.315535430516576 12896475.666885046 -12896208.322199026
12.315538409351943 12924308.674939228 -12924041.165527854
12.315541388187309 12952223.268287208 -12951955.593921935
12.315544367022676 12980219.74924189 -12979951.909693679
12.315547345858043 13008298.421470826 -13008030.416510142
12.31555032469341 13036459.590003334 -13036191.419400144
12.315553303528777 13064703.561237661 -13064435.224761438
12.315556282364144 13093030.642948201 -13092762.140367918
12.31555926119951 13121441.144292738 -13121172.475376867
12.315562240034877 13149935.375819743 -13149666.540336249
12.315565218870244 13178513.64947571 -13178244.647192059
12.315568197705611 13207176.278612554 -13206907.109295705
12.315571176540978 13235923.577995028 -13235654.241411434
12.315574155376344 13264755.863808205 -13264486.35972381
12.31557713421171 13293673.45366499 -13293403.781845229
12.315580113047076 13322676.666613691 -13322406.826823486
12.315583091882443 13351765.823145626 -13351495.815149387
12.31558607071781 13380941.245202789 -13380671.068764411
12.315589049553177 13410203.256185545 -13409932.911068408
12.315592028388544 13439552.180960391 -13439281.666927356
12.31559500722391 13468988.345867746 -13468717.662681157
12.315597986059277 13498512.078729801 -13498241.226151481
12.315600964894644 13528123.708858415 -13527852.686649665
12.315603943730011 13557823.567063056 -13557552.374984652
12.315606922565378 13587611.985658789 -13587340.623470983
12.315609901400745 13617489.298474321 -13617217.765936837
12.315612880236111 13647455.840860089 -13647184.137732124
12.315615859071478 13677511.949696397 -13677240.075736618
12.315618837906845 13707657.96340161 -13707385.918368151
12.315621816742212 13737894.221940387 -13737622.00559085
12.315624795577579 13768221.066831974 -13767948.678923428
12.315627774412945 13798638.841158548 -13798366.281447522
12.315630753248312 13829147.889573606 -13828875.157816093
12.315633732083679 13859748.558310408 -13859475.654261863
12.315636710919046 13890441.19519048 -13890168.118605813
12.315639689754413 13921226.149632152 -13920952.900265735
12.31564266858978 13952103.77265917 -13951830.350264827
12.315645647425146 13983074.416909343 -13982800.821240354
12.315648626260513 14014138.436643254 -14013864.667452352
12.31565160509588 14045296.187753024 -14045022.244792389
12.315654583931247 14076548.027771123 -14076273.910792388
12.315657562766614 14107894.315879252 -14107620.024633495
12.31566054160198 14139335.412917256 -14139060.947155003
12.315663520437347 14170871.681392116 -14170597.040863331
12.315666499272714 14202503.485486981 -14202228.669941077
12.315669478108081 14234231.191070264 -14233956.200256092
12.315672456943448 14266055.165704796 -14265779.999370646
12.315675435778815 14297975.778657027 -14297700.436550627
12.315678414614181 14329993.400906295 -14329717.882774808
12.315681393449548 14362108.405154144 -14361832.710744167
12.315684372284915 14394321.165833713 -14394045.294891274
12.31568735112028 14426632.059119171 -14426356.011389729
12.315690329955647 14459041.462935213 -14458765.238163656
12.315693308791014 14491549.756966626 -14491273.35489727
12.31569628762638 14524157.3226679 -14523880.743044483
12.315699266461747 14556864.543272907 -14556587.785838593
12.315702245297114 14589671.803804645 -14589394.868302017
12.315705224132481 14622579.491085036 -14622302.377256101
12.315708202967848 14655587.993744787 -14655310.701330967
12.315711181803215 14688697.702233315 -14688420.230975449
12.315714160638581 14721909.008828735 -14721631.358467078
12.315717139473948 14755222.307647912 -14754944.477922129
12.315720118309315 14788637.994656567 -14788359.985305734
12.315723097144682 14822156.467679456 -14821878.278442061
12.315726075980049 14855778.126410615 -14855499.757024551
12.315729054815415 14889503.372423664 -14889224.822626229
12.315732033650782 14923332.609182175 -14923053.878710072
12.315735012486149 14957266.242050119 -14956987.330639452
12.315737991321516 14991304.678302359 -14991025.585688632
12.315740970156883 15025448.327135222 -15025169.053053338
12.31574394899225 15059697.599677136 -15059418.143861393
12.315746927827616 15094052.908999337 -15093773.271183427
12.315749906662983 15128514.670126641 -15128234.850043651
12.31575288549835 15163083.300048281 -15162803.297430685
12.315755864333717 15197759.21772882 -15197479.032308483
12.315758843169084 15232542.844119133 -15232262.475627307
12.31576182200445 15267434.602167454 -15267154.050334774
12.315764800839817 15302434.916830497 -15302154.181386983
12.315767779675184 15337544.215084648 -15337263.2957597
12.315770758510551 15372762.925937226 -15372481.822459625
12.315773737345918 15408091.480437819 -15407810.192535719
12.315776716181285 15443530.31168969 -15443248.839090625
12.315779695016651 15479079.854861265 -15478798.19729214
12.315782673852018 15514740.547197679 -15514458.704384768
12.315785652687385 15550512.828032408 -15550230.799701359
12.315788631522752 15586397.138798976 -15586114.924674803
12.315791610358119 15622393.923042731 -15622111.522849813
12.315794589193485 15658503.626432696 -15658221.039894775
12.315797568028851 15694726.696773505 -15694443.923613682
12.315800546864217 15731063.584017407 -15730780.623958146
12.315803525699584 15767514.740276359 -15767231.593039481
12.315806504534951 15804080.619834185 -15803797.285140866
12.315809483370318 15840761.679158816 -15840478.156729586
12.315812462205685 15877558.376914615 -15877274.666469354
12.315815441041051 15914471.173974773 -15914187.27523271
12.315818419876418 15951500.533433797 -15951216.44611351
12.315821398711785 15988646.920620074 -15988362.644439487
12.315824377547152 16025910.803108508 -16025626.337784884
12.315827356382519 16063292.650733244 -16063007.995983191
12.315830335217886 16100792.935600489 -16100508.091139954
12.315833314053252 16138412.1321014 -16138127.097645661
12.315836292888619 16176150.716925051 -16175865.492188727
12.315839271723986 16214009.169071512 -16213723.753768554
12.315842250559353 16251987.969864981 -16251702.363708667
12.31584522939472 16290087.602967018 -16289801.805669958
12.315848208230086 16328308.554389868 -16328022.565663997
12.315851187065453 16366651.312509866 -16366365.132066444
12.31585416590082 16405116.368080929 -16404829.995630534
12.315857144736187 16443704.214248136 -16443417.64950067
12.315860123571554 16482415.346561404 -16482128.589226086
12.315863102406921 16521250.262989245 -16520963.312774608
12.315866081242287 16560209.46393262 -16559922.320546512
12.315869060077654 16599293.45223888 -16599006.115388459
12.315872038913021 16638502.733215798 -16638215.202607529
12.315875017748388 16677837.814645695 -16677550.089985352
12.315877996583755 16717299.206799665 -16717011.287792329
12.315880975419121 16756887.422451889 -16756599.308801936
12.315883954254488 16796602.976894032 -16796314.668305144
12.315886933089855 16836446.387949757 -16836157.884124912
12.315889911925222 16876418.175989319 -16876129.476630788
12.315892890760589 16916518.863944259 -16916229.96875361
12.315895869595956 16956748.977322206 -16956459.886000298
12.315898848431322 16997109.044221751 -16996819.756468728
12.315901827266689 17037599.595347457 -17037310.110862751
12.315904806102056 17078221.16402493 -17077931.482507259
12.315907784937421 17118974.286216024 -17118684.407363385
12.315910763772788 17159859.500534121 -17159569.42404379
12.315913742608155 17200877.348259524 -17200587.073828056
12.315916721443521 17242028.37335496 -17241737.90067818
12.315919700278888 17283313.122481175 -17283022.451254185
12.315922679114255 17324732.145012643 -17324441.274929814
12.315925657949622 17366285.993053373 -17365994.923808344
12.315928636784989 17407975.221452806 -17407683.952738479
12.315931615620356 17449800.387821846 -17449508.919330388
12.315934594455722 17491762.05254899 -17491470.383971825
12.315937573291089 17533860.778816562 -17533568.909844376
12.315940552126456 17576097.132617056 -17575805.062939793
12.315943530961823 17618471.682769585 -17618179.412076436
12.31594650979719 17660985.000936449 -17660692.528915856
12.315949488632556 17703637.661639806 -17703344.987979464
12.315952467467923 17746430.242278472 -17746137.366665319
12.31595544630329 17789363.323144808 -17789070.245265026
12.315958425138657 17832437.487441752 -17832144.206980761
12.315961403974024 17875653.32129994 -17875359.837942399
12.315964382809391 17919011.413794953 -17918717.72722476
12.315967361644757 17962512.356964678 -17962218.466864962
12.315970340480124 18006156.745826792 -18005862.65187991
12.315973319315491 18049945.178396359 -18049650.8802839
12.315976298150858 18093878.255703554 -18093583.75310633
12.315979276986225 18137956.581811499 -18137661.874409549
12.315982255821591 18182180.763834212 -18181885.851306796
12.315985234656958 18226551.411954693 -18226256.293980286
12.315988213492325 18271069.139443133 -18270773.815699425
12.315991192327692 18315734.562675234 -18315439.032839127
12.315994171163059 18360548.301150668 -18360252.564898279
12.315997149998426 18405510.977511663 -18405215.034518313
12.316000128833792 18450623.217561692 -18450327.067501906
12.316003107669159 18495885.650284324 -18495589.292831831
12.316006086504526 18541298.907862179 -18541002.342689905
12.316009065339893 18586863.62569603 -18586566.852476101
12.31601204417526 18632580.44242401 -18632283.460827745
12.316015023010626 18678449.99994098 -18678152.809638891
12.316018001845991 18724472.943418011 -18724175.544079795
12.316020980681358 18770649.921322014 -18770352.312616557
12.316023959516725 18816981.585435495 -18816683.767030865
12.316026938352092 18863468.590876438 -18863170.562439889
12.316029917187459 18910111.596118342 -18909813.3573163
12.316032896022826 18956911.263010383 -18956612.813508451
12.316035874858192 19003868.256797723 -19003569.596260678
12.316038853693559 19050983.24614197 -19050684.374233756
12.316041832528926 19098256.903141748 -19097957.819525477
12.316044811364293 19145689.903353442 -19145390.607691389
12.31604779019966 19193282.925812069 -19192983.41776567
12.316050769035026 19241036.653052296 -19240736.932282146
12.316053747870393 19288951.771129616 -19288651.837295465
12.31605672670576 19337028.969641645 -19336728.822402399
12.316059705541127 19385268.941749591 -19384968.580763299
12.316062684376494 19433672.384199865 -19433371.809123728
12.316065663211861 19482239.997345842 -19481939.207836207
12.316068642047227 19530972.485169761 -19530671.480882112
12.316071620882594 19579870.555304792 -19579569.335893754
12.316074599717961 19628934.919057265 -19628633.484176595
12.316077578553328 19678166.291429032 -19677864.640731622
12.316080557388695 19727565.391140014 -19727263.524277885
12.316083536224061 19777132.940650873 -19776830.857275173
12.316086515059428 19826869.666185863 -19826567.365946859
12.316089493894795 19876776.297755841 -19876473.780302923
12.316092472730162 19926853.569181439 -19926550.834163118
12.316095451565529 19977102.218116391 -19976799.26518029
12.316098430400896 20027522.986071028 -20027219.814863879
12.316101409236262 20078116.61843593 -20077813.228603579
12.316104388071629 20128883.864505772 -20128580.255693164
12.316107366906996 20179825.4775033 -20179521.649354488
12.316110345742363 20230942.214603506 -20230638.16676164
12.31611332457773 20282234.836957961 -20281930.569065284
12.316116303413096 20333704.109719317 -20333399.621417169
12.316119282248463 20385350.802066006 -20385046.092994813
12.31612226108383 20437175.687227078 -20436870.757026356
12.316125239919197 20489179.542507246 -20488874.390815593
12.316128218754562 20541363.149312094 -20541057.775767189
12.316131197589929 20593727.293173444 -20593421.697412044
12.316134176425296 20646272.763774946 -20645966.945432879
12.316137155260662 20699000.354977824 -20698694.313689996
12.316140134096029 20751910.864846811 -20751604.600247189
12.316143112931396 20805005.095676251 -20804698.607397869
12.316146091766763 20858283.854016427 -20857977.141691379
12.31614907060213 20911747.950700045 -20911441.013959482
12.316152049437497 20965398.200868916 -20965091.039343044
12.316155028272863 21019235.424000837 -21018928.037318911
12.31615800710823 21073260.443936646 -21072952.831726972
12.316160985943597 21127474.088907499 -21127166.250797428
12.316163964778964 21181877.191562321 -21181569.127178244
12.316166943614331 21236470.588995442 -21236162.297962788
12.316169922449697 21291255.122774452 -21290946.604717687
12.316172901285064 21346231.63896827 -21345922.893510886
12.316175880120431 21401400.988175385 -21401092.014939904
12.316178858955798 21456764.025552314 -21456454.824160289
12.316181837791165 21512321.610842261 -21512012.180914257
12.316184816626532 21568074.608403981 -21567764.949559584
12.316187795461898 21624023.887240876 -21623713.999098688
12.316190774297265 21680170.32103027 -21679860.203207899
12.316193753132632 21736514.788152907 -21736204.440266971
12.316196731967999 21793058.171722688 -21792747.593388807
12.316199710803366 21849801.359616581 -21849490.550449375
12.316202689638732 21906745.244504768 -21906434.204117857
12.316205668474099 21963890.723881021 -21963579.451887015
12.316208647309466 22021238.700093277 -22020927.196103778
12.316211626144833 22078790.080374449 -22078478.344000041
12.3162146049802 22136545.776873466 -22136233.80772372
12.316217583815567 22194506.70668653 -22194194.504369993
12.316220562650933 22252673.791888602 -22252361.356012795
12.3162235414863 22311047.959565125 -22310735.289736543
12.316226520321667 22369630.141843982 -22369317.237668082
12.316229499157034 22428421.275927663 -22428108.137008872
12.316232477992401 22487422.304125708 -22487108.930067413
12.316235456827767 22546634.173887346 -22546320.564291887
12.316238435663132 22606057.837834407 -22605743.992303081
12.316241414498499 22665694.253794447 -22665380.171927497
12.316244393333866 22725544.384834141 -22725230.066230755
12.316247372169233 22785609.199292921 -22785294.643551234
12.3162503510046 22845889.670816831 -22845574.877533913
12.316253329839967 22906386.778392669 -22906071.747164518
12.316256308675333 22967101.506382361 -22966786.236803915
12.3162592875107 23028034.844557609 -23027719.336222727
12.316262266346067 23089187.788134757 -23088872.040636219
12.316265245181434 23150561.337809958 -23150245.350739468
12.316268224016801 23212156.499794565 -23211840.272742737
12.316271202852167 23273974.285850815 -23273657.818407174
12.316274181687534 23336015.713327765 -23335699.005080745
12.316277160522901 23398281.805197496 -23397964.855734434
12.316280139358268 23460773.590091575 -23460456.398998704
12.316283118193635 23523492.1023378 -23523174.669200249
12.316286097029002 23586438.381997231 -23586120.706399024
12.316289075864368 23649613.474901479 -23649295.556425519
12.316292054699735 23713018.432690267 -23712700.270918347
12.316295033535102 23776654.312849302 -23776335.907362092
12.316298012370469 23840522.178748395 -23840203.529125441
12.316300991205836 23904623.099679891 -23904304.205499604
12.316303970041202 23968958.150897373 -23968639.01173703
12.316306948876569 24033528.413654681 -24033209.029090427
12.316309927711936 24098334.975245208 -24098015.344852045
12.316312906547303 24163378.929041468 -24163059.052393254
12.31631588538267 24228661.374534979 -24228341.25120442
12.316318864218037 24294183.417376466 -24293863.046935111
12.316321843053403 24359946.169416346 -24359625.551434584
12.31632482188877 24425950.748745523 -24425629.882792585
12.316327800724137 24492198.279736523 -24491877.165380467
12.316330779559504 24558689.893084873 -24558368.52989259
12.316333758394871 24625426.725850847 -24625105.113388054
12.316336737230237 24692409.921501506 -24692088.05933274
12.316339716065604 24759640.62995306 -24759318.517641667
12.316342694900971 24827120.007613547 -24826797.644721687
12.316345673736338 24894849.217425857 -24894526.603514496
12.316348652571703 24962829.428911079 -24962506.563539986
12.31635163140707 25031061.818212155 -25030738.700939901
12.316354610242437 25099547.568137888 -25099224.198521834
12.316357589077803 25168287.868207257 -25167964.24580355
12.31636056791317 25237283.914694104 -25236960.039057679
12.316363546748537 25306536.910672162 -25306212.781356737
12.316366525583904 25376048.066060394 -25375723.682618458
12.316369504419271 25445818.597668711 -25445493.959651522
12.316372483254638 25515849.729244035 -25515524.836201619
12.316375462090004 25586142.691516709 -25585817.542997856
12.316378440925371 25656698.722247269 -25656373.317799523
12.316381419760738 25727519.066273555 -25727193.405443214
12.316384398596105 25798604.975558229 -25798279.057890337
12.316387377431472 25869957.709236611 -25869631.534274954
12.316390356266838 25941578.533664912 -25941252.100952018
12.316393335102205 26013468.722468838 -26013142.031545967
12.316396313937572 26085629.556592558 -26085302.606999695
12.316399292772939 26158062.324348059 -26157735.115623917
12.316402271608306 26230768.321464874 -26230440.853146888
12.316405250443673 26303748.851140209 -26303421.122764524
12.316408229279039 26377005.224089433 -26376677.235190902
12.316411208114406 26450538.758597005 -26450210.508709185
12.316414186949773 26524350.780567769 -26524022.269222923
12.31641716578514 26598442.623578642 -26598113.850307722
12.316420144620507 26672815.628930707 -26672486.593263354
12.316423123455873 26747471.145701729 -26747141.847166274
12.31642610229124 26822410.530799069 -26822080.968922522
12.316429081126607 26897635.149013005 -26897305.323321048
12.316432059961974 26973146.373070467 -26972816.283087451
12.316435038797341 27048945.583689231 -27048615.228938174
12.316438017632708 27125034.169632502 -27124703.549635079
12.316440996468074 27201413.527763925 -27201082.642040469
12.316443975303441 27278085.063103031 -27277753.911172524
12.316446954138808 27355050.188881125 -27354718.770261195
12.316449932974175 27432310.326597612 -27431978.640804518
12.316452911809542 27509866.90607677 -27509534.952625412
12.316455890644907 27587721.365524977 -27587389.143928882
12.316458869480273 27665875.151588365 -27665542.661359679
12.31646184831564 27744329.719410963 -27743996.960060455
12.316464827151007 27823086.532693271 -27822753.503730319
12.316467805986374 27902147.063751299 -27901813.764683895
12.316470784821741 27981512.793576088 -27981179.22391082
12.316473763657108 28061185.211893693 -28060851.371135745
12.316476742492474 28141165.817225657 -28140831.704878807
12.316479721327841 28221456.116949972 -28221121.732516579
12.316482700163208 28302057.627362475 -28301722.970343485
12.316485678998575 28382971.873738788 -28382636.943633717
12.316488657833942 28464200.390396725 -28463865.18670366
12.316491636669308 28545744.720759206 -28545409.242974795
12.316494615504675 28627606.417417664 -28627270.665037118
12.316497594340042 28709787.042195968 -28709451.014713045
12.316500573175409 28792288.16621485 -28791951.863121856
12.316503552010776 28875111.369956862 -28874774.790744644
12.316506530846143 28958258.243331853 -28957921.387489796
12.316509509681509 29041730.385742959 -29041393.252758976
12.316512488516876 29125529.406153109 -29125191.995513637
12.316515467352243 29209656.923152104 -29209319.234342098
12.31651844618761 29294114.565024208 -29293776.597527135
12.316521425022977 29378903.969816308 -29378565.72311414
12.316524403858343 29464026.785406608 -29463688.25897982
12.31652738269371 29549484.669573877 -29549145.862901438
12.316530361529077 29635279.290067248 -29634940.202626616
12.316533340364444 29721412.324676607 -29721072.955943726
12.316536319199811 29807885.461303532 -29807545.810752816
12.316539298035178 29894700.398032818 -29894360.465137158
12.316542276870544 29981858.843204599 -29981518.627435345
12.316545255705911 30069362.515487012 -30069022.016313978
12.316548234541278 30157213.143949494 -30156872.360840943
12.316551213376645 30245412.468136653 -30245071.400559295
12.316554192212012 30333962.238142751 -30333620.885561738
12.316557171047378 30422864.214686796 -30422522.576565713
12.316560149882745 30512120.169188235 -30511778.244989097
12.316563128718112 30601731.883843288 -30601389.673026532
12.316566107553477 30691701.151701875 -30691358.653726347
12.316569086388844 30782029.776745215 -30781686.991068173
12.316572065224211 30872719.573964052 -30872376.500041157
12.316575044059578 30963772.369437493 -30963429.006722804
12.316578022894944 31055190.000412524 -31054846.34835849
12.316581001730311 31146974.315384138 -31146630.373441588
12.316583980565678 31239127.174176201 -31238782.941794347
12.316586959401045 31331650.448022917 -31331305.924649335
12.316589938236412 31424546.019650973 -31424201.204731606
12.316592917071779 31517815.783362407 -31517470.676341556
12.316595895907145 31611461.645118129 -31611116.245438442
12.316598874742512 31705485.52262212 -31705139.829724591
12.316601853577879 31799889.345406383 -31799543.358730346
12.316604832413246 31894675.054916542 -31894328.773899656
12.316607811248613 31989844.604598179 -31989498.028676432
12.316610790083979 32085399.959983893 -32085053.088591587
12.316613768919346 32181343.098781053 -32180995.931350801
12.316616747754713 32277676.010960333 -32277328.546923053
12.31661972659008 32374400.698844951 -32374052.937629852
12.316622705425447 32471519.177200668 -32471171.118235257
12.316625684260814 32569033.473326527 -32568685.116036586
12.31662866309618 32666945.627146352 -32666596.970955942
12.316631641931547 32765257.691301052 -32764908.735632502
12.316634620766914 32863971.731241651 -32863622.475515552
12.316637599602281 32963089.825323109 -32962740.268958304
12.316640578437648 33062614.064898953 -33062264.207312535
12.316643557273014 33162546.554416697 -33162196.395024002
12.316646536108381 33262889.411514044 -33262538.94972863
12.316649514943748 33363644.767115917 -33363294.002349578
12.316652493779115 33464814.765532348 -33464463.697195094
12.316655472614482 33566401.56455712 -33566050.19205717
12.316658451449848 33668407.335567281 -33668055.658311054
12.316661430285215 33770834.263623536 -33770482.281015649
12.316664409120582 33873684.547571465 -33873332.259014733
12.316667387955949 33976960.400143519 -33976607.805038929
12.316670366791316 34080664.048062004 -34080311.145808719
12.316673345626683 34184797.732142903 -34184444.522138253
12.316676324462048 34289363.707400553 -34289010.189040028
12.316679303297414 34394364.243153222 -34394010.415830456
12.316682282132781 34499801.623129629 -34499447.486236408
12.316685260968148 34605678.14557635 -34605323.698502585
12.316688239803515 34711996.123366125 -34711641.365499869
12.316691218638882 34818757.884107128 -34818402.814834543
12.316694197474249 34925965.770253092 -34925610.388958447
12.316697176309615 35033622.139214545 -35033266.445280224
12.316700155144982 35141729.363470882 -35141373.356277362
12.316703133980349 35250289.830683321 -35249933.50960917
12.316706112815716 35359305.943808988 -35358949.308230855
12.316709091651083 35468780.121215925 -35468423.170508519
12.316712070486449 35578714.796799123 -35578357.530335233
12.316715049321816 35689112.420097522 -35688754.837247983
12.316718028157183 35799975.45641198 -35799617.556545675
12.31672100699255 35911306.386924371 -35910948.169408232
12.316723985827917 36023107.708817609 -36022749.173016585
12.316726964663284 36135381.935396798 -36135023.080673873
12.31672994349865 36248131.596211396 -36247772.421927564
12.316732922334017 36361359.23717843 -36360999.742692687
12.316735901169384 36475067.420706846 -36474707.605376191
12.316738880004751 36589258.725822866 -36588898.589002289
12.316741858840118 36703935.748296462 -36703575.289338931
12.316744837675484 36819101.100768939 -36818740.31902539
12.316747816510851 36934757.412881695 -36934396.307701029
12.316750795346218 37050907.331406035 -37050545.902135111
12.316753774181585 37167553.520374112 -37167191.766357735
12.316756753016952 37284698.661211103 -37284336.581792012
12.316759731852319 37402345.452868477 -37401983.047387339
12.316762710687685 37520496.611958429 -37520133.879753835
12.316765689523052 37639154.872889526 -37638791.813297972
12.316768668358419 37758322.988003559 -37757959.600359447
12.316771647193786 37878003.7277136 -37877640.011349231
12.316774626029153 37998199.880643219 -37997835.834888764
12.316777604864519 38118914.253766999 -38118549.877950512
12.316780583699886 38240149.672552325 -38239784.965999722
12.316783562535253 38361908.981102347 -38361543.9431374
12.316786541370618 38484195.042300254 -38483829.672244586
12.316789520205985 38607010.737954855 -38606645.035127923
12.316792499041352 38730358.968947381 -38729992.932666473
12.316795477876719 38854242.655379646 -38853876.28495986
12.316798456712085 38978664.736723594 -38978298.031477846
12.316801435547452 39103628.171972103 -39103261.131211109
12.316804414382819 39229135.939791068 -39228768.562823333
12.316807393218186 39355191.038672961 -39354823.324804768
12.316810372053553 39481796.487091735 -39481428.43562714
12.316813350888919 39608955.323659129 -39608586.933899947
12.316816329724286 39736670.607282348 -39736301.878528148
12.316819308559653 39864945.417323172 -39864576.348871261
12.31682228739502 39993782.853758529 -39993413.444903947
12.316825266230387 40123186.037342474 -40122816.287377983
12.316828245065754 40253158.109769665 -40252788.017985739
12.31683122390112 40383702.233840249 -40383331.79952506
12.316834202736487 40514821.593626328 -40514450.816065744
12.316837181571854 40646519.394639894 -40646148.273117468
12.316840160407221 40778798.864002198 -40778427.397799142
12.316843139242588 40911663.250614777 -40911291.439009972
12.316846118077954 41045115.825332105 -41044743.667602085
12.316849096913321 41179159.88113559 -41178787.376554526
12.316852075748688 41313798.733309276 -41313425.881148964
12.316855054584055 41449035.719617158 -41448662.519147016
12.316858033419422 41584874.200482145 -41584500.650969207
12.316861012254789 41721317.559166566 -41720943.65987546
12.316863991090155 41858369.201954335 -41857994.952147275
12.316866969925522 41996032.558334887 -41995657.957271658
12.316869948760889 42134311.081188746 -42133936.128126696
12.316872927596256 42273208.246974833 -42272832.941168882
12.316875906431623 42412727.555919416 -42412351.89662201
12.316878885266989 42552872.532206826 -42552496.518667951
12.316881864102356 42693646.724171951 -42693270.355639122
12.316884842937723 42835053.704494491 -42834676.980212718
12.31688782177309 42977097.070395023 -42976719.989606827
12.316890800608457 43119780.443832874 -43119403.005778261
12.316893779443824 43263107.471705846 -43262729.675622292
12.316896758279189 43407081.826051757 -43406703.671174213
12.316899737114555 43551707.204251863 -43551328.689812735
12.316902715949922 43696987.329236142 -43696608.454465277
12.316905694785289 43842925.949690551 -43842546.71381522
12.316908673620656 43989526.840266131 -43989147.242511027
12.316911652456023 44136793.801790215 -44136413.841377437
12.31691463129139 44284730.661479443 -44284350.337628491
12.316917610126756 44433341.273154885 -44432960.585082643
12.316920588962123 44582629.517459042 -44582248.464379765
12.31692356779749 44732599.302074954 -44732217.883200251
12.316926546632857 44883254.561947495 -44882872.776486322
12.316929525468224 45034599.259506561 -45034217.106665224
12.31693250430359 45186637.384892359 -45186254.86387448
12.316935483138957 45339372.95618289 -45338990.066189393
12.316938461974324 45492810.019623682 -45492426.759852804
12.316941440809691 45646952.649859458 -45646569.019506715
12.316944419645058 45801804.950168148 -45801420.948426336
12.316947398480425 45957371.052697062 -45956986.67875623
12.316950377315791 46113655.118701324 -46113270.371748775
12.316953356151158 46270661.33878459 -46270276.218004867
12.316956334986525 46428393.933141977 -46428008.437716842
12.316959313821892 46586857.151805334 -46586471.280913755
12.316962292657259 46746055.274890907 -46745669.027709059
12.316965271492625 46905992.612849317 -46905605.988550559
12.316968250327992 47066673.506717868 -47066286.504472725
12.316971229163359 47228102.328375332 -47227714.947351493
12.316974207998726 47390283.480799183 -47389895.720161475
12.316977186834093 47553221.398325279 -47552833.257235669
12.31698016566946 47716920.546910055 -47716532.024527624
12.316983144504826 47881385.424395122 -47880996.519876055
12.316986123340193 48046620.560774542 -48046231.273272112
12.31698910217556 48212630.518464714 -48212240.847129278
12.316992081010927 48379419.892576732 -48379029.836555719
12.316995059846294 48546993.311191283 -48546602.869629167
12.31699803868166 48715355.435636334 -48714964.607674614
12.317001017517027 48884510.960767701 -48884119.74554491
12.317003996352394 49054464.615251988 -49054073.011903666
12.317006975187759 49225221.161852434 -49224829.169511117
12.317009954023126 49396785.39771758 -49396393.015512779
12.317012932858493 49569162.154672608 -49568769.38173081
12.31701591169386 49742356.299513608 -49741963.134958245
12.317018890529226 49916372.734304667 -49915979.1772561
12.317021869364593 50091216.396677986 -50090822.446253516
12.31702484819996 50266892.260136761 -50266497.91545058
12.317027827035327 50443405.334361076 -50443010.594524279
12.317030805870694 50620760.665516846 -50620365.529637411
12.31703378470606 50798963.33656773 -50798567.803750485
12.317036763541427 50978018.467590094 -50977622.53693673
12.317039742376794 51157931.216091208 -51157534.886700243
12.317042721212161 51338706.777330332 -51338310.0482971
12.317045700047528 51520350.384643227 -51519953.255059868
12.317048678882895 51702867.309769727 -51702469.77872517
12.317051657718261 51886262.863184527 -51885864.929764472
12.317054636553628 52070542.394431308 -52070144.05771821
12.317057615388995 52255711.292460144 -52255312.5515332
12.317060594224362 52441774.985968299 -52441375.839903437
12.317063573059729 52628738.943744309 -52628339.391614161
12.317066551895095 52816608.675015621 -52816208.715889513
12.317069530730462 53005389.729799561 -53004989.362743497
12.317072509565829 53195087.69925788 -53194686.923334524
12.317075488401196 53385708.216054887 -53385307.03032355
12.317078467236563 53577256.954719037 -53576855.358235665
12.31708144607193 53769739.632008173 -53769337.623825319
12.317084424907296 53963162.007278398 -53962759.586445212
12.317087403742663 54157529.882856816 -54157127.048419021
12.31709038257803 54352849.10441789 -54352445.855417781
12.317093361413397 54549125.56136363 -54548721.896840043
12.317096340248764 54746365.187207498 -54745961.1061958
12.31709931908413 54944573.959962294 -54944169.461494371
12.317102297919497 55143757.902531892 -55143352.985636115
12.317105276754864 55343923.083106965 -55343517.746808186
12.317108255590231 55545075.615564823 -55544669.858884357
12.317111234425598 55747221.659873128 -55746815.481828727
12.317114213260965 55950367.422497839 -55949960.822103679
12.31711719209633 56154519.15681529 -56154112.133081965
12.317120170931696 56359683.163528353 -56359275.715462834
12.317123149767063 56565865.791086964 -56565457.917692609
12.31712612860243 56773073.436112896 -56772665.136389397
12.317129107437797 56981312.543828785 -56980903.816772193
12.317132086273164 57190589.608491689 -57190180.453094348
12.317135065108531 57400911.173831061 -57400501.589081638
12.317138043943897 57612283.833491221 -57611873.818374641
12.317141022779264 57824714.231478199 -57824303.784975663
12.317144001614631 58038209.062611409 -58037798.18370036
12.317146980449998 58252775.072979815 -58252363.760633923
12.317149959285365 58468419.060402863 -58468007.313591994
12.317152938120731 58685147.874896213 -58684735.692586429
12.317155916956098 58902968.419142269 -58902555.800295793
12.317158895791465 59121887.648965478 -59121474.592540681
12.317161874626832 59341912.573812738 -59341499.078764133
12.317164853462199 59563050.257238552 -59562636.322516747
12.317167832297566 59785307.817395352 -59784893.441947043
12.317170811132932 60008692.427529104 -60008277.610297069
12.317173789968299 60233211.316479854 -60232796.056402907
12.317176768803666 60458871.769187413 -60458456.065200403
12.317179747639033 60685681.127202682 -60685264.978236474
12.3171827264744 60913646.789204001 -60913230.194185443
12.317185705309766 61142776.211518966 -61142359.169370875
12.317188684145133 61373076.908651918 -61372659.418293059
12.3171916629805 61604556.453816727 -61604138.514161795
12.317194641815867 61837222.479475297 -61836804.089434884
12.317197620651234 62071082.677881852 -62070663.836362444
12.317200599486601 62306144.801632807 -62305725.507536754
12.317203578321967 62542416.664222434 -62541996.916447937
12.317206557157334 62779906.140604392 -62779485.938045457
12.317209535992701 63018621.167759329 -63018200.509305775
12.317212514828068 63258569.745268524 -63258148.629805945
12.317215493663435 63499759.935893446 -63499338.36230319
12.317218472498801 63742199.866161592 -63741777.833320744
12.317221451334168 63985897.726958677 -63985475.233740032
12.317224430169535 64230861.774126947 -64230438.819398992
12.3172274090049 64477100.329069965 -64476676.911696859
12.317230387840267 64724621.779363737 -64724197.89820528
12.317233366675634 64973434.579374582 -64973010.233286202
12.317236345511001 65223547.250883482 -65223122.438716203
12.317239324346367 65474968.383717246 -65474543.104317665
12.317242303181734 65727706.636386395 -65727280.888596669
12.317245282017101 65981770.736729942 -65981344.519387759
12.317248260852468 66237169.482567146 -66236742.7945057
12.317251239687835 66493911.742356136 -66493484.582404107
12.317254218523201 66752006.45585984 -66751578.822841361
12.317257197358568 67011462.634819113 -67011034.527553752
12.317260176193935 67272289.363633215 -67271860.780935958
12.317263155029302 67534495.800047591 -67534066.74072881
12.317266133864669 67798091.175848871 -67797661.638714314
12.317269112700036 68063084.79756768 -68062654.781418398
12.317272091535402 68329486.047189578 -68329055.550821975
12.317275070370769 68597304.382873103 -68596873.405078843
12.317278049206136 68866549.33967559 -68866117.879241616
12.317281028041503 69137230.530287594 -69136798.585996091
12.31728400687687 69409357.645774633 -69408925.216402978
12.317286985712236 69682940.456327721 -69682507.540648505
12.317289964547603 69957988.812021941 -69957555.408802912
12.31729294338297 70234512.643582836 -70234078.751586869
12.317295922218337 70512521.963162094 -70512087.581147179
12.317298901053704 70792026.865121186 -70791591.991840392
12.317301879889071 71073037.526823953 -71072602.161025405
12.317304858724437 71355564.209438115 -71355128.349864975
12.317307837559804 71639617.258745328 -71639180.904135749
12.317310816395171 71925207.105960518 -71924770.255047649
12.317313795230538 72212344.268560022 -72211906.920071945
12.317316774065905 72501039.35111919 -72500601.50377892
12.317319752901271 72791303.046159133 -72790864.698684588
12.317322731736638 73083146.135002986 -73082707.286106929
12.317325710572005 73376579.488641873 -73376140.137031928
12.317328689407372 73671614.068610728 -73671174.212989315
12.317331668242739 73968260.927873507 -73967820.566937819
12.317334647078106 74266531.211718649 -74266090.344160661
12.317337625913471 74566436.158664569 -74565994.783170968
12.317340604748837 74867987.101375058 -74867545.216627225
12.317343583584204 75171195.46758537 -75170753.072259352
12.317346562419571 75476072.781038865 -75475629.873805344
12.317349541254938 75782630.662433937 -75782187.241958231
12.317352520090305 76090880.830381498 -76090436.89532347
12.317355498925671 76400835.102373794 -76400390.651387855
12.317358477761038 76712505.395764351 -76712060.427499443
12.317361456596405 77025903.728758648 -77025458.241858214
12.317364435431772 77341042.221416041 -77340596.214517966
12.317367414267139 77657933.096663147 -77657486.568399742
12.317370393102506 77976588.681319192 -77976141.630317181
12.317373371937872 78297021.40713273 -78296573.83201319
12.317376350773239 78619243.811830178 -78618795.711208507
12.317379329608606 78943268.540176988 -78942819.912662908
12.317382308443973 79269108.345050454 -79268659.189247966
12.31738528727934 79596776.088524699 -79596326.40303202
12.317388266114706 79926284.742968544 -79925834.526378095
12.317391244950073 80257647.392156452 -80257196.643054828
12.31739422378544 80590877.232391715 -80590425.949359655
12.317397202620807 80925987.573642969 -80925535.755255312
12.317400181456174 81262991.840693772 -81262539.485519454
12.317403160291541 81601903.574305117 -81601450.6809071
12.317406139126907 81942736.432391807 -81942282.999327049
12.317409117962274 82285504.191213012 -82285050.217032447
12.317412096797641 82630220.746576503 -82629766.22982502
12.317415075633008 82976900.115056381 -82976445.054272771
12.317418054468375 83325556.435225248 -83325100.82894215
12.317421033303741 83676203.968901277 -83675747.815645188
12.317424012139108 84028857.102409691 -84028400.400700897
12.317426990974475 84383530.347858831 -84383073.096211374
12.317429969809842 84740238.344431758 -84739780.541353419
12.317432948645209 85098995.859692916 -85098537.503685161
12.317435927480576 85459817.790909767 -85459358.880467713
12.317438906315942 85822719.166390613 -85822259.700003013
12.317441885151309 86187715.146838099 -86187255.122987285
12.317444863986676 86554821.026718348 -86554360.443880185
12.317447842822041 86924052.235647112 -86923591.092290998
12.317450821657408 87295424.33979179 -87294962.634380564
12.317453800492775 87668953.043290555 -87668490.774280503
12.317456779328142 88044654.189688399 -88044191.355529189
12.317459758163508 88422543.763390377 -88422080.362525061
12.317462736998875 88802637.891131863 -88802173.921996787
12.317465715834242 89184952.843466595 -89184488.304491386
12.317468694669609 89569505.036272913 -89569039.925880432
12.317471673504976 89956311.032278016 -89955845.348884344
12.317474652340342 90345387.542600453 -90344921.284614816
12.317477631175709 90736751.428310961 -90736284.594135702
12.317480610011076 91130419.702012599 -91129952.290043145
12.317483588846443 91526409.529440045 -91525941.538064867
12.31748656768181 91924738.231077984 -91924269.658678547
12.317489546517177 92325423.283798993 -92324954.128749728
12.317492525352543 92728482.322521582 -92728012.583189815
12.31749550418791 93133933.141888648 -93133462.81663458
12.317498483023277 93541793.697966367 -93541322.785143033
12.317501461858644 93952082.109963879 -93951610.6079171
12.317504440694011 94364816.66197373 -94364344.569042072
12.317507419529377 94780015.804733485 -94779543.119248226
12.317510398364744 95197698.157409266 -95197224.877694324
12.317513377200111 95617882.509401277 -95617408.633773208
12.317516356035478 96040587.82217142 -96040113.348939329
12.317519334870845 96465833.231093347 -96465358.158558875
12.317522313706212 96893638.04732579 -96893162.373783037
12.317525292541578 97324021.759708777 -97323545.483444288
12.317528271376945 97757004.036683649 -97756527.15597637
12.317531250212312 98192604.728236526 -98192127.241357744
12.317534229047679 98630843.867865697 -98630365.773078993
12.317537207883046 99071741.674573913 -99071262.970135108
12.317540186718412 99515318.55488576 -99514839.239042878
12.317543165553779 99961595.104890168 -99961115.175883412
12.317546144389146 100410592.1123075 -100410111.56836917
12.317549123224513 100862330.55858381 -100861849.39793825
12.31755210205988 101316831.62101109 -101316349.84187467
12.317555080895247 101774116.67487347 -101773634.27545452
12.317558059730612 102234207.29562137 -102233724.27412012
12.317561038565978 102697125.26107258 -102696641.61568114
12.317564017401345 103162892.55364147 -103162408.28254378
12.317566996236712 103631531.36259574 -103631046.46396747
12.317569975072079 104103064.08634195 -104102578.5583505
12.317572953907446 104577513.33474097 -104577027.17554541
12.317575932742812 105054901.9314519 -105054415.13920289
12.317578911578179 105535252.91630617 -105534765.48914593
12.317581890413546 106018589.54771194 -106018101.48377421
12.317584869248913 106504935.30508946 -106504446.60249943
12.31758784808428 106994313.89133702 -106993824.54821126
12.317590826919647 107486749.23532923 -107486259.24977568
12.317593805755013 107982265.4944465 -107981774.86456437
12.31759678459038 108480887.05713814 -108480395.78101791
12.317599763425747 108982638.54551743 -108982146.62124072
12.317602742261114 109487544.81799121 -109487052.2436308
12.317605721096481 109995630.97192274 -109995137.74554245
12.317608699931847 110506922.34632878 -110506428.46598348
12.317611678767214 111021444.5246125 -111020949.98834799
12.317614657602581 111539223.33733164 -111538728.14318463
12.317617636437948 112060284.86500253 -112059789.0110006
12.317620615273315 112584655.44093986 -112584158.92510135
12.317623594108682 113112361.65413478 -113111864.47446875
12.317626572944048 113643430.35217072 -113642932.50667693
12.317629551779415 114177888.64417638 -114177390.13084516
12.317632530614782 114715763.90381779 -114715264.72063003
12.317635509450149 115257083.77233048 -115256583.91725758
12.317638488285516 115801876.16159089 -115801375.63259466
12.317641467120882 116350169.25722808 -116349668.05226068
12.317644445956249 116901991.52177727 -116901489.6387812
12.317647424791616 117457371.69787431 -117456869.13478228
12.317650403626983 118016338.81149295 -118015835.56622788
12.31765338246235 118578922.17522544 -118578418.24570033
12.317656361297717 119145151.39160605 -119144646.77572398
12.317659340133083 119715056.3564795 -119714551.05213352
12.31766231896845 120288667.26241362 -120288161.26748671
12.317665297803815 120866014.60215831 -120865507.91452329
12.317668276639182 121447129.17215097 -121446621.78967047
12.317671255474549 122032042.07606825 -122031533.99659462
12.317674234309916 122620784.72842573 -122620275.94980097
12.317677213145283 123213388.85822611 -123212879.37828182
12.317680191980649 123809886.51265702 -123809376.32921429
12.317683170816016 124410310.06083862 -124409799.17170805
12.317686149651383 125014692.19762148 -125014180.60060298
12.31768912848675 125623065.94743586 -125622553.64031869
12.317692107322117 126235464.66819474 -126234951.64875743
12.317695086157483 126851922.05524787 -126851408.32125807
12.31769806499285 127472472.14539051 -127471957.69460498
12.317701043828217 128097149.32092795 -128096634.15109248
12.317704022663584 128725988.3137943 -128725472.42264366
12.317707001498951 129359024.20972779 -129358507.5949856
12.317709980334318 129996292.45250416 -129995775.11188285
12.317712959169684 130637828.84822737 -130637310.77942811
12.317715938005051 131283669.5696799 -131283150.77039251
12.317718916840418 131933851.16073318 -131933331.62863605
12.317721895675785 132588410.54081883 -132587890.27357887
12.317724874511152 133247385.00946143 -133246864.00473396
12.317727853346518 133910812.25087467 -133910290.50630337
12.317730832181885 134578730.33862132 -134578207.85183811
12.317733811017252 135251177.74033788 -135250654.5089629
12.317736789852619 135928193.32252502 -135927669.34416649
12.317739768687986 136609816.35540566 -136609291.62765986
12.317742747523353 137296086.5178504 -137295561.03830153
12.317745726358719 137987043.90237132 -137986517.66859144
12.317748705194086 138682729.02018651 -138682202.02973551
12.317751684029453 139383182.8063564 -139382655.0567818
12.31775466286482 140088446.62499192 -140087918.11382893
12.317757641700187 140798562.27453664 -140798032.99930793
12.317760620535553 141513571.99312297 -141513041.95133868
12.31776359937092 142233518.4640049 -142232987.65316254
12.317766578206287 142958444.82106754 -142957913.23865184
12.317769557041654 143688394.65441579 -143687862.29789871
12.317772535877021 144423412.01604125 -144422878.88288182
12.317775514712386 145163541.42557052 -145163007.51321474
12.317778493547753 145908827.87609792 -145908293.18197876
12.317781472383119 146659316.8400988 -146658781.36163601
12.317784451218486 147415054.27542761 -147414518.01002771
12.317787430053853 148176086.6314044 -148175549.57646054
12.31779040888922 148942460.85498625 -148941923.00787809
12.317793387724587 149714224.39703059 -149713685.75512424
12.317796366559953 150491425.21864906 -150490885.77929699
12.31779934539532 151274111.79765189 -151273571.55819282
12.317802324230687 152062333.13508633 -152061792.09284514
12.317805303066054 152856138.76187056 -152855596.91415823
12.317808281901421 153655578.74552292 -153655036.08963636
12.317811260736788 154460703.69698954 -154460160.2302115
12.317814239572154 155271564.77757436 -155271020.4971734
12.317817218407521 156088213.70596823 -156087668.60919854
12.317820197242888 156910702.76538083 -156910156.84948215
12.317823176078255 157739084.81078064 -157738538.07297817
12.317826154913622 158573413.27623934 -158572865.71374366
12.317829133748988 159413742.18238306 -159413193.79238996
12.317832112584355 160260126.14395568 -160259576.92364612
12.317835091419722 161112620.37749511 -161112070.32403508
12.317838070255089 161971280.70912102 -161970729.81966141
12.317841049090456 162836163.58244085 -162835611.85411736
12.317844027925823 163707326.06657359 -163706773.49650666
12.317847006761189 164584825.86429146 -164584272.44958609
12.317849985596556 165468721.32028335 -165468167.05802909
12.317852964431923 166359071.42954466 -166358516.31681532
12.31785594326729 167255935.84589145 -167255379.87974519
12.317858922102657 168159374.89060277 -168158818.06808186
12.317861900938023 169069449.56119221 -169068891.87932292
12.31786487977339 169986221.54031476 -169985662.99610728
12.317867858608757 170909753.20480642 -170909193.79525474
12.317870837444124 171840107.63486135 -171839547.35694313
12.317873816279491 172777348.62334701 -172776787.47402346
12.317876795114858 173721540.6852631 -173720978.66147882
12.317879773950224 174672749.06734601 -174672186.16602895
12.317882752785591 175631039.75781596 -175630475.97587723
12.317885731620956 176596479.49627686 -176595914.8306106
12.317888710456323 177569135.78376585 -177568570.23124915
12.31789168929169 178549076.89296064 -178548510.45045337
12.317894668127057 179536371.87854132 -179535804.54288605
12.317897646962424 180531090.58771244 -180530522.35573426
12.31790062579779 181533303.67088586 -181532734.53939229
12.317903604633157 182543082.59253311 -182542512.55831394
12.317906583468524 183560499.64220265 -183559928.70202979
12.317909562303891 184585627.94571224 -184585056.09633964
12.317912541139258 185618541.47651291 -185617968.71467638
12.317915519974624 186659315.06723142 -186658741.3896485
12.317918498809991 187708024.42139304 -187707449.82476285
12.317921477645358 188764746.12532952 -188764170.60633266
12.317924456480725 189829557.6602723 -189828981.21557066
12.317927435316092 190902537.41463643 -190901960.04087311
12.317930414151459 191983764.69649881 -191983186.39029789
12.317933392986825 193073319.74627522 -193072740.50424168
12.317936371822192 194171283.74959478 -194170703.56831431
12.317939350657559 195277738.85038191 -195277157.72642082
12.317942329492926 196392768.16414455 -196392186.09404957
12.317945308328293 197516455.79147419 -197515872.77177235
12.317948287163659 198648886.83176219 -198648302.8589606
12.317951265999026 199790147.39713687 -199789562.46772262
12.317954244834393 200940324.62662241 -200939738.73706248
12.31795722366976 202099506.70052332 -202098919.84726429
12.317960202505127 203267782.85504362 -203267195.03451157
12.317963181340494 204445243.39714354 -204444654.60574389
12.31796616017586 205631979.71963382 -205631389.95375118
12.317969139011227 206828084.31651193 -206827493.57250994
12.317972117846594 208033650.79855072 -208033059.07277185
12.317975096681961 209248773.90914083 -209248181.1979062
12.317978075517328 210473549.54039311 -210472955.84000239
12.317981054352694 211708074.74950188 -211707480.05623308
12.317984033188061 212952447.7753737 -212951852.08548298
12.317987012023428 214206768.05553025 -214206171.36525181
12.317989990858795 215471136.24329117 -215470538.54883698
12.317992969694162 216745654.22524014 -216745055.52279982
12.317995948529527 218030425.1389786 -218029825.42471924
12.317998927364894 219325553.39117065 -219324952.66123661
12.31800190620026 220631144.67589197 -220630542.92640471
12.318004885035627 221947305.99328065 -221946703.22033858
12.318007863870994 223274145.66849864 -223273541.86817685
12.318010842706361 224611773.37101007 -224611168.5393602
12.318013821541728 225960300.13418171 -225959694.26723176
12.318016800377094 227319838.3752127 -227319231.46896681
12.318019779212461 228690501.91539806 -228689893.96583632
12.318022758047828 230072406.00073484 -230071797.00381306
12.318025736883195 231465667.3228783 -231465057.27452794
12.318028715718562 232870404.04044637 -232869792.93657419
12.318031694553929 234286735.80068466 -234286123.63717261
12.318034673389295 235714783.76150572 -235714170.53421068
12.318037652224662 237154670.61389968 -237154056.31865329
12.318040631060029 238606520.60472679 -238605905.23733523
12.318043609895396 240070459.55990052 -240069843.1161443
12.318046588730763 241546614.9079662 -241545997.38359991
12.318049567566129 243035115.7040886 -243034497.09484076
12.318052546401496 244536092.65444717 -244535472.95601997
12.318055525236863 246049678.14105427 -246049057.34912336
12.31805850407223 247576006.24700209 -247575384.35721633
12.318061482907597 249115212.78214681 -249114589.79012808
12.318064461742964 250667435.30923843 -250666811.21058142
12.31806744057833 252232813.170504 -252232187.96077591
12.318070419413697 253811487.51469651 -253810861.18943685
12.318073398249064 255403601.3246167 -255402973.8793371
12.318076377084431 257009299.44511667 -257008670.87530062
12.318079355919798 258628728.61158982 -258628098.91269234
12.318082334755164 260262037.47896969 -260261406.6464172
12.318085313590531 261909376.65123886 -261908744.68042889
12.318088292425898 263570898.71145576 -263570265.59775674
12.318091271261265 265246758.25231001 -265246123.991061
12.318094250096632 266937111.90722522 -266936476.49373561
12.318097228931999 268642118.3820172 -268641481.81156647
12.318100207767365 270361938.48711556 -270361300.75495309
12.318103186602732 272096735.17035663 -272096096.27170134
12.318106165438097 273846673.55037075 -273846033.48041087
12.318109144273464 275611920.9505676 -275611279.70446044
12.318112123108831 277392646.93373257 -277392004.50660419
12.318115101944198 279189023.33724111 -279188379.72418618
12.318118080779564 281001224.30891347 -281000579.50499487
12.318121059614931 282829426.34351629 -282828780.34376472
12.318124038450298 284673808.3199448 -284673161.11935878
12.318127017285665 286534551.53905928 -286533903.1326046
12.318129996121032 288411839.76222563 -288411190.14483523
12.318132974956399 290305859.25056088 -290305208.41713452
12.318135953791765 292216798.80488402 -292216146.75028795
12.318138932627132 294144849.80641818 -294144196.52548486
12.318141911462499 296090206.25823176 -296089551.74575955
12.318144890297866 298053064.82745343 -298052409.0782063
12.318147869133233 300033624.88826287 -300032967.89697003
12.318150847968599 302032088.56568015 -302031430.32703584
12.318153826803966 304048660.7801705 -304048001.28883362
12.318156805639333 306083549.29307783 -306082888.54367155
12.3181597844747 308136964.75291485 -308136302.74002641
12.318162763310067 310209120.74251455 -310208457.46069491
12.318165742145434 312300233.82706225 -312299569.27082568
12.3181687209808 314410523.60303921 -314409857.76686299
12.318171699816167 316540212.74809223 -316539545.62641639
12.318174678651534 318689527.07183433 -318688858.65906113
12.318177657486901 320858695.56761938 -320858025.85811317
12.318180636322268 323047950.46530694 -323047279.45339364
12.318183615157634 325257527.28501546 -325256854.96498227
12.318186593993001 327487664.89191151 -327486991.25800663
12.318189572828368 329738605.55204999 -329737930.59848213
12.318192551663735 332010594.98927903 -332009918.71021712
12.318195530499102 334303882.44324011 -334303204.83281291
12.318198509334469 336618720.72849143 -336618041.78078711
12.318201488169835 338955366.29477674 -338954686.00384253
12.318204467005202 341314079.28846186 -341313397.64830369
12.318207445840569 343695123.61516356 -343694440.61974561
12.318210424675936 346098767.00359792 -346098082.64684236
12.318213403511303 348525281.0706684 -348524595.3464548
12.318216382346668 350974941.38783765 -350974254.2900027
12.318219361182035 353448027.54880685 -353447339.07114393
12.318222340017401 355944823.23851025 -355944133.37476897
12.318225318852768 358465616.30348974 -358464925.04737568
12.318228297688135 361010698.82363623 -361010006.16881025
12.318231276523502 363580367.18538117 -363579673.12545913
12.318234255358869 366174922.15633619 -366174226.6848886
12.318237234194235 368794668.96140403 -368793972.07195544
12.318240213029602 371439917.36042869 -371439219.04645735
12.318243191864969 374110981.72739726 -374110281.98233461
12.318246170700336 376808181.13122487 -376807479.94845521
12.318249149535703 379531839.41816425 -379531136.79102409
12.31825212837107 382282285.29588652 -382281581.21766418
12.318255107206436 385059852.41927975 -385059146.88321495
12.318258086041803 387864879.47796643 -387864172.4772498
12.31826106487717 390697710.28559387 -390697001.81336647
12.318264043712537 393558693.870965 -393557983.92031771
12.318267022547904 396448184.57101995 -396447473.13499308
12.31827000138327 399366542.12574315 -399365829.19732589
12.318272980218637 402314131.77500564 -402313417.34713566
12.318275959054004 405291324.3574053 -405290608.42296803
12.318278937889371 408298496.41115713 -408297778.9629854
12.318281916724738 411336030.27707273 -411335311.30794621
12.318284895560105 414404314.20366633 -414403593.70631099
12.318287874395471 417503742.45446557 -417503020.42155302
12.318290853230838 420634715.41756475 -420633991.84171188
12.318293832066205 423797639.71746933 -423796914.59123766
12.318296810901572 426992928.32928395 -426992201.64517909
12.318299789736939 430221000.69529444 -430220272.44576544
12.318302768572305 433482282.84403712 -433481553.02147597
12.318305747407672 436777207.51188016 -436776476.10862112
12.318308726243039 440106214.26719439 -440105481.27551353
12.318311705078406 443469749.63714308 -443469015.04925752
12.318314683913773 446868267.2372129 -446867531.04528034
12.31831766274914 450302227.90349108 -450301490.09960914
12.318320641584506 453772099.82777244 -453771360.40397793
12.318323620419873 457278358.69561177 -457277617.64388019
12.318326599255238 460821487.82733023 -460820745.13957512
12.318329578090605 464401978.32206815 -464401233.99014032
12.318332556925972 468020329.20498365 -468019583.22067064
12.318335535761339 471677047.57764423 -471676299.93266952
12.318338514596705 475372648.77171522 -475371899.45773774
12.318341493432072 479107656.50599557 -479106905.5146088
12.318344472267439 482882603.04689026 -482881850.36962163
12.318347451102806 486698029.37245548 -486697275.00076574
12.318350429938173 490554485.3400197 -490553729.26530206
12.31835340877354 494452529.85753131 -494451772.07111079
12.318356387608906 498392731.05873895 -498391971.55187166
12.318359366444273 502375666.48222554 -502374905.24609792
12.31836234527964 506401923.25445604 -506401160.28018409
12.318365324115007 510472098.27693307 -510471333.55556154
12.318368302950374 514586798.41755146 -514586031.94005316
12.31837128178574 518746640.70626134 -518745872.46353632
12.318374260621107 522952252.53515303 -522951482.51802772
12.318377239456474 527204271.8630721 -527203500.06229866
12.318380218291841 531503347.4248631 -531502573.83111846
12.318383197127208 535850138.94539237 -535849363.54927737
12.318386175962575 540245317.35848379 -540244540.15052247
12.318389154797941 544689565.03085768 -544688786.00149632
12.318392133633308 549183575.99121213 -549182795.13081849
12.318395112468675 553728056.16457582 -553727273.46343803
12.318398091304042 558323723.61206532 -558322939.06039131
12.318401070139409 562971308.77628076 -562970522.36419702
12.318404048974775 567671554.73232543 -567670766.44987655
12.318407027810142 572425217.44469559 -572424427.28184271
12.318410006645509 577233066.03018069 -577232273.97680104
12.318412985480876 582095883.02699542 -582095089.07288122
12.318415964316243 587014464.67019522 -587013668.80505276
12.31841894315161 591989621.17353523 -591988823.38698363
12.318421921986976 597022177.01810956 -597021377.29968011
12.318424900822343 602112971.24782646 -602112169.58696139
12.31842787965771 607262857.77186227 -607262054.1579138
12.318430858493077 612472705.67441535 -612471900.09664464
12.318433837328444 617743399.53181744 -617742591.97939348
12.318436816163809 623075839.73730409 -623075030.19930267
12.318439794999176 628470942.83365262 -628470131.29905522
12.318442773834542 633929641.85385191 -633928828.31154466
12.318445752669909 639452886.66997659 -639452071.10874915
12.318448731505276 645041644.35058677 -645040826.75913095
12.318451710340643 650696899.52690005 -650696079.89380884
12.31845468917601 656419654.76797104 -656418833.08173752
12.318457668011376 662210930.96495283 -662210107.21396887
12.318460646846743 668071767.72492003 -668070941.897475
12.31846362568211 674003223.77443218 -674002395.85871208
12.318466604517477 680006377.37305999 -680005547.35714555
12.318469583352844 686082326.73727822 -686081494.60914421
12.318472562188211 692232190.47492456 -692231356.22243834
12.318475541023577 698457108.03045952 -698456271.64137959
12.318478519858944 704758240.14151359 -704757401.60348845
12.318481498694311 711136769.30691588 -711135928.60748255
12.318484477529678 717593900.26656246 -717593057.39314508
12.318487456365045 724130860.49346399 -724130015.43337262
12.318490435200411 730748900.69834304 -730748053.4387722
12.318493414035778 737449295.34701681 -737448445.87504387
12.318496392871145 744233343.19111681 -744232491.49370062
12.318499371706512 751102367.81254518 -751101513.87652469
12.318502350541879 758057718.18179178 -758056861.99388433
12.318505329377246 765100769.23087537 -765099910.77767551
12.318508308212612 772232922.44101763 -772232061.70899534
12.318511287047979 779455606.44562709 -779454743.42112601
12.318514265883346 786770277.64924395 -786769412.31848013
12.318517244718713 794178420.86255991 -794177553.21162009
12.31852022355408 801681549.95410156 -801680679.96894157
12.318523202389446 809281208.51918292 -809280336.18562567
12.318526181224813 816978970.5666033 -816978095.87033737
12.31852916006018 824776441.22368479 -824775564.15026271
12.318532138895547 832675257.45996559 -832674377.994802
12.318535117730914 840677088.83031082 -840676206.95868063
12.318538096566281 848783638.23799479 -848782753.94503129
12.318541075401647 856996642.7184571 -856995755.9891504
12.318544054237014 865317874.24415493 -865316985.06334984
12.318547033072379 873749140.5511477 -873748248.9035418
12.318550011907746 882292285.98844111 -882291391.85858297
12.318552990743113 890949192.39038241 -890948295.76266956
12.31855596957848 899721779.97297645 -899720880.83165324
12.318558948413846 908612008.25494409 -908611106.58409977
12.318561927249213 917621877.00420988 -917620972.78777647
12.31856490608458 926753427.21066356 -926752520.43241382
12.318567884919947 936008742.08586359 -936007832.72940862
12.318570863755314 945389948.09079421 -945389036.13958168
12.318573842590681 954899215.99228382 -954898301.42959523
12.318576821426047 964538761.9492321 -964537844.7581811
12.318579800261414 974310848.62947583 -974309928.79300523
12.318582779096781 984217786.35827386 -984216863.85915387
12.318585757932148 994261934.29949677 -994261009.12032247
12.318588736767515 1004445701.6703557 -1004444773.7935444
12.318591715602881 1014771548.9910606 -1014770618.3988497
12.318594694438248 1025241989.3703539 -1025241056.044798
12.318597673273615 1035859589.8281983 -1035858653.7511668
12.318600652108982 1046626972.656732 -1046626033.8099067
12.318603630944349 1057546816.8206843 -1057545875.1855567
12.318606609779716 1068621859.3987162 -1068620914.9565845
12.318609588615082 1079854897.0669293 -1079853949.7988958
12.318612567450449 1091248787.6260617 -1091247837.5130301
12.318615546285816 1102806451.5737636 -1102805498.5964363
12.318618525121183 1114530873.7231731 -1114529917.8620477
12.31862150395655 1126425104.8700256 -1126424146.1053927
12.318624482791916 1138492263.5092998 -1138491301.8212395
12.318627461627283 1150735537.6032193 -1150734572.9715984
12.31863044046265 1163158186.4023781 -1163157218.8068466
12.318633419298017 1175763542.3221848 -1175762571.7421737
12.318636398133384 1188555012.8757765 -1188554039.2904932
12.318639376968751 1201536082.665767 -1201535106.054193
12.318642355804117 1214710315.4372616 -1214709335.7781487
12.318645334639484 1228081356.1935225 -1228080373.4653897
12.318648313474851 1241652933.3765752 -1241651947.5577049
12.318651292310218 1255428861.1154213 -1255427872.183856
12.318654271145585 1269413041.5440476 -1269412049.477586
12.31865724998095 1283609467.1917098 -1283608471.9679034
12.318660228816317 1298022223.4479411 -1298021225.0440905
12.318663207651683 1312655491.1046414 -1312654489.4977922
12.31866618648705 1327513548.9787245 -1327512544.1456633
12.318669165322417 1342600776.6179001 -1342599768.535151
12.318672144157784 1357921657.0919216 -1357920645.7357419
12.318675122993151 1373480779.8731449 -1373479765.2195208
12.318678101828517 1389282843.8096287 -1389281825.8342714
12.318681080663884 1405332660.194037 -1405331638.8723783
12.318684059499251 1421635155.931061 -1421634131.2382488
12.318687038334618 1438195376.8080204 -1438194348.7189143
12.318690017169985 1455018490.8721862 -1455017459.3613527
12.318692996005352 1472109791.9186449 -1472108756.9603534
12.318695974840718 1489474703.0925169 -1489473664.6607344
12.318698953676085 1507118780.6097085 -1507117738.6780949
12.318701932511452 1525047717.6016772 -1525046672.1435802
12.318704911346819 1543267348.0880129 -1543266299.0764635
12.318707890182186 1561783651.0814126 -1561782598.4891188
12.318710869017552 1580602754.8310258 -1580601698.6303689
12.318713847852919 1599730941.2086551 -1599729881.3716836
12.318716826688286 1619174650.2425582 -1619173586.7409823
12.318719805523653 1638940484.8062358 -1638939417.6114216
12.31872278435902 1659035215.4675448 -1659034144.5505087
12.318725763194387 1679465785.5039957 -1679464710.8353992
12.318728742029753 1700239316.0909071 -1700238237.6410501
12.31873172086512 1721363111.6687787 -1721362029.407594
12.318734699700487 1742844665.4971142 -1742843579.3941607
12.318737678535854 1764691665.402982 -1764690575.427439
12.318740657371221 1786911999.7307127 -1786910905.8513727
12.318743636206587 1809513763.501436 -1809512665.6866992
12.318746615041954 1832505264.790273 -1832504163.0081394
12.318749593877321 1855895031.3301277 -1855893925.5481911
12.318752572712688 1879691817.3519988 -1879690707.5374389
12.318755551548055 1903904610.6704628 -1903903496.7900386
12.318758530383422 1928542640.024935 -1928541522.0449774
12.318761509218788 1953615382.6860504 -1953614260.5724549
12.318764488054153 1979132572.3388717 -1979131446.0570898
12.31876746688952 2005104207.2551739 -2005103076.7702062
12.318770445724887 2031540558.7652235 -2031539424.0416114
12.318773424560254 2058452180.0417597 -2058451041.0435767
12.318776403395621 2085849915.2104764 -2085848771.9013205
12.318779382230987 2113744908.7999492 -2113743761.1429336
12.318782361066354 2142148615.5439191 -2142147463.5016639
12.318785339901721 2171072810.5540237 -2171071654.0886464
12.318788318737088 2200529599.8766685 -2200528438.9497752
12.318791297572455 2230531431.4498777 -2230530266.0225539
12.318794276407822 2261091106.4786496 -2261089936.5114498
12.318797255243188 2292221791.246973 -2292220616.6999116
12.318800234078555 2323937029.3846016 -2323935850.2171421
12.318803212913922 2356250754.6103997 -2356249570.781445
12.318806191749289 2389177303.9705234 -2389176115.438405
12.318809170584656 2422731431.5934577 -2422730238.3159251
12.318812149420022 2456928322.9867897 -2456927124.9209981
12.318815128255389 2491783609.9008856 -2491782407.003386
12.318818107090756 2527313385.7813687 -2527312178.0080957
12.318821085926123 2563534221.8370543 -2563533009.1433139
12.31882406476149 2600463183.756186 -2600461966.0966439
12.318827043596857 2638117849.094224 -2638116626.4228926
12.318830022432223 2676516325.3664865 -2676515097.6367126
12.31883300126759 2715677268.8800521 -2715676036.0445032
12.318835980102957 2755619904.3347449 -2755618666.345396
12.318838958938324 2796364045.2342443 -2796362802.0423646
12.318841937773691 2837930115.1398983 -2837928866.6960354
12.318844916609057 2880339169.8104429 -2880337916.0644102
12.318847895444424 2923612920.2695966 -2923611661.1704574
12.318850874279791 2967773756.8411226 -2967772492.3371744
12.318853853115158 3012844774.2029004 -3012843504.2416601
12.318856831950525 3058849797.5072174 -3058848522.0354047
12.318859810785892 3105813409.6177254 -3105812128.5812469
12.318862789621258 3153760979.5155597 -3153759692.8594909
12.318865768456625 3202718691.9359307 -3202717399.6044989
12.318868747291992 3252713578.2949476 -3252712280.2315149
12.318871726127359 3303773548.9654775 -3303772245.1125216
12.318874704962724 3355927426.9739399 -3355926117.273036
12.318877683798091 3409204983.1864791 -3409203667.5782795
12.318880662633457 3463636973.0611148 -3463635651.4853296
12.318883641468824 3519255175.043849 -3519253847.4392257
12.318886620304191 3576092430.692687 -3576091096.9969893
12.318889599139558 3634182686.6172986 -3634181346.7672853
12.318892577974925 3693561038.3256116 -3693559692.2570148
12.318895556810292 3754263776.0782604 -3754262423.7257609
12.318898535645658 3816328432.8552999 -3816327074.1525064
12.318901514481025 3879793834.5441513 -3879792469.423574
12.318904493316392 3944700152.4667978 -3944698780.8598247
12.318907472151759 4011088958.370225 -4011087580.2070956
12.318910450987126 4079003282.0138392 -4079001897.2236199
12.318913429822492 4148487671.4837494 -4148486279.9943047
12.318916408657859 4219588256.3891711 -4219586858.1271377
12.318919387493226 4292352814.0930014 -4292351408.983758
12.318922366328593 4366830839.1451607 -4366829427.1127996
12.31892534516396 4443073616.0911989 -4443072197.0584946
12.318928323999327 4521134295.845542 -4521132869.7339201
12.318931302834693 4601067975.8328238 -4601066542.5623302
12.31893428167006 4682931784.0899038 -4682930343.5791712
12.318937260505427 4766784967.5684843 -4766783519.7346973
12.318940239340794 4852688984.8684368 -4852687529.6272974
12.318943218176161 4940707603.6571312 -4940706140.922821
12.318946197011527 5030907003.0430431 -5030905532.7281876
12.318949175846894 5123355881.2006817 -5123354403.2163124
12.318952154682261 5218125568.5182266 -5218124082.7737389
12.318955133517628 5315290146.6271191 -5315288653.0302324
12.318958112352995 5414926573.652504 -5414925072.1092205
12.318961091188362 5517114816.0380678 -5517113306.4526262
12.318964070023728 5621937987.3523512 -5621936469.627183
12.318967048859095 5729482494.4968834 -5729480968.532567
12.318970027694462 5839838191.7571192 -5839836657.4523306
12.318973006529829 5953098543.1639137 -5953097000.4153767
12.318975985365196 6069360793.7081556 -6069359242.4105921
12.318978964200562 6188726149.9142027 -6188724589.9602785
12.318981943035929 6311299970.3777428 -6311298401.6580114
12.318984921871294 6437191966.9075527 -6437190389.3104019
12.318987900706661 6566516416.9097776 -6566514830.3213673
12.318990879542028 6699392387.751771 -6699390792.055974
12.318993858377395 6835943973.8627176 -6835942368.9410572
12.318996837212762 6976300547.3903751 -6976298933.1219587
12.318999816048128 7120597023.3109388 -7120595399.5723934
12.319002794883495 7268974139.9150219 -7268972506.5804214
12.319005773718862 7421578755.6925287 -7421577112.6333227
12.319008752554229 7578564163.7333641 -7578562510.8183031
12.319011731389596 7740090424.7906132 -7740088761.8856726
12.319014710224963 7906324720.2341394 -7906323047.2024374
12.319017689060329 8077441726.3202963 -8077440043.0220108
12.319020667895696 8253624011.192812 -8253622317.4850941
12.319023646731063 8435062456.2001162 -8435060751.9370022
12.31902662556643 8621956703.1983337 -8621954988.2306499
12.319029604401797 8814515629.6921825 -8814513903.8674507
12.319032583237163 9012957853.7971973 -9012956116.9595337
12.31903556207253 9217512271.0630226 -9217510523.0530357
12.319038540907897 9428418625.5486374 -9428416866.2033138
12.319041519743264 9645928117.6241741 -9645926346.7767735
12.319044498578631 9870304051.1451893 -9870302268.625124
12.319047477413998 10101822522.843224 -10101820728.475937
12.319050456249364 10340773157.238304 -10340771350.845146
12.319053435084731 10587459890.337212 -10587458071.735306
12.319056413920098 10842201805.836199 -10842199974.838306
12.319059392755465 11105334027.882494 -11105332184.296867
12.319062371590832 11377208674.75177 -11377206818.382013
12.319065350426198 11658195878.098881 -11658194008.743786
12.319068329261565 11948684872.921629 -11948682990.375019
12.319071308096932 12249085163.901222 -12249083267.951782
12.319074286932299 12559827774.177261 -12559825864.608366
12.319077265767666 12881366583.10618 -12881364659.695705
12.319080244603033 13214179760.378578 -13214177822.898714
12.319083223438399 13558771304.256178 -13558769352.473228
12.319086202273766 13915672692.615976 -13915670726.290154
12.319089181109133 14285444656.131411 -14285442675.016611
12.3190921599445 14668679084.047249 -14668677087.890829
12.319095138779865 15066001073.80723 -15065999062.34977
12.319098117615232 15478071136.714943 -15478069109.689995
12.319101096450598 15905587573.279551 -15905585530.41338
12.319104075285965 16349289033.194052 -16349286974.20536
12.319107054121332 16809957276.261181 -16809955200.860825
12.319110032956699 17288420152.206272 -17288418060.096958
12.319113011792066 17785554819.113522 -17785552709.989498
12.319115990627433 18302291222.371346 -18302289095.918064
12.319118969462799 18839615858.061424 -18839613713.955196
12.319121948298166 19398575847.482342 -19398573685.389977
12.319124927133533 19980283352.095989 -19980281171.674412
12.3191279059689 20585920360.917976 -20585918161.813824
12.319130884804267 21216743886.49094 -21216741668.340134
12.319133863639633 21874091609.886539 -21874089372.313847
12.319136842475 22559388017.60471 -22559385760.22327
12.319139821310367 23274151080.64254 -23274148803.053371
12.319142800145734 24019999529.570591 -24019997231.362072
12.319145778981101 24798660786.202427 -24798658466.949741
12.319148757816468 25611979620.111786 -25611977279.376343
12.319151736651834 26461927605.843559 -26461925243.172382
12.319154715487201 27350613464.30191 -27350611079.226994
12.319157694322568 28280294382.980022 -28280291975.017639
12.319160673157935 29253388421.324173 -29253385989.974152
12.319163651993302 30272488120.132881 -30272485664.877842
12.319166630828668 31340375447.936897 -31340372968.241432
12.319169609664035 32460038234.678764 -32460035729.988579
