# serie phase 2 p7_w1.73_c1.20_dt2_k2 : t x1 x2 (dt2=1.3901231711593138e-05, depart t=12.222 etat bascule x1 x2 v1 v2 = 1572.4013732844148 -1552.1655072542242 43949.286764076533 -43781.746340422367)
12.314026153930746 5129391.5945496447 -5129186.1618720312
12.314040055162458 5166687.1523018293 -5166481.2939567817
12.314053956394169 5204351.6940346155 -5204145.4080324639
12.314067857625881 5242389.8429752672 -5242183.1273118379
12.314081758857592 5280806.2925296053 -5280599.145186075
12.314095660089304 5319605.8075342299 -5319398.2264769813
12.314109561321015 5358793.2255344465 -5358585.2087149192
12.314123462552727 5398373.4580884883 -5398165.0034430306
12.314137363784438 5438351.492098649 -5438142.5975483656
12.31415126501615 5478732.3911699522 -5478523.0546205528
12.314165166247861 5519521.2969969818 -5519311.516338625
12.314179067479573 5560723.430779553 -5560513.2038866878
12.314192968711284 5602344.0946679218 -5602133.4193991302
12.314206869942996 5644388.6732381945 -5644177.5474360306
12.314220771174709 5686862.6349986633 -5686651.0564894881
12.314234672406419 5729771.5339278122 -5729559.50052163
12.314248573638132 5773121.0110447295 -5772908.5205350192
12.314262474869842 5816916.7960127182 -5816703.8461762639
12.314276376101555 5861164.7087768791 -5860951.2973735994
12.314290277333265 5905870.661236492 -5905656.7860092651
12.314304178564978 5951040.6589530241 -5950826.317627511
12.314318079796688 5996680.8028946333 -5996465.9931790987
12.314331981028401 6042797.291218047 -6042582.0108031798
12.314345882260112 6089396.4210887188 -6089180.6676474474
12.314359783491824 6136484.5905401949 -6136268.3617275013
12.314373684723536 6184068.3003736446 -6183851.5938263768
12.314387585955247 6232154.1560985325 -6231936.9694352141
12.314401487186959 6280748.8699154453 -6280531.2007360794
12.31441538841867 6329859.262742117 -6329641.1086279936
12.314429289650382 6379492.2662837096 -6379273.6247972054
12.314443190882093 6429654.9251484172 -6429435.7938327948
12.314457092113805 6480354.399009577 -6480134.7753887791
12.314470993345516 6531597.9648153866 -6531377.8463938311
12.314484894577229 6583393.0190474549 -6583172.4033098267
12.314498795808939 6635747.0800293619 -6635525.964440397
12.314512697040652 6688667.7902865186 -6688446.1722907918
12.314526598272362 6742162.918958609 -6741940.7959803138
12.314540499504075 6796240.3642659197 -6796017.733708648
12.314554400735787 6850908.1560309567 -6850685.0152774742
12.314568301967498 6906174.4582567131 -6905950.8046687329
12.31458220319921 6962047.5717630582 -6961823.402681008
12.314596104430921 7018535.9368826998 -7018311.24962549
12.314610005662633 7075648.1362182796 -7075422.9280830678
12.314623906894344 7133392.8974621221 -7133167.1657240698
12.314637808126056 7191779.0962802852 -7191552.8381923148
12.314651709357767 7250815.7592625897 -7250588.972055139
12.314665610589479 7310512.0669402899 -7310284.74782106
12.31467951182119 7370877.3568731565 -7370649.5030268589
12.314693413052902 7431921.1268077828 -7431692.7353958823
12.314707314284613 7493653.0379089545 -7493424.1060694056
12.314721215516325 7556082.9180660332 -7555853.4429130163
12.314735116748038 7619220.7652763119 -7618990.7438999657
12.314749017979748 7683076.7511073491 -7682846.1805734951
12.314762919211461 7747661.2242403822 -7747430.1015902525
12.314776820443171 7812984.7140969597 -7812753.0363469124
12.314790721674884 7879057.9345510034 -7878825.6986922389
12.314804622906594 7945891.7877286198 -7945658.9907268928
12.314818524138307 8013497.3678979678 -8013264.0066932952
12.314832425370017 8081885.9654515609 -8081652.0369579224
12.31484632660173 8151069.0709835729 -8150834.5720886113
12.31486022783344 8221058.3794646654 -8220823.3070293795
12.314874129065153 8291865.7945169862 -8291630.1453754213
12.314888030296864 8363503.4327920321 -8363267.2037509633
12.314901931528576 8435983.6284542233 -8435746.8162928373
12.314915832760288 8509318.9377730675 -8509081.5392426383
12.314929733991999 8583522.1438268516 -8583284.1556504108
12.314943635223711 8658606.2613209561 -8658367.6801929567
12.314957536455422 8734584.5415239502 -8734345.3641099297
12.314971437687134 8811470.4773247559 -8811230.7002609912
12.314985338918845 8889277.8084141836 -8889037.4283073414
12.314999240150557 8968020.5265943408 -8967779.5400211234
12.315013141382268 9047712.8812194429 -9047471.2847262267
12.315027042613981 9128369.3847717904 -9128127.1748742592
12.315040943845691 9210004.8185766637 -9209761.9917594418
12.315054845077404 9292634.2386599984 -9292390.7913762704
12.315068746309116 9376272.981752906 -9376028.9104240332
12.315082647540827 9460936.6714473255 -9460691.9724624604
12.315096548772539 9546641.22450695 -9546395.8942226395
12.31511045000425 9633402.8573379312 -9633156.8920777142
12.315124351235962 9721238.0926239565 -9720991.488677958
12.315138252467673 9810163.7661304213 -9809916.5197549406
12.315152153699385 9900197.0336825363 -9899949.1410996262
12.315166054931096 9991355.3783224337 -9991106.8357194718
12.315179956162808 10083656.617650438 -10083407.421179695
12.315193857394519 10177118.911355915 -10176869.057134116
12.315207758626231 10271760.768943219 -10271510.253051095
12.315221659857942 10367601.05765841 -10367349.876140244
12.315235561089654 10464659.010622723 -10464407.159485888
12.315249462321367 10562954.235178851 -10562701.710393339
12.315263363553077 10662506.721456409 -10662253.518954359
12.31527726478479 10763336.85116297 -10763082.966838181
12.3152911660165 10865465.406607486 -10865210.836314924
12.315305067248213 10968913.579963084 -10968658.319518385
12.315318968479923 11073702.982776288 -11073447.027955247
12.315332869711636 11179855.655730225 -11179599.002268283
12.315346770943346 11287394.078669425 -11287136.722261138
12.315360672175059 11396341.180894215 -11396083.117192725
12.315374573406769 11506720.35173285 -11506461.576349344
12.315388474638482 11618555.451399811 -11618295.959902963
12.315402375870192 11731870.822149176 -11731610.610064592
12.315416277101905 11846691.299732141 -11846430.362541785
12.315430178333617 11963042.225167872 -11962780.558309494
12.315444079565328 12080949.456837643 -12080687.055704178
12.31545798079704 12200439.382912109 -12200176.242851086
12.315471882028751 12321538.934122328 -12321275.050435256
12.315485783260463 12444275.596885126 -12444010.964826878
12.315499684492174 12568677.426793966 -12568412.041572148
12.315513585723886 12694773.062486779 -12694506.919261083
12.315527486955597 12822591.739902819 -12822324.833784379
12.315541388187309 12952163.306940945 -12951895.63299167
12.31555528941902 13083518.238531837 -13083249.791763732
12.315569190650733 13216687.652137691 -13216418.427512174
12.315583091882445 13351703.323693063 -13351433.316120269
12.315596993114156 13488597.704000864 -13488326.908338927
12.315610894345868 13627403.935598431 -13627132.346652765
12.315624795577579 13768155.870108945 -13767883.482631506
12.315638696809291 13910888.086093871 -13910614.894782411
12.315652598041002 14055635.907422902 -14055361.906920202
12.315666499272714 14202435.422178335 -14202160.607071433
12.315680400504425 14351323.50211155 -14351047.866930945
12.315694301736137 14502337.822669849 -14502061.361888699
12.315708202967848 14655516.883612564 -14655239.591645874
12.31572210419956 14810900.030235978 -14810621.901439756
12.315736005431271 14968527.475227559 -14968248.503897972
12.315749906662983 15128440.321170669 -15128160.501543181
12.315763807894696 15290680.583721498 -15290399.909969982
12.315777709126406 15455291.215481125 -15455009.681716975
12.315791610358119 15622316.130586226 -15622033.730857441
12.315805511589829 15791800.230042893 -15791516.958333148
12.315819412821542 15963789.427829098 -15963505.278056791
12.315833314053252 16138330.677792324 -16138045.64380962
12.315847215284965 16315472.001369536 -16315186.076961381
12.315861116516675 16495262.516157972 -16494975.69504109
12.315875017748388 16677752.465366637 -16677464.741188511
12.315888918980098 16862993.248179033 -16862704.614516865
12.315902820211811 17051037.451058939 -17050747.901418589
12.315916721443521 17241938.880032837 -17241648.407847747
12.315930622675234 17435752.593982991 -17435461.192613076
12.315944523906946 17632534.938987475 -17632242.601718016
12.315958425138657 17832343.583744124 -17832050.303784613
12.315972326370369 18035237.556117084 -18034943.326600064
12.31598622760208 18241277.280846555 -18240982.094826426
12.316000128833792 18450524.61846368 -18450228.468915496
12.316014030065503 18663042.905454122 -18662745.785272345
12.316027931297215 18878896.995715547 -18878598.897712801
12.316041832528926 19098153.303356364 -19097854.220262136
12.316055733760638 19320879.846884713 -19320579.771344054
12.316069634992349 19547146.294839453 -19546845.219411634
12.316083536224061 19777024.012915775 -19776721.930072926
12.316097437455772 20010586.112641331 -20010283.014767051
12.316111338687485 20247907.50166053 -20247603.381048467
12.316125239919197 20489064.93568711 -20488759.784539517
12.316139141150908 20734137.072187606 -20733830.882613856
12.31615304238262 20983204.525861587 -20982897.289876673
12.316166943614331 21236349.925986327 -21236041.635509316
12.316180844846043 21493657.975696903 -21493348.622549374
12.316194746077754 21755215.513276033 -21754905.089180466
12.316208647309466 22021111.575530402 -22020800.072108548
12.316222548541177 22291437.463334624 -22291124.872105829
12.316236449772889 22566286.809425961 -22565973.121805459
12.3162503510046 22845755.648538452 -22845440.855835628
12.316264252236312 23129942.489967205 -23129626.583383814
12.316278153468025 23418948.39265836 -23418631.363286708
12.316292054699735 23712877.042924218 -23712558.881745309
12.316305955931448 24011834.834888324 -24011515.532769959
12.316319857163158 24315930.953767911 -24315610.501462758
12.316333758394871 24625277.462108534 -24624955.850252148
12.316347659626581 24939989.389088273 -24939666.608197067
12.316361560858294 25260184.823015917 -25259860.863485102
12.316375462090004 25585985.007152986 -25585659.859254457
12.316389363321717 25917514.438993972 -25917188.092874147
12.316403264553427 26254900.973147493 -26254573.418825112
12.31641716578514 26598275.927965235 -26597947.155329101
12.31643106701685 26947774.196073845 -26947444.194880515
12.316444968248563 27303534.358972136 -27303203.118843574
12.316458869480275 27665698.805862144 -27665366.316283293
12.316472770711986 28034413.856892422 -28034080.107208751
12.316486671943698 28409829.890998989 -28409494.870413959
12.316500573175409 28792101.478537977 -28791765.176110473
12.316514474407121 29181387.518913526 -29181049.923555203
12.316528375638832 29577851.383414801 -29577512.483887393
12.316542276870544 29981661.063485559 -29981320.848398108
12.316556178102255 30392989.32465972 -30392647.782465752
12.316570079333967 30812013.866409205 -30811670.985403828
12.316583980565678 31238917.488161668 -31238573.256478615
12.31659788179739 31673888.2617574 -31673542.667365991
12.316611783029101 32117119.710628774 -32116772.741330806
12.316625684260814 32568810.995999854 -32568462.639426425
12.316639585492526 33029167.110417571 -33028817.354025818
12.316653486724237 33498399.078942046 -33498047.910011813
12.316667387955949 33976724.168339275 -33976371.573969692
12.31668128918766 34464366.104637526 -34464012.071743503
12.316695190419372 34961555.299427442 -34961199.814736083
12.316709091651083 35468529.085303016 -35468172.135349937
12.316722992882795 35985531.960863568 -35985173.531989142
12.316736894114506 36512815.845714331 -36512455.924059816
12.316750795346218 37050640.345931634 -37050278.917435214
12.316764696577929 37599273.030478455 -37598910.08087118
12.316778597809641 38158989.719082281 -38158625.233883902
12.316792499041354 38730074.782115296 -38729708.746630013
12.316806400273064 39312821.453041814 -39312453.852353871
12.316820301504777 39907532.154034831 -39907162.973004043
12.316834202736487 40514518.83538913 -40514148.058646269
12.3168481039682 41134103.329392061 -41133730.941334128
12.31686200519991 41766617.719353274 -41766243.704138651
12.316875906431623 42412404.724529043 -42412029.066072509
12.316889807663333 43071818.101718076 -43071440.783685699
12.316903708895046 43745223.064347938 -43744844.070151821
12.316917610126756 44432996.719915554 -44432616.032708444
12.316931511358469 45135528.526696883 -45135146.129366651
12.316945412590179 45853220.77068378 -45852836.64584773
12.316959313821892 46586489.063767359 -46586103.193766378
12.316973215053604 47335762.864242986 -47335375.231135562
12.316987116285315 48101486.020771615 -48101096.606327668
12.317001017517027 48884117.340992287 -48883726.126686819
12.317014918748738 49684131.186058968 -49683738.153065577
12.31702881998045 50502018.092440836 -50501623.221624993
12.317042721212161 51338285.422406562 -51337888.694318749
12.317056622443873 52193458.044691414 -52193059.439560041
12.317070523675584 53068079.046936542 -53067678.544660658
12.317084424907296 53962710.481585592 -53962308.06172739
12.317098326139007 54877934.147026084 -54877529.788803212
12.317112227370719 55814352.405858681 -55813946.088136293
12.31712612860243 56772589.042298965 -56772180.743581571
12.317140029834142 57753290.160839744 -57752879.859262802
12.317153931065855 58757125.128422342 -58756712.801743604
12.317167832297566 59784787.562514946 -59784373.188105546
12.317181733529278 60836996.367633522 -60836579.922468811
12.317195634760989 61914496.822999083 -61914078.283649169
12.317209535992701 63018061.724200182 -63017641.066820174
12.317223437224412 64148492.581907518 -64148069.782227501
12.317237338456124 65306620.880871847 -65306195.914186537
12.317251239687835 66493309.402651325 -66492882.243809402
12.317265140919547 67709453.615723893 -67709024.239116982
12.317279042151258 68955983.136897966 -68955551.516449332
12.31729294338297 70233863.268162176 -70233429.37731497
12.317306844614681 71544096.61339882 -71543660.425104037
12.317320745846393 72887724.779684648 -72887286.266388655
12.317334647078106 74265830.168191731 -74265389.301823422
12.317348548309816 75679537.860047653 -75679094.612005144
12.317362449541529 77130017.602891877 -77129571.94402881
12.317376350773239 78618485.904222474 -78618037.804833859
12.317390252004952 80146208.238053486 -80145757.66786103
12.317404153236662 81714501.371862739 -81714048.299999788
12.317418054468375 83324735.821265161 -83324280.216261029
12.317431955700085 84978338.440387756 -84977880.270151585
12.317445856931798 86676795.156468213 -86676334.388272285
12.317459758163508 88421653.857789382 -88421190.458251804
12.317473659395221 90214527.444749475 -90214061.379816338
12.317487560626933 92057097.054513872 -92056628.289440766
12.317501461858644 93951115.470473096 -93950643.969805926
12.317515363090356 95898410.728561372 -95897936.456116587
12.317529264322067 97900889.933339998 -97900412.852184057
12.317543165553779 99960543.297720492 -99960063.370148584
12.31755706678549 102079448.4212295 -102078965.60874355
12.317570968017202 104259774.82282141 -104259289.08610725
12.317584869248913 106503788.745452 -106503300.04435574
12.317598770480625 108813858.25094219 -108813366.5444456
12.317612671712336 111192458.62509163 -111191963.87128679
12.317626572944048 113642178.11450852 -113641680.27057141
12.317640474175759 116165724.01829015 -116165223.0404532
12.317654375407471 118765929.15953396 -118765425.00305767
12.317668276639184 121445758.76361661 -121445251.38276
12.317682177870894 124208317.77230412 -124207807.12029408
12.317696079102607 127056858.62512025 -127056344.65411964
12.317709980334318 129994789.54193848 -129994272.20301306
12.31772388156603 133025683.34347621 -133025162.58656015
12.317737782797741 136153286.84947583 -136152762.62333596
12.317751684029453 139381530.8976292 -139381003.14982772
12.317765585261164 142714541.02986339 -142714009.7067191
12.317779486492876 146156648.89660218 -146156113.94315019
12.317793387724587 149712404.43383825 -149711865.79378787
12.317807288956299 153386588.87270108 -153386046.48839211
12.31782119018801 157184228.6462256 -157183682.45858273
12.317835091419722 161110610.26378575 -161110060.21227092
12.317848992651435 165171296.22984967 -165170742.25241253
12.317862893883145 169372142.09052613 -169371584.12355235
12.317876795114858 173719314.69882968 -173718752.67708686
12.317890696346568 178219311.79793489 -178218745.65451628
12.317904597578281 182878983.03070703 -182878412.69697267
12.317918498809991 187705552.49370012 -187704977.89921525
12.317932400041704 192706642.96508601 -192706064.03755689
12.317946301273414 197890301.94793376 -197889718.61314034
12.317960202505127 203265029.68385985 -203264441.86558557
12.317974103736837 208839809.30674461 -208839216.92670268
12.31798800496855 214624139.32286417 -214623542.30062059
12.318001906200262 220628068.62207592 -220627466.87496865
12.318015807431973 226862234.24466342 -226861627.68771794
12.318029708663685 233337902.15100393 -233337290.69684446
12.318043609895396 240067011.26635307 -240066394.8251096
12.318057511127108 247062221.10041732 -247061599.5796279
12.318071412358819 254336963.27276471 -254336336.57727301
12.318085313590531 261905497.30921105 -261904865.34105864
12.318099214822242 269782971.1128965 -269782333.77120972
12.318113116053954 277985486.55657387 -277984843.73744482
12.318127017285665 286530170.6909501 -286529522.28731138
12.318140918517377 295435253.11759013 -295434599.01908308
12.318154819749088 304720150.13513863 -304719490.22797447
12.3181687209808 314405556.33530396 -314404890.50211751
12.318182622212513 324513544.40153056 -324512872.52122587
12.318196523444223 335067673.9485122 -335066995.89609981
12.318210424675936 346093110.33769488 -346092425.98412001
12.318224325907646 357616754.51184607 -357616063.72380704
12.318238227139359 369667385.01618779 -369666687.65594393
12.31825212837107 382275813.51241595 -382275109.43758476
12.318266029602782 395475055.24935299 -395474344.31269526
12.318279930834493 409300516.13282502 -409299798.18201715
12.318293832066205 423790198.24174428 -423789473.11913699
12.318307733297916 438984925.8696264 -438984193.41198897
12.318321634529628 454928594.43256521 -454927854.47081375
12.318335535761339 471668444.88869458 -471667697.24760348
12.318349436993051 489255366.65842843 -489254611.15632367
12.318363338224763 507744232.42953616 -507743468.87796891
12.318377239456474 527194268.68504167 -527193496.88844097
12.318391140688187 547669466.3136189 -547668686.06892109
12.318405041919897 569239036.26352787 -569238247.35978174
12.31841894315161 591977915.89464426 -591977118.11258948
12.31843284438332 615967332.48248708 -615966525.59410357
12.318446745615033 641295431.26060939 -641294615.02863562
12.318460646846743 668057976.46357429 -668057150.64099133
12.318474548078456 696359135.0890702 -696358299.41854894
12.318488449310166 726312354.56012332 -726311508.77343202
12.318502350541879 758041347.17410338 -758040490.99147069
12.318516251773589 791681196.22983694 -791680329.35926795
12.318530153005302 827379601.07669199 -827378723.2132318
12.318544054237014 865298281.08751297 -865297391.91245329
12.318557955468725 905614561.8239851 -905613661.00400901
12.318571856700437 948523170.51687479 -948522257.70313263
12.318585757932148 994238272.55802774 -994237347.38513827
12.31859965916386 1042995786.1444848 -1042994848.2294534
12.318613560395571 1095056018.6960702 -1095055067.6371169
12.318627461627283 1150706676.4268641 -1150705711.8021502
12.318641362858994 1210266307.7565 -1210265329.1227448
12.318655264090706 1274088252.4357965 -1274087259.3267705
12.318669165322417 1342565181.7985733 -1342564173.7234554
12.318683066554129 1416134331.9024513 -1416133308.3440351
12.318696967785842 1495283551.2307708 -1495282511.6435015
12.318710869017552 1580558308.9080863 -1580557252.71591
12.318724770249265 1672569839.0971406 -1672568765.6911428
12.318738671480975 1772004633.8021894 -1772003542.5379989
12.318752572712688 1879635541.3884096 -1879634431.5833364
12.318766473944398 1996334783.9932733 -1996333654.9231489
12.318780375176111 2123089276.6078081 -2123088127.5034897
12.318794276407822 2261018717.5846887 -2261017547.6281824
12.318808177639534 2411397029.6550841 -2411395837.9752369
12.318822078871245 2575677868.4058461 -2575676654.0735445
12.318835980102957 2755525090.4987893 -2755523852.5215998
12.318849881334668 2952849297.3008628 -2952848034.6170287
12.31886378256638 3169851856.2938137 -3169850567.7655149
12.318877683798092 3409078173.0420799 -3409076857.447844
12.318891585029803 3673482467.1516414 -3673481123.1777716
12.318905486261515 3966506934.5123501 -3966505560.7432132
12.318919387493226 4292179005.7713099 -4292177600.6782951
12.318933288724939 4655231508.19491 -4655230070.1238337
12.318947189956649 5061252004.6400471 -5061250531.796731
12.318961091188362 5516869557.64715 -5516868048.0808372
12.318974992420072 6029989850.2259216 -6029988301.8101387
12.318988893651785 6610093270.8552656 -6610091681.265624
12.319002794883495 7268615658.2121706 -7268614024.9005117
12.319016696115208 8019438514.0051394 -8019436834.1692533
12.319030597346918 8879525543.4669704 -8879523814.0149536
12.319044498578631 9869756749.6741314 -9869754967.1821804
12.319058399810343 11016032102.562653 -11016030263.224785
12.319072301042054 12350747296.315273 -12350745395.883028
12.319086202273766 13914789470.312616 -13914787504.022213
12.319100103505477 15760269286.843189 -15760267249.326853
12.319114004737189 17954310991.606186 -17954308876.783291
12.3191279059689 20584386620.27462 -20584384421.216805
