# serie phase 2 p5_w2.27_c1.20_dt2_k4 : t x1 x2 (dt2=1.1198441119223875e-05, depart t=11.304 etat bascule x1 x2 v1 v2 = 3380.5195169486028 -3269.1444697289708 68802.470304514514 -67879.346661519274)
11.459658331557213 512926492.51941979 -512913159.72466904
11.459669529998331 517289212.91572028 -517275834.87471199
11.459680728439452 521700296.07383525 -521686872.51717442
11.45969192688057 526160403.53709823 -526146934.19309264
11.45970312532169 530670207.62227267 -530656692.21690726
11.459714323762809 535230391.62322658 -535216829.88013762
11.459725522203929 539841650.01899469 -539828041.6594435
11.459736720645047 544504688.68633294 -544491033.42917943
11.459747919086167 549220225.11687374 -549206522.67854917
11.459759117527286 553988988.63899708 -553975238.73347712
11.459770315968406 558811720.64453053 -558797922.983307
11.459781514409524 563689174.82039392 -563675329.11244726
11.459792712850644 568622117.38531435 -568608223.33708465
11.459803911291763 573611327.33173132 -573597384.64708972
11.459815109732881 578657596.67302477 -578643605.05324399
11.459826308174001 583761730.6961925 -583747689.8399173
11.45983750661512 588924548.2201153 -588910457.82333207
11.45984870505624 594146881.85954869 -594132741.61555517
11.459859903497359 599429578.29498172 -599415387.89435577
11.459871101938479 604773498.5485096 -604759257.6790781
11.459882300379597 610179518.26587141 -610165226.61267793
11.459893498820717 615648528.00480807 -615634185.2500807
11.459904697261836 621181433.52990198 -621167039.35302067
11.459915895702956 626779156.11405623 -626764710.1915195
11.459927094144074 632442632.84678149 -632428134.85217249
11.459938292585193 638172816.94946933 -638158266.55342174
11.459949491026313 643970678.097826 -643956074.96798921
11.459960689467431 649837202.7516489 -649822546.55265284
11.459971887908551 655773394.49213409 -655758684.88555348
11.45998308634967 661780274.36691022 -661765511.01122808
11.45999428479079 667858881.24299181 -667844063.79356277
11.460005483231908 674010272.16786528 -673995400.27687848
11.460016681673029 680235522.73890769 -680220596.0553484
11.460027880114147 686535727.4813602 -686520745.65097177
11.460039078555267 692912000.23507988 -692896962.90032446
11.460050276996386 699365474.55029476 -699350381.35031366
11.460061475437506 705897304.09260118 -705882154.66317499
11.460072673878624 712508663.0574404 -712493457.0309478
11.460083872319743 719200746.59431112 -719185483.59968758
11.460095070760863 725974771.24097037 -725959450.90366626
11.460106269201981 732831975.36788726 -732816597.30982506
11.460117467643101 739773619.63321948 -739758183.47275031
11.46012866608422 746800987.44859898 -746785492.80045891
11.46013986452534 753915385.45600879 -753899831.93127394
11.460151062966458 761118144.01604855 -761102531.22209001
11.460162261407579 768410617.70789814 -768394945.24833572
11.460173459848697 775794185.84128964 -775778453.31594539
11.460184658289817 783270252.98081458 -783254459.98566496
11.460195856730936 790840249.4829005 -790824395.61002862
11.460207055172054 798505632.04579711 -798489716.88334358
11.460218253613174 806267884.27293062 -806251907.40504408
11.460229452054293 814128517.24998581 -814112478.25677216
11.460240650495413 822089070.13609684 -822072968.59356821
11.460251848936531 830151110.7695359 -830134946.24955857
11.460263047377651 838316236.28829038 -838300008.35853207
11.46027424581877 846586073.76594436 -846569781.98982024
11.46028544425989 854962280.86329198 -854945924.79991031
11.460296642701008 863446546.49611688 -863430125.70022368
11.460307841142129 872040591.51958728 -872024105.54150999
11.460319039583247 880746169.42973006 -880729617.81532025
11.460330238024367 889565067.08246577 -889548449.37304127
11.460341436465486 898499105.43069649 -898482421.16298223
11.460352634906604 907550140.27995718 -907533388.98602521
11.460363833347724 916720063.06315649 -916703244.27036512
11.460375031788843 926010801.63494456 -925993914.86587632
11.460386230229963 935424321.08627129 -935407365.85867023
11.460397428671081 944962624.57970583 -944945600.40641344
11.460408627112201 954627754.2061193 -954610660.59500945
11.46041982555332 964421791.86333847 -964404628.31725156
11.46043102399444 974346860.15740418 -974329626.17407978
11.460442222435558 984405123.32709205 -984387818.39910078
11.460453420876679 994598788.19236565 -994581411.80703974
11.460464619317797 1004930105.1274618 -1004912656.7668246
11.460475817758915 1015401369.0593239 -1015383848.2000184
11.460487016200036 1026014920.4921216 -1025997326.6053371
11.460498214641154 1036773146.5586302 -1036755479.1100286
11.460509413082274 1047678482.0992613 -1047660740.5489016
11.460520611523393 1058733410.7695519 -1058715594.5718136
11.460531809964513 1069940466.1769602 -1069922574.7804655
11.460543008405631 1081302233.0478473 -1081284265.8953815
11.460554206846751 1092821348.4255331 -1092803304.9539645
11.46056540528787 1104500502.9003687 -1104482382.5405664
11.46057660372899 1116342441.8727667 -1116324244.0495174
11.460587802170108 1128349966.850208 -1128331690.9821305
11.460599000611229 1140525936.7792389 -1140507582.2786992
11.460610199052347 1152873269.4135118 -1152854835.6865342
11.460621397493465 1165394942.7189689 -1165376429.1651475
11.460632595934586 1178093996.3173072 -1178075402.329715
11.460643794375704 1190973532.9688997 -1190954857.9339955
11.460654992816824 1204036720.0963852 -1204017963.3939202
11.460666191257943 1217286791.3501737 -1217267952.3530958
11.460677389699063 1230727048.2171562 -1230708126.2915127
11.460688588140181 1244360861.6739705 -1244341856.1788092
11.460699786581301 1258191673.8862019 -1258172584.17347
11.46071098502242 1272222999.954962 -1272203825.3694034
11.46072218346354 1286458429.712332 -1286439169.591383
11.460733381904658 1300901629.5671937 -1300882283.2408769
11.460744580345777 1315556344.4030447 -1315536911.1938608
11.460755778786897 1330426399.5294342 -1330406878.7522514
11.460766977228015 1345515702.6887422 -1345496093.6506844
11.460778175669136 1360828246.1200557 -1360808548.1203885
11.460789374110254 1376368108.6819503 -1376348321.0119646
11.460800572551374 1392139458.0360868 -1392119579.9789796
11.460811770992493 1408146552.8935881 -1408126583.7243431
11.460822969433613 1424393745.3262064 -1424373684.3114707
11.460834167874731 1440885483.1443892 -1440865329.5423484
11.460845366315851 1457626312.3444118 -1457606065.4046626
11.46085656475697 1474620879.6268375 -1474600538.5902576
11.46086776319809 1491873934.9886525 -1491853499.0872693
11.460878961639208 1509390334.3914757 -1509369802.8483307
11.460890160080327 1527175042.5083749 -1527154414.5373871
11.460901358521447 1545233135.5518887 -1545212410.3577149
11.460912556962565 1563569804.1859236 -1563548980.9638157
11.460923755403686 1582190356.5243623 -1582169434.4600224
11.460934953844804 1601100221.2192683 -1601079199.4887009
11.460946152285924 1620304950.6416903 -1620283828.4110515
11.460957350727043 1639810224.158185 -1639789000.5836294
11.460968549168163 1659621851.5063155 -1659600525.7338386
11.460979747609281 1679745776.2724776 -1679724347.4377575
11.460990946050401 1700188079.4755285 -1700166546.7037623
11.46100214449152 1720954983.2598414 -1720933345.6655798
11.461013342932638 1742052854.7015631 -1742031111.3885412
11.461024541373758 1763488209.7319624 -1763466359.792928
11.461035739814877 1785267717.1818707 -1785245759.6984072
11.461046938255997 1807398202.9514952 -1807376136.9938436
11.461058136697115 1829886654.3099508 -1829864478.9368262
11.461069335138236 1852740224.3290071 -1852717938.5874126
11.461080533579354 1875966236.4557962 -1875943839.3808327
11.461091732020474 1899572189.2293742 -1899549679.8440461
11.461102930461593 1923565761.1462147 -1923543138.4612327
11.461114128902713 1947954815.6799352 -1947932078.6935136
11.461125327343831 1972747406.4607284 -1972724554.1583798
11.461136525784951 1997951782.6202478 -1997928813.9745727
11.46114772422607 2023576394.3078511 -2023553308.2783229
11.461158922667188 2049629898.3844097 -2049606693.9171569
11.461170121108308 2076121164.3000851 -2076097840.3276672
11.461181319549427 2103059280.1627777 -2103035835.6039574
11.461192517990547 2130453559.0041831 -2130429992.7636933
11.461203716431665 2158313545.2507133 -2158289856.2190204
11.461214914872786 2186649021.406796 -2186625208.4598556
11.461226113313904 2215470014.9583735 -2215446076.9573846
11.461237311755024 2244786805.5048347 -2244762741.2959862
11.461248510196143 2274609932.1277685 -2274585740.5419807
11.461259708637263 2304950201.0054297 -2304925880.8580909
11.461270907078381 2335818693.2822075 -2335794243.3729043
11.4612821055195 2367226773.2025824 -2367202192.3148251
11.46129330396062 2399186096.5196123 -2399161383.4205537
11.461304502401738 2431708619.1884055 -2431683772.6285534
11.461315700842858 2464806606.3553963 -2464781625.0683208
11.461326899283977 2498492641.6547027 -2498467524.3567357
11.461338097725097 2532779636.8235126 -2532754382.2134428
11.461349296166215 2567680841.6486297 -2567655448.4073887
11.461360494607336 2603209854.2571268 -2603184321.0474687
11.461371693048454 2639380631.7644553 -2639354957.2306304
11.461382891489574 2676207501.2940512 -2676181684.0614724
11.461394089930693 2713705171.3828087 -2713679210.0577087
11.461405288371813 2751888743.7878075 -2751862636.9568896
11.461416486812931 2790773725.7101808 -2790747471.9402623
11.46142768525405 2830376042.4525847 -2830349640.2902308
11.46143888369517 2870712050.5275922 -2870685498.4987431
11.461450082136288 2911798551.2351551 -2911771847.8447437
11.461461280577408 2953652804.7279181 -2953625948.4594789
11.461472479018527 2996292544.5842023 -2996265533.8994713
11.461483677459647 3039735992.909225 -3039708826.2477317
11.461494875900765 3084001875.9860425 -3083974551.7646899
11.461506074341886 3129109440.4987988 -3129081957.1114359
11.461517272783004 3175078470.3518577 -3175050826.1688414
11.461528471224124 3221929304.1092658 -3221901497.4770112
11.461539669665243 3269682853.0804214 -3269654882.3209434
11.461550868106361 3318360620.0789366 -3318332483.4893794
11.461562066547481 3367984718.8828192 -3367956414.7349749
11.4615732649886 3418577894.4253535 -3418549420.9651699
11.46158446342972 3470163543.7477493 -3470134899.1948237
11.461595661870838 3522765737.7457528 -3522736920.2928171
11.461606860311958 3576409243.7441769 -3576380251.5565662
11.461618058753077 3631119548.9346948 -3631090380.1498065
11.461629257194197 3686922884.71418 -3686893537.4409175
11.461640455635315 3743846251.9623957 -3743816724.2805991
11.461651654076435 3801917447.2998834 -3801887737.2597466
11.461662852517554 3861165090.3688421 -3861135195.990314
11.461674050958674 3921618652.1818328 -3921588571.4540062
11.461685249399792 3983308484.5852637 -3983278215.4657459
11.461696447840911 4046265850.8870339 -4046235391.3013034
11.461707646282031 4110522957.7003031 -4110492305.541049
11.46171884472315 4176112988.0573845 -4176082141.1838298
11.46173004316427 4243070135.850945 -4243039092.0881529
11.461741241605388 4311429641.6623878 -4311398398.8005486
11.461752440046508 4381227830.0403147 -4381196385.8340158
11.461763638487627 4452502148.2951059 -4452470500.4625835
11.461774836928747 4525291206.8789186 -4525259353.1012878
11.461786035369865 4599634821.4241352 -4599602759.3446007
11.461797233810985 4675574056.5169697 -4675541783.7400169
11.461808432252104 4753151271.2867966 -4753118785.3773603
11.461819630693222 4832410166.8958635 -4832377465.3784761
11.461830829134342 4913395836.0185947 -4913362916.3765087
11.461842027575461 4996154814.4042683 -4996121674.0785561
11.461853226016581 5080735134.622386 -5080701771.0110188
11.461864424457699 5167186382.0940123 -5167152792.5509109
11.46187562289882 5255559753.5184917 -5255525935.3525505
11.461886821339938 5345908117.8114328 -5345874068.2855196
11.461898019781058 5438286079.675374 -5438251796.0053024
11.461909218222177 5532750045.9305573 -5532715525.2840271
11.461920416663297 5629358294.7415514 -5629323534.2370653
11.461931615104415 5728171047.8814392 -5728136044.587184
11.461942813545535 5829250546.1838331 -5829215297.1165304
11.461954011986654 5932661128.341301 -5932625630.4650297
11.461965210427772 6038469313.2170162 -6038433563.4419966
11.461976408868892 6146743885.8461056 -6146707881.0274496
11.461987607310011 6257555987.3129311 -6257519724.249361
11.461998805751131 6370979208.7009993 -6370942684.133522
11.462010004192249 6487089689.3232594 -6487052899.9338102
11.46202120263337 6605966219.4527798 -6605929161.8628197
11.462032401074488 6727690347.7852945 -6727653018.5543709
11.462043599515608 6852346493.8800735 -6852308889.5043373
11.462054797956727 6980022065.8377705 -6979984182.7484493
11.462065996397847 7110807583.4905643 -7110769418.0523891
11.462077194838965 7244796807.3952837 -7244758355.9048681
11.462088393280084 7382086873.9378624 -7382048132.622036
11.462099591721204 7522778436.8745852 -7522739401.8886728
11.462110790162322 7666975815.6559353 -7666936483.0819864
11.462121988603442 7814787150.8988848 -7814747516.7438469
11.462133187044561 7966324567.3959808 -7966284627.589818
11.462144385485681 8121704345.0727949 -8121664095.4665461
11.462155583926799 8281047098.3303833 -8281006534.6941605
11.46216678236792 8444477964.2361021 -8444437082.2570286
11.462177980809038 8612126800.0545368 -8612085595.3346157
11.462189179250158 8784128390.6405048 -8784086858.6944237
11.462200377691277 8960622666.2495575 -8960580802.5024185
11.462211576132397 9141754931.3558311 -9141712731.1408176
11.462222774573515 9327676105.1025085 -9327633563.6584606
11.462233973014634 9518542974.0527 -9518500086.5216255
11.462245171455754 9714518457.950201 -9714475219.3746967
11.462256369896872 9915771889.2439365 -9915728294.5645313
11.462267568337992 10122479307.179695 -10122435351.2321
11.462278766779111 10334823767.31262 -10334779444.824884
11.462289965220231 10552995667.355709 -10552950972.945286
11.462301163661349 10777193090.334581 -10777148018.505293
11.46231236210247 11007622166.083916 -11007576711.222815
11.462323560543588 11244497452.1905 -11244451608.564625
11.462334758984708 11488042335.562387 -11487996097.315401
11.462345957425827 11738489455.884737 -11738442817.033459
11.462357155866945 11996081152.304779 -11996034106.735586
11.462368354308065 12261069934.782921 -12261022476.248026
11.462379552749184 12533718981.647646 -12533671103.761246
11.462390751190304 12814302664.995722 -12814254361.230007
11.462401949631422 13103107105.694353 -13103058369.375378
11.462413148072542 13400430759.864197 -13400381584.167593
11.462424346513661 13706585038.859022 -13706535416.805565
11.462435544954781 14021894964.901974 -14021844889.35298
11.462446743395899 14346699864.686504 -14346649328.339064
11.46245794183702 14681354103.423737 -14681303098.805767
11.462469140278138 15026227861.996277 -15026176381.461397
11.462480338719258 15381707960.071339 -15381655995.793541
11.462491537160377 15748198728.243525 -15748146272.211653
11.462502735601495 16126122932.497139 -16126069976.509151
11.462513934042615 16515922754.533379 -16515869290.190393
11.462525132483734 16918060831.767782 -16918006850.467892
11.462536330924854 17333021361.096371 -17332966854.028214
11.462547529365972 17761311270.843018 -17761256228.979107
11.462558727807092 18203461465.635876 -18203405879.725647
11.462569926248211 18660028149.339733 -18659972009.902332
11.462581124689331 19131594231.566048 -19131537528.882812
11.462592323130449 19618770823.718178 -19618713547.824829
11.46260352157157 20122198831.008003 -20122140971.686523
11.462614720012688 20642550647.381142 -20642492194.151299
11.462625918453806 21180531960.872753 -21180472902.983284
11.462637116894927 21736883677.514072 -21736824003.93351
11.462648315336045 22312383972.570179 -22312323671.977276
11.462659513777165 22907850478.621941 -22907789539.395699
11.462670712218284 23524142620.810997 -23524081031.02026
11.462681910659404 24162164110.418377 -24162101857.810993
11.462693109100522 24822865608.894073 -24822802680.885571
11.462704307541642 25507247575.497143 -25507183959.158916
11.462715505982761 26216363312.835342 -26216298994.88232
11.462726704423881 26951322225.84692 -26951257192.62468
11.462737902864999 27713293311.106777 -27713227548.578075
11.46274910130612 28503508894.86187 -28503442388.592587
11.462760299747238 29323268639.80685 -29323201374.951267
11.462771498188356 30173943842.427887 -30173875803.713303
11.462782696629477 31056982044.728416 -31056913216.439041
11.462793895070595 31973911986.332714 -31973842352.292809
11.462805093511715 32926348925.339386 -32926278468.895607
11.462816291952834 33916000358.965324 -33915929062.968231
11.462827490393954 34944672177.922859 -34944600024.707527
11.462838688835072 36014275291.702286 -36014202263.067993
11.462849887276192 37126832765.477531 -37126758842.666405
11.462861085717311 38284487513.317451 -38284412676.992126
11.462872284158431 39489510596.73085 -39489434826.950966
11.462883482599549 40744310182.35807 -40744233458.55558
11.462894681040668 42051441218.048264 -42051363519.001526
11.462905879481788 43413615892.471329 -43413537196.277832
11.462917077922906 44833714950.013969 -44833635234.061661
11.462928276364027 46314799940.073578 -46314719181.010704
11.462939474805145 47860126488.000198 -47860044661.703522
11.462950673246265 49473158684.099922 -49473075765.641251
11.462961871687384 51157584697.340973 -51157500660.951904
11.462973070128504 52917333731.621597 -52917248550.656311
11.462984268569622 54756594455.276436 -54756508102.172478
11.462995467010742 56679835048.690392 -56679747494.927223
11.463006665451861 58691825030.820839 -58691736246.876106
11.463017863892981 60797659043.368225 -60797568998.671516
11.463029062334099 63002782791.323105 -63002691454.207069
11.463040260775218 65313021361.240105 -65312928698.888725
11.463051459216338 67734610164.122467 -67734516142.516296
11.463062657657456 70274228778.350082 -70274133362.208237
11.463073856098577 72939038000.576294 -72938941153.294937
11.463085054539695 75736720449.105988 -75736622132.693161
11.463096252980815 78675525105.554916 -78675425280.561279
11.463107451421934 81764316227.635101 -81764214853.080414
11.463118649863054 85012627119.478073 -85012524152.773041
11.463129848304172 88430719305.986694 -88430614702.849899
11.463141046745292 92029647727.08609 -92029541441.455505
11.463152245186411 95821332646.087204 -95821224630.02597
11.463163443627529 99818639056.422531 -99818529260.018555
11.463174642068649 104035464473.53505 -104035352844.79385
11.463185840509768 108486836116.26747 -108486722600.99783
11.463197038950888 113189018616.9344 -113188903158.62614
11.463208237392006 118159633554.72069 -118159516094.414
11.463219435833127 123417792285.13708 -123417672761.28265
11.463230634274245 128984243744.43687 -128984122092.74608
11.463241832715365 134881539145.56926 -134881415298.85352
11.463253031156484 141134215757.8092 -141134089645.80759
11.463264229597604 147769002281.46515 -147768873830.65918
11.463275428038722 154815048700.40952 -154814917833.82416
11.463286626479842 162304183926.77524 -162304050563.7645
11.463297824920961 170271205056.97977 -170271069112.99585
11.463309023362079 178754202648.14148 -178754064034.48572
11.463320221803199 187794927114.7995 -187794785738.35358
11.463331420244318 197439202155.62753 -197439057918.56274
11.463342618685438 207737392078.67889 -207737244878.14169
11.463353817126556 218744931019.32162 -218744780747.0928
11.463365015567677 230522923378.44949 -230522769920.57455
11.463376214008795 243138826392.9213 -243138669629.30887
11.463387412449915 256667227629.19351 -256667067433.17877
11.463398610891034 271190732434.63873 -271190568672.50769
11.463409809332154 286800979064.0072 -286800811594.47815
11.463421007773272 303599802414.84424 -303599631088.50134
11.463432206214391 321700571169.40521 -321700395828.07898
11.463443404655511 341229727808.89032 -341229548284.979
11.463454603096629 362328566612.43372 -362328382728.15875
11.463465801537749 385155291602.22076 -385155103168.80859
11.463476999978868 409887404752.1604 -409887211568.94177
11.463488198419988 436724484981.67175 -436724286835.08838
11.463499396861106 465891430980.86639 -465891227643.37366
11.463510595302226 497642256338.86188 -497642047567.71423
11.463521793743345 532264544516.26208 -532264330052.16583
11.463532992184465 570084694880.31396 -570084474445.93018
11.463544190625583 611474120541.68152 -611473893839.95862
11.463555389066704 656856595685.20618 -656856362397.51892
11.463566587507822 706716996575.70251 -706716756359.76978
11.463577785948941 761611739185.05322 -761611491672.60278
11.463588984390061 822181291039.01294 -822181035833.15601
11.463600182831179 889165230151.68384 -889164966823.9552
11.463611381272299 963420446288.05579 -963420174375.06836
11.463622579713418 1045943237688.8406 -1045942956688.4927
11.463633778154538 1137896261464.3845 -1137895970831.5466
11.463644976595656 1240641563937.498 -1240641263079.0933
11.463656175036776 1355781269643.1472 -1355780957912.52
11.463667373477895 1485207974487.5903 -1485207651178.0396
11.463678571919015 1631167511047.2544 -1631167175384.5771
11.463689770360133 1796337590662.4927 -1796337241796.3557
11.463700968801252 1983926960386.822 -1983926597380.7339
11.463712167242372 2197801260904.4575 -2197800882724.0645
11.46372336568349 2442643905382.7754 -2442643510882.1372
11.463734564124611 2724163267807.1514 -2724162855712.5688
11.463745762565729 3049361641116.5996 -3049361210007.459
11.463756961006849 3426887349881.0259 -3426886898166.9795
11.463768159447968 3867499912747.7246 -3867499438641.3477
11.463779357889088 4384690521894.8203 -4384690023378.6401
11.463790556330206 4995518325913.9287 -4995517800700.3896
11.463801754771326 5721750207409.918 -5721749652892.4141
11.463812953212445 6591432979457.4033 -6591432392649.9072
11.463824151653565 7641090417304.6045 -7641089794766.5977
11.463835350094683 8918837037546.9453 -8918836375289.1953
11.463846548535802 10488859387164.617 -10488858680529.703
11.463857746976922 12437974479769.857 -12437973723278.994
