# serie phase 2 p5_w2.80_c1.05_dt2s4_k2 : t x1 x2 (dt2=2.0020023630842635e-06, depart t=34.439999999999998 etat bascule x1 x2 v1 v2 = 41332.156669609001 -40958.385400637082 2125179.8666461362 -2117454.0767802903)
34.501261272310373 927291540.73071873 -927270912.20063257
34.501263274312734 929239521.25495982 -929218875.40164959
34.501265276315102 931192825.00152028 -931172161.79951167
34.501267278317464 933151469.88537967 -933130789.30914497
34.501269280319825 935115473.89315939 -935094775.917117
34.501271282322186 937084855.08345449 -937064139.68196893
34.501273284324554 939059631.58716726 -939038898.73454928
34.501275286326916 941039821.60784316 -941019071.27834916
34.501277288329277 943025443.42200732 -943004675.58983958
34.501279290331638 945016515.37950408 -944995730.01881039
34.501281292334006 947013055.90383768 -946992252.98871112
34.501283294336368 949015083.49251461 -948994262.99699366
34.501285296338729 951022616.71738827 -951001778.61545658
34.50128729834109 953035674.22500515 -953014818.49059129
34.501289300343458 955054274.73695266 -955033401.34393001
34.50129130234582 957078437.05020928 -957057545.97239578
34.501293304348181 959108180.03749621 -959087271.24865437
34.501295306350542 961143522.64763117 -961122596.12146783
34.50129730835291 963184483.90588355 -963163539.61604989
34.501299310355272 965231082.91433227 -965210120.8344233
34.501301312357633 967283338.85222447 -967262358.95577931
34.501303314360001 969341270.97633731 -969320273.2368387
34.501305316362362 971404898.62134075 -971383883.0122149
34.501307318364724 973474241.20016253 -973453207.69477928
34.501309320367085 975549318.2043556 -975528266.77602792
34.501311322369453 977630149.20446658 -977609079.82645071
34.501313324371814 979716753.850407 -979695666.49590206
34.501315326374176 981809151.87182617 -981788046.51397395
34.501317328376537 983907363.07848573 -983886239.69037092
34.501319330378905 986011407.36063719 -985990265.91528678
34.501321332381266 988121304.6894002 -988100145.15978348
34.501323334383628 990237075.11714399 -990215897.47617245
34.501325336385989 992358738.77787006 -992337542.99839711
34.501327338388357 994486315.88759744 -994465101.94241846
34.501329340390718 996619826.74474967 -996598594.60660172
34.50133134239308 998759291.73054397 -998738041.3721056
34.501333344395441 1000904731.3093826 -1000883462.7032735
34.501335346397809 1003056166.0292459 -1003034879.1480273
34.50133734840017 1005213616.5220883 -1005192311.3382622
34.501339350402532 1007377103.5042356 -1007355779.990245
34.501341352404893 1009546647.776785 -1009525305.9050133
34.501343354407261 1011722270.2260067 -1011700909.9687781
34.501345356409622 1013903991.8237482 -1013882613.1533272
34.501347358411984 1016091833.6278405 -1016070436.5164318
34.501349360414352 1018285816.7825066 -1018264401.2022548
34.501351362416713 1020485962.5187719 -1020464528.4417616
34.501353364419074 1022692292.1548775 -1022670839.5531329
34.501355366421436 1024904827.0966951 -1024883355.9421799
34.501357368423804 1027123588.8381443 -1027102099.1027617
34.501359370426165 1029348598.9616125 -1029327090.6172047
34.501361372428526 1031579879.1383761 -1031558352.1567245
34.501363374430888 1033817451.1290257 -1033795905.4818501
34.501365376433256 1036061336.7838917 -1036039772.4428511
34.501367378435617 1038311558.0434735 -1038289974.980165
34.501369380437978 1040568136.9388707 -1040546535.1248299
34.50137138244034 1042831095.5922164 -1042809474.998917
34.501373384442708 1045100456.217113 -1045078816.8159666
34.501375386445069 1047376241.1190706 -1047354582.8814267
34.50137738844743 1049658472.6959476 -1049636795.5930932
34.501379390449792 1051947173.4383934 -1051925477.4415529
34.50138139245216 1054242365.9302939 -1054220651.0106291
34.501383394454521 1056544072.8492198 -1056522338.9778295
34.501385396456882 1058852316.9668761 -1058830564.114796
34.501387398459251 1061167121.1495557 -1061145349.2877582
34.501389400461612 1063488508.3585937 -1063466717.4579879
34.501391402463973 1065816501.650826 -1065794691.6822572
34.501393404466334 1068151124.1790488 -1068129295.1132985
34.501395406468703 1070492399.1924819 -1070470551.0002676
34.501397408471064 1072840350.0372335 -1072818482.6892085
34.501399410473425 1075195000.1567686 -1075173113.6235218
34.501401412475786 1077556373.0923789 -1077534467.3444347
34.501403414478155 1079924492.4836559 -1079902567.4914742
34.501405416480516 1082299382.0689671 -1082277437.8029425
34.501407418482877 1084681065.6859331 -1084659102.1163952
34.501409420485238 1087069567.2719092 -1087047584.3691225
34.501411422487607 1089464910.8644686 -1089442908.5986319
34.501413424489968 1091867120.6018887 -1091845098.943135
34.501415426492329 1094276220.7236397 -1094254179.6420367
34.50141742849469 1096692235.5708771 -1096670175.0364256
34.501419430497059 1099115189.5869341 -1099093109.5695696
34.50142143249942 1101545107.3178203 -1101523007.7874115
34.501423434501781 1103982013.4127207 -1103959894.3390694
34.501425436504142 1106425932.6244977 -1106403793.977339
34.501427438506511 1108876889.8101976 -1108854731.5592
34.501429440508872 1111334909.9315579 -1111312732.0463223
34.501431442511233 1113800018.0555179 -1113777820.505578
34.501433444513602 1116272239.3547332 -1116250022.109555
34.501435446515963 1118751599.1080918 -1118729362.1370738
34.501437448518324 1121238122.7012339 -1121215865.973706
34.501439450520685 1123731835.6270733 -1123709559.112298
34.501441452523053 1126232763.4863241 -1126210467.1534951
34.501443454525415 1128740931.9880276 -1128718615.8062701
34.501445456527776 1131256366.9500842 -1131234030.8884547
34.501447458530137 1133779094.2997873 -1133756738.3272731
34.501449460532505 1136309140.0743601 -1136286764.1598797
34.501451462534867 1138846530.4214959 -1138824134.5338984
34.501453464537228 1141391291.5999012 -1141368875.7079659
34.501455466539589 1143943449.9798412 -1143921014.0522778
34.501457468541957 1146503032.0436897 -1146480576.0491378
34.501459470544319 1149070064.3864813 -1149047588.2935104
34.50146147254668 1151644573.716466 -1151622077.4935753
34.501463474549041 1154226586.8556685 -1154204070.4712865
34.501465476551409 1156816130.7404494 -1156793594.1629341
34.501467478553771 1159413232.4220703 -1159390675.6197081
34.501469480556132 1162017919.0672605 -1161995342.0082674
34.5014714825585 1164630217.9587898 -1164607620.6113098
34.501473484560861 1167250156.4960413 -1167227538.8281469
34.501475486563223 1169877762.1955895 -1169855124.1752815
34.501477488565584 1172513062.6917815 -1172490404.2869887
34.501479490567952 1175156085.7373207 -1175133406.9158995
34.501481492570313 1177806859.2038536 -1177784159.933588
34.501483494572675 1180465411.0825615 -1180442691.3311629
34.501485496575036 1183131769.4847536 -1183109029.2198606
34.501487498577404 1185805962.6424651 -1185783201.8316429
34.501489500579765 1188488018.9090571 -1188465237.5197978
34.501491502582127 1191177966.7598217 -1191155164.7595439
34.501493504584488 1193875834.7925885 -1193853012.1486371
34.501495506586856 1196581651.7283366 -1196558808.4079821
34.501497508589217 1199295446.4118083 -1199272582.3822472
34.501499510591579 1202017247.8121274 -1201994363.0404823
34.50150151259394 1204747085.0234213 -1204724179.4767396
34.501503514596308 1207484987.2654448 -1207462060.9106996
34.501505516598669 1210230983.8842092 -1210208036.688298
34.501507518601031 1212985104.3526139 -1212962136.2823591
34.501509520603392 1215747378.2710831 -1215724389.2932317
34.50151152260576 1218517835.3682046 -1218494825.4494278
34.501513524608121 1221296505.5013726 -1221273474.6082656
34.501515526610483 1224083418.6574345 -1224060366.7565167
34.501517528612851 1226878604.9533415 -1226855532.0110555
34.501519530615212 1229682094.6368022 -1229659000.6195138
34.501521532617573 1232493918.0869408 -1232470802.9609392
34.501523534619935 1235314105.8149586 -1235290969.5464559
34.501525536622303 1238142688.4647992 -1238119531.0199304
34.501527538624664 1240979696.8138175 -1240956518.1586399
34.501529540627025 1243825161.7734532 -1243801961.8739462
34.501531542629387 1246679114.3899069 -1246655893.2119718
34.501533544631755 1249541585.8448215 -1249518343.3542817
34.501535546634116 1252412607.4559667 -1252389343.6185668
34.501537548636477 1255292210.6779273 -1255268925.4593334
34.501539550638839 1258180427.1027963 -1258157120.4685957
34.501541552641207 1261077288.4608707 -1261053960.3765712
34.501543554643568 1263982826.6213527 -1263959477.0523827
34.501545556645929 1266897073.5930536 -1266873702.5047622
34.501547558648291 1269820061.5251033 -1269796668.8827593
34.501549560650659 1272751822.7076623 -1272728408.4764547
34.50155156265302 1275692389.572639 -1275668953.7176762
34.501553564655381 1278641794.6944101 -1278618337.1807201
34.50155556665775 1281600070.7905464 -1281576591.5830762
34.501557568660111 1284567250.7225418 -1284543749.7861571
34.501559570662472 1287543367.4965472 -1287519844.7960327
34.501561572664833 1290528454.2641079 -1290504909.7641666
34.501563574667202 1293522544.3229065 -1293498977.9881592
34.501565576669563 1296525671.1175084 -1296502082.9124942
34.501567578671924 1299537868.2401133 -1299514258.1292889
34.501569580674285 1302559169.4313102 -1302535537.3790498
34.501571582676654 1305589608.5808363 -1305565954.5514312
34.501573584679015 1308629219.7283416 -1308605543.6860001
34.501575586681376 1311678037.0641572 -1311654338.9730041
34.501577588683737 1314736094.9300678 -1314712374.7541444
34.501579590686106 1317803427.8200891 -1317779685.5233531
34.501581592688467 1320880070.3812504 -1320856305.9275751
34.501583594690828 1323966057.4143798 -1323942270.7675543
34.501585596693189 1327061423.8748968 -1327037614.9986255
34.501587598695558 1330166204.8736067 -1330142373.7315092
34.501589600697919 1333280435.6775017 -1333256582.2331126
34.50159160270028 1336404151.7105658 -1336380275.9273338
34.501593604702641 1339537388.5545843 -1339513490.3958731
34.50159560670501 1342680181.949959 -1342656261.3790462
34.501597608707371 1345832567.7965271 -1345808624.7766042
34.501599610709732 1348994582.1543849 -1348970616.6485567
34.501601612712101 1352166261.2447169 -1352142273.2160017
34.501603614714462 1355347641.4506302 -1355323630.8619595
34.501605616716823 1358538759.3179932 -1358514726.132211
34.501607618719184 1361739651.5562782 -1361715595.7361412
34.501609620721553 1364950355.0394115 -1364926276.5475886
34.501611622723914 1368170906.8066258 -1368146805.6056979
34.501613624726275 1371401344.0633197 -1371377220.1157794
34.501615626728636 1374641704.1819212 -1374617557.4501724
34.501617628731005 1377892024.7027566 -1377867855.1491146
34.501619630733366 1381152343.3349249 -1381128150.9216156
34.501621632735727 1384422697.9571762 -1384398482.6463363
34.501623634738088 1387703126.6187966 -1387678888.3724735
34.501625636740457 1390993667.540498 -1390969406.3206487
34.501627638742818 1394294359.1153123 -1394270074.8838036
34.501629640745179 1397605239.9094923 -1397580932.6281006
34.50163164274754 1400926348.6634169 -1400902018.2938278
34.501633644749909 1404257724.2925024 -1404233370.7963107
34.50163564675227 1407599405.888119 -1407575029.2268276
34.501637648754631 1410951432.7185121 -1410927032.8535328
34.501639650756999 1414313844.2297301 -1414289421.1223829
34.501641652759361 1417686680.0465572 -1417662233.6580696
34.501643654761722 1421069979.9734511 -1421045510.2649584
34.501645656764083 1424463783.9954882 -1424439290.9280324
34.501647658766451 1427868132.2793117 -1427843615.8138423
34.501649660768813 1431283065.1740885 -1431258525.2714617
34.501651662771174 1434708623.2124698 -1434684059.8334479
34.501653664773535 1438144847.1115575 -1438120260.216809
34.501655666775903 1441591777.7738769 -1441567167.323976
34.501657668778265 1445049456.2883554 -1445024822.243782
34.501659670780626 1448517923.9313068 -1448493266.2524459
34.501661672782987 1451997222.1674216 -1451972540.814563
34.501663674785355 1455487392.6507628 -1455462687.5841012
34.501665676787717 1458988477.2257683 -1458963748.4054024
34.501667678790078 1462500517.9282594 -1462475765.3141918
34.501669680792439 1466023556.9864542 -1465998780.5385919
34.501671682794807 1469557636.8219895 -1469532836.5001421
34.501673684797169 1473102800.0509458 -1473077975.8148265
34.50167568679953 1476659089.4848804 -1476634241.2941053
34.501677688801891 1480226548.1318674 -1480201675.9459548
34.501679690804259 1483805219.1975412 -1483780322.9759119
34.501681692806621 1487395146.0861495 -1487370225.7881258
34.501683694808982 1490996372.4016104 -1490971427.9864163
34.50168569681135 1494608941.9485772 -1494583973.3753383
34.501687698813711 1498232898.7335091 -1498207905.9612517
34.501689700816073 1501868286.9657483 -1501843269.9533994
34.501691702818434 1505515151.0586042 -1505490109.764991
34.501693704820802 1509173535.6304436 -1509148470.0142934
34.501695706823163 1512843485.5057876 -1512818395.5257275
34.501697708825525 1516525045.7164156 -1516499931.3309722
34.501699710827886 1520218261.502476 -1520193122.6700747
34.501701712830254 1523923178.313602 -1523898014.9925671
34.501703714832615 1527639841.8100371 -1527614653.9585915
34.501705716834977 1531368297.8637655 -1531343085.4400299
34.501707718837338 1535108592.5596495 -1535083355.5216422
34.501709720839706 1538860772.1965747 -1538835510.502212
34.501711722842067 1542624883.2886019 -1542599596.8956969
34.501713724844429 1546400972.5661254 -1546375661.4323881
34.50171572684679 1550189086.9770391 -1550163751.060076
34.501717728849158 1553989273.6879098 -1553963912.9452236
34.501719730851519 1557801580.0851569 -1557776194.4741459
34.501721732853881 1561626053.7762401 -1561600643.2541983
34.501723734856249 1565462742.5908539 -1565437307.1149704
34.50172573685861 1569311694.5821302 -1569286234.109489
34.501727738860971 1573172958.0278473 -1573147472.5154266
34.501729740863333 1577046581.4316471 -1577021070.8363194
34.501731742865701 1580932613.5242593 -1580907077.8027911
34.501733744868062 1584831103.2647343 -1584805542.3737853
34.501735746870423 1588742099.841681 -1588716513.7378042
34.501737748872785 1592665652.6745162 -1592640041.3141572
34.501739750875153 1596601811.4147174 -1596576174.7542145
34.501741752877514 1600550625.947087 -1600524963.9426703
34.501743754879875 1604512146.3910224 -1604486458.9988141
34.501745756882237 1608486423.1017942 -1608460710.2778075
34.501747758884605 1612473506.6718323 -1612447768.3719716
34.501749760886966 1616473447.9320211 -1616447684.1120815
34.501751762889327 1620486297.9530008 -1620460508.5686679
34.501753764891689 1624512108.0464783 -1624486293.0533273
34.501755766894057 1628550929.7665458 -1628525089.1200421
34.501757768896418 1632602814.9110074 -1632576948.5665054
34.501759770898779 1636667815.5227139 -1636641923.435457
34.501761772901141 1640745983.8909063 -1640720066.016026
34.501763774903509 1644837372.5525675 -1644811428.845084
34.50176577690587 1648942034.2937827 -1648916064.7086039
34.501767778908231 1653060022.1511078 -1653034026.6430287
34.5017697809106 1657191389.4129462 -1657165367.9366496
34.501771782912961 1661336189.6209362 -1661310142.130991
34.501773784915322 1665494476.5713429 -1665468403.0222049
34.501775786917683 1669666304.3164639 -1669640204.6624746
34.501777788920052 1673851727.1660392 -1673825601.3614259
34.501779790922413 1678050799.6886733 -1678024647.6875484
34.501781792924774 1682263576.713264 -1682237398.4696248
34.501783794927135 1686490113.3304422 -1686463908.7981706
34.501785796929504 1690730464.8940194 -1690704234.0268815
34.501787798931865 1694984687.022444 -1694958429.7740896
34.501789800934226 1699252835.6002679 -1699226551.9242299
34.501791802936587 1703534966.7796211 -1703508656.6293156
34.501793804938956 1707831136.9816978 -1707804800.3104236
34.501795806941317 1712141402.8982489 -1712115039.6591868
34.501797808943678 1716465821.4930859 -1716439431.6392989
34.501799810946039 1720804450.0035939 -1720778033.4880259
34.501801812948408 1725157345.9422538 -1725130902.7177303
34.501803814950769 1729524567.0981753 -1729498097.1174021
34.50180581695313 1733906171.5386374 -1733879674.7542007
34.501807818955498 1738302217.6106405 -1738275693.9750066
34.50180982095786 1742712763.9424679 -1742686213.4079823
34.501811822960221 1747137869.4452572 -1747111291.9641445
34.501813824962582 1751577593.3145814 -1751550988.8389449
34.50181582696495 1756031995.0320406 -1756005363.5138619
34.501817828967312 1760501134.3668633 -1760474475.7580018
34.501819830969673 1764985071.3775179 -1764958385.6297107
34.501821832972034 1769483866.4133358 -1769457153.4781969
34.501823834974402 1773997580.116142 -1773970839.9451623
34.501825836976764 1778526273.4218986 -1778499505.966445
34.501827838979125 1783070007.5623581 -1783043212.7736733
34.501829840981486 1787628844.0667272 -1787602021.8959296
34.501831842983854 1792202844.763341 -1792175995.1614239
34.501833844986216 1796792071.7813482 -1796765194.6991796
34.501835846988577 1801396587.552407 -1801369682.9407291
34.501837848990938 1806016454.8123918 -1805989522.6218202
34.501839850993306 1810651736.6031108 -1810624776.7841351
34.501841852995668 1815302496.2740359 -1815275508.7770181
34.501843854998029 1819968797.4840412 -1819941782.2592158
34.50184585700039 1824650704.2031548 -1824623661.2006288
34.501847859002758 1829348280.7143214 -1829321209.8840728
34.50184986100512 1834061591.6151755 -1834034492.9070539
34.501851863007481 1838790701.8198268 -1838763575.1835527
34.501853865009849 1843535676.5606575 -1843508521.9458215
34.50185586701221 1848296581.3901296 -1848269398.7461922
34.501857869014572 1853073482.182605 -1853046271.4588964
34.501859871016933 1857866445.136178 -1857839206.2818973
34.501861873019301 1862675536.774518 -1862648269.7387333
34.501863875021662 1867500823.9487252 -1867473528.6803722
34.501865877024024 1872342373.8391979 -1872315050.2870803
34.501867879026385 1877200253.9575124 -1877172902.0703011
34.501869881028753 1882074532.1483152 -1882047151.8745477
34.501871883031114 1886965276.5912271 -1886937867.8793075
34.501873885033476 1891872555.8027596 -1891845118.6009581
34.501875887035837 1896796438.6382442 -1896768972.8946962
34.501877889038205 1901736994.2937727 -1901709499.9564788
34.501879891040566 1906694292.3081527 -1906666769.3249779
34.501881893042928 1911668402.5648742 -1911640850.8835475
34.501883895045289 1916659395.2940891 -1916631814.8622036
34.501885897047657 1921667341.0746043 -1921639731.8396158
34.501887899050018 1926692310.8358872 -1926664672.7451143
34.50188990105238 1931734375.8600848 -1931706708.8607085
34.501891903054748 1936793607.7840555 -1936765911.8231187
34.501893905057109 1941870078.6014147 -1941842353.6258211
34.50189590705947 1946963860.6645937 -1946936106.6211083
34.501897909061832 1952075026.6869121 -1952047243.5221601
34.5018999110642 1957203649.744663 -1957175837.4051297
34.501901913066561 1962349803.2792134 -1962321961.7112432
34.501903915068922 1967513561.0991173 -1967485690.2489133
34.501905917071284 1972694997.3822434 -1972667097.1958675
34.501907919073652 1977894186.6779165 -1977866257.1012886
34.501909921076013 1983111203.9090734 -1983083244.8879704
34.501911923078374 1988346124.3744316 -1988318135.8544881
34.501913925080736 1993599023.7506742 -1993571005.6773808
34.501915927083104 1998869978.0946484 -1998841930.4133518
34.501917929085465 2004159063.8455777 -2004130986.5014801
34.501919931087826 2009466357.8272908 -2009438250.7654493
34.501921933090188 2014791937.2504632 -2014763800.4157896
34.501923935092556 2020135879.7148752 -2020107713.0521352
34.501925937094917 2025498263.2116838 -2025470066.6654966
34.501927939097278 2030879166.1257098 -2030850939.6405475
34.50192994109964 2036278667.2377412 -2036250410.7579286
34.501931943102008 2041696845.726851 -2041668559.1965644
34.501933945104369 2047133781.17273 -2047105464.5359979
34.50193594710673 2052589553.5580361 -2052561206.7587376
34.501937949109099 2058064243.2707589 -2058035866.2526231
34.50193995111146 2063557931.1065996 -2063529523.813206
34.501941953113821 2069070698.2713683 -2069042260.6461458
34.501943955116182 2074602626.3833954 -2074574158.3696218
34.501945957118551 2080153797.4759603 -2080125299.0167615
34.501947959120912 2085724293.9997356 -2085695765.0380855
34.501949961123273 2091314198.8252485 -2091285639.3039682
34.501951963125634 2096923595.2453585 -2096895005.1071157
34.501953965128003 2102552566.9777513 -2102523946.1650603
34.501955967130364 2108201198.1674497 -2108172546.6226704
34.501957969132725 2113869573.3893418 -2113840891.0546789
34.501959971135086 2119557777.6507251 -2119529064.4682283
34.501961973137455 2125265896.3938692 -2125237152.3054321
34.501963975139816 2130994015.4985943 -2130965240.4459538
34.501965977142177 2136742221.2848687 -2136713415.2096047
34.501967979144538 2142510600.5154226 -2142481763.3589578
34.501969981146907 2148299240.3983803 -2148270372.1019788
34.501971983149268 2154108228.5899086 -2154079329.094676
34.501973985151629 2159937653.1968861 -2159908722.443769
34.501975987153997 2165787602.7795863 -2165758640.7093711
34.501977989156359 2171658166.354383 -2171629172.9076958
34.50197999115872 2177549433.3964725 -2177520408.5137787
34.501981993161081 2183461493.8426132 -2183432437.4642167
34.501983995163449 2189394438.0938859 -2189365350.1599283
34.501985997165811 2195348357.0184703 -2195319237.4689307
34.501987999168172 2201323341.954443 -2201294190.7291374
34.501990001170533 2207319484.7125926 -2207290301.7511725
34.501992003172901 2213336877.5792551 -2213307662.8212085
34.501994005175263 2219375613.31917 -2219346366.7038193
34.501996007177624 2225435785.1783519 -2225406506.6448545
34.501998009179985 2231517486.8869848 -2231488176.3743315
34.502000011182353 2237620812.6623349 -2237591470.1093497
34.502002013184715 2243745857.2116857 -2243716482.5570254
34.502004015187076 2249892715.7352896 -2249863308.9174438
34.502006017189437 2256061483.9293423 -2256032044.886631
34.502008019191805 2262252257.988976 -2262222786.6595511
34.502010021194167 2268465134.6112747 -2268435630.9331179
34.502012023196528 2274700210.9983087 -2274670674.9092312
34.502014025198889 2280957584.8601904 -2280928016.2978325
34.502016027201257 2287237354.4181538 -2287207753.3199844
34.502018029203619 2293539618.4076505 -2293509984.7109661
34.50202003120598 2299864476.081471 -2299834809.7233953
34.502022033208348 2306212027.2128859 -2306182328.1303697
34.502024035210709 2312582372.0988088 -2312552640.2286286
34.502026037213071 2318975611.5629797 -2318945846.8417377
34.502028039215432 2325391846.9591727 -2325362049.3232951
34.5020300412178 2331831180.1744246 -2331801349.5601625
34.502032043220161 2338293713.6322885 -2338263849.9757156
34.502034045222523 2344779550.296104 -2344749653.5331178
34.502036047224884 2351288793.6722975 -2351258863.7386169
34.502038049227252 2357821547.8136992 -2357791584.644865
34.502040051229613 2364377917.3228879 -2364347920.8542614
34.502042053231975 2370958007.355556 -2370927977.5223193
34.502044055234336 2377561923.6238985 -2377531860.3610535
34.502046057236704 2384189772.4000268 -2384159675.6423936
34.502048059239065 2390841660.5194035 -2390811530.2016211
34.502050061241427 2397517695.384306 -2397487531.4408307
34.502052063243788 2404217984.967309 -2404187787.3324142
34.502054065246156 2410942637.814796 -2410912406.4225712
34.502056067248517 2417691763.0504913 -2417661497.8348422
34.502058069250879 2424465470.3790202 -2424435171.2736673
34.502060071253247 2431263870.0894904 -2431233537.0279679
34.502062073255608 2438087073.059103 -2438056705.9747591
34.502064075257969 2444935190.7567859 -2444904789.5827818
34.502066077260331 2451808335.2468534 -2451777899.916163
34.502068079262699 2458706619.1926923 -2458676149.6381001
34.50207008126506 2465630155.8604703 -2465599652.0145726
34.502072083267421 2472579059.1228771 -2472548520.9180799
34.502074085269783 2479553443.4628854 -2479522870.8314042
34.502076087272151 2486553423.9775434 -2486522816.8514028
34.502078089274512 2493579116.3817897 -2493548474.692822
34.502080091276873 2500630637.0123005 -2500599960.6921453
34.502082093279235 2507708102.831358 -2507677391.8114624
34.502084095281603 2514811631.4307508 -2514780885.6423674
34.502086097283964 2521941341.0356989 -2521910560.4098854
34.502088099286325 2529097350.5088091 -2529066534.976428
34.502090101288687 2536279779.3540564 -2536248928.8457737
34.502092103291055 2543488747.7207961 -2543457862.1670809
34.502094105293416 2550724376.4078021 -2550693455.7389264
34.502096107295777 2557986786.8673348 -2557955831.0133715
34.502098109298139 2565276101.2092376 -2565245110.1000609
34.502100111300507 2572592442.2050633 -2572561415.7703476
34.502102113302868 2579935933.2922297 -2579904871.4614491
34.502104115305229 2587306698.5782037 -2587275601.2806306
34.502106117307598 2594704862.844718 -2594673730.0094228
34.502108119309959 2602130551.5520153 -2602099383.1078653
34.50211012131232 2609583890.8431244 -2609552686.7187839
34.502112123314681 2617065007.5481668 -2617033767.6720953
34.50211412531705 2624574029.1886926 -2624542753.4891448
34.502116127319411 2632111083.9820504 -2632079772.3870749
34.502118129321772 2639676300.845787 -2639644953.283226
34.502120131324133 2647269809.4020782 -2647238425.7995658
34.502122133326502 2654891739.9821925 -2654860320.2671556
34.502124135328863 2662542223.6309862 -2662510767.7306423
34.502126137331224 2670221392.1114302 -2670189899.9527874
34.502128139333585 2677929377.9091725 -2677897849.4190278
34.502130141335954 2685666314.2371306 -2685634749.3420701
34.502132143338315 2693432335.0401182 -2693400733.6665158
34.502134145340676 2701227574.9995046 -2701195937.0735216
34.502136147343037 2709052169.5379086 -2709020494.9854922
34.502138149345406 2716906254.8239269 -2716874543.5708098
34.502140151347767 2724789967.7768979 -2724758219.7485971
34.502142153350128 2732703446.0716968 -2732671661.1935139
34.502144155352497 2740646828.1435685 -2740615006.3405876
34.502146157354858 2748620253.1929936 -2748588394.3900819
34.502148159357219 2756623861.1905899 -2756591965.3123951
34.50215016135958 2764657792.8820496 -2764625859.8530006
34.502152163361949 2772722189.7931156 -2772690219.5374207
34.50215416536431 2780817194.2345891 -2780785186.6762357
34.502156167366671 2788942949.3073788 -2788910904.370132
34.502158169369032 2797099598.9075832 -2797067516.5149856
34.502160171371401 2805287287.7316136 -2805255167.8069839
34.502162173373762 2813506161.281352 -2813474003.7477846
34.502164175376123 2821756365.8693457 -2821724170.6497102
34.502166177378484 2830038048.624043 -2830005815.6409822
34.502168179380853 2838351357.4950647 -2838319086.6709948
34.502170181383214 2846696441.2585173 -2846664132.515626
34.502172183385575 2855073449.5223422 -2855041102.782589
34.502174185387936 2863482532.7317076 -2863450147.916822
34.502176187390305 2871923842.1744366 -2871891419.2059183
34.502178189392666 2880397529.9864769 -2880365068.7855935
34.502180191395027 2888903749.1574106 -2888871249.6451974
34.502182193397388 2897442653.5360074 -2897410115.6332664
34.502184195399757 2906014397.8358145 -2905981821.4631138
34.502186197402118 2914619137.6407924 -2914586522.7184649
34.502188199404479 2923257029.4109893 -2923224375.8591323
34.502190201406847 2931928230.4882579 -2931895538.2267318
34.502192203409209 2940632899.1020136 -2940600168.0504413
34.50219420541157 2949371194.3750396 -2949338424.452805
34.502196207413931 2958143276.329329 -2958110467.4555769
34.502198209416299 2966949305.8919773 -2966916457.9856114
34.502200211418661 2975789444.9011135 -2975756557.8807969
34.502202213421022 2984663856.1118779 -2984630929.8960304
34.502204215423383 2993572703.2024422 -2993539737.7092409
34.502206217425751 3002516150.7800798 -3002483145.9274573
34.502208219428113 3011494364.3872757 -3011461320.0929193
34.502210221430474 3020507510.507885 -3020474426.6892366
34.502212223432835 3029555756.5733361 -3029522633.1475902
34.502214225435203 3038639270.9688811 -3038606107.8529835
34.502216227437565 3047758223.0398941 -3047725020.1505423
34.502218229439926 3056912783.0982156 -3056879540.3518567
34.502220231442287 3066103122.4285436 -3066069839.7413735
34.502222233444655 3075329413.2948761 -3075296090.58284
34.502224235447017 3084591828.947 -3084558466.1257892
34.502226237449378 3093890543.6270266 -3093857140.6120782
34.502228239451746 3103225732.5759792 -3103192289.2824759
34.502230241454107 3112597572.0404325 -3112564088.3833003
34.502232243456469 3122006239.2791982 -3121972715.1731071
34.50223424545883 3131451912.5700636 -3131418347.9294252
34.502236247461198 3140934771.216579 -3140901165.9555464
34.502238249463559 3150454995.5548978 -3150421349.5873637
34.502240251465921 3160012766.960669 -3159979080.2002649
34.502242253468282 3169608267.8559813 -3169574540.2160773
34.50224425547065 3179241681.7163596 -3179207913.1100626
34.502246257473011 3188913193.0778155 -3188879383.4179683
34.502248259475373 3198622987.543951 -3198589136.7431312
34.502250261477734 3208371251.7931151 -3208337359.7636337
34.502252263480102 3218158173.5856199 -3218124240.239521
34.502254265482463 3227983941.7710071 -3227949967.0200663
34.502256267484825 3237848746.2953701 -3237814730.0510941
34.502258269487186 3247752778.2087336 -3247718720.3823581
34.502260271489554 3257696229.6724901 -3257662130.1749797
34.502262273491915 3267679293.9668927 -3267645152.7089391
34.502264275494277 3277702165.4986038 -3277667982.3906255
34.502266277496638 3287765039.8083038 -3287730814.7604442
34.502268279499006 3297868113.5783567 -3297833846.500483
34.502270281501367 3308011584.6405373 -3307977275.4422398
34.502272283503729 3318195651.9838166 -3318161300.5744081
34.502274285506097 3328420515.7622051 -3328386122.0507188
34.502276287508458 3338686377.302659 -3338651941.1978478
34.502278289510819 3348993439.1130447 -3348958960.5233808
34.502280291513181 3359341904.8901682 -3359307383.7238402
34.502282293515549 3369731979.527863 -3369697415.6927762
34.50228429551791 3380163869.1251478 -3380129262.5289226
34.502286297520271 3390637780.9944382 -3390603131.5444088
34.502288299522633 3401153923.6698279 -3401119231.2730417
34.502290301525001 3411712506.915432 -3411677771.4786477
34.502292303527362 3422313741.7337956 -3422278963.1634836
34.502294305529723 3432957840.3743672 -3432923018.5767059
34.502296307532085 3443645016.3420377 -3443610151.2229142
34.502298309534453 3454375484.4057488 -3454340575.8707571
34.502300311536814 3465149460.6071672 -3465114508.5616074
34.502302313539175 3475967162.269424 -3475932166.6183004
34.502304315541537 3486828808.0059242 -3486793768.653945
34.502306317543905 3497734617.7292261 -3497699534.5808015
34.502308319546266 3508684812.6599894 -3508649685.6192307
34.502310321548627 3519679615.3359919 -3519644444.3067102
34.502312323550996 3530719249.6212187 -3530684034.5069237
34.502314325553357 3541803940.7150226 -3541768681.4189215
34.502316327555718 3552933915.1613545 -3552898611.5863504
34.502318329558079 3564109400.858068 -3564074052.9067583
34.502320331560448 3575330627.0663013 -3575295234.6409779
34.502322333562809 3586597824.4199271 -3586562387.422574
34.50232433556517 3597911224.9350767 -3597875743.2673688
34.502326337567531 3609271062.0197415 -3609235535.5830441
34.5023283395699 3620677570.4834533 -3620641999.1788197
34.502330341572261 3632130986.5470347 -3632095370.2752061
34.502332343574622 3643631547.8524323 -3643595886.5138354
34.502334345576983 3655179493.4726233 -3655143786.9673696
34.502336347579352 3666775063.9216065 -3666739312.1494908
34.502338349581713 3678418501.1644673 -3678382704.0249667
34.502340351584074 3690110048.6275239 -3690074206.0197964
34.502342353586435 3701849951.2085562 -3701814063.0314393
34.502344355588804 3713638455.2871132 -3713602521.4391222
34.502346357591165 3725475808.7349038 -3725439829.1142311
34.502348359593526 3737362260.9262738 -3737326235.4307871
34.502350361595887 3749298062.7487607 -3749261991.2760019
34.502352363598256 3761283466.6137376 -3761247349.0609212
34.502354365600617 3773318726.4671388 -3773282562.7311511
34.502356367602978 3785404097.8002739 -3785367887.7776713
34.502358369605346 3797539837.6607256 -3797503581.2477331
34.502360371607708 3809726204.6633382 -3809689901.7558479
34.502362373610069 3821963459.0012922 -3821927109.4948621
34.50236437561243 3834251862.4572697 -3834215466.2471218
34.502366377614798 3846591678.4147096 -3846555235.39573
34.50236837961716 3858983171.8691525 -3858946681.9358888
34.502370381619521 3871426609.4396739 -3871390072.4863338
34.502372383621882 3883922259.3804135 -3883885675.3008637
34.50237438562425 3896470391.5921969 -3896433760.2799611
34.502376387626612 3909071277.6342525 -3909034598.982511
34.502378389628973 3921725190.7360234 -3921688464.6376104
34.502380391631334 3934432405.8090706 -3934395632.1564741
34.502382393633702 3947193199.4590764 -3947156378.1444359
34.502384395636064 3960007849.9979434 -3959970980.9130478
34.502386397638425 3972876637.4559941 -3972839720.4922819
34.502388399640786 3985799843.5942702 -3985762878.642827
34.502390401643154 3998777751.9169269 -3998740738.8684835
34.502392403645516 4011810647.6837325 -4011773586.4286647
34.502394405647877 4024898817.9226713 -4024861708.3509965
34.502396407650245 4038042551.4426446 -4038005393.4440222
34.502398409652606 4051242138.8462801 -4051204932.310009
34.502400411654968 4064497872.5428429 -4064460617.3578601
34.502402413657329 4077810046.7612519 -4077772742.8161311
34.502404415659697 4091178957.5632071 -4091141604.7461572
34.502406417662058 4104604902.8564186 -4104567501.0552816
34.50240841966442 4118088182.407948 -4118050731.5101981
34.502410421666781 4131629097.8576612 -4131591597.7504025
34.502412423669149 4145227952.7317891 -4145190403.3017545
34.50241442567151 4158885052.4566016 -4158847453.5901518
34.502416427673872 4172600704.3721919 -4172563055.9553127
34.502418429676233 4186375217.7463746 -4186337519.6646762
34.502420431678601 4200208903.7887025 -4200171155.9274168
34.502422433680962 4214102075.6645937 -4214064277.9085746
34.502424435683324 4228055048.5095816 -4228017200.7433009
34.502426437685685 4242068139.4436765 -4242030241.5512238
34.502428439688053 4256141667.5858526 -4256103719.4509335
34.502430441690414 4270275954.0686536 -4270237955.5745883
34.502432443692776 4284471322.0529146 -4284433273.0826354
34.502434445695137 4298728096.74261 -4298689997.1786594
34.502436447697505 4313046605.3998308 -4313008455.124361
34.502438449699866 4327427177.3598824 -4327388976.2546539
34.502440451702228 4341870144.0465002 -4341831891.992878
34.502442453704596 4356375838.9872026 -4356337535.8661556
34.502444455706957 4370944597.8287725 -4370906243.5208731
34.502446457709318 4385576758.3528624 -4385538352.7382832
34.50244845971168 4400272660.4917336 -4400234203.4502459
34.502450461714048 4415032646.3441248 -4414994137.7550974
34.502452463716409 4429857060.1912575 -4429818499.9336529
34.50245446571877 4444746248.5129747 -4444707636.4653511
34.502456467721132 4459700560.004015 -4459661896.0445213
34.5024584697235 4474720345.5904226 -4474681629.5967989
34.502460471725861 4489805958.4460964 -4489767190.2956696
34.502462473728222 4504957754.0094824 -4504918933.5791655
34.502464475730584 4520176090.0003996 -4520137217.1666918
34.502466477732952 4535461326.4370165 -4535422401.0759983
34.502468479735313 4550813825.6529636 -4550774847.6402979
34.502470481737674 4566233952.3145981 -4566194921.525526
34.502472483740036 4581722073.4384012 -4581682989.7477417
34.502474485742404 4597278558.4085417 -4597239421.6906891
34.502476487744765 4612903778.9945784 -4612864589.1234999
34.502478489747126 4628598109.3693094 -4628558866.218544
34.502480491749495 4644361926.1267872 -4644322629.5694447
34.502482493751856 4660195608.3004751 -4660156258.2092314
34.502484495754217 4676099537.3815603 -4676060133.6286583
34.502486497756578 4692074097.3374329 -4692034639.7946787
34.502488499758947 4708119674.6303082 -4708080163.1690712
34.502490501761308 4724236658.2360182 -4724197092.7272272
34.502492503763669 4740425439.662961 -4740385819.9771032
34.50249450576603 4756686412.9712105 -4756646738.9783287
34.502496507768399 4773019974.7917967 -4772980246.3614883
34.50249850977076 4789426524.3461494 -4789386741.3475637
34.502500511773121 4805906463.465704 -4805866625.7675419
34.502502513775482 4822460196.611681 -4822420304.0821905
34.502504515777851 4839088130.8950281 -4839048183.4020033
34.502506517780212 4855790676.0965462 -4855750673.5073252
34.502508519782573 4872568244.6871901 -4872528186.8686533
34.502510521784934 4889421251.8485317 -4889381138.6671
34.502512523787303 4906350115.493412 -4906309946.8150434
34.502514525789664 4923355256.2867632 -4923315031.9769526
34.502516527792025 4940437097.6666145 -4940396817.5903893
34.502518529794386 4957596065.8652868 -4957555729.887207
34.502520531796755 4974832589.9307661 -4974792197.9149218
34.502522533799116 4992147101.7482548 -4992106653.5582628
34.502524535801477 5009540036.0619249 -5009499531.5609274
34.502526537803845 5027011830.4968538 -5026971269.5475168
34.502528539806207 5044562925.581152 -5044522308.0456619
34.502530541808568 5062193764.7682819 -5062153090.5083447
34.502532543810929 5079904794.4595785 -5079864063.3364153
34.502534545813297 5097696464.0269632 -5097655675.9013109
34.502536547815659 5115569225.8358593 -5115528380.5679665
34.50253854981802 5133523535.2683001 -5133482632.717926
34.502540551820381 5151559850.7462473 -5151518890.7726583
34.502542553822749 5169678633.7551165 -5169637616.2170839
34.502544555825111 5187880348.867507 -5187839273.6233063
34.502546557827472 5206165463.7671413 -5206124330.6745491
34.502548559829833 5224534449.2730112 -5224493258.1893024
34.502550561832201 5242987779.3637428 -5242946530.145689
34.502552563834563 5261525931.2021713 -5261484623.7060385
34.502554565836924 5280149385.1601353 -5280108019.2416801
34.502556567839285 5298858624.8434963 -5298817200.3579655
34.502558569841653 5317654137.1173811 -5317612653.9195089
34.502560571844015 5336536412.1316347 -5336494870.0756388
34.502562573846376 5355505943.3465099 -5355464342.2860918
34.502564575848744 5374563227.5585814 -5374521567.3469229
34.502566577851105 5393708764.9268942 -5393667045.4166527
34.502568579853467 5412943058.9993401 -5412901280.0426502
34.502570581855828 5432266616.7392778 -5432224778.187746
34.502572583858196 5451679948.5523777 -5451638050.2570801
34.502574585860557 5471183568.3137245 -5471141610.125205
34.502576587862919 5490777993.395155 -5490735975.1634226
34.50257858986528 5510463744.6928349 -5510421666.2673626
34.502580591867648 5530241346.6550884 -5530199207.8848095
34.502582593870009 5550111327.3104677 -5550069128.0437727
34.502584595872371 5570074218.296093 -5570031958.3808279
34.502586597874732 5590130554.8862333 -5590088234.1696959
34.5025885998771 5610280876.0211544 -5610238494.3500938
34.502590601879461 5630525724.3362188 -5630483281.5568314
34.502592603881823 5650865646.1912546 -5650823142.1491814
34.502594605884184 5671301191.7001877 -5671258626.2405128
34.502596607886552 5691832914.7609386 -5691790287.7281847
34.502598609888913 5712461373.0855942 -5712418684.3237219
34.502600611891275 5733187128.2308578 -5733144377.5832624
34.502602613893636 5754010745.6287661 -5753967932.9382753
34.502604615896004 5774932794.6176853 -5774889919.7265549
34.502606617898365 5795953848.4735937 -5795910911.223506
34.502608619900727 5817074484.4416523 -5817031484.6737127
34.502610621903095 5838295283.7680674 -5838252221.3228035
34.502612623905456 5859616831.7322292 -5859573706.4495869
34.502614625907817 5881039717.6791525 -5880996529.3984919
34.502616627910179 5902564535.0522137 -5902521283.6123085
34.502618629912547 5924191881.4261866 -5924148566.6652203
34.502620631914908 5945922358.5405836 -5945878980.2961464
34.502622633917269 5967756572.3333044 -5967713130.4423914
34.502624635919631 5989695132.9745846 -5989651627.273592
34.502626637921999 6011738654.9012651 -6011695085.2259874
34.50262863992436 6033887756.8513823 -6033844123.0370102
34.502630641926721 6056143061.8990583 -6056099363.7801752
34.502632643929083 6078505197.4897308 -6078461434.9003096
34.502634645931451 6100974795.4757042 -6100930968.2491045
34.502636647933812 6123552492.1520271 -6123508600.1209936
34.502638649936173 6146238928.2927046 -6146194971.289362
34.502640651938535 6169034749.1872387 -6168990727.0430899
34.502642653940903 6191940604.6775236 -6191896517.2234468
34.502644655943264 6214957149.1950684 -6214912996.2613144
34.502646657945625 6238085041.7985697 -6238040823.2147579
34.502648659947994 6261324946.2118387 -6261280661.8069544
34.502650661950355 6284677530.8620777 -6284633180.464468
34.502652663952716 6308143468.9185209 -6308099052.3558941
34.502654665955077 6331723438.3314333 -6331678955.4308548
34.502656667957446 6355418121.8714638 -6355373572.4593506
34.502658669959807 6379228207.1693792 -6379183591.0715008
34.502660671962168 6403154386.7561693 -6403109703.7976408
34.502662673964529 6427197358.1035261 -6427152608.1088076
34.502664675966898 6451357823.6647034 -6451313006.4575958
34.502666677969259 6475636490.9157572 -6475591606.3193989
34.50266867997162 6500034072.3971796 -6499989120.2340431
34.502670681973981 6524551285.7559328 -6524506265.8478222
34.50267268397635 6549188853.7878599 -6549143765.9559069
34.502674685978711 6573947504.4805107 -6573902348.5451717
34.502676687981072 6598827971.0563745 -6598782746.8374271
34.502678689983433 6623830992.0165157 -6623785699.3330555
34.502680691985802 6648957311.1846237 -6648911949.8550615
34.502682693988163 6674207677.7514753 -6674162247.5935316
34.502684695990524 6699582846.3198376 -6699537347.1505413
34.502686697992885 6725083576.9497862 -6725038008.5854712
34.502688699995254 6750710635.2044563 -6750664997.4607563
34.502690701997615 6776464792.1962299 -6776419084.8880758
34.502692703999976 6802346824.6333675 -6802301047.5749855
34.502694706002345 6828357514.8670826 -6828311667.8719893
34.502696708004706 6854497650.9390583 -6854451733.8200569
34.502698710007067 6880768026.629425 -6880722039.1986017
34.502700712009428 6907169441.5052109 -6907123383.5739317
34.502702714011797 6933702700.969245 -6933656572.3481522
34.502704716014158 6960368616.309535 -6960322416.8085432
34.502706718016519 6987168004.7491207 -6987121734.1774149
34.50270872001888 7014101689.4964018 -7014055347.6624308
34.502710722021249 7041170499.7959509 -7041124086.5074253
34.50271272402361 7068375270.9798279 -7068328786.0437174
34.502714726025971 7095716844.5193758 -7095670287.7419024
34.502716728028332 7123196068.0775356 -7123149439.2641726
34.502718730030701 7150813795.5616646 -7150767094.5171318
34.502720732033062 7178570887.1768532 -7178524113.7051144
34.502722734035423 7206468209.4797678 -7206421363.3840246
34.502724736037784 7234506635.4330158 -7234459716.5157051
34.502726738040153 7262687044.4600487 -7262640052.5228395
34.502728740042514 7291010322.5005932 -7290963257.3443813
34.502730742044875 7319477362.0666208 -7319430223.4915257
34.502732744047243 7348089062.2988663 -7348041850.1042271
34.502734746049605 7376846329.023901 -7376799043.0082722
34.502736748051966 7405750074.8117666 -7405702714.7729149
34.502738750054327 7434801219.0341778 -7434753784.7690763
34.502740752056695 7464000687.9232864 -7463953179.2281132
34.502742754059057 7493349414.6310253 -7493301831.301157
34.502744756061418 7522848339.2890377 -7522800681.1190472
34.502746758063779 7552498409.0692005 -7552450675.8528519
34.502748760066147 7582300578.2447414 -7582252769.7749844
34.502750762068509 7612255808.2519646 -7612207924.3209333
34.50275276407087 7642365067.7525797 -7642317108.1515865
34.502754766073231 7672629332.6966496 -7672581297.2161818
34.502756768075599 7703049586.3861685 -7703001474.8158836
34.502758770077961 7733626819.5392618 -7733578631.667984
34.502760772080322 7764362030.3550148 -7764313765.9707289
34.502762774082683 7795256224.5789757 -7795207883.4688244
34.502764776085051 7826310415.569293 -7826261997.5195723
34.502766778087413 7857525624.3635082 -7857477129.1596622
34.502768780089774 7888902879.7460251 -7888854307.1726418
34.502770782092135 7920443218.3162527 -7920394568.1570606
34.502772784094503 7952147684.5574226 -7952098956.5952854
34.502774786096865 7984017330.9060984 -7983968524.9230108
34.502776788099226 8016053217.8223925 -8016004333.5994749
34.502778790101594 8048256413.8608694 -8048207451.1783648
34.502780792103955 8080627995.742178 -8080578954.3794451
34.502782794106317 8113169048.4253988 -8113119928.1609106
34.502784796108678 8145880665.1811171 -8145831465.7924538
34.502786798111046 8178763947.6652374 -8178714668.9290829
34.502788800113407 8211820005.9935446 -8211770647.6856794
34.502790802115769 8245049958.8170185 -8245000520.7123194
34.50279280411813 8278454933.3979197 -8278405415.2703514
34.502794806120498 8312036065.6866188 -8311986467.3092299
34.502796808122859 8345794500.3992376 -8345744821.5441561
34.502798810125221 8379731391.0960722 -8379681631.5345011
34.502800812127582 8413847900.2608013 -8413798059.7630129
34.50280281412995 8448145199.3805161 -8448095277.715848
34.502804816132311 8482624469.0265455 -8482574465.9633942
34.502806818134673 8517286898.9361382 -8517236814.2419558
34.502808820137034 8552133688.0949612 -8552083521.5362492
34.502810822139402 8587166044.8204374 -8587115796.1627407
34.502812824141763 8622385186.8459606 -8622334855.8538647
34.502814826144125 8657792341.405962 -8657741927.8430862
34.502816828146493 8693388745.3218555 -8693338248.9508514
34.502818830148854 8729175645.0888271 -8729125065.6713676
34.502820832151215 8765154296.9635696 -8765103634.2603474
34.502822834153577 8801325967.0529041 -8801275220.8236256
34.502824836155945 8837691931.4033318 -8837641101.4067097
34.502826838158306 8874253476.0915012 -8874202562.0852547
34.502828840160667 8911011897.3156033 -8910960899.0564461
34.502830842163029 8947968501.4877281 -8947917418.7313671
34.502832844165397 8985124605.3271675 -8985073437.8282986
34.502834846167758 9022481535.9546852 -9022430283.4669838
34.502836848170119 9060040630.987772 -9059989293.2638893
34.502838850172481 9097803238.6369114 -9097751815.4284687
34.502840852174849 9135770717.802845 -9135719208.8604298
34.50284285417721 9173944438.1748219 -9173892843.2479782
34.502844856179571 9212325780.3299236 -9212274099.1671524
34.502846858181933 9250916135.8333893 -9250864368.1821384
34.502848860184301 9289716907.3399849 -9289665052.9466419
34.502850862186662 9328729508.6964893 -9328677567.3063793
34.502852864189023 9367955365.0452213 -9367903336.4026012
34.502854866191385 9407395912.928669 -9407343796.7767181
34.502856868193753 9447052600.3952141 -9447000396.4760323
34.502858870196114 9486926887.1059628 -9486874595.1605606
34.502860872198475 9527020244.4427299 -9526967864.2110271
34.502862874200844 9567334155.617157 -9567281686.8379726
34.502864876203205 9607870115.7809639 -9607817558.1920128
34.502866878205566 9648629632.1374035 -9648576985.4752884
34.502868880207927 9689614224.053854 -9689561488.0540619
34.502870882210296 9730825423.1756535 -9730772597.572546
34.502872884212657 9772264773.5411301 -9772211858.0679398
34.502874886215018 9813933831.6978607 -9813880826.0866852
34.502876888217379 9855834166.8201561 -9855781070.8019485
34.502878890219748 9897967360.8278217 -9897914174.1323872
34.502880892222109 9940335008.506197 -9940281730.8621845
34.50288289422447 9982938717.6274681 -9982885348.7623672
34.502884896226831 10025780109.073261 -10025726648.713394
34.5028868982292 10068860816.958567 -10068807264.829079
34.502888900231561 10112182488.757011 -10112128844.581867
34.502890902233922 10155746785.427479 -10155693048.929457
34.502892904236283 10199555381.542067 -10199501552.442749
34.502894906238652 10243609965.415462 -10243556043.435232
34.502896908241013 10287912239.235697 -10287858224.093727
34.502898910243374 10332463919.196318 -10332409810.610569
34.502900912245742 10377266735.630003 -10377212533.317215
34.502902914248104 10422322433.143579 -10422268136.819262
34.502904916250465 10467632770.754562 -10467578380.13299
34.502906918252826 10513199522.029202 -10513145036.823408
34.502908920255194 10559024475.221939 -10558969895.143707
34.502910922257556 10605109433.416479 -10605054758.176336
34.502912924259917 10651456214.668369 -10651401443.97558
34.502914926262278 10698066652.149118 -10698011785.711678
34.502916928264646 10744942594.29191 -10744887631.81653
34.502918930267008 10792085904.938929 -10792030846.131041
34.502920932269369 10839498463.490301 -10839443308.054045
34.50292293427173 10887182165.054642 -10887126912.692854
34.502924936274098 10935138920.601284 -10935083571.015497
34.50292693827646 10983370657.114185 -10983315210.004616
34.502928940278821 11031879317.747532 -11031823772.813072
34.502930942281182 11080666861.983089 -11080611218.921305
34.50293294428355 11129735265.789249 -11129679524.296368
34.502934946285912 11179086521.781832 -11179030681.552734
34.502936948288273 11228722639.386719 -11228666700.114933
34.502938950290634 11278645645.004301 -11278589606.381994
34.502940952293002 11328857582.175747 -11328801443.893719
34.502942954295364 11379360511.751085 -11379304273.498758
34.502944956297725 11430156512.059168 -11430100173.52458
34.502946958300093 11481247679.079561 -11481191239.949358
34.502948960302454 11532636126.616371 -11532579586.575798
34.502950962304816 11584323986.473967 -11584267345.20686
34.502952964307177 11636313408.634716 -11636256665.823494
34.502954966309545 11688606561.438707 -11688549716.764364
34.502956968311906 11741205631.765482 -11741148684.907578
34.502958970314268 11794112825.217857 -11794055775.854509
34.502960972316629 11847330366.307775 -11847273214.115654
34.502962974318997 11900860498.644234 -11900803243.298544
34.502964976321358 11954705485.123423 -11954648126.297907
34.50296697832372 12008867608.120964 -12008810145.487888
34.502968980326081 12063349169.686298 -12063291602.916443
34.502970982328449 12118152491.739334 -12118094820.501986
34.50297298433081 12173279916.269299 -12173222140.232241
34.502974986333172 12228733805.5359 -12228675924.365406
34.502976988335533 12284516542.272739 -12284458555.633562
34.502978990337901 12340630529.893051 -12340572437.448414
34.502980992340262 12397078192.697807 -12397019994.109396
34.502982994342624 12453861976.086195 -12453803671.014145
34.502984996344992 12510984346.768551 -12510925934.871443
34.502986998347353 12568447792.981689 -12568389273.91654
34.502989000349714 12626254824.706699 -12626196198.128948
34.502991002352076 12684407973.88925 -12684349239.452749
34.502993004354444 12742909794.662497 -12742850952.019508
34.502995006356805 12801762863.572552 -12801703912.373732
34.502997008359166 12860969779.806482 -12860910719.700874
34.502999010361528 12920533165.423033 -12920473996.058056
34.503001012363896 12980455665.58593 -12980396386.60737
34.503003014366257 13040739948.799999 -13040680559.852003
34.503005016368618 13101388707.149992 -13101329207.875051
34.50300701837098 13162404656.542114 -13162345046.581057
34.503009020373348 13223790536.948515 -13223730815.940496
34.503011022375709 13285549112.654551 -13285489280.237045
34.50301302437807 13347683172.508877 -13347623228.317665
34.503015026380432 13410195530.176586 -13410135473.845743
34.5030170283828 13473089024.395264 -13473028855.557154
34.503019030385161 13536366519.234062 -13536306237.519323
34.503021032387522 13600030904.355787 -13599970509.393324
34.503023034389884 13664085095.282063 -13664024586.699034
34.503025036392252 13728532033.661695 -13728471411.083504
34.503027038394613 13793374687.542122 -13793313950.592403
34.503029040396974 13858616051.644152 -13858555199.944765
34.503031042399343 13924259147.639891 -13924198180.810905
34.503033044401704 13990307024.43399 -13990245942.093678
34.503035046404065 14056762758.448233 -14056701560.213051
34.503037048406426 14123629453.909519 -14123568139.394106
34.503039050408795 14190910243.141283 -14190848811.958441
34.503041052411156 14258608286.858383 -14258546738.619074
34.503043054413517 14326726774.465454 -14326665108.778782
34.503045056415878 14395268924.358862 -14395207140.832062
34.503047058418247 14464237984.232349 -14464176082.470779
34.503049060420608 14533637231.386269 -14533575210.993395
34.503051062422969 14603469973.040533 -14603407833.61792
34.50305306442533 14673739546.651346 -14673677287.798643
34.503055066427699 14744449320.231749 -14744386941.546679
34.50305706843006 14815602692.676048 -14815540193.754396
34.503059070432421 14887203094.08814 -14887140474.523741
34.503061072434782 14959253986.113808 -14959191245.498529
34.503063074437151 15031758862.277073 -15031696000.200813
34.503065076439512 15104721248.320595 -15104658264.371264
34.503067078441873 15178144702.550192 -15178081596.313694
34.503069080444241 15252032816.183632 -15251969587.243864
34.503071082446603 15326389213.703632 -15326325861.642464
34.503073084448964 15401217553.215103 -15401154077.612366
34.503075086451325 15476521526.806822 -15476457927.240294
34.503077088453693 15552304860.917583 -15552241136.96298
34.503079090456055 15628571316.706778 -15628507467.937735
34.503081092458416 15705324690.429504 -15705260716.41757
34.503083094460777 15782568813.816359 -15782504714.130974
34.503085096463145 15860307554.457823 -15860243328.666313
34.503087098465507 15938544816.193415 -15938480463.860973
34.503089100467868 16017284539.505692 -16017220060.195368
34.503091102470229 16096530701.919096 -16096466095.19178
34.503093104472597 16176287318.403677 -16176222583.818087
34.503095106474959 16256558441.783928 -16256493578.896593
34.50309710847732 16337348163.152723 -16337283171.517973
34.503099110479681 16418660612.290291 -16418595491.460241
34.503101112482049 16500499958.088455 -16500434707.612995
34.503103114484411 16582870408.980146 -16582805028.406918
34.503105116486772 16665776213.374283 -16665710702.248669
34.503107118489133 16749221660.096222 -16749156017.961334
34.503109120491501 16833211078.833614 -16833145305.230278
34.503111122493863 16917748840.58783 -16917682935.054565
34.503113124496224 17002839358.131077 -17002773320.204088
34.503115126498592 17088487086.469412 -17088420915.682571
34.503117128500953 17174696523.311401 -17174630219.196232
34.503119130503315 17261472209.542774 -17261405771.628437
34.503121132505676 17348818729.7071 -17348752157.520374
34.503123134508044 17436740712.492542 -17436674005.557812
34.503125136510405 17525242831.224857 -17525175989.064102
34.503127138512767 17614329804.366577 -17614262826.499344
34.503129140515128 17704006396.022499 -17703939281.965897
34.503131142517496 17794277416.451752 -17794210165.720428
34.503133144519857 17885147722.586254 -17885080334.692383
34.503135146522219 17976622218.555969 -17976554693.009235
34.50313714852458 18068705856.220734 -18068638192.528309
34.503139150526948 18161403635.708931 -18161335833.375465
34.503141152529309 18254720605.963257 -18254652664.49086
34.503143154531671 18348661865.293289 -18348593784.181515
34.503145156534032 18443232561.9352 -18443164340.681023
34.5031471585364 18538437894.618797 -18538369532.716599
34.503149160538761 18634283113.141949 -18634214610.083504
34.503151162541123 18730773518.95219 -18730704874.226646
34.503153164543491 18827914465.735989 -18827845678.829842
34.503155166545852 18925711360.015812 -18925642430.412899
34.503157168548213 19024169661.75491 -19024100588.936386
34.503159170550575 19123294884.969837 -19123225668.414162
34.503161172552943 19223092598.351028 -19223023237.533939
34.503163174555304 19323568425.891479 -19323498920.28598
34.503165176557665 19424728047.523674 -19424658396.600014
34.503167178560027 19526577199.764866 -19526507402.990517
34.503169180562395 19629121676.370895 -19629051733.210545
34.503171182564756 19732367328.998421 -19732297238.91394
34.503173184567117 19836320067.875931 -19836249830.326363
34.503175186569479 19940985862.483765 -19940915476.925301
34.503177188571847 20046370742.243057 -20046300208.129017
34.503179190574208 20152480797.213718 -20152410113.994534
34.503181192576569 20259322178.801723 -20259251345.924923
34.503183194578931 20366901100.475742 -20366830117.385918
34.503185196581299 20475223838.493286 -20475152704.632084
34.50318719858366 20584296732.636524 -20584225447.442619
34.503189200586021 20694126186.958138 -20694054749.867218
34.503191202588383 20804718670.536823 -20804647080.981564
34.503193204590751 20916080718.243073 -20916008975.653114
34.503195206593112 21028218931.515209 -21028147035.317146
34.503197208595473 21141139979.145687 -21141067928.763035
34.503199210597842 21254850598.078163 -21254778392.931339
34.503201212600203 21369357594.215286 -21369285233.721592
34.503203214602564 21484667843.237461 -21484595326.811062
34.503205216604925 21600788291.432369 -21600715618.484268
34.503207218607294 21717725956.535801 -21717653126.473816
34.503209220609655 21835487928.58411 -21835414940.812855
34.503211222612016 21954081370.778107 -21954008224.698967
34.503213224614377 22073513520.358624 -22073440215.369728
34.503215226616746 22193791689.494289 -22193718224.990501
34.503217228619107 22314923266.181084 -22314849641.553963
34.503219230621468 22436915715.154301 -22436841929.792088
34.503221232623829 22559776578.813095 -22559702632.100685
34.503223234626198 22683513478.157623 -22683439369.476543
34.503225236628559 22808134113.738998 -22808059842.467388
34.50322723863092 22933646266.622368 -22933571832.134945
34.503229240633281 23060057799.363171 -23059983201.031216
34.50323124263565 23187376656.997101 -23187301894.188427
34.503233244638011 23315610868.043564 -23315535940.122494
34.503235246640372 23444768545.523212 -23444693451.850552
34.503237248642741 23574857887.989365 -23574782627.922379
34.503239250645102 23705887180.573895 -23705811753.466286
34.503241252647463 23837864796.047691 -23837789201.249569
34.503243254649824 23970799195.895645 -23970723432.753494
34.503245256652193 24104698931.407112 -24104622999.263779
34.503247258654554 24239572644.781487 -24239496542.976147
34.503249260656915 24375429070.248898 -24375352798.117027
34.503251262659276 24512277035.206974 -24512200592.080326
34.503253264661645 24650125461.373444 -24650048846.580017
34.503255266664006 24788983365.955105 -24788906578.819122
34.503257268666367 24928859862.833282 -24928782902.675159
34.503259270668728 25069764163.765995 -25069687029.902313
34.503261272671097 25211705579.606918 -25211628271.350395
34.503263274673458 25354693521.541805 -25354616038.201267
34.503265276675819 25498737502.342571 -25498659843.222923
34.50326727867818 25643847137.639366 -25643769302.041561
34.503269280680549 25790032147.210426 -25789954134.431446
34.50327128268291 25937302356.290478 -25937224165.623291
34.503273284685271 26085667696.897728 -26085589327.631271
34.503275286687632 26235138209.180046 -26235059660.599186
34.503277288690001 26385724042.780216 -26385645314.165722
34.503279290692362 26537435458.221172 -26537356548.849682
34.503281292694723 26690282828.311012 -26690203737.455006
34.503283294697091 26844276639.568195 -26844197366.495964
34.503285296699453 26999427493.667557 -26999348037.643169
34.503287298701814 27155746108.906898 -27155666469.19017
34.503289300704175 27313243321.695141 -27313163497.541603
34.503291302706543 27471930088.061905 -27471850078.722771
34.503293304708905 27631817485.189156 -27631737289.911285
34.503295306711266 27792916712.965145 -27792836330.991016
34.503297308713627 27955239095.561108 -27955158526.128784
34.503299310715995 28118796083.031071 -28118715325.374165
34.503301312718357 28283599252.934772 -28283518306.282413
34.503303314720718 28449660311.984665 -28449579175.561462
34.503305316723079 28616991097.717155 -28616909770.743164
34.503307318725447 28785603580.188538 -28785522061.87923
34.503309320727809 28955509863.695747 -28955428153.261971
34.50331132273017 29126722188.522419 -29126640285.170364
34.503313324732531 29299252932.71125 -29299170835.642414
34.503315326734899 29473114613.862305 -29473032322.273453
34.503317328737261 29648319890.95816 -29648237404.041294
34.503319330739622 29824881566.216152 -29824798883.158466
34.50332133274199 30002812586.968521 -30002729706.95237
34.503323334744351 30182126047.570427 -30182042969.773289
34.503325336746713 30362835191.336349 -30362751914.930786
34.503327338749074 30544953412.505848 -30544869936.65947
34.503329340751442 30728494258.238708 -30728410582.114128
34.503331342753803 30913471430.640118 -30913387553.394917
34.503333344756165 31099898788.816418 -31099814709.603107
34.503335346758526 31287790350.961899 -31287706068.927883
34.503337348760894 31477160296.477108 -31477075810.764637
34.503339350763255 31668022968.119167 -31667938277.865299
34.503341352765617 31860392874.184986 -31860307978.521549
34.503343354767978 32054284690.727448 -32054199588.780994
34.503345356770346 32249713263.805595 -32249627954.697361
34.503347358772707 32446693611.769161 -32446608094.615028
34.503349360775069 32645240927.577934 -32645155201.48838
34.50335136277743 32845370581.156582 -32845284645.236641
34.503353364779798 33047098121.786118 -33047011975.135342
34.503355366782159 33250439280.531544 -33250352922.243954
34.503357368784521 33455409972.706993 -33455323401.871029
34.503359370786882 33662026300.379524 -33661939516.078014
34.50336137278925 33870304554.911022 -33870217556.221127
34.503363374791611 34080261219.539627 -34080174005.532795
34.503365376793973 34291912972.001499 -34291825541.743427
34.503367378796341 34505276687.192917 -34505189039.7435
34.503369380798702 34720369439.87429 -34720281574.287567
34.503371382801063 34937208507.416206 -34937120422.740326
34.503373384803425 35155811372.588516 -35155723067.865677
34.503375386805793 35376195726.393036 -35376107200.659447
34.503377388808154 35598379470.940643 -35598290723.226471
34.503379390810515 35822380722.374008 -35822291751.703331
34.503381392812877 36048217813.83567 -36048128619.226425
34.503383394815245 36275909298.483475 -36275819878.947403
34.503385396817606 36505473952.553993 -36505384307.096596
34.503387398819967 36736930778.473969 -36736840906.094452
34.503389400822329 36970299008.021873 -36970208907.713097
34.503391402824697 37205598105.538834 -37205507776.28727
34.503393404827058 37442847771.19104 -37442757211.9767
34.503395406829419 37682067944.284729 -37681977154.081123
34.503397408831781 37923278806.633682 -37923187784.407761
34.503399410834149 38166500785.980873 -38166409530.692978
34.50340141283651 38411754559.475647 -38411663070.079445
34.503403414838871 38659061057.206169 -38658969332.648613
34.50340541684124 38908441465.788849 -38908349505.010101
34.503407418843601 39159917232.015953 -39159825033.949341
34.503409420845962 39413510066.562782 -39413417630.134743
34.503411422848323 39669241947.754402 -39669149271.884415
34.503413424850692 39927135125.393456 -39927042208.994003
34.503415426853053 40187212124.650124 -40187118966.62661
34.503417428855414 40449495750.015793 -40449402349.266487
34.503419430857775 40714009089.32209 -40713915444.738075
34.503421432860144 40980775517.825317 -40980681628.290421
34.503423434862505 41249818702.357918 -41249724566.748657
34.503425436864866 41521162605.547775 -41521068222.733299
34.503427438867227 41794831490.106895 -41794736858.948906
34.503429440869596 42070849923.191559 -42070755042.54425
34.503431442871957 42349242780.834862 -42349147649.544868
34.503433444874318 42630035252.451988 -42629939869.358315
34.503435446876679 42913252845.420456 -42913157209.354401
34.503437448879048 43198921389.737076 -43198825499.522179
34.503439450881409 43487067042.751945 -43486970897.203911
34.50344145288377 43777716293.982033 -43777619891.908669
34.503443454886131 44070895970.005074 -44070799310.206223
34.5034454568885 44366633239.435158 -44366536320.702621
34.503447458890861 44664955617.982666 -44664858439.100143
34.503449460893222 44965890973.598633 -44965793533.341637
34.50345146289559 45269467531.707176 -45269369828.842972
34.503453464897952 45575713880.526131 -45575615913.81366
34.503455466900313 45884658976.476578 -45884560744.666382
34.503457468902674 46196332149.686272 -46196233651.520439
34.503459470905042 46510763109.58416 -46510664343.796219
34.503461472907404 46827981950.59214 -46827882915.906998
34.503463474909765 47148019157.914429 -47147919853.048309
34.503465476912126 47470905613.424332 -47470806037.084679
34.503467478914494 47796672601.652748 -47796572752.538155
34.503469480916856 48125351815.8797 -48125251692.679825
34.503471482919217 48456975364.33168 -48456874965.727173
34.503473484921578 48791575776.484543 -48791475101.146957
34.503475486923946 49129186009.47683 -49129085056.068542
34.503477488926308 49469839454.633194 -49469738221.807343
34.503479490928669 49813569944.101486 -49813468430.501862
34.50348149293103 50160411757.605072 -50160309961.866035
34.503483494933398 50510399629.31369 -50510297550.060097
34.50348549693576 50863568754.833458 -50863466390.680573
34.503487498938121 51219954798.319809 -51219852147.873215
34.503489500940489 51579593899.715202 -51579490961.570709
34.50349150294285 51942522682.114075 -51942419454.857635
34.503493504945212 52308778259.25811 -52308674741.465721
34.503495506947573 52678398243.163902 -52678294433.401527
34.503497508949941 53051420751.88456 -53051316648.708023
34.503499510952302 53427884417.409912 -53427780019.364815
34.503501512954664 53807828393.707413 -53807723699.329033
34.503503514957025 54191292364.905983 -54191187372.719185
34.503505516959393 54578316553.625404 -54578211262.144547
34.503507518961754 54968941729.454987 -54968836137.183807
34.503509520964116 55363209217.584236 -55363103323.01577
34.503511522966477 55761160907.589645 -55761054709.206108
34.503513524968845 56162839262.379189 -56162732758.651901
34.503515526971206 56568287327.297729 -56568180516.686989
34.503517528973568 56977548739.397339 -56977441620.352325
34.503519530975929 57390667736.876175 -57390560307.834862
34.503521532978297 57807689168.687881 -57807581428.076904
34.503523534980658 58228658504.326424 -58228550450.560989
34.50352553698302 58653621843.790215 -58653513475.273987
34.503527538985381 59082625927.726669 -59082517242.851669
34.503529540987749 59515718147.764038 -59515609144.910515
34.50353154299011 59952946557.032707 -59952837234.569046
34.503533544992472 60394359880.880577 -60394250237.163177
34.50353554699484 60840007527.783913 -60839897561.157059
34.503537548997201 61289939600.463974 -61289829309.25975
34.503539550999562 61744206907.205864 -61744096289.744011
34.503541553001924 62202860973.388443 -62202750027.976242
34.503543555004292 62665954053.231178 -62665842778.163353
34.503545557006653 63133539141.756577 -63133427535.31514
34.503547559009014 63605669986.978325 -63605558047.432472
34.503549561011376 64082401102.318687 -64082288827.924675
34.503551563013744 64563787779.257652 -64563675168.258667
34.503553565016105 65049886100.219917 -65049773150.845947
34.503555567018466 65540752951.705521 -65540639662.173225
34.503557569020828 66036446037.668839 -66036332406.181427
34.503559571023196 66537023893.150742 -66536909917.897835
34.503561573025557 67042545898.169441 -67042431577.326927
34.503563575027918 67553072291.876129 -67552957623.606041
34.50356557703028 68068664186.982849 -68068549169.43322
34.503567579032648 68589383584.463615 -68589268215.768349
34.503569581035009 69115293388.537292 -69115177666.816025
34.50357158303737 69646457421.938873 -69646341345.296814
34.503573585039739 70182940441.484192 -70182824008.011978
34.5035755870421 70724808153.938675 -70724691361.71225
34.503577589044461 71272127232.18927 -71272010079.269714
34.503579591046822 71824965331.729889 -71824847816.163284
34.503581593049191 72383391107.469818 -72383273227.287079
34.503583595051552 72947474230.867859 -72947355984.084595
34.503585597053913 73517285407.402969 -73517166792.019348
34.503587599056274 74092896394.382919 -74092777408.383469
34.503589601058643 74674380019.102921 -74674260660.456375
34.503591603061004 75261810197.366623 -75261690464.025803
34.503593605063365 75855261952.368088 -75855141842.269684
34.503595607065726 76454811433.946732 -76454690945.011185
34.503597609068095 77060535938.226318 -77060415068.35762
34.503599611070456 77672513927.639282 -77672392674.724823
34.503601613072817 78290825051.356094 -78290703413.266495
34.503603615075178 78915550166.113998 -78915428140.702911
34.503605617077547 79546771357.468506 -79546648942.572464
34.503607619079908 80184571961.47139 -80184449154.909622
34.503609621082269 80829036586.779297 -80828913386.353546
34.50361162308463 81480251137.210999 -81480127540.705338
34.503613625086999 82138302834.758514 -82138178839.939163
34.50361562708936 82803280243.066925 -82803155847.682068
34.503617629091721 83475273291.386169 -83475148493.165771
34.503619631094089 84154373299.011887 -84154248095.667465
34.503621633096451 84840673000.224762 -84840547389.449234
34.503623635098812 85534266569.742142 -85534140549.209595
34.503625637101173 86235249648.687271 -86235123216.052795
34.503627639103541 86943719371.093842 -86943592523.993301
34.503629641105903 87659774390.953506 -87659647127.003342
34.503631643108264 88383514909.826035 -88383387226.623047
34.503633645110625 89115042705.01973 -89114914600.140884
34.503635647112993 89854461158.355301 -89854332629.357513
34.503637649115355 90601875285.526596 -90601746329.946518
34.503639651117716 91357391766.071457 -91357262381.425247
34.503641653120077 92121118973.97525 -92120989157.758331
34.503643655122445 92893167008.914032 -92893036758.600922
34.503645657124807 93673647728.150482 -93673517041.194504
34.503647659127168 94462674779.102875 -94462543652.935974
34.503649661129529 95260363632.604462 -95260232064.636948
34.503651663131897 96066831616.863922 -96066699604.484238
34.503653665134259 96882197952.142746 -96882065492.717224
34.50365566713662 97706583786.178833 -97706450877.051437
34.503657669138988 98540112230.362106 -98539978868.854218
34.503659671141349 99382908396.682877 -99382774580.093018
34.503661673143711 100235099435.47035 -100234965161.07393
34.503663675146072 101096814573.94666 -101096679838.99574
34.50366567714844 101968185155.60632 -101968049957.32935
34.503667679150801 102849344680.44817 -102849209016.04967
34.503669681153163 103740428846.08151 -103740292712.74188
34.503671683155524 104641575589.72467 -104641438984.59985
34.503673685157892 105552925131.11563 -105552788051.3369
34.503675687160253 106474620016.35838 -106474482459.03198
34.503677689162615 107406805162.73271 -107406667124.93965
34.503679691164976 108349627904.48698 -108349489383.28271
34.503681693167344 109303238039.63216 -109303099032.04626
34.503683695169705 110267787877.77625 -110267648380.81219
34.503685697172067 111243432289.01109 -111243292299.64589
34.503687699174428 112230328753.88663 -112230188269.07051
34.503689701176796 113228637414.50089 -113228496431.15706
34.503691703179157 114238521126.72493 -114238379641.74925
34.503693705181519 115260145513.58606 -115260003523.84666
34.50369570718388 116293679019.85797 -116293536522.19501
34.503697709186248 117339292967.87929 -117339149959.10457
34.503699711188609 118397161614.6237 -118397018091.52036
34.503701713190971 119467462210.06766 -119467318169.38982
34.503703715193339 120550375056.87701 -120550230495.34949
34.5037057171957 121646083571.44469 -121645938485.76259
34.503707719198061 122754774346.32249 -122754628733.15089
34.503709721200423 123876637214.08047 -123876491070.05405
34.503711723202791 125011865312.63292 -125011718634.35559
34.503713725205152 126160655152.05775 -126160507936.10231
34.503715727207513 127323206682.96176 -127323058925.86951
34.503717729209875 128499723366.42397 -128499575064.70433
34.503719731212243 129690412245.55409 -129690263395.68427
34.503721733214604 130895484018.71666 -130895334617.14117
34.503723735216965 132115153114.45998 -132115003157.59032
34.503725737219327 133349637768.20143 -133349487252.41565
34.503727739221695 134599160100.70381 -134599009022.34613
34.503729741224056 135863946198.3924 -135863794553.77278
34.503731743226417 137144226195.56604 -137144073980.95978
34.503733745228779 138440234358.55405 -138440081570.20132
34.503735747231147 139752209171.86053 -139752055805.966
34.503737749233508 141080393426.36453 -141080239479.09686
34.503739751235869 142425034309.61731 -142424879777.1088
34.503741753238238 143786383498.29657 -143786228376.64261
34.503743755240599 145164697252.87473 -145164541538.13342
34.50374575724296 146560236514.56213 -146560080202.75378
34.503747759245321 147973267004.59061 -147973110091.69724
34.50374976124769 149404059325.89944 -149403901807.86438
34.503751763250051 150852889067.27216 -150852730939.99948
34.503753765252412 152320036910.01987 -152319878169.37393
34.503755767254773 153805788737.2655 -153805629379.07043
34.503757769257142 155310435745.90399 -155310275765.94321
34.503759771259503 156834274561.2886 -156834113955.30426
34.503761773261864 158377607354.75122 -158377446118.4437
34.503763775264225 159940741964.02856 -159940580093.05594
34.503765777266594 161523992016.65848 -161523829506.63596
34.503767779268955 163127677056.44476 -163127513902.94415
34.503769781271316 164752122673.08218 -164751958871.63132
34.503771783273677 166397660634.99448 -166397496181.07666
34.503773785276046 168064629025.50995 -168064463914.56339
34.503775787278407 169753372382.45593 -169753206609.87311
34.503777789280768 171464241841.27994 -171464075402.40704
34.503779791283129 173197595281.77872 -173197428171.91504
34.503781793285498 174953797478.5488 -174953629692.94614
34.503783795287859 176733220255.25366 -176733051789.11566
34.50378579729022 178536242642.82468 -178536073491.30615
34.503787799292589 180363251041.73172 -180363081199.93811
34.50378980129495 182214639388.40881 -182214468851.39542
34.503791803297311 184090809325.96011 -184090638088.73151
34.503793805299672 185992170379.2663 -185991998436.77563
34.503795807302041 187919140134.63071 -187918967481.77896
34.503797809304402 189872144424.10571 -189871971055.74109
34.503799811306763 191851617514.61411 -191851443425.53122
34.503801813309124 193858002302.00439 -193857827486.9436
34.503803815311493 195891750510.21255 -195891574963.85925
34.503805817313854 197953322895.6442 -197953146612.62799
34.503807819316215 200043189456.96881 -200043012431.86276
34.503809821318576 202161829650.4754 -202161651877.79532
34.503811823320945 204309732611.12683 -204309554085.33041
34.503813825323306 206487397379.50748 -206487218094.99356
34.503815827325667 208695333134.85175 -208695153085.95947
34.503817829328028 210934059434.30371 -210933878615.31165
34.503819831330397 213204106458.63727 -213203924863.76263
34.503821833332758 215506015264.59158 -215505832887.98935
34.503823835335119 217840338044.04712 -217840154879.80917
34.503825837337487 220207638390.22946 -220207454432.38367
34.503827839339849 222608491571.19177 -222608306813.70114
34.50382984134221 225043484810.73584 -225043299247.49753
34.503831843344571 227513217577.0784 -227513031201.92276
34.503833845346939 230018301879.48303 -230018114686.17279
34.503835847349301 232559362573.04062 -232559174555.26978
34.503837849351662 235137037671.87747 -235136848823.27039
34.503839851354023 237751978671.12659 -237751788985.23694
34.503841853356391 240404850877.85916 -240404660348.16895
34.503843855358753 243096333751.27502 -243096142371.19351
34.503845857361114 245827121252.42374 -245826929015.28641
34.503847859363475 248597922203.80905 -248597729102.87653
34.503849861365843 251409460659.17374 -251409266687.63065
34.503851863368205 254262476283.7384 -254262281434.69232
34.503853865370566 257157724745.30524 -257157529011.78552
34.503855867372927 260095978116.48663 -260095781491.44324
34.503857869375295 263078025288.50064 -263077827764.80298
34.503859871377657 266104672396.88174 -266104473967.3175
34.503861873380018 269176743259.39569 -269176543916.66959
34.503863875382379 272295079826.70404 -272294879563.43655
34.503865877384747 275460542646.10815 -275460341454.83423
34.503867879387109 278674011338.85468 -278673809212.02252
34.50386988138947 281936385091.36652 -281936182021.33618
34.503871883391838 285248583160.92181 -285248379139.96399
34.503873885394199 288611545396.23474 -288611340416.5293
34.503875887396561 292026232773.40991 -292026026827.04449
34.503877889398922 295493627947.79791 -295493421026.76654
34.50387989140129 299014735822.3587 -299014527918.56036
34.503881893403651 302590584132.97485 -302590375238.21198
34.503883895406013 306222224051.31854 -306222014157.29553
34.503885897408374 309910730805.88818 -309910519904.20996
34.503887899410742 313657204321.76532 -313656992403.93561
34.503889901413103 317462769879.81781 -317462556937.23767
34.503891903415465 321328578795.94537 -321328364819.91144
34.503893905417826 325255809121.18011 -325255594102.88312
34.503895907420194 329245666363.18311 -329245450293.70612
34.503897909422555 333299384229.87061 -333299167100.18719
34.503899911424917 337418225396.1731 -337418007197.14581
34.503901913427278 341603482294.50873 -341603263016.88715
34.503903915429646 345856477929.76709 -345856257564.1861
34.503905917432007 350178566719.82861 -350178345256.80646
34.503907919434369 354571135362.43451 -354570912792.37091
34.503909921436737 359035603729.4328 -359035380042.60718
34.503911923439098 363573425789.09521 -363573200975.66449
34.503913925441459 368186090557.82385 -368185864607.82056
34.503915927443821 372875123082.10785 -372874895985.43805
34.503917929446189 377642085451.89618 -377641857198.3374
34.50391993144855 382488577846.4989 -382488348425.698
34.503921933450911 387416239614.08923 -387416009015.56018
34.503923935453273 392426750386.1748 -392426518599.29645
34.503925937455641 397521831228.21692 -397521598242.23077
34.503927939458002 402703245827.7832 -402703011631.79114
34.503929941460363 407972801721.47943 -407972566304.44116
34.503931943462725 413332351562.31824 -413332114913.04907
34.503933945465093 418783794428.75946 -418783556535.9278
34.503935947467454 424329077177.10516 -424328838029.22992
34.503937949469815 429970195838.81476 -429969955424.26282
34.503939951472177 435709197064.5448 -435708955371.52838
34.503941953474545 441548179616.51392 -441547936633.08789
34.503943955476906 447489295911.06982 -447489051625.12903
34.503945957479267 453534753613.27844 -453534508012.55481
34.503947959481629 459686817285.70337 -459686570357.76312
34.503949961483997 465947810093.23358 -465947561825.47424
34.503951963486358 472320115566.24628 -472319865945.89374
34.503953965488719 478806179424.32593 -478805928438.43134
34.503955967491088 485408511462.83221 -485408259098.26892
34.503957969493449 492129687504.78149 -492129433748.24188
34.50395997149581 498972351420.54865 -498972096258.54077
34.503961973498171 505939217218.06146 -505938960636.90582
34.50396397550054 513033071206.25183 -513032813192.07794
34.503965977502901 520256774234.64569 -520256514773.38855
34.503967979505262 527613264012.17664 -527613003089.57324
34.503969981507623 535105557508.31982 -535105295109.90546
34.503971983509992 542736753439.79102 -542736489550.89551
34.503973985512353 550510034846.39111 -550509769452.13513
34.503975987514714 558428671759.29285 -558428404844.58398
34.503977989517075 566496023965.78516 -566495755515.31372
34.503979991519444 574715543874.53699 -574715273872.77234
34.503981993521805 583090779484.97437 -583090507916.1604
34.503983995524166 591625377465.0481 -591625104313.19922
34.503985997526527 600323086342.50293 -600322811591.39941
34.503987999528896 609187759814.01562 -609187483447.19934
34.503990001531257 618223360177.00146 -618223082177.77124
34.503992003533618 627433961888.98535 -627433682240.39233
34.503994005535986 636823755260.32642 -636823473945.16931
34.503996007538348 646397050285.46069 -646396767286.28064
34.503998009540709 656158280619.13306 -656157995918.20874
34.50400001154307 666112007703.50928 -666111721282.85181
34.504002013545438 676262925052.12622 -676262636893.47375
34.5040040155478 686615862698.27795 -686615572783.09045
34.504006017550161 697175791813.70154 -697175500123.15515
34.504008019552522 707947829506.17957 -707947536021.16089
34.50401002155489 718937243803.31519 -718936948504.41541
34.504012023557252 730149458830.33008 -730149161697.83923
34.504014025559613 741590060191.23438 -741589761205.13501
34.504016027561974 753264800561.20911 -753264499701.17017
34.504018029564342 765179605500.45105 -765179302745.82141
34.504020031566704 777340579498.78662 -777340274828.5885
34.504022033569065 789754012261.69128 -789753705654.6134
34.504024035571426 802426385248.75574 -802426076683.14661
34.504026037573794 815364378475.1394 -815364067929
34.504028039576156 828574877589.21924 -828574565040.19592
34.504030041578517 842064981237.80652 -842064666663.18347
34.504032043580878 855842008732.23425 -855841692108.92566
34.504034045583246 869913508030.74915 -869913189335.29175
34.504036047585608 884287264049.35962 -884286943257.90417
34.504038049587969 898971307318.17566 -898970984406.47888
34.504040051590337 913973922999.4906 -913973597942.90662
34.504042053592698 929303660283.43835 -929303333056.91003
34.50404405559506 944969342179.40417 -944969012757.4541
34.504046057597421 960980075722.18066 -960979744078.90186
34.504048059599789 977345262613.1626 -977344928722.20923
34.50405006160215 994074610316.55103 -994074274151.12842
34.504052063604512 1011178143633.0458 -1011177805165.9008
34.504054065606873 1028666216773.6798 -1028665875977.0903
34.504056067609241 1046549525958.2795 -1046549182804.0439
34.504058069611602 1064839122564.4976 -1064838777023.924
34.504060071613964 1083546426854.6727 -1083546078898.5679
34.504062073616325 1102683242308.4092 -1102682891907.0669
34.504064075618693 1122261770590.8315 -1122261417714.021
34.504066077621054 1142294627189.8403 -1142294271806.7939
34.504068079623416 1162794857754.7024 -1162794499834.1033
34.504070081625777 1183775955171.3953 -1183775594681.3645
34.504072083628145 1205251877411.8489 -1205251514319.9321
34.504074085630506 1227237066198.9221 -1227236700472.0767
34.504076087632868 1249746466525.064 -1249746098129.644
34.504078089635236 1272795547071.7925 -1272795175973.5354
34.504080091637597 1296400321575.8083 -1296399947739.8196
34.504082093639958 1320577371190.5605 -1320576994581.2981
34.50408409564232 1345343867897.6394 -1345343488478.8984
34.504086097644688 1370717599022.8513 -1370717216757.748
34.504088099647049 1396716992912.1851 -1396716607763.1404
34.50409010164941 1423361145832.6636 -1423360757761.3853
34.504092103651772 1450669850164.1213 -1450669459131.5867
34.50409410565414 1478663623951.3894 -1478663229917.8271
34.504096107656501 1507363741889.6423 -1507363344814.5134
34.504098109658862 1536792267823.8831 -1536791867665.8616
34.504100111661224 1566972088842.8152 -1566971685559.7686
34.504102113663592 1597926951055.8359 -1597926544604.8042
34.504104115665953 1629681497146.0798 -1629681087483.2544
34.504106117668314 1662261305802.9771 -1662260892883.6787
34.504108119670676 1695692933134.8662 -1695692516913.5225
34.504110121673044 1730003956178.6995 -1730003536608.821
34.504112123675405 1765223018624.4731 -1765222595658.6304
34.504114125677766 1801379878878.6216 -1801379452468.4189
34.504116127680128 1838505460605.625 -1838505030701.676
34.504118129682496 1876631905887.5278 -1876631472439.4277
34.504120131684857 1915792631159.8096 -1915792194116.1086
34.504122133687218 1956022386081.042 -1956021945389.2168
34.504124135689587 1997357315512.6274 -1997356871119.0513
34.504126137691948 2039835024797.9678 -2039834576647.8809
34.504128139694309 2083494648528.8457 -2083494196566.324
34.50413014169667 2128376923015.71 -2128376467183.6318
34.504132143699039 2174524262689.4495 -2174523802929.4631
34.5041341457014 2221980840670.0552 -2221980376922.5435
34.504136147703761 2270792673759.2715 -2270792205963.3159
34.504138149706122 2321007712132.5225 -2321007240225.8662
34.504140151708491 2372675934021.6333 -2372675457940.6436
34.504142153710852 2425849445701.7319 -2425848965381.3589
34.504144155713213 2480582587114.5054 -2480582102488.2412
34.504146157715574 2536932043496.729 -2536931554496.5649
34.504148159717943 2594956963392.1743 -2594956469948.5571
34.504150161720304 2654719083449.1675 -2654718585490.9526
34.504152163722665 2716282860461.7881 -2716282357916.1934
34.504154165725026 2779715611109.2539 -2779715103901.8086
34.504156167727395 2845087659913.3618 -2845087147967.856
34.504158169729756 2912472495969.9331 -2912471979208.3647
34.504160171732117 2981946939013.6143 -2981946417356.1338
34.504162173734485 3053591315454.9224 -3053590788819.7754
34.504164175736847 3127489645069.7251 -3127489113373.1924
34.504166177739208 3203729839079.5298 -3203729302235.8667
34.504168179741569 3282403910379.7651 -3282403368301.1367
34.504170181743937 3363608196754.3286 -3363607649350.7427
34.504172183746299 3447443598022.1704 -3447443045201.4077
34.50417418574866 3534015828065.3667 -3534015269732.9106
34.504176187751021 3623435682793.2842 -3623435118852.2437
34.504178189753389 3715819325191.9912 -3715818755543.0239
34.504180191755751 3811288588674.0107 -3811288013215.2412
34.504182193758112 3909971300066.8467 -3909970718693.7817
34.504184195760473 4012001623675.2544 -4012001036280.6948
34.504186197762841 4117520427969.2842 -4117519834443.2344
34.504188199765203 4226675676557.2173 -4226675076786.7876
34.504190201767564 4339622845279.1758 -4339622239148.4844
34.504192203769925 4456525367399.7061 -4456524754789.7734
34.504194205772293 4577555109028.0889 -4577554489816.7305
34.504196207774655 4702892877075.7451 -4702892251137.458
34.504198209777016 4832728962259.6084 -4832728329465.4541
34.504200211779377 4967263719877.0527 -4967263080094.5322
34.504202213781745 5106708191371.7168 -5106707544464.6426
34.504204215784107 5251284769890.8389 -5251284115719.2002
34.504206217786468 5401227913317.5908 -5401227251737.4121
34.504208219788836 5556784908660.1797 -5556784239523.374
34.504210221791197 5718216691986.8965 -5718216015141.1123
34.504212223793559 5885798728378.8789 -5885798043667.3389
34.50421422579592 6059821956927.5605 -6059821264188.8906
34.504216227798288 6240593806219.4727 -6240593105287.5293
34.504218229800649 6428439286228.2627 -6428438576931.9453
34.504220231803011 6623702163082.0547 -6623701445245.1113
34.504222233805372 6826746223941.1875 -6826745497382.0137
34.50422423580774 7037956639589.3271 -7037955904120.75
34.504226237810101 7257741433459.7998 -7257740688888.8555
34.504228239812463 7486533066446.5859 -7486532312574.2852
34.504230241814824 7724790147725.2188 -7724789384346.2969
34.504232243817192 7972999283066.7129 -7972998509969.374
34.504234245819553 8231677073019.5078 -8231676289985.1494
34.504236247821915 8501372274736.5195 -8501371481539.4463
34.504238249824276 8782668142627.8105 -8782667339034.9326
34.504240251826644 9076184964542.2402 -9076184150312.7559
34.504242253829005 9382582811930.1914 -9382581986815.248
34.504244255831367 9702564524569.1914 -9702563688311.5352
34.504246257833735 10036878952379.256 -10036878104712.861
34.504248259836096 10386324479269.467 -10386323619919.141
34.504250261838457 10751752856796.506 -10751751985477.471
34.504252263840819 11134073378952.025 -11134072495369.486
34.504254265843187 11534257431762.053 -11534256535610.732
34.504256267845548 11953343456014.842 -11953342546978.486
34.504258269847909 12392442366008.705 -12392441443759.57
34.504260271850271 12852743471320.484 -12852742535518.785
34.504262273852639 13335520954459.934 -13335520004753.264
34.504264275855 13842140963800.473 -13842139999823.188
34.504266277857361 14374069387776.416 -14374068409148.977
34.504268279859723 14932880384589.199 -14932879390917.482
34.504270281862091 15520265750635.861 -15520264741510.418
34.504272283864452 16138045221144.236 -16138044196139.514
34.504274285866813 16788177807914.551 -16788176766588.053
34.504276287869175 17472774292765.531 -17472773234656.936
34.504278289871543 18194111010353.824 -18194109934984.035
34.504280291873904 18954645071066.309 -18954643977936.449
34.504282293876265 19757031194507.102 -19757030083097.438
