# serie phase 2 p5_w1.73_c1.05_dt2_k4 : t x1 x2 (dt2=1.1915341467079832e-05, depart t=26.532 etat bascule x1 x2 v1 v2 = 3437.398889635032 -3353.4839518238514 56598.286590406715 -56033.613578144374)
26.725266838596035 864603484.38103175 -864591235.9279002
26.725278753937502 871945874.60698664 -871933584.65269911
26.725290669278969 879369530.25193465 -879357198.54978371
26.725302584620437 886875561.1683414 -886863187.46951914
26.725314499961904 894465095.25426936 -894452679.30784404
26.725326415303371 902139278.7939918 -902126820.34688437
26.725338330644838 909899276.80593145 -909886775.60289145
26.725350245986306 917746273.39809966 -917733729.18168104
26.725362161327773 925681472.1312201 -925668884.64175642
26.72537407666924 933706096.38972509 -933693465.36530471
26.725385992010704 941821389.76080894 -941808714.9372499
26.725397907352171 950028616.42173946 -950015897.53256345
26.725409822693639 958329061.5356288 -958316298.31203544
26.725421738035106 966724031.65587425 -966711223.82671452
26.725433653376573 975214855.13947809 -975202002.43122756
26.72544556871804 983802882.56947041 -983789984.70620239
26.725457484059508 992489487.18665278 -992476543.8900106
26.725469399400975 1001276065.3308965 -1001263076.3200655
26.725481314742442 1010164036.8922397 -1010151001.8839194
26.725493230083909 1019154845.772014 -1019141764.4803889
26.725505145425377 1028249960.3542624 -1028236832.4909731
26.725517060766844 1037450873.9877055 -1037437699.2618194
26.725528976108311 1046759105.4785157 -1046745883.5964967
26.725540891449779 1056176199.5941767 -1056162930.2598549
26.725552806791246 1065703727.5787014 -1065690410.4932425
26.725564722132713 1075343287.6795073 -1075329922.5413814
26.72557663747418 1085096505.6862347 -1085083092.1911843
26.725588552815648 1094965035.4818079 -1094951573.3228159
26.725600468157111 1104950559.6060696 -1104937048.4733262
26.725612383498579 1115054789.8323095 -1115041229.4131801
26.725624298840046 1125279467.7569969 -1125265857.7359879
26.725636214181513 1135626365.4030688 -1135612705.4617934
26.72564812952298 1146097285.8371239 -1146083575.6542678
26.725660044864448 1156694063.80089 -1156680303.0521762
26.725671960205915 1167418566.357321 -1167404754.7154744
26.725683875547382 1178272693.5517151 -1178258830.6864257
26.72569579088885 1189258379.0882485 -1189244464.6661355
26.725707706230317 1200377591.0223138 -1200363624.706888
26.725719621571784 1211632332.4690895 -1211618313.9207156
26.725731536913251 1223024642.3287663 -1223010571.2046244
26.725743452254719 1234556596.0288713 -1234542471.9829183
26.725755367596186 1246230306.2841363 -1246216128.967066
26.725767282937653 1258047923.8743749 -1258033692.9335783
26.72577919827912 1270011638.4408667 -1269997353.520391
26.725791113620588 1282123679.3017173 -1282109340.0422242
26.725803028962055 1294386316.2867286 -1294371922.3254533
26.725814944303522 1306801860.5922723 -1306787411.5629802
26.725826859644986 1319372665.6567249 -1319358161.1896684
26.725838774986453 1332101128.0570264 -1332086567.7789009
26.72585069032792 1344989688.4269238 -1344975071.9608235
26.725862605669388 1358040832.3974757 -1358026159.3628483
26.725874521010855 1371257091.560451 -1371242361.5730507
26.725886436352322 1384641044.4552405 -1384626257.1270823
26.72589835169379 1398195317.5799184 -1398180472.5192308
26.725910267035257 1411922586.4271052 -1411907683.2382815
26.725922182376724 1425825576.5453343 -1425810614.8288834
26.725934097718191 1439907064.6266327 -1439892043.9791296
26.725946013059659 1454169879.621047 -1454154799.6350827
26.725957928401126 1468616903.8788314 -1468601764.1429613
26.725969843742593 1483251074.3210807 -1483235874.4197721
26.72598175908406 1498075383.6396365 -1498060123.1532164
26.725993674425528 1513092881.5270615 -1513077560.0316622
26.726005589766995 1528306675.9375129 -1528291293.005018
26.726017505108462 1543719934.379411 -1543704489.577399
26.72602942044993 1559335885.2408094 -1559320378.132498
26.726041335791393 1575157819.1483765 -1575142249.2925646
26.726053251132861 1591189090.3609629 -1591173457.3119729
26.726065166474328 1607433118.1987362 -1607417421.5063543
26.726077081815795 1623893388.5088897 -1623877627.7183061
26.726088997157262 1640573455.1689966 -1640557629.8207438
26.72610091249873 1657476941.6290929 -1657461051.2589843
26.726112827840197 1674607542.4936032 -1674591586.6326692
26.726124743181664 1691969025.1442511 -1691953003.318675
26.726136658523131 1709565231.4051807 -1709549143.1362336
26.726148573864599 1727400079.2515106 -1727383924.0554845
26.726160489206066 1745477564.5625896 -1745461341.9507303
26.726172404547533 1763801762.9212494 -1763785472.399688
26.726184319889001 1782376831.4604363 -1782360472.5301189
26.726196235230468 1801207010.7586157 -1801190582.9152327
26.726208150571935 1820296626.7854071 -1820280129.519321
26.726220065913402 1839650092.898911 -1839633525.6950831
26.72623198125487 1859271911.8963006 -1859255274.234216
26.726243896596337 1879166678.1192889 -1879149969.4728808
26.726255811937804 1899339079.6160908 -1899322299.4536631
26.726267727279268 1919793900.3615873 -1919777048.1457365
26.726279642620735 1940536022.537457 -1940519097.7249918
26.726291557962202 1961570428.8740859 -1961553430.915946
26.72630347330367 1982902205.0561733 -1982885133.397347
26.726315388645137 2004536542.1939406 -2004519396.2733803
26.726327303986604 2026478739.3619556 -2026461518.6124923
26.726339219328072 2048734206.2076764 -2048716910.0559328
26.726351134669539 2071308465.6318436 -2071291093.4981449
26.726363050011006 2094207156.5429568 -2094189707.8412414
26.726374965352473 2117436036.6881394 -2117418510.825866
26.726386880693941 2141000985.5627406 -2140983381.9407959
26.726398796035408 2164908007.4011803 -2164890325.4137831
26.726410711376875 2189163234.2515612 -2189145473.2861662
26.726422626718342 2213772929.1366935 -2213755088.5738916
26.72643454205981 2238743489.3042583 -2238725568.5176783
26.726446457401277 2264081449.5689182 -2264063447.9251223
26.726458372742744 2289793485.7493529 -2289775402.6077347
26.726470288084212 2315886418.203177 -2315868252.9158549
26.726482203425675 2342367215.4628868 -2342348967.3745966
26.726494118767143 2369242997.9761353 -2369224666.4241195
26.72650603410861 2396521041.9536281 -2396502626.2675252
26.726517949450077 2424208783.3282361 -2424190282.8299661
26.726529864791544 2452313821.828783 -2452295235.8324313
26.726541780133012 2480843925.1723781 -2480825252.9840784
26.726553695474479 2509807033.3790612 -2509788274.2968745
26.726565610815946 2539211263.2128081 -2539192416.5266004
26.726577526157413 2569064912.7531137 -2569045977.744431
26.726589441498881 2599376466.1013975 -2599357442.0433393
26.726601356840348 2630154598.2267046 -2630135484.3837929
26.726613272181815 2661408179.9554024 -2661388975.5834513
26.726625187523283 2693146283.1096101 -2693126987.4555902
26.72663710286475 2725378185.7993646 -2725358798.1012664
26.726649018206217 2758113377.8737211 -2758093897.360415
26.726660933547684 2791361566.5361223 -2791341992.427217
26.726672848889152 2825132682.1295857 -2825113013.6352816
26.726684764230619 2859436884.097508 -2859417120.4184499
26.726696679572083 2894284567.1261582 -2894264707.4532852
26.72670859491355 2929686367.4748878 -2929666410.9892788
26.726720510255017 2965653169.5006752 -2965633115.3733916
26.726732425596484 3002196112.3836951 -3002175959.7756224
26.726744340937952 3039326597.0607972 -3039306345.1224804
26.726756256279419 3077056293.3741264 -3077035941.2456045
26.726768171620886 3115397147.4425035 -3115376694.25314
26.726780086962354 3154361389.2632537 -3154340834.1315641
26.726792002303821 3193961540.5526013 -3193940882.5860758
26.726803917645288 3234210422.8330669 -3234189661.1279907
26.726815832986755 3275121165.7766237 -3275100299.4178934
26.726827748328223 3316707215.812727 -3316686243.8736644
26.72683966366969 3358982345.0105939 -3358961266.5527534
26.726851579011157 3401960660.2456093 -3401939474.318584
26.726863494352624 3445656612.6600838 -3445635318.3013058
26.726875409694092 3490085007.4289403 -3490063603.6634779
26.726887325035559 3535261013.8415117 -3535239499.6818624
26.726899240377026 3581200175.7107735 -3581178550.156652
26.726911155718494 3627918422.1220994 -3627896684.1602221
26.726923071059957 3675432078.5338845 -3675410227.1377492
26.726934986401425 3723757878.2431149 -3723735912.3727746
26.726946901742892 3772912974.2293034 -3772890892.8311381
26.726958817084359 3822914951.3907838 -3822892753.3972645
26.726970732425826 3873781839.1880989 -3873759523.517549
26.726982647767294 3925532124.7096281 -3925509690.2659779
26.726994563108761 3978184766.1752853 -3978162211.8478222
26.727006478450228 4031759206.8949604 -4031736531.558074
26.727018393791695 4086275389.6986547 -4086252592.2115755
26.727030309133163 4141753771.856503 -4141730851.0630364
26.72704222447463 4198215340.5072727 -4198192295.2355261
26.727054139816097 4255681628.6147895 -4255658457.6768947
26.727066055157565 4314174731.472683 -4314151433.6645107
26.727077970499032 4373717323.7785969 -4373693897.8794689
26.727089885840499 4434332677.2999477 -4434309122.0723372
26.727101801181966 4496044679.1543055 -4496020993.3435345
26.727113716523434 4558877850.7284966 -4558854033.0624256
26.727125631864901 4622857367.2613926 -4622833416.4501038
26.727137547206365 4688009078.1167555 -4687984992.8522272
26.727149462547832 4754359527.7734213 -4754335306.7291975
26.727161377889299 4821935977.5612526 -4821911619.3921032
26.727173293230766 4890766428.1726522 -4890741931.5142269
26.727185208572234 4960879642.9811087 -4960855006.4495811
26.727197123913701 5032305172.1987495 -5032280394.3904552
26.727209039255168 5105073377.9074068 -5105048457.3984699
26.727220954596635 5179215459.9986591 -5179190395.344614
26.727232869938103 5254763483.0596657 -5254738272.7950687
26.72724478527957 5331750404.243639 -5331725046.881671
26.727256700621037 5410210102.1655817 -5410184596.1976385
26.727268615962505 5490177406.8657799 -5490151750.7610569
26.727280531303972 5571688130.8859138 -5571662323.0909796
26.727292446645439 5654779101.5032177 -5654753140.4415779
26.727304361986906 5739488194.1718874 -5739462078.2435369
26.727316277328374 5825854367.2224932 -5825828094.8034582
26.727328192669841 5913917697.8726234 -5913891267.3144922
26.727340108011308 6003719419.6047068 -6003692829.2341499
26.727352023352775 6095301960.9693499 -6095275209.0876265
26.727363938694239 6188708985.8752995 -6188682070.7577581
26.727375854035706 6283985435.4295683 -6283958355.3251257
26.727387769377174 6381177571.3956022 -6381150324.5262175
26.727399684718641 6480333021.3398914 -6480305605.9000216
26.727411600060108 6581500825.5400419 -6581473239.6960888
26.727423515401576 6684731485.7326031 -6684703727.6223412
26.727435430743043 6790077015.7815237 -6790049083.5135202
26.72744734608451 6897590994.3519258 -6897562886.0049381
26.727459261425977 7007328619.6789188 -7007300333.3012829
26.727471176767445 7119346766.52561 -7119318300.1346121
26.727483092108912 7233704045.4277506 -7233675397.0089808
26.727495007450379 7350460864.329257 -7350432031.835947
26.727506922791846 7469679492.7168589 -7469650474.0692034
26.727518838133314 7591424128.3680553 -7591394921.4525156
26.727530753474781 7715760966.8322372 -7715731569.5008268
26.727542668816248 7842758273.7703428 -7842728683.8398933
26.727554584157716 7972486460.2861309 -7972456675.5375395
26.727566499499183 8105018161.3880587 -8104988179.5655146
26.727578414840647 8240428317.7285423 -8240398136.5387354
26.727590330182114 8378794260.7739973 -8378763877.8853006
26.727602245523581 8520195801.5683002 -8520165214.6099367
26.727614160865048 8664715323.2602844 -8664684529.8214664
26.727626076206516 8812437877.5747585 -8812406875.2038059
26.727637991547983 8963451285.4161968 -8963420071.6196308
26.72764990688945 9117846241.8041821 -9117814814.0457916
26.727661822230917 9275716425.3525906 -9275684781.0524788
26.727673737572385 9437158612.511179 -9437126749.0447807
26.727685652913852 9602272796.8032265 -9602240711.5002937
26.727697568255319 9771162313.3066826 -9771130003.4502449
26.727709483596787 9943933968.6391869 -9943901431.464489
26.727721398938254 10120698176.718203 -10120665409.4116
26.727733314279721 10301569100.586729 -10301536100.284561
26.727745229621188 10486664800.609695 -10486631564.397123
26.727757144962656 10676107389.362522 -10676073914.272333
26.727769060304123 10870023193.553497 -10869989476.564873
26.72778097564559 11068542923.338831 -11068508961.376083
26.727792890987057 11271801849.41081 -11271767639.342079
26.727804806328521 11479939988.260647 -11479905526.896557
26.727816721669988 11693102296.040785 -11693067580.133068
26.727828637011456 11911438871.476654 -11911403897.716722
26.727840552352923 12135105168.304634 -12135069933.322124
26.72785246769439 12364262217.737617 -12364226718.098875
26.727864383035858 12599076861.492313 -12599041093.698843
26.727876298377325 12839721995.944399 -12839685956.431261
26.727888213718792 13086376828.008165 -13086340513.142328
26.727900129060259 13339227143.376778 -13339190549.455416
26.727912044401727 13598465587.794426 -13598428711.043169
26.727923959743194 13864291962.073887 -13864254798.645008
26.727935875084661 14136913531.616011 -14136876077.586565
26.727947790426128 14416545351.236105 -14416507602.606007
26.727959705767596 14703410606.147099 -14703372558.837135
26.727971621109063 14997740970.008083 -14997702619.857874
26.72798353645053 15299776980.997522 -15299738323.763399
26.727995451791998 15609768436.934387 -15609729468.287218
26.728007367133465 15927974810.537451 -15927935526.060389
26.728019282474929 16254665685.975969 -16254626081.162128
26.728031197816396 16590121217.940315 -16590081288.190367
26.728043113157863 16934632614.546371 -16934592355.166063
26.72805502849933 17288502645.46867 -17288462051.666271
26.728066943840798 17652046176.78228 -17652005243.665924
26.728078859182265 18025590734.096241 -18025549456.671188
26.728090774523732 18409477095.676991 -18409435468.842808
26.728102689865199 18804059917.347141 -18804017935.894768
26.728114605206667 19209708391.080448 -19209666049.689167
26.728126520548134 19626806939.35268 -19626764232.586994
26.728138435889601 20055755947.426502 -20055712869.732887
26.728150351231069 20496972535.906178 -20496929081.609734
26.728162266572536 20950891376.06522 -20950847539.366196
26.728174181914003 21417965550.616467 -21417921325.586674
26.72818609725547 21898667462.772141 -21898622843.351219
26.728198012596938 22393489796.658607 -22393444776.650173
26.728209927938405 22902946532.353516 -22902901105.421165
26.728221843279872 23427574019.051884 -23427528178.715061
26.728233758621339 23967932110.098621 -23967885849.728313
26.728245673962803 24524605363.929161 -24524558676.74345
26.72825758930427 25098204315.233894 -25098157194.293346
26.728269504645738 25689366820.964741 -25689319259.167606
26.728281419987205 26298759486.161064 -26298711476.238316
26.728293335328672 26927079174.944279 -26927030709.454445
26.72830525067014 27575054612.400715 -27575005683.724537
26.728317166011607 28243448083.531731 -28243398683.866589
26.728329081353074 28933057235.90432 -28933007357.258453
26.728340996694541 29644716993.15213 -29644666627.338646
26.728352912036009 30379301587.001762 -30379250725.632385
26.728364827377476 31137726716.117416 -31137675350.596004
26.728376742718943 31920951840.702988 -31920899962.218784
26.72838865806041 32729982622.483826 -32729930222.004444
26.728400573401878 33565873520.462902 -33565820588.72702
26.728412488743345 34429730553.68663 -34429677081.196396
26.728424404084812 35322714243.13559 -35322660220.148697
26.72843631942628 36246042745.848572 -36245988162.370018
26.728448234767747 37200995195.491211 -37200940041.264725
26.728460150109211 38188915264.679619 -38188859529.178703
26.728472065450678 39211214965.669624 -39211158638.088219
26.728483980792145 40269378707.482521 -40269321776.725273
26.728495896133612 41364967628.963303 -41364910083.635422
26.72850781147508 42499624228.964066 -42499566057.360748
26.728519726816547 43675077316.630508 -43675018506.725853
26.728531642158014 44893147306.837753 -44893087846.273239
26.728543557499481 46155751887.953613 -46155691764.026024
26.728555472840949 47464912091.440956 -47464851291.08979
26.728567388182416 48822758795.536377 -48822697305.330666
26.728579303523883 50231539698.042435 -50231477504.166954
26.72859121886535 51693626796.498512 -51693563884.739388
26.728603134206818 53211524417.428009 -53211460773.157616
26.728615049548285 54787877840.157425 -54787813448.318604
26.728626964889752 56425482565.009766 -56425417410.099266
26.72863888023122 58127294280.296646 -58127228346.347809
26.728650795572687 59896439587.631653 -59896372858.19622
26.728662710914154 61736227550.754242 -61736160008.883324
26.728674626255621 63650162139.409004 -63650093767.633064
26.728686541597085 65641955646.611275 -65641886426.919151
26.728698456938552 67715543165.500931 -67715473079.317818
26.72871037228002 69875098220.258209 -69875027248.422485
26.728722287621487 72125049655.190094 -72124977777.929016
26.728734202962954 74470099896.589981 -74470027093.49408
26.728746118304421 76915244713.357269 -76915170963.353455
26.728758033645889 79465794615.738007 -79465719897.061218
26.728769948987356 82127398045.674591 -82127322335.837967
26.728781864328823 84906066528.613083 -84905989804.376556
26.728793779670291 87808201974.243912 -87808124211.581055
26.728805695011758 90840626334.077011 -90840547508.140091
26.728817610353225 94010613846.100555 -94010533931.183685
26.728829525694692 97325926121.966537 -97325845091.466705
26.72884144103616 100794850360.30434 -100794768186.6803
26.728853356377627 104426241001.53856 -104426157656.26735
26.728865271719094 108229565175.14925 -108229480628.68021
26.728877187060561 112214952330.16071 -112214866551.86681
26.728889102402029 116393248485.07385 -116393161443.2002
26.728901017743492 120776075584.20132 -120775987245.8105
26.72891293308496 125375896504.93031 -125375806835.84454
26.728924848426427 130206086325.39644 -130205995290.13614
26.728936763767894 135281010535.50745 -135280918097.22603
26.728948679109362 140616110958.13956 -140616017078.55414
26.728960594450829 146228000241.90808 -146227904881.22589
26.728972509792296 152134565894.59396 -152134469011.43396
26.728984425133763 158355084949.54886 -158354986500.85834
26.728996340475231 164910350497.21075 -164910250438.17645
26.729008255816698 171822811474.47925 -171822709758.43262
26.729020171158165 179116727286.66379 -179116623864.97986
26.729032086499632 186818339048.29956 -186818233870.289
26.7290440018411 194956059469.44321 -194955952482.23691
26.729055917182567 203560683689.66415 -203560574838.08978
26.729067832524034 212665623684.4017 -212665512910.8515
26.729079747865502 222307169235.51663 -222307056479.80582
26.729091663206969 232524778882.82773 -232524664082.04257
26.729103578548436 243361404768.74133 -243361287857.07614
26.7291154938899 254863855860.23029 -254863736768.81207
26.729127409231367 267083204699.52325 -267083083356.2233
26.729139324572834 280075243610.11017 -280075119939.34106
26.729151239914302 293900997192.93976 -293900871115.43671
26.729163155255769 308627299007.66858 -308627170440.2533
26.729175070597236 324327441578.67828 -324327310434.00403
26.729186985938703 341081910332.06653 -341081776518.34247
26.729198901280171 358979213788.49078 -358979077209.18341
26.729210816621638 378116824378.09045 -378116684931.6001
26.729222731963105 398602246652.38745 -398602104231.69702
26.729234647304573 420554232533.19305 -420554087025.48651
26.72924656264604 444104166647.93854 -444104017934.18555
26.729258477987507 469397648862.45593 -469397496816.95947
26.729270393328974 496596306000.42932 -496596150490.33203
26.729282308670442 525879870571.94025 -525879711456.68475
26.729294224011909 557448571385.52429 -557448408516.26294
26.729306139353376 591525889406.42554 -591525722625.37341
26.729318054694843 628361742506.44556 -628361571646.16992
26.729329970036311 668236175306.17664 -668236000188.81567
26.729341885377774 711463645549.18225 -711463465985.58447
26.729353800719242 758398017168.13037 -758397832956.90527
26.729365716060709 809438393123.90112 -809438204050.3689
26.729377631402176 865035949476.41992 -865035755311.44873
26.729389546743644 925701967210.33838 -925701767709.05359
26.729401462085111 992017301934.18616 -992017096834.5343
26.729413377426578 1064643586080.1428 -1064643375101.2915
26.729425292768045 1144336526529.2893 -1144336309369.8394
26.729437208109513 1231961746695.6033 -1231961523031.5864
26.72944912345098 1328513731132.4419 -1328513500615.0737
26.729461038792447 1435138569402.4417 -1435138331655.5923
26.729472954133914 1553161373558.7827 -1553161128176.1223
26.729484869475382 1684119471983.4651 -1684119218525.2339
26.729496784816849 1829802777711.4241 -1829802515700.7668
26.729508700158316 1992303113865.5742 -1992302842784.3667
26.729520615499784 2174074782828.1387 -2174074502112.2205
26.729532530841251 2378009330154.9429 -2378009039188.6548
26.729544446182718 2607528335876.0659 -2607528033985.9673
26.729556361524182 2866699246039.752 -2866698932487.3652
26.729568276865649 3160380847632.2231 -3160380521605.627
26.729580192207116 3494407150702.9697 -3494406811307.0112
26.729592107548584 3875821403532.0762 -3875821049776.9263
26.729604022890051 4313176063789.4458 -4313175694577.1572
26.729615938231518 4816920269439.7861 -4816919883548.4209
26.729627853572985 5399904423431.0059 -5399904019495.7949
26.729639768914453 6078043019259.5781 -6078042595750.4287
26.72965168425592 6871193444183.9805 -6871192999378.4619
26.729663599597387 7804332760078.2559 -7804332292028.9385
26.729675514938855 8909150379324.8047 -8909149885819.4941
26.729687430280322 10226228483329.574 -10226227961842.529
26.729699345621789 11808064254854.426 -11808063702486.027
26.729711260963256 13723315431657.088 -13723314845058.547
26.729723176304724 16062851789674.176 -16062851164952.686
26.729735091646191 18948518678161.328 -18948518010759.301
