# serie phase 2 sous seuil p7_w2.27_c0.95_seuil : t x1 x2 (dt2=1.1198441119262269e-05)
399.9955206235523 -0.12151507337606009 0.26428911146639661
399.99553182199344 -0.1214995389588466 0.26429940117604217
399.99554302043452 -0.12148400452639645 0.26430969071489752
399.99555421887567 -0.12146847007871156 0.26431998008295593
399.99556541731675 -0.1214529356157939 0.26433026928021081
399.9955766157579 -0.12143740113764541 0.26434055830665548
399.99558781419898 -0.12142186664426803 0.26435084716228335
399.99559901264013 -0.12140633213566372 0.2643611358470877
399.99561021108127 -0.12139079761183444 0.26437142436106192
399.99562140952236 -0.12137526307278211 0.26438171270419936
399.9956326079635 -0.12135972851850869 0.26439200087649334
399.99564380640459 -0.12134419394901615 0.26440228887793726
399.99565500484573 -0.1213286593643064 0.26441257670852442
399.99566620328687 -0.12131312476438141 0.26442286436824819
399.99567740172796 -0.12129759014924313 0.26443315185710192
399.9956886001691 -0.1212820555188935 0.26444343917507901
399.99569979861019 -0.12126652087333446 0.26445372632217279
399.99571099705133 -0.12125098621256798 0.2644640132983766
399.99572219549242 -0.121235451536596 0.26447430010368378
399.99573339393356 -0.12121991684542045 0.26448458673808767
399.99574459237471 -0.1212043821390433 0.26449487320158166
399.99575579081579 -0.12118884741746649 0.26450515949415909
399.99576698925694 -0.12117331268069198 0.2645154456158133
399.99577818769802 -0.1211577779287217 0.26452573156653764
399.99578938613917 -0.12114224316155761 0.26453601734632548
399.99580058458025 -0.12112670837920166 0.26454630295517018
399.9958117830214 -0.12111117358165578 0.26455658839306506
399.99582298146254 -0.12109563876892193 0.26456687366000353
399.99583417990362 -0.12108010394100206 0.26457715875597893
399.99584537834477 -0.12106456909789812 0.26458744368098458
399.99585657678585 -0.12104903423961205 0.26459772843501383
399.995867775227 -0.12103349936614581 0.26460801301806008
399.99587897366808 -0.12101796447750134 0.26461829743011667
399.99589017210923 -0.12100242957368058 0.26462858167117692
399.99590137055037 -0.1209868946546855 0.26463886574123419
399.99591256899146 -0.12097135972051802 0.26464914964028186
399.9959237674326 -0.12095582477118011 0.26465943336831327
399.99593496587369 -0.12094028980667371 0.26466971692532176
399.99594616431483 -0.12092475482700077 0.26468000031130073
399.99595736275597 -0.12090921983216324 0.26469028352624352
399.99596856119706 -0.12089368482216306 0.26470056657014346
399.9959797596382 -0.12087814979700219 0.26471084944299395
399.99599095807929 -0.12086261475668257 0.26472113214478826
399.99600215652043 -0.12084707970120614 0.2647314146755198
399.99601335496152 -0.12083154463057487 0.26474169703518197
399.99602455340266 -0.1208160095447907 0.26475197922376803
399.99603575184381 -0.12080047444385557 0.26476226124127139
399.99604695028489 -0.12078493932777143 0.26477254308768544
399.99605814872604 -0.12076940419654024 0.26478282476300347
399.99606934716712 -0.12075386905016393 0.26479310626721886
399.99608054560827 -0.12073833388864445 0.26480338760032501
399.99609174404935 -0.12072279871198377 0.26481366876231521
399.9961029424905 -0.12070726352018382 0.26482394975318285
399.99611414093164 -0.12069172831324655 0.26483423057292127
399.99612533937272 -0.12067619309117392 0.26484451122152386
399.99613653781387 -0.12066065785396786 0.26485479169898396
399.99614773625495 -0.12064512260163032 0.26486507200529491
399.9961589346961 -0.12062958733416326 0.26487535214045005
399.99617013313718 -0.12061405205156862 0.26488563210444277
399.99618133157833 -0.12059851675384836 0.26489591189726641
399.99619253001947 -0.12058298144100442 0.26490619151891437
399.99620372846056 -0.12056744611303874 0.26491647096937992
399.9962149269017 -0.12055191076995328 0.26492675024865653
399.99622612534279 -0.12053637541174998 0.26493702935673746
399.99623732378393 -0.1205208400384308 0.26494730829361612
399.99624852222507 -0.12050530464999767 0.26495758705928585
399.99625972066616 -0.12048976924645256 0.26496786565374003
399.9962709191073 -0.1204742338277974 0.26497814407697196
399.99628211754839 -0.12045869839403414 0.26498842232897507
399.99629331598953 -0.12044316294516474 0.26499870040974266
399.99630451443062 -0.12042762748119114 0.26500897831926812
399.99631571287176 -0.12041209200211529 0.26501925605754484
399.99632691131291 -0.12039655650793914 0.2650295336245661
399.99633810975399 -0.12038102099866463 0.26503981102032531
399.99634930819514 -0.12036548547429371 0.26505008824481585
399.99636050663622 -0.12034994993482834 0.26506036529803101
399.99637170507737 -0.12033441438027045 0.26507064217996418
399.99638290351845 -0.12031887881062202 0.26508091889060875
399.99639410195959 -0.12030334322588497 0.26509119542995807
399.99640530040074 -0.12028780762606125 0.26510147179800547
399.99641649884182 -0.12027227201115281 0.2651117479947443
399.99642769728297 -0.12025673638116161 0.26512202402016793
399.99643889572405 -0.12024120073608958 0.26513229987426978
399.9964500941652 -0.1202256650759387 0.26514257555704313
399.99646129260634 -0.12021012940071088 0.26515285106848135
399.99647249104743 -0.12019459371040808 0.26516312640857786
399.99648368948857 -0.12017905800503226 0.265173401577326
399.99649488792966 -0.12016352228458536 0.26518367657471908
399.9965060863708 -0.12014798654906933 0.26519395140075053
399.99651728481189 -0.12013245079848611 0.26520422605541366
399.99652848325303 -0.12011691503283767 0.26521450053870183
399.99653968169417 -0.12010137925212594 0.26522477485060841
399.99655088013526 -0.12008584345635287 0.26523504899112677
399.9965620785764 -0.12007030764552042 0.26524532296025027
399.99657327701749 -0.12005477181963052 0.26525559675797228
399.99658447545863 -0.12003923597868513 0.26526587038428612
399.99659567389972 -0.12002370012268619 0.26527614383918519
399.99660687234086 -0.12000816425163566 0.26528641712266282
399.99661807078201 -0.11999262836553548 0.26529669023471242
399.99662926922309 -0.11997709246438761 0.26530696317532731
399.99664046766424 -0.11996155654819397 0.26531723594450085
399.99665166610532 -0.11994602061695654 0.26532750854222642
399.99666286454647 -0.11993048467067725 0.26533778096849742
399.99667406298755 -0.11991494870935805 0.26534805322330712
399.99668526142869 -0.11989941273300089 0.26535832530664893
399.99669645986984 -0.11988387674160772 0.26536859721851624
399.99670765831092 -0.11986834073518049 0.26537886895890239
399.99671885675207 -0.11985280471372114 0.26538914052780072
399.99673005519315 -0.11983726867723164 0.26539941192520461
399.9967412536343 -0.11982173262571391 0.26540968315110747
399.99675245207544 -0.11980619655916992 0.26541995420550257
399.99676365051653 -0.1197906604776016 0.26543022508838332
399.99677484895767 -0.11977512438101091 0.2654404957997431
399.99678604739876 -0.11975958826939981 0.26545076633957526
399.9967972458399 -0.11974405214277022 0.26546103670787313
399.99680844428099 -0.11972851600112411 0.26547130690463011
399.99681964272213 -0.11971297984446341 0.26548157692983959
399.99683084116327 -0.11969744367279009 0.26549184678349491
399.99684203960436 -0.11968190748610608 0.26550211646558941
399.9968532380455 -0.11966637128441333 0.26551238597611643
399.99686443648659 -0.1196508350677138 0.26552265531506941
399.99687563492773 -0.11963529883600944 0.26553292448244165
399.99688683336882 -0.11961976258930219 0.26554319347822652
399.99689803180996 -0.119604226327594 0.26555346230241744
399.99690923025111 -0.11958869005088682 0.26556373095500774
399.99692042869219 -0.11957315375918259 0.26557399943599075
399.99693162713334 -0.11955761745248326 0.26558426774535987
399.99694282557442 -0.11954208113079079 0.2655945358831085
399.99695402401557 -0.11952654479410711 0.26560480384922991
399.99696522245665 -0.11951100844243419 0.26561507164371756
399.99697642089779 -0.11949547207577396 0.26562533926656479
399.99698761933894 -0.11947993569412838 0.26563560671776493
399.99699881778002 -0.11946439929749939 0.26564587399731138
399.99701001622117 -0.11944886288588893 0.26565614110519747
399.99702121466225 -0.11943332645929898 0.26566640804141656
399.9970324131034 -0.11941779001773146 0.26567667480596208
399.99704361154454 -0.11940225356118833 0.26568694139882731
399.99705480998563 -0.11938671708967154 0.26569720782000572
399.99706600842677 -0.11937118060318302 0.26570747406949058
399.99707720686786 -0.11935564410172475 0.26571774014727528
399.997088405309 -0.11934010758529866 0.26572800605335323
399.99709960375009 -0.11932457105390669 0.26573827178771775
399.99711080219123 -0.1193090345075508 0.26574853735036225
399.99712200063237 -0.11929349794623294 0.26575880274128005
399.99713319907346 -0.11927796136995505 0.26576906796046457
399.9971443975146 -0.11926242477871908 0.26577933300790912
399.99715559595569 -0.11924688817252699 0.26578959788360706
399.99716679439683 -0.1192313515513807 0.26579986258755178
399.99717799283792 -0.1192158149152822 0.26581012711973667
399.99718919127906 -0.11920027826423341 0.26582039148015507
399.99720038972021 -0.11918474159823628 0.26583065566880038
399.99721158816129 -0.11916920491729276 0.26584091968566592
399.99722278660244 -0.1191536682214048 0.26585118353074511
399.99723398504352 -0.11913813151057435 0.26586144720403126
399.99724518348467 -0.11912259478480336 0.26587171070551779
399.99725638192581 -0.11910705804409377 0.26588197403519803
399.99726758036689 -0.11909152128844755 0.26589223719306537
399.99727877880804 -0.11907598451786662 0.26590250017911315
399.99728997724912 -0.11906044773235294 0.26591276299333477
399.99730117569027 -0.11904491093190847 0.26592302563572362
399.99731237413135 -0.11902937411653514 0.26593328810627298
399.9973235725725 -0.11901383728623491 0.2659435504049763
399.99733477101364 -0.11899830044100972 0.26595381253182693
399.99734596945473 -0.11898276358086152 0.26596407448681819
399.99735716789587 -0.11896722670579227 0.26597433626994355
399.99736836633696 -0.11895168981580391 0.26598459788119627
399.9973795647781 -0.11893615291089839 0.26599485932056977
399.99739076321919 -0.11892061599107764 0.26600512058805742
399.99740196166033 -0.11890507905634363 0.26601538168365257
399.99741316010147 -0.11888954210669832 0.26602564260734862
399.99742435854256 -0.11887400514214364 0.2660359033591389
399.9974355569837 -0.11885846816268153 0.26604616393901681
399.99744675542479 -0.11884293116831394 0.26605642434697574
399.99745795386593 -0.11882739415904284 0.26606668458300903
399.99746915230702 -0.11881185713487016 0.26607694464711007
399.99748035074816 -0.11879632009579787 0.2660872045392722
399.99749154918931 -0.11878078304182789 0.26609746425948877
399.99750274763039 -0.11876524597296217 0.26610772380775322
399.99751394607154 -0.11874970888920268 0.26611798318405888
399.99752514451262 -0.11873417179055136 0.26612824238839911
399.99753634295377 -0.11871863467701015 0.26613850142076728
399.99754754139491 -0.11870309754858101 0.2661487602811568
399.99755873983599 -0.11868756040526587 0.26615901896956101
399.99756993827714 -0.1186720232470667 0.2661692774859733
399.99758113671822 -0.11865648607398543 0.266179535830387
399.99759233515937 -0.11864094888602403 0.26618979400279552
399.99760353360045 -0.11862541168318443 0.26620005200319219
399.9976147320416 -0.11860987446546858 0.2662103098315704
399.99762593048274 -0.11859433723287845 0.26622056748792355
399.99763712892383 -0.11857879998541596 0.26623082497224498
399.99764832736497 -0.11856326272308307 0.26624108228452809
399.99765952580606 -0.11854772544588173 0.26625133942476625
399.9976707242472 -0.11853218815381389 0.26626159639295283
399.99768192268829 -0.1185166508468815 0.26627185318908114
399.99769312112943 -0.11850111352508649 0.26628210981314465
399.99770431957057 -0.11848557618843084 0.26629236626513664
399.99771551801166 -0.11847003883691647 0.26630262254505055
399.9977267164528 -0.11845450147054533 0.26631287865287973
399.99773791489389 -0.11843896408931938 0.26632313458861756
399.99774911333503 -0.11842342669324057 0.26633339035225739
399.99776031177612 -0.11840788928231086 0.26634364594379262
399.99777151021726 -0.11839235185653217 0.26635390136321657
399.99778270865841 -0.11837681441590646 0.26636415661052265
399.99779390709949 -0.11836127696043568 0.26637441168570425
399.99780510554064 -0.11834573949012178 0.26638466658875476
399.99781630398172 -0.1183302020049667 0.26639492131966752
399.99782750242287 -0.11831466450497241 0.26640517587843587
399.99783870086401 -0.11829912699014083 0.26641543026505321
399.99784989930509 -0.11828358946047393 0.26642568447951293
399.99786109774624 -0.11826805191597364 0.26643593852180841
399.99787229618732 -0.11825251435664193 0.26644619239193301
399.99788349462847 -0.11823697678248073 0.26645644608988012
399.99789469306955 -0.118221439193492 0.26646669961564307
399.9979058915107 -0.11820590158967768 0.26647695296921525
399.99791708995184 -0.11819036397103973 0.26648720615059007
399.99792828839293 -0.11817482633758009 0.26649745915976086
399.99793948683407 -0.1181592886893007 0.26650771199672102
399.99795068527516 -0.11814375102620353 0.26651796466146394
399.9979618837163 -0.11812821334829052 0.26652821715398295
399.99797308215739 -0.1181126756555636 0.26653846947427146
399.99798428059853 -0.11809713794802475 0.26654872162232285
399.99799547903967 -0.11808160022567589 0.26655897359813047
399.99800667748076 -0.11806606248851899 0.2665692254016877
399.9980178759219 -0.11805052473655599 0.2665794770329879
399.99802907436299 -0.11803498696978883 0.2665897284920245
399.99804027280413 -0.11801944918821947 0.2665999797787908
399.99805147124528 -0.11800391139184985 0.26661023089328023
399.99806266968636 -0.11798837358068193 0.26662048183548614
399.99807386812751 -0.11797283575471765 0.26663073260540193
399.99808506656859 -0.11795729791395895 0.26664098320302099
399.99809626500974 -0.1179417600584078 0.26665123362833665
399.99810746345082 -0.11792622218806614 0.26666148388134231
399.99811866189197 -0.11791068430293591 0.26667173396203131
399.99812986033311 -0.11789514640301907 0.2666819838703971
399.99814105877419 -0.11787960848831756 0.26669223360643302
399.99815225721534 -0.11786407055883334 0.2667024831701324
399.99816345565642 -0.11784853261456835 0.2667127325614887
399.99817465409757 -0.11783299465552453 0.26672298178049525
399.99818585253865 -0.11781745668170385 0.2667332308271454
399.9981970509798 -0.11780191869310823 0.26674347970143258
399.99820824942094 -0.11778638068973964 0.26675372840335015
399.99821944786203 -0.11777084267160001 0.26676397693289144
399.99823064630317 -0.11775530463869131 0.2667742252900499
399.99824184474426 -0.11773976659101548 0.26678447347481887
399.9982530431854 -0.11772422852857448 0.26679472148719174
399.99826424162649 -0.11770869045137024 0.26680496932716191
399.99827544006763 -0.11769315235940471 0.26681521699472271
399.99828663850877 -0.11767761425267985 0.26682546448986755
399.99829783694986 -0.1176620761311976 0.26683571181258975
399.998309035391 -0.1176465379949599 0.26684595896288277
399.99832023383209 -0.11763099984396871 0.26685620594073994
399.99833143227323 -0.11761546167822599 0.26686645274615467
399.99834263071438 -0.11759992349773368 0.26687669937912029
399.99835382915546 -0.11758438530249372 0.26688694583963024
399.99836502759661 -0.11756884709250806 0.26689719212767787
399.99837622603769 -0.11755330886777865 0.26690743824325652
399.99838742447884 -0.11753777062830745 0.26691768418635964
399.99839862291992 -0.1175222323740964 0.26692792995698056
399.99840982136107 -0.11750669410514744 0.26693817555511268
399.99842101980221 -0.11749115582146252 0.26694842098074939
399.99843221824329 -0.1174756175230436 0.26695866623388403
399.99844341668444 -0.11746007920989263 0.26696891131451
399.99845461512552 -0.11744454088201155 0.26697915622262069
399.99846581356667 -0.11742900253940231 0.26698940095820944
399.99847701200775 -0.11741346418206686 0.2669996455212697
399.9984882104489 -0.11739792581000714 0.26700988991179481
399.99849940889004 -0.11738238742322511 0.26702013412977815
399.99851060733113 -0.11736684902172272 0.26703037817521308
399.99852180577227 -0.11735131060550191 0.26704062204809303
399.99853300421336 -0.11733577217456463 0.26705086574841136
399.9985442026545 -0.11732023372891283 0.26706110927616139
399.99855540109564 -0.11730469526854846 0.26707135263133658
399.99856659953673 -0.11728915679347347 0.26708159581393026
399.99857779797787 -0.11727361830368981 0.26709183882393583
399.99858899641896 -0.11725807979919942 0.26710208166134669
399.9986001948601 -0.11724254128000425 0.26711232432615623
399.99861139330119 -0.11722700274610626 0.26712256681835778
399.99862259174233 -0.11721146419750739 0.26713280913794474
399.99863379018348 -0.11719592563420958 0.2671430512849105
399.99864498862456 -0.11718038705621479 0.26715329325924847
399.99865618706571 -0.11716484846352497 0.26716353506095197
399.99866738550679 -0.11714930985614207 0.26717377669001446
399.99867858394794 -0.11713377123406803 0.26718401814642928
399.99868978238902 -0.11711823259730481 0.26719425943018982
399.99870098083017 -0.11710269394585435 0.26720450054128941
399.99871217927131 -0.11708715527971859 0.26721474147972146
399.99872337771239 -0.1170716165988995 0.26722498224547941
399.99873457615354 -0.11705607790339902 0.26723522283855661
399.99874577459462 -0.11704053919321908 0.26724546325894638
399.99875697303577 -0.11702500046836165 0.26725570350664218
399.99876817147685 -0.11700946172882867 0.26726594358163736
399.998779369918 -0.11699392297462209 0.26727618348392529
399.99879056835914 -0.11697838420574387 0.26728642321349938
399.99880176680023 -0.11696284542219594 0.26729666277035302
399.99881296524137 -0.11694730662398026 0.26730690215447955
399.99882416368246 -0.11693176781109878 0.26731714136587242
399.9988353621236 -0.11691622898355343 0.26732738040452497
399.99884656056474 -0.11690069014134619 0.26733761927043059
399.99885775900583 -0.11688515128447897 0.26734785796358262
399.99886895744697 -0.11686961241295375 0.26735809648397452
399.99888015588806 -0.11685407352677248 0.26736833483159961
399.9988913543292 -0.11683853462593709 0.26737857300645135
399.99890255277029 -0.11682299571044953 0.26738881100852308
399.99891375121143 -0.11680745678031176 0.26739904883780813
399.99892494965258 -0.11679191783552573 0.26740928649429996
399.99893614809366 -0.11677637887609338 0.2674195239779919
399.99894734653481 -0.11676083990201666 0.26742976128887741
399.99895854497589 -0.11674530091329752 0.26743999842694982
399.99896974341704 -0.1167297619099379 0.26745023539220253
399.99898094185812 -0.11671422289193976 0.26746047218462893
399.99899214029926 -0.11669868385930506 0.26747070880422236
399.99900333874041 -0.11668314481203572 0.26748094525097627
399.99901453718149 -0.1166676057501337 0.26749118152488399
399.99902573562264 -0.11665206667360095 0.26750141762593893
399.99903693406372 -0.11663652758243943 0.26751165355413448
399.99904813250487 -0.11662098847665107 0.26752188930946402
399.99905933094595 -0.11660544935623783 0.26753212489192096
399.9990705293871 -0.11658991022120166 0.26754236030149864
399.99908172782824 -0.1165743710715445 0.26755259553819044
399.99909292626933 -0.1165588319072683 0.26756283060198982
399.99910412471047 -0.11654329272837502 0.26757306549289012
399.99911532315156 -0.11652775353486659 0.26758330021088472
399.9991265215927 -0.11651221432674498 0.26759353475596698
399.99913772003384 -0.11649667510401213 0.26760376912813033
399.99914891847493 -0.11648113586666999 0.26761400332736818
399.99916011691607 -0.11646559661472049 0.26762423735367386
399.99917131535716 -0.1164500573481656 0.26763447120704076
399.9991825137983 -0.11643451806700728 0.26764470488746228
399.99919371223939 -0.11641897877124745 0.26765493839493182
399.99920491068053 -0.11640343946088806 0.26766517172944276
399.99921610912168 -0.11638790013593107 0.26767540489098851
399.99922730756276 -0.11637236079637844 0.2676856378795624
399.99923850600391 -0.1163568214422321 0.26769587069515788
399.99924970444499 -0.11634128207349401 0.26770610333776829
399.99926090288614 -0.1163257426901661 0.26771633580738702
399.99927210132722 -0.11631020329225034 0.26772656810400752
399.99928329976836 -0.11629466387974867 0.26773680022762314
399.99929449820951 -0.11627912445266304 0.26774703217822726
399.99930569665059 -0.1162635850109954 0.26775726395581323
399.99931689509174 -0.1162480455547477 0.26776749556037449
399.99932809353282 -0.11623250608392188 0.26777772699190444
399.99933929197397 -0.11621696659851991 0.26778795825039642
399.99935049041511 -0.11620142709854371 0.26779818933584382
399.9993616888562 -0.11618588758399524 0.26780842024824009
399.99937288729734 -0.11617034805487646 0.26781865098757857
399.99938408573843 -0.1161548085111893 0.26782888155385265
399.99939528417957 -0.11613926895293572 0.26783911194705573
399.99940648262066 -0.11612372938011767 0.2678493421671812
399.9994176810618 -0.1161081897927371 0.26785957221422246
399.99942887950294 -0.11609265019079594 0.26786980208817285
399.99944007794403 -0.11607711057429616 0.26788003178902581
399.99945127638517 -0.11606157094323971 0.26789026131677474
399.99946247482626 -0.11604603129762853 0.26790049067141297
399.9994736732674 -0.11603049163746457 0.26791071985293391
399.99948487170849 -0.11601495196274977 0.267920948861331
399.99949607014963 -0.11599941227348609 0.26793117769659758
399.99950726859078 -0.11598387256967548 0.26794140635872704
399.99951846703186 -0.11596833285131987 0.26795163484771278
399.99952966547301 -0.11595279311842123 0.2679618631635482
399.99954086391409 -0.1159372533709815 0.26797209130622668
399.99955206235524 -0.11592171360900264 0.26798231927574162
399.99956326079632 -0.11590617383248658 0.26799254707208642
399.99957445923746 -0.11589063404143528 0.26800277469525446
399.99958565767861 -0.11587509423585068 0.2680130021452391
399.99959685611969 -0.11585955441573474 0.26802322942203377
399.99960805456084 -0.11584401458108941 0.26803345652563187
399.99961925300192 -0.11582847473191663 0.26804368345602675
399.99963045144307 -0.11581293486821835 0.26805391021321184
399.99964164988421 -0.11579739498999653 0.2680641367971805
399.9996528483253 -0.1157818550972531 0.2680743632079261
399.99966404676644 -0.11576631518999002 0.26808458944544211
399.99967524520753 -0.11575077526820923 0.26809481550972186
399.99968644364867 -0.1157352353319127 0.26810504140075875
399.99969764208976 -0.11571969538110236 0.26811526711854622
399.9997088405309 -0.11570415541578015 0.26812549266307761
399.99972003897204 -0.11568861543594804 0.26813571803434633
399.99973123741313 -0.11567307544160797 0.26814594323234575
399.99974243585427 -0.11565753543276189 0.26815616825706928
399.99975363429536 -0.11564199540941174 0.26816639310851031
399.9997648327365 -0.11562645537155948 0.26817661778666224
399.99977603117759 -0.11561091531920706 0.26818684229151846
399.99978722961873 -0.11559537525235643 0.26819706662307236
399.99979842805988 -0.11557983517100953 0.26820729078131733
399.99980962650096 -0.11556429507516831 0.26821751476624678
399.99982082494211 -0.11554875496483473 0.26822773857785409
399.99983202338319 -0.11553321484001072 0.26823796221613266
399.99984322182434 -0.11551767470069824 0.26824818568107589
399.99985442026542 -0.11550213454689923 0.26825840897267716
399.99986561870656 -0.11548659437861565 0.26826863209092988
399.99987681714771 -0.11547105419584945 0.26827885503582743
399.99988801558879 -0.11545551399860257 0.26828907780736322
399.99989921402994 -0.11543997378687697 0.26829930040553057
399.99991041247102 -0.11542443356067458 0.26830952283032294
399.99992161091217 -0.11540889331999736 0.26831974508173373
399.99993280935331 -0.11539335306484726 0.26832996715975632
399.9999440077944 -0.11537781279522623 0.26834018906438412
399.99995520623554 -0.11536227251113622 0.26835041079561051
399.99996640467663 -0.11534673221257917 0.26836063235342889
399.99997760311777 -0.11533119189955704 0.26837085373783265
399.99998880155886 -0.11531565157207177 0.26838107494881513
400 -0.1153001112301253 0.26839129598636979
