# serie phase 2 p4_w1.73_c1.20_dt2s4_k2 : t x1 x2 (dt2=2.978835366769958e-06, depart t=12.516 etat bascule x1 x2 v1 v2 = 1596394.0396153107 -1591306.2432750855 64900646.768094718 -64797048.765015669)
12.609416277101905 291672113211.67566 -291669934671.32977
12.609419255937272 292406138464.84412 -292403957184.94031
12.609422234772639 293142474249.05414 -293140290224.42157
12.609425213608006 293881129297.39349 -293878942522.84827
12.609428192443373 294622112381.48401 -294619922851.82922
12.609431171278739 295365432311.67603 -295363240021.70172
12.609434150114106 296111097937.24384 -296108902881.72681
12.609437128949473 296859118146.58234 -296856920320.28625
12.60944010778484 297609501867.40503 -297607301265.08026
12.609443086620207 298362258066.94263 -298360054683.32635
12.609446065455574 299117395752.14337 -299115189581.95947
12.60944904429094 299874923969.87396 -299872715007.83289
12.609452023126307 300634851807.12201 -300632640047.92084
12.609455001961674 301397188391.1994 -301394973829.52185
12.609457980797041 302161942889.94708 -302159725520.46326
12.609460959632408 302929124511.94067 -302926904329.30719
12.609463938467774 303698742506.69781 -303696519505.5578
12.609466917303141 304470806164.88617 -304468580339.86908
12.609469896138508 305245324818.53247 -305243096164.25415
12.609472874973873 306022307841.23334 -306020076352.2959
12.60947585380924 306801764648.36694 -306799530319.35876
12.609478832644607 307583704697.30621 -307581467522.80188
12.609481811479974 308368137487.63281 -308365897462.19312
12.60948479031534 309155072561.35254 -309152829679.52441
12.609487769150707 309944519503.11206 -309942273759.42841
12.609490747986074 310736487940.41693 -310734239329.39685
12.609493726821441 311530987543.85065 -311528736059.99915
12.609496705656808 312328028027.29504 -312325773665.10309
12.609499684492175 313127619148.15204 -313125361902.0965
12.609502663327541 313929770707.56659 -313927510572.11017
12.609505642162908 314734492550.651 -314732229520.24225
12.609508620998275 315541794566.71057 -315539528635.78381
12.609511599833642 316351686689.47028 -316349417852.44556
12.609514578669009 317164178897.30304 -317161907148.58606
12.609517557504375 317979281213.45923 -317977006547.44135
12.609520536339742 318797003706.29736 -318794726117.35553
12.609523515175109 319617356489.5163 -319615075972.013
12.609526494010476 320440349722.38885 -320438066270.672
12.609529472845843 321265993609.99652 -321263707218.39954
12.60953245168121 322094298403.46576 -322092009066.3075
12.609535430516576 322925274400.20569 -322922982111.79028
12.609538409351943 323758931944.14673 -323756636698.76367
12.60954138818731 324595281425.9812 -324592983217.90521
12.609544367022677 325434333283.40497 -325432032106.896
12.609547345858044 326276098001.36072 -326273793850.66382
12.60955032469341 327120586112.28241 -327118278981.62787
12.609553303528777 327967808196.34143 -327965498079.94452
12.609556282364144 328817774881.69379 -328815461773.75476
12.609559261199511 329670496844.72919 -329668180739.43335
12.609562240034878 330525984810.32129 -330523665701.83881
12.609565218870245 331384249552.07959 -331381927434.56561
12.609568197705611 332245301892.6026 -332242976760.19696
12.609571176540978 333109152703.73236 -333106824550.55969
12.609574155376345 333975812906.8111 -333973481726.98077
12.609577134211712 334845293472.93884 -334842959260.54492
12.609580113047079 335717605423.23273 -335715268172.35394
12.609583091882444 336592759829.08759 -336590419533.78717
12.60958607071781 337470767812.43817 -337468424466.76392
12.609589049553177 338351640546.02319 -338349294144.00732
12.609592028388544 339235389253.65076 -339233039789.30994
12.609595007223911 340122025210.46527 -340119672677.8006
12.609597986059278 341011559743.216 -341009204136.21283
12.609600964894645 341904004230.52692 -341901645543.15485
12.609603943730011 342799370103.16864 -342797008329.38153
12.609606922565378 343697668844.33179 -343695303978.06769
12.609609901400745 344598911989.90173 -344596544025.08276
12.609612880236112 345503111128.73523 -345500740059.26764
12.609615859071479 346410277902.93854 -346407903722.71246
12.609618837906845 347320424008.14716 -347318046711.0368
12.609621816742212 348233561193.8075 -348231180773.67096
12.609624795577579 349149701263.45972 -349147317714.13892
12.609627774412946 350068856075.02283 -350066469390.34344
12.609630753248313 350991037541.08105 -350988647714.8526
12.60963373208368 351916257629.17212 -351913864655.18774
12.609636710919046 352844528362.07703 -352842132234.11353
12.609639689754413 353775861818.11176 -353773462529.9295
12.60964266858978 354710270131.42072 -354707867676.76361
12.609645647425147 355647765492.27173 -355645359864.86719
12.609648626260514 356588360147.35297 -356585951340.9118
12.60965160509588 357532066400.07159 -357529654408.28802
12.609654583931247 358478896610.854 -358476481427.40552
12.609657562766614 359428863197.44806 -359426444815.99536
12.609660541601981 360381978635.22717 -360379557049.41425
12.609663520437348 361338255457.49628 -361335830660.9502
12.609666499272715 362297706255.79944 -362295278242.13037
12.609669478108081 363260343680.22919 -363257912443.03033
12.609672456943448 364226180439.73785 -364223745972.58545
12.609675435778815 365195229302.45099 -365192791598.90411
12.609678414614182 366167503095.98224 -366165062149.58289
12.609681393449549 367143014707.75037 -367140570512.02332
12.609684372284915 368121777085.2981 -368119329633.75085
12.609687351120282 369103803236.61298 -369101352522.73578
12.609690329955649 370089106230.45007 -370086652247.71576
12.609693308791014 371077699196.65656 -371075241938.52063
12.609696287626381 372069595326.49829 -372067134786.39868
12.609699266461748 373064807872.98834 -373062344044.34546
12.609702245297115 374063350151.21771 -374060883027.43433
12.609705224132481 375065235538.68774 -375062765113.14905
12.609708202967848 376070477475.64471 -376068003741.71814
12.609711181803215 377079089465.41644 -377076612416.45166
12.609714160638582 378091085074.75067 -378088604704.07953
12.609717139473949 379106477934.15588 -379103994235.09229
12.609720118309315 380125281738.24396 -380122794704.08386
12.609723097144682 381147510246.07513 -381145019870.0965
12.609726075980049 382173177281.5047 -382170683556.96741
12.609729054815416 383202296733.53186 -383199799653.67767
12.609732033650783 384234882556.651 -384232382114.70343
12.60973501248615 385270948771.20465 -385268444960.36902
12.609737991321516 386310509463.73907 -386308002277.20233
12.609740970156883 387353578787.36163 -387351068218.29236
12.60974394899225 388400170962.10071 -388397657003.64899
12.609746927827617 389450300275.26727 -389447782920.56476
12.609749906662984 390503981081.81921 -390501460323.97894
12.60975288549835 391561227804.72754 -391558703636.84393
12.609755864333717 392622054935.34497 -392619527350.49377
12.609758843169084 393686477033.77649 -393683946025.01471
12.609761822004451 394754508729.2525 -394751974289.61829
12.609764800839818 395826164720.50403 -395823626843.0166
12.609767779675185 396901459776.14044 -396898918453.80011
12.609770758510551 397980408735.02942 -397977863960.8175
12.609773737345918 399063026506.6792 -399060478273.55786
12.609776716181285 400149328071.62311 -400146776372.5354
12.609779695016652 401239328481.80664 -401236773309.67639
12.609782673852019 402333042860.97681 -402330484208.70862
12.609785652687385 403430486405.07379 -403427924265.55292
12.609788631522752 404531674382.62476 -404529108748.71704
12.609791610358119 405636622135.14069 -405634052999.69244
12.609794589193486 406745345077.51514 -406742772433.35321
12.609797568028853 407857858698.42596 -407855282538.3576
12.60980054686422 408974178560.73895 -408971598877.55164
12.609803525699585 410094320301.91418 -410091737088.37573
12.609806504534951 411218299634.41522 -411215712883.27362
12.609809483370318 412346132346.12048 -412343542050.10388
12.609812462205685 413477834300.73694 -413475240452.55347
12.609815441041052 414613421438.21674 -414610824030.55457
12.609818419876419 415752909775.17627 -415750308800.70349
12.609821398711786 416896315405.31799 -416893710856.6825
12.609824377547152 418043654499.85461 -418041046369.68414
12.609827356382519 419194943307.93616 -419192331588.83813
12.609830335217886 420350198157.07916 -420347582841.64056
12.609833314053253 421509435453.59943 -421506816534.3869
12.60983629288862 422672671683.04688 -422670049152.60651
12.609839271723986 423839923410.64301 -423837297261.50037
12.609842250559353 425011207281.72131 -425008577506.38135
12.60984522939472 426186540022.17029 -426183906613.11719
12.609848208230087 427365938438.87921 -427363301388.57635
12.609851187065454 428549419420.18695 -428546778721.0769
12.609854165900821 429736999936.33331 -429734355580.83771
12.609857144736187 430928697039.91327 -430926049020.4328
12.609860123571554 432124527866.33392 -432121876175.24811
12.609863102406921 433324509634.27441 -433321854263.94165
12.609866081242288 434528659646.14893 -434526000588.90643
12.609869060077655 435736995288.57239 -435734332536.73602
12.609872038913021 436949534032.82892 -436946867578.69324
12.609875017748388 438166293435.34351 -438163623271.18164
12.609877996583755 439387291138.15637 -439384617256.21985
12.609880975419122 440612544869.40051 -440609867261.91925
12.609883954254489 441842072443.78229 -441839391102.96466
12.609886933089856 443075891763.06519 -443073206681.09772
12.609889911925222 444314020816.55573 -444311331985.60321
12.609892890760589 445556477681.59363 -445553785093.79889
12.609895869595956 446803280524.04407 -446800584171.52802
12.609898848431323 448054447598.79364 -448051747473.65515
12.60990182726669 449309997250.24927 -449307293344.565
12.609904806102056 450569947912.84033 -450567240218.66479
12.609907784937423 451834318111.52393 -451831606620.88934
12.60991076377279 453103126462.29321 -453100411167.20941
12.609913742608155 454376391672.68909 -454373672565.14349
12.609916721443522 455654132542.31519 -455651409614.27277
12.609919700278889 456936367963.35596 -456933641206.75897
12.609922679114256 458223116921.0979 -458220386327.86603
12.609925657949622 459514398494.45453 -459511664056.48462
12.609928636784989 460810231856.49426 -460807493565.6604
12.609931615620356 462110636274.97192 -462107894123.12524
12.609934594455723 463415631112.8634 -463412885091.83203
12.60993757329109 464725235828.90405 -464722485930.49304
12.609940552126456 466039469978.13031 -466036716194.12158
12.609943530961823 467358353212.4245 -467355595534.57672
12.60994650979719 468681905281.06342 -468679143701.11194
12.609949488632557 470010146031.27057 -470007380540.92731
12.609952467467924 471343095408.77161 -471340325999.72498
12.609955446303291 472680773458.35352 -472678000122.26837
12.609958425138657 474023200324.42743 -474020423052.94501
12.609961403974024 475370396251.5946 -475367615036.33246
12.609964382809391 476722381585.21625 -476719596417.76794
12.609967361644758 478079176771.98718 -478076387643.92255
12.609970340480125 479440802360.51318 -479438009263.37793
12.609973319315491 480807279001.89178 -480804481927.20758
12.609976298150858 482178627450.29706 -482175826389.5614
12.609979276986225 483554868563.56805 -483552063508.25421
12.609982255821592 484936023303.80072 -484933214245.3576
12.609985234656959 486322112737.94421 -486319299667.79633
12.609988213492326 487713158038.40057 -487710340947.94788
12.609991192327692 489109180483.6283 -489106359364.24622
12.609994171163059 490510201458.75018 -490507376301.78943
12.609997149998426 491916242456.16449 -491913413252.95099
12.610000128833793 493327325076.16071 -493324491817.99554
12.61000310766916 494743471027.53876 -494740633705.698
12.610006086504526 496164702128.23254 -496161860733.96722
12.610009065339893 497591040305.93744 -497588194830.47351
12.61001204417526 499022507598.74207 -499019658033.28027
12.610015023010627 500459126155.76343 -500456272491.47913
12.610018001845994 501900918237.78674 -501898060465.82996
12.610020980681359 503347906217.90961 -503345044329.40479
12.610023959516726 504800112582.18976 -504797246568.23584
12.610026938352092 506257559930.29755 -506254689781.96777
12.610029917187459 507720270976.17218 -507717396684.51398
12.610032896022826 509188268548.68274 -509185390104.71771
12.610035874858193 510661575592.29321 -510658692987.01697
12.61003885369356 512140215167.73199 -512137328392.11414
12.610041832528927 513624210452.66571 -513621319497.6496
12.610044811364293 515113584742.37708 -515110689598.87994
12.61004779019966 516608361450.448 -516605462109.36066
12.610050769035027 518108564109.44629 -518105660561.63312
12.610053747870394 519614216371.61749 -519611308607.91644
12.610056726705761 521125342009.58069 -521122430020.80298
12.610059705541127 522641964917.02905 -522639048693.95923
12.610062684376494 524164109109.43561 -524161188642.83136
12.610065663211861 525691798724.76245 -525688874005.35455
12.610068642047228 527225058024.17584 -527222129042.66809
12.610071620882595 528763911392.76508 -528760978139.83417
12.610074599717962 530308383340.26648 -530305445806.56183
12.610077578553328 531858498501.79205 -531855556677.93585
12.610080557388695 533414281638.56317 -533411335515.15015
12.610083536224062 534975757638.64862 -534972807206.24591
12.610086515059429 536542951517.70807 -536539996766.85529
12.610089493894796 538115888419.7403 -538112929340.94934
12.610092472730162 539694593617.83594 -539691630201.59094
12.610095451565529 541279092514.93536 -541276124751.69244
12.610098430400896 542869410644.59186 -542866438524.77911
12.610101409236263 544465573671.73981 -544462597185.75726
12.61010438807163 546067607393.46796 -546064626531.68738
12.610107366906997 547675537739.7973 -547672552492.56219
12.610110345742363 549289390774.46478 -549286401132.09015
12.61011332457773 550909192695.71179 -550906198648.48413
12.610116303413097 552534969837.07812 -552531971375.25525
12.610119282248464 554166748668.20093 -554163745782.01184
12.610122261083831 555804555795.61975 -555801548475.26477
12.610125239919197 557448417963.58594 -557445406199.23633
12.610128218754564 559098362054.87744 -559095345836.67542
12.610131197589929 560754415091.62012 -560751394409.67871
12.610134176425296 562416604236.11316 -562413579080.51599
12.610137155260663 564084956791.66138 -564081927152.46289
12.61014013409603 565759500203.4126 -565756466070.63757
12.610143112931397 567440262059.19971 -567437223422.84338
12.610146091766763 569127270090.38928 -569124226940.41724
12.61014907060213 570820552172.73584 -570817504499.08374
12.610152049437497 572520136327.24097 -572517084119.81458
12.610155028272864 574226050721.01953 -574222993969.69446
12.610158007108231 575938323668.17102 -575935262362.79272
12.610160985943597 577656983630.6571 -577653917761.04089
12.610163964778964 579382059219.18445 -579378988775.11523
12.610166943614331 581113579194.09314 -581110504165.3252
12.610169922449698 582851572466.25232 -582848492842.50928
12.610172901285065 584596068097.96143 -584592983868.93628
12.610175880120432 586347095303.85803 -586344006459.21289
12.610178858955798 588104683451.82996 -588101589981.19604
12.610181837791165 589868862063.93481 -589865763956.91223
12.610184816626532 591639660817.32593 -591636558063.4834
12.610187795461899 593417109545.18433 -593414002134.05945
12.610190774297266 595201238237.65723 -595198126158.75623
12.610193753132632 596992077042.80212 -596988960285.59949
12.610196731967999 598789656267.5376 -598786534821.47632
12.610199710803366 600594006378.6012 -600590880233.09241
12.610202689638733 602405158003.5127 -602402027147.93555
12.6102056684741 604223141931.54504 -604220006355.2467
12.610208647309467 606047989114.70178 -606044848806.99744
12.610211626144833 607879730668.69983 -607876585618.87207
12.6102146049802 609718397873.96008 -609715248071.2594
12.610217583815567 611564022176.60559 -611560867610.24976
12.610220562650934 613416635189.46399 -613413475848.63831
12.610223541486301 615276268693.0791 -615273104566.93591
12.610226520321667 617142954636.72839 -617139785714.38745
12.610229499157034 619016725139.44812 -619013551409.99597
12.610232477992401 620897612491.06372 -620894433943.55371
12.610235456827768 622785649153.22925 -622782465776.68164
12.610238435663135 624680867760.47327 -624677679543.87476
12.6102414144985 626583301121.25171 -626580108053.55554
12.610244393333867 628492982219.0083 -628489784289.13416
12.610247372169233 630409944213.24194 -630406741410.07568
12.6102503510046 632334220440.58105 -632331012752.97461
12.610253329839967 634265844415.86572 -634262631832.63696
12.610256308675334 636204849833.23865 -636201632343.17139
12.610259287510701 638151270567.24084 -638148048159.08459
12.610262266346068 640105140673.91663 -640101913336.38635
12.610265245181434 642066494391.92603 -642063262113.70227
12.610268224016801 644035366143.66516 -644032128913.3938
12.610271202852168 646011790536.39331 -646008548342.6853
12.610274181687535 647995802363.36841 -647992555194.7998
12.610277160522902 649987436604.9906 -649984184450.10242
12.610280139358268 651986728429.95374 -651983471277.25171
12.610283118193635 653993713196.4043 -653990451034.35876
12.610286097029002 656008426453.10876 -656005159270.15466
12.610289075864369 658030903940.62915 -658027631725.16577
12.610292054699736 660061181592.50598 -660057904332.89685
12.610295033535103 662099295536.45056 -662096013221.02332
12.610298012370469 664145282095.5448 -664141994712.59094
12.610300991205836 666199177789.44983 -666195885327.22473
12.610303970041203 668261019335.62268 -668257721782.34546
12.61030694887657 670330843650.5415 -670327540994.39478
12.610309927711937 672408687850.93933 -672405380080.06909
12.610312906547303 674494589255.04651 -674491276357.56201
12.61031588538267 676588585383.84167 -676585267347.81531
12.610318864218037 678690713962.31189 -678687390775.77905
12.610321843053404 680801012920.72119 -680797684571.67993
12.610324821888771 682919520395.88831 -682916186872.29956
12.610327800724138 685046274732.47327 -685042936022.26038
12.610330779559504 687181314484.27283 -687177970575.32153
12.610333758394871 689324678415.5249 -689321329295.68323
12.610336737230238 691476405502.22278 -691473051159.3009
12.610339716065605 693636534933.43762 -693633175355.20752
12.610342694900972 695805106112.65112 -695801741286.8468
12.610345673736338 697982158659.09692 -697978788573.41382
12.610348652571705 700167732409.11169 -700164357051.20679
12.61035163140707 702361867417.49658 -702358486774.98828
12.610354610242437 704564603958.88708 -704561218019.35498
12.610357589077804 706775982529.13269 -706772591280.11731
12.610360567913171 708996043846.68738 -708992647275.69019
12.610363546748538 711224828854.00879 -711221426948.49207
12.610366525583904 713462378718.96753 -713458971466.35413
12.610369504419271 715708734836.26648 -715705322223.9397
12.610372483254638 717963938828.87036 -717960520844.17383
12.610375462090005 720228032549.44531 -720224609179.68262
12.610378440925372 722501058081.80847 -722497629314.24329
12.610381419760738 724783057742.38916 -724779623564.24487
12.610384398596105 727074074081.69861 -727070634480.1582
12.610387377431472 729374149885.81165 -729370704848.01782
12.610390356266839 731683328177.85791 -731679877690.91248
12.610393335102206 734001652219.52356 -733998196270.48755
12.610396313937573 736329165512.56506 -736325704088.45862
12.610399292772939 738665911800.33228 -738662444888.13428
12.610402271608306 741011935069.30359 -741008462655.95154
12.610405250443673 743367279550.63147 -743363801623.02148
12.61040822927904 745731989721.69849 -745728506266.68506
12.610411208114407 748106110307.68542 -748102621312.08118
12.610414186949773 750489686283.15027 -750486191733.72583
12.61041716578514 752882762873.61902 -752879262757.10278
12.610420144620507 755285385557.18738 -755281879860.2655
12.610423123455874 757697600066.13428 -757694088775.45044
12.610426102291241 760119452388.54639 -760115935490.70154
12.610429081126608 762550988769.95508 -762547466251.50745
12.610432059961974 764992255714.98438 -764988727562.44922
12.610435038797341 767443299989.01135 -767439766188.86072
12.610438017632708 769904168619.83777 -769900629158.50024
12.610440996468075 772374908899.37537 -772371363763.23608
12.610443975303442 774855568385.34253 -774852017560.74292
12.610446954138808 777346194902.97266 -777342638376.21033
12.610449932974175 779846836546.73535 -779843274304.06396
12.610452911809542 782357541682.06982 -782353973709.69861
12.610455890644909 784878358947.13025 -784874785231.22424
12.610458869480276 787409337254.54614 -787405757781.22571
12.610461848315641 789950525793.19263 -789946940548.53333
12.610464827151008 792501974029.97595 -792498383000.00842
12.610467805986374 795063731711.63074 -795060134882.34045
12.610470784821741 797635848866.53088 -797632246223.85815
12.610473763657108 800218375806.51282 -800214767336.35242
12.610476742492475 802811363128.7124 -802807748816.91333
12.610479721327842 805414861717.41541 -805411241549.78088
12.610482700163208 808028922745.92188 -808025296708.20911
12.610485678998575 810653597678.42346 -810649965756.34351
12.610488657833942 813288938271.89453 -813285300451.11194
12.610491636669309 815934996577.99731 -815931352844.13
12.610494615504676 818591824945.0011 -818588175283.62024
12.610497594340043 821259476019.71558 -821255820416.34534
12.610500573175409 823938002749.43799 -823934341189.55542
12.610503552010776 826627458383.91516 -826623790852.94971
12.610506530846143 829327896477.3197 -829324222960.65356
12.61050950968151 832039370890.24036 -832035691373.20789
12.610512488516877 834761935791.68665 -834758250259.57422
12.610515467352243 837495645661.10986 -837491954099.15564
12.61051844618761 840240555290.43762 -840236857683.83142
12.610521425022977 842996719786.12451 -842993016120.00769
12.610524403858344 845764194571.21716 -845760484830.68225
12.610527382693711 848543035387.43433 -848539319557.52502
12.610530361529078 851333298297.26245 -851329576362.97327
12.610533340364444 854135039686.06689 -854131311632.34302
12.610536319199811 856948316264.21899 -856944582075.95605
12.610539298035178 859773185069.23889 -859769444731.28271
12.610542276870545 862609703467.9541 -862605956965.10071
12.610545255705912 865457929158.67383 -865454176475.66895
12.610548234541278 868317920173.38 -868314161294.91907
12.610551213376645 871189734879.93481 -871185969790.6626
12.610554192212012 874073431984.30334 -874069660668.81384
12.610557171047379 876969070532.79517 -876965292975.63147
12.610560149882746 879876709914.32068 -879872926099.97461
12.610563128718113 882796409862.66406 -882792619775.57605
12.610566107553479 885728230458.77441 -885724434083.33325
12.610569086388846 888672232133.07385 -888668429453.61646
12.610572065224211 891628475667.78186 -891624666668.59314
12.610575044059578 894597022199.25903 -894593206864.57153
12.610578022894945 897577933220.36621 -897574111534.36011
12.610581001730312 900571270582.84302 -900567442529.64563
12.610583980565679 903577096499.70239 -903573262063.38818
12.610586959401045 906595473547.64539 -906591632712.2356
12.610589938236412 909626464669.49268 -909622617418.95532
12.610592917071779 912670133176.63452 -912666279494.88379
12.610595895907146 915726542751.49939 -915722682622.39587
12.610598874742513 918795757450.04163 -918791890857.39185
12.610601853577879 921877841704.24609 -921873968631.80212
12.610604832413246 924972860324.65405 -924968980756.11353
12.610607811248613 928080878502.90771 -928076992421.9137
12.61061079008398 931201961814.31189 -931198069204.45239
12.610613768919347 934336176220.41736 -934332277065.2251
12.610616747754714 937483588071.62305 -937479682354.57532
12.61061972659008 940644264109.79907 -940640351814.31763
12.610622705425447 943818271470.9281 -943814352580.37878
12.610625684260814 947005677687.76672 -947001752185.45923
12.610628663096181 950206550692.52722 -950202618561.71472
12.610631641931548 953420958819.58105 -953417020043.46033
12.610634620766914 956648970808.18286 -956645025369.8938
12.610637599602281 959890655805.21277 -959886703687.83826
12.610640578437648 963146083367.94104 -963142124554.50647
12.610643557273015 966415323466.81494 -966411357940.28809
12.610646536108382 969698446488.26697 -969694474231.55798
12.610649514943749 972995523237.54358 -972991544233.50452
12.610652493779115 976306624941.55334 -976302639172.97791
12.610655472614482 979631823251.74109 -979627830701.36438
12.610658451449849 982971190246.98181 -982967190897.48022
12.610661430285216 986324798436.49744 -986320792270.48828
12.610664409120583 989692720762.79517 -989688707762.83643
12.610667387955949 993075030604.62976 -993071010753.21985
12.610670366791316 996471801779.98828 -996467775059.5658
12.610673345626683 999883108549.09656 -999879074942.04016
12.61067632446205 1003309025617.4496 -1003304985106.0775
12.610679303297417 1006749628138.8647 -1006745580705.4346
12.610682282132782 1010204991718.5605 -1010200937345.269
12.610685260968149 1013675192416.2581 -1013671131085.241
12.610688239803515 1017160306749.3062 -1017156238442.6378
12.610691218638882 1020660411695.8297 -1020656336395.5228
12.610694197474249 1024175584697.9045 -1024171502385.9099
12.610697176309616 1027705903664.7556 -1027701814322.9619
12.610700155144983 1031251446975.9799 -1031247350586.2134
12.610703133980349 1034812293484.7944 -1034808190028.8186
12.610706112815716 1038388522521.3107 -1038384411980.826
12.610709091651083 1041980213895.8342 -1041976096252.4781
12.61071207048645 1045587447902.1885 -1045583323137.5347
12.610715049321817 1049210305321.0657 -1049206173416.6241
12.610718028157184 1052848867423.4041 -1052844728360.6207
12.61072100699255 1056503215973.791 -1056499069734.0476
12.610723985827917 1060173433233.8921 -1060169279798.5055
12.610726964663284 1063859601965.9077 -1063855441316.13
12.610729943498651 1067561805436.0577 -1067557637553.0758
12.610732922334018 1071280127418.0916 -1071275952283.0269
12.610735901169384 1075014652196.8278 -1075010469790.7358
12.610738880004751 1078765464571.72 -1078761274875.5905
12.610741858840118 1082532649860.4512 -1082528452855.2074
12.610744837675485 1086316293902.5559 -1086312089569.0546
12.610747816510852 1090116483063.0717 -1090112271382.1024
12.610750795346219 1093933304236.2185 -1093929085188.504
12.610753774181585 1097766844849.1083 -1097762618415.3036
12.610756753016952 1101617192865.4834 -1101612959026.1758
12.610759731852319 1105484436789.4841 -1105480195525.1929
12.610762710687686 1109368665669.4438 -1109364416960.6196
12.610765689523053 1113269969101.7185 -1113265712928.7434
12.610768668358419 1117188437234.5461 -1117184173577.7332
12.610771647193786 1121124160771.9348 -1121119889611.5278
12.610774626029153 1125077230977.5806 -1125072952293.7539
12.61077760486452 1129047739678.8179 -1129043453451.6758
12.610780583699887 1133035779270.6008 -1133031485480.1772
12.610783562535254 1137041442719.5193 -1137037141345.7778
12.61078654137062 1141064823567.8423 -1141060514590.6758
12.610789520205987 1145106015937.5964 -1145101699336.8267
12.610792499041352 1149165114534.6726 -1149160790290.0496
12.610795477876719 1153242214652.9717 -1153237882744.1738
12.610798456712086 1157337412178.5811 -1157333072585.2144
12.610801435547453 1161450803593.9836 -1161446456295.582
12.61080441438282 1165582485982.3042 -1165578130958.3286
12.610807393218186 1169732557031.5842 -1169728194261.4229
12.610810372053553 1173901115039.0916 -1173896744502.0591
12.61081335088892 1178088258915.666 -1178083880591.0034
12.610816329724287 1182294088190.1011 -1182289702056.9751
12.610819308559654 1186518703013.5623 -1186514309051.0654
12.61082228739502 1190762204164.0383 -1190757802351.1882
12.610825266230387 1195024693050.8293 -1195020283366.5688
12.610828245065754 1199306271719.0696 -1199301854142.2664
12.610831223901121 1203607042854.2844 -1203602617363.73
12.610834202736488 1207927109786.9897 -1207922676361.3997
12.610837181571855 1212266576497.3279 -1212262135115.3413
12.610840160407221 1216625547619.7395 -1216621098259.9189
12.610843139242588 1221004128447.6721 -1220999671088.5029
12.610846118077955 1225402424938.3279 -1225397959558.218
12.610849096913322 1229820543717.449 -1229816070294.7288
12.610852075748689 1234258592084.144 -1234254110597.0652
12.610855054584055 1238716678015.7512 -1238712188442.4875
12.610858033419422 1243194910172.7451 -1243190412491.3911
12.610861012254789 1247693397903.678 -1247688892092.2495
12.610863991090156 1252212251250.1636 -1252207737286.5964
12.610866969925523 1256751580951.9009 -1256747058814.0513
12.61086994876089 1261311498451.7427 -1261306968117.3865
12.610872927596256 1265892115900.7998 -1265887577347.6321
12.610875906431623 1270493546163.593 -1270488999369.2278
12.61087888526699 1275115902823.2441 -1275111347765.2141
12.610881864102357 1279759300186.7114 -1279754736842.4678
12.610884842937724 1284423853290.0623 -1284419281636.9739
12.61088782177309 1289109677903.7922 -1289105097919.1455
12.610890800608457 1293816890538.1934 -1293812302199.1919
12.610893779443824 1298545608448.7588 -1298541011732.5229
12.610896758279191 1303295949641.6345 -1303291344525.2009
12.610899737114558 1308068032879.1177 -1308063419339.4392
12.610902715949923 1312861977685.198 -1312857355699.1428
12.61090569478529 1317677904351.146 -1317673273895.4978
12.610908673620656 1322515933941.1489 -1322511294992.606
12.610911652456023 1327376188297.9907 -1327371540833.1658
12.61091463129139 1332258790048.7812 -1332254134044.2014
12.610917610126757 1337163862610.7295 -1337159198042.8352
12.610920588962124 1342091530196.9656 -1342086857042.1106
12.61092356779749 1347041917822.417 -1347037236056.8682
12.610926546632857 1352015151309.7253 -1352010460909.6616
12.610929525468224 1357011357295.2163 -1357006658236.7288
12.610932504303591 1362030663234.9229 -1362025955494.0144
12.610935483138958 1367073197410.6516 -1367068480963.2363
12.610938461974325 1372139088936.1016 -1372134363758.0042
12.610941440809691 1377228467763.0376 -1377223733829.9934
12.610944419645058 1382341464687.5139 -1382336721975.1682
12.610947398480425 1387478211356.147 -1387473459840.0547
12.610950377315792 1392638840272.4426 -1392634079928.0679
12.610953356151159 1397823484803.1753 -1397818715605.8909
12.610956334986525 1403032279184.8228 -1403027501109.9097
12.610959313821892 1408265358530.054 -1408260571552.7014
12.610962292657259 1413522858834.271 -1413518062929.5752
12.610965271492626 1418804916982.2078 -1418800112125.1724
12.610968250327993 1424111670754.5815 -1424106856920.1165
12.61097122916336 1429443258834.8 -1429438435997.7217
12.610974207998726 1434799820815.73 -1434794988950.76
12.610977186834093 1440181497206.5173 -1440176656288.2832
12.61098016566946 1445588429439.4692 -1445583579442.5029
12.610983144504827 1451020759876.9902 -1451015900775.728
12.610986123340194 1456478631818.5803 -1456473763587.3628
12.61098910217556 1461962189507.8911 -1461957312120.9622
12.610992081010927 1467471578139.8403 -1467466691571.3467
12.610995059846294 1473006943867.7908 -1473002048091.7817
12.610998038681661 1478568433810.7871 -1478563528801.2144
12.611001017517028 1484156196060.8552 -1484151281791.5718
12.611003996352395 1489770379690.3645 -1489765456135.1248
12.611006975187761 1495411134759.4497 -1495406201891.9089
12.611009954023128 1501078612323.4971 -1501073670117.2107
12.611012932858493 1506772964440.6943 -1506768012869.1174
12.61101591169386 1512494344179.6482 -1512489383216.1353
12.611018890529227 1518242905627.0652 -1518237935244.8694
12.611021869364594 1524018803895.4973 -1524013824067.7703
12.611024848199961 1529822195131.1572 -1529817205830.9482
12.611027827035327 1535653236521.7974 -1535648237722.0535
12.611030805870694 1541512086304.6548 -1541507077978.2197
12.611033784706061 1547398903774.4675 -1547393885894.0813
12.611036763541428 1553313849291.5586 -1553308821829.8574
12.611039742376795 1559257084289.9924 -1559252047219.5076
12.611042721212161 1565228771285.7983 -1565223724578.9561
12.611045700047528 1571229073885.2683 -1571224017514.3894
12.611048678882895 1577258156793.3196 -1577253090730.6187
12.611051657718262 1583316185821.9351 -1583311110039.52
12.611054636553629 1589403327898.6782 -1589398242368.5498
12.611057615388996 1595519751075.2803 -1595514655769.332
12.611060594224362 1601665624536.2969 -1601660519426.3137
12.611063573059729 1607841118607.8416 -1607836003665.4998
12.611066551895096 1614046404766.4019 -1614041279963.2688
12.611069530730463 1620281655647.7271 -1620276520955.26
12.61107250956583 1626547045055.792 -1626541900445.3381
12.611075488401196 1632842747971.8411 -1632837593414.6367
12.611078467236563 1639168940563.5129 -1639163776030.6831
12.61108144607193 1645525800194.0383 -1645520625656.5962
12.611084424907297 1651913505431.5259 -1651908320860.3723
12.611087403742664 1658332236058.323 -1658327041424.2456
12.61109038257803 1664782173080.4617 -1664776968354.1348
12.611093361413397 1671263498737.1875 -1671258283889.1714
12.611096340248764 1677776396510.571 -1677771171511.3113
12.611099319084131 1684321051135.2034 -1684315815955.0303
12.611102297919498 1690897648607.9778 -1690892403217.1062
12.611105276754865 1697506376197.9573 -1697501120566.4856
12.611108255590231 1704147422456.3254 -1704142156554.2351
12.611111234425598 1710820977226.4329 -1710815701023.5881
12.611114213260965 1717527231653.925 -1717521945120.0718
12.611117192096332 1724266378196.9629 -1724261081301.7288
12.611120170931699 1731038610636.532 -1731033303349.4253
12.611123149767064 1737844124086.8425 -1737838806377.252
12.611126128602431 1744683115005.823 -1744677786843.0166
12.611129107437797 1751555781205.7104 -1751550442558.8354
12.611132086273164 1758462321863.728 -1758456972701.8101
12.611135065108531 1765402937532.863 -1765397577824.8057
12.611138043943898 1772377830152.7356 -1772372459867.3198
12.611141022779265 1779387203060.5647 -1779381822166.448
12.611144001614631 1786431261002.2346 -1786425869467.9504
12.611146980449998 1793510210143.4597 -1793504807937.4172
12.611149959285365 1800624258081.0471 -1800618845171.53
12.611152938120732 1807773613854.261 -1807768190209.4272
12.611155916956099 1814958487956.2913 -1814953053544.1724
12.611158895791466 1822179092345.8213 -1822173647134.322
12.611161874626832 1829435640458.6958 -1829430184415.5928
12.611164853462199 1836728347219.6997 -1836722880312.6416
12.611167832297566 1844057429054.4438 -1844051951250.95
12.611170811132933 1851423103901.3528 -1851417615168.8132
12.6111737899683 1858825591223.7632 -1858820091529.4375
12.611176768803666 1866265112022.1255 -1866259601333.1426
12.611179747639033 1873741888846.3245 -1873736367129.6814
12.6111827264744 1881256145808.1052 -1881250613030.6672
12.611185705309767 1888808108593.6121 -1888802564722.1113
12.611188684145134 1896398004476.0408 -1896392449477.0754
12.611191662980501 1904026062328.408 -1904020496168.4426
12.611194641815867 1911692512636.4373 -1911686935281.8013
12.611197620651234 1919397587511.5559 -1919391998928.4431
12.611200599486601 1927141520704.0127 -1927135920858.4807
12.611203578321968 1934924547616.115 -1934918936474.0845
12.611206557157335 1942746905315.5886 -1942741282842.8425
12.611209535992701 1950608832549.0576 -1950603198711.241
12.611212514828068 1958510569755.6409 -1958504924518.2593
12.611215493663435 1966452359080.6775 -1966446702409.0967
12.611218472498802 1974434444389.5857 -1974428776249.0312
12.611221451334169 1982457071281.8411 -1982451391637.3975
12.611224430169536 1990520487105.0767 -1990514795921.6863
12.611227409004902 1998624940969.3208 -1998619238211.7834
12.611230387840267 2006770683761.3647 -2006764969394.3372
12.611233366675634 2014957968159.2578 -2014952242147.2527
12.611236345511001 2023187048646.9373 -2023181310954.322
12.611239324346368 2031458181528.9985 -2031452432119.9956
12.611242303181735 2039771624945.5952 -2039765863784.2805
12.611245282017101 2048127638887.4749 -2048121865937.7771
12.611248260852468 2056526485211.1611 -2056520700436.8616
12.611251239687835 2064968427654.2703 -2064962631019.0017
12.611254218523202 2073453731850.9673 -2073447923318.2131
12.611257197358569 2081982665347.5688 -2081976844880.6621
12.611260176193936 2090555497618.2954 -2090549665180.4187
12.611263155029302 2099172500081.1648 -2099166655635.3489
12.611266133864669 2107833946114.0283 -2107828089623.1519
12.611269112700036 2116540111070.7617 -2116534242497.55
12.611272091535403 2125291272297.6033 -2125285391604.6279
12.61127507037077 2134087709149.6465 -2134081816299.324
12.611278049206136 2142929703007.4873 -2142923797962.0786
12.611281028041503 2151817537294.0293 -2151811620015.6389
12.61128400687687 2160751497491.4436 -2160745567942.0193
12.611286985712237 2169731871158.2825 -2169725929299.6135
12.611289964547604 2178758947946.7554 -2178752993740.4727
12.611292943382971 2187833019620.1699 -2187827053027.7446
12.611295922218337 2196954380070.5334 -2196948401053.2761
12.611298901053704 2206123325336.3213 -2206117333855.3813
12.611301879889071 2215340153620.4126 -2215334149636.7773
12.611304858724438 2224605165308.1938 -2224599148782.687
12.611307837559805 2233918662985.8369 -2233912633879.1191
12.611310816395171 2243280951458.7446 -2243274909731.3115
12.611313795230538 2252692337770.1675 -2252686283382.3491
12.611316774065905 2262153131220.0039 -2262147064131.9639
12.611319752901272 2271663643383.7769 -2271657563555.5117
12.611322731736639 2281224188131.7866 -2281218095523.1245
12.611325710572006 2290835081648.4409 -2290828976219.041
12.611328689407372 2300496642451.7788 -2300490524161.1299
12.611331668242739 2310209191413.1826 -2310203060220.603
12.611334647078106 2319973051777.2671 -2319966907641.9033
12.611337625913473 2329788549181.9551 -2329782392062.7812
12.611340604748838 2339656011678.7476 -2339649841534.564
12.611343583584205 2349575769753.1953 -2349569586542.6279
12.611346562419572 2359548156345.5596 -2359541960027.0586
12.611349541254938 2369573506871.6758 -2369567297403.5151
12.611352520090305 2379652159244.0146 -2379645936584.291
12.611355498925672 2389784453892.9399 -2389778217999.5718
12.611358477761039 2399970733788.1704 -2399964484618.8975
12.611361456596406 2410211344460.4482 -2410205081972.8296
12.611364435431772 2420506634023.417 -2420500358174.8306
12.611367414267139 2430856953195.7168 -2430850663943.3584
12.611370393102506 2441262655323.2974 -2441256352624.1802
12.611373371937873 2451724096401.917 -2451717780212.8701
12.61137635077324 2462241635099.8828 -2462235305377.5503
12.611379329608607 2472815632781.002 -2472809289481.8418
12.611382308443973 2483446453527.7646 -2483440096608.0479
12.61138528727934 2494134464164.7422 -2494128093580.5518
12.611388266114707 2504880034282.2124 -2504873649989.4424
12.611391244950074 2515683536260.02 -2515677138214.3745
12.611394223785441 2526545345291.6611 -2526538933448.6528
12.611397202620807 2537465839408.6108 -2537459413723.5605
12.611400181456174 2548445399504.8853 -2548438959932.9209
12.611403160291541 2559484409361.8374 -2559477955857.8926
12.611406139126908 2570583255673.1934 -2570576788192.0063
12.611409117962275 2581742328070.3413 -2581735846566.4546
12.611412096797642 2592962019147.8638 -2592955523575.6216
12.611415075633008 2604242724489.3198 -2604236214802.8687
12.611418054468375 2615584842693.2905 -2615578318846.5771
12.611421033303742 2626988775399.6636 -2626982237346.4346
12.611424012139109 2638454927316.1753 -2638448375009.9751
12.611426990974476 2649983706245.2256 -2649977139639.3965
12.611429969809842 2661575523110.9482 -2661568942158.6274
12.611432948645209 2673230791986.5625 -2673224196640.6836
12.611435927480576 2684949930121.9795 -2684943320335.269
12.611438906315943 2696733357971.6714 -2696726733696.6494
12.61144188515131 2708581499222.8501 -2708574860411.8276
12.611444863986677 2720494780823.8896 -2720488127428.9683
12.611447842822043 2732473633013.0615 -2732466964986.1323
12.611450821657408 2744518489347.5244 -2744511806640.2666
12.611453800492775 2756629786732.6235 -2756623089296.5034
12.611456779328142 2768807965451.4707 -2768801253237.7402
12.611459758163509 2781053469194.8213 -2781046742154.5176
12.611462736998876 2793366745091.2446 -2793360003175.188
12.611465715834242 2805748243737.5947 -2805741486896.3872
12.611468694669609 2818198419229.8086 -2818191647413.834
12.611471673504976 2830717729193.9829 -2830710942353.4043
12.611474652340343 2843306634817.7725 -2843299832902.5317
12.61147763117571 2855965600882.1172 -2855958783841.9336
12.611480610011077 2868695095793.2593 -2868688263577.6284
12.611483588846443 2881495591615.1035 -2881488744173.2954
12.61148656768181 2894367564101.8931 -2894360701382.9517
12.611489546517177 2907311492731.2227 -2907304614683.9644
12.611492525352544 2920327860737.3745 -2920320967310.3867
12.611495504187911 2933417155144.9868 -2933410246286.627
12.611498483023277 2946579866803.0742 -2946572942461.4678
12.611501461858644 2959816490419.3921 -2959809550542.4321
12.611504440694011 2973127524595.145 -2973120569130.4902
12.611507419529378 2986513471860.04 -2986506500755.1143
12.611510398364745 2999974838707.7041 -2999967851909.6938
12.611513377200112 3013512135631.4531 -3013505133087.3076
12.611516356035478 3027125877160.438 -3027118858816.8662
12.611519334870845 3040816581896.1426 -3040809547699.6133
12.611522313706212 3054584772549.2651 -3054577722446.0044
12.611525292541579 3068430975976.979 -3068423909912.9702
12.611528271376946 3082355723220.5562 -3082348641141.5376
12.611531250212312 3096359549543.3848 -3096352451394.8481
12.611534229047679 3110442994469.3809 -3110435880196.5708
12.611537207883046 3124606601821.7852 -3124599471369.6973
12.611540186718413 3138850919762.3589 -3138843773075.7373
12.61154316555378 3153176500831.001 -3153169337854.3389
12.611546144389147 3167583901985.749 -3167576722663.2861
12.611549123224513 3182073684643.1895 -3182066488918.9102
12.61155210205988 3196646414719.3105 -3196639202536.9434
12.611555080895247 3211302662670.7598 -3211295433973.7759
12.611558059730614 3226043003536.5215 -3226035758268.1323
12.611561038565979 3240868016980.0293 -3240860755083.186
12.611564017401346 3255778287331.7231 -3255771008749.1147
12.611566996236713 3270774403632.0376 -3270767108306.0889
12.611569975072079 3285856959674.8491 -3285849647547.7197
12.611572953907446 3301026554051.3716 -3301019225064.9551
12.611575932742813 3316283790194.4912 -3316276444290.4126
12.61157891157818 3331629276423.564 -3331621913543.1782
12.611581890413547 3347063625989.709 -3347056246074.1001
12.611584869248913 3362587457121.5552 -3362580060111.5342
12.61158784808428 3378201393071.4463 -3378193978907.5493
12.611590826919647 3393906062162.1626 -3393898630784.6499
12.611593805755014 3409702097834.1201 -3409694649182.9741
12.611596784590381 3425590138693.0669 -3425582672707.9907
12.611599763425748 3441570828558.2754 -3441563345178.6914
12.611602742261114 3457644816511.2441 -3457637315676.2915
12.611605721096481 3473812756944.9106 -3473805238593.4448
12.611608699931848 3490075309613.3735 -3490067773683.9639
12.611611678767215 3506433139682.1528 -3506425586113.0815
12.611614657602582 3522886917778.9731 -3522879346508.2329
12.611617636437948 3539437320045.0781 -3539429731010.3706
12.611620615273315 3556085028187.1006 -3556077421325.8345
12.611623594108682 3572830729529.4854 -3572823104778.7754
12.611626572944049 3589675117067.4604 -3589667474364.125
12.611629551779416 3606618889520.563 -3606611228801.1226
12.611632530614783 3623662751386.7456 -3623655072587.4209
12.611635509450149 3640807412997.061 -3640799716053.7715
12.611638488285516 3658053590570.9263 -3658045875419.2886
12.611641467120883 3675402006271.9614 -3675394272847.2871
12.61164444595625 3692853388264.4272 -3692845636501.7202
12.611647424791617 3710408470770.3081 -3710400700604.2646
12.611650403626983 3728067994126.9629 -3728060205491.9683
12.61165338246235 3745832704845.3994 -3745824897675.5269
12.611656361297717 3763703355669.1934 -3763695529898.2017
12.611659340133084 3781680705634.0229 -3781672861195.3555
12.611662318968451 3799765520127.8359 -3799757656954.6177
12.611665297803818 3817958570951.6895 -3817950688976.7261
12.611668276639184 3836260636381.2319 -3836252735537.0068
12.611671255474549 3854672501228.8398 -3854664581447.5132
12.611674234309916 3873194956906.4565 -3873187018119.8623
12.611677213145283 3891828801489.0942 -3891820843628.7393
12.61168019198065 3910574839779.0151 -3910566862776.0771
12.611683170816017 3929433883370.6084 -3929425887155.9326
12.611686149651383 3948406750715.9849 -3948398735220.0835
12.61168912848675 3967494267191.3052 -3967486232344.3555
12.611692107322117 3986697265163.7822 -3986689210895.623
12.611695086157484 4006016584059.4312 -4006008510299.5625
12.611698064992851 4025453070431.5732 -4025444977109.1528
12.611701043828218 4045007578030.0903 -4044999465073.9326
12.611704022663584 4064680967871.416 -4064672835209.9893
12.611707001498951 4084474108309.3145 -4084465955870.7393
12.611709980334318 4104387875106.4224 -4104379702818.4692
12.611712959169685 4124423151506.5811 -4124414959296.668
12.611715938005052 4144580828307.9653 -4144572616103.1567
12.611718916840418 4164861803937.0151 -4164853571664.0186
12.611721895675785 4185266984523.187 -4185258732108.3511
12.611724874511152 4205797283974.5161 -4205789011343.8291
12.611727853346519 4226453624054.0381 -4226445331133.1255
12.611730832181886 4247236934457.0151 -4247228621171.1362
12.611733811017253 4268148152889.0679 -4268139819163.1152
12.611736789852619 4289188225145.1528 -4289179870903.6489
12.611739768687986 4310358105189.3853 -4310349730356.48
12.611742747523353 4331658755235.811 -4331650359735.2808
12.61174572635872 4353091145830.0391 -4353082729585.2832
12.611748705194087 4374656255931.7744 -4374647818865.813
12.611751684029453 4396355072998.2988 -4396346615033.771
12.61175466286482 4418188593068.877 -4418180114128.0381
12.611757641700187 4440157820850.0996 -4440149320854.8184
12.611760620535554 4462263769802.1904 -4462255248673.9482
12.611763599370921 4484507462226.2646 -4484498919886.1504
12.611766578206288 4506889929352.5693 -4506881365721.2803
12.611769557041654 4529412211429.7568 -4529403626427.5928
12.611772535877021 4552075357815.1133 -4552066751361.9766
12.611775514712388 4574880427065.8584 -4574871799081.25
12.611778493547755 4597828487031.4287 -4597819837434.4473
12.61178147238312 4620920614946.8027 -4620911943656.1406
12.611784451218487 4644157897526.8662 -4644149204460.8076
12.611787430053853 4667541431061.9033 -4667532716138.3213
12.61179040888922 4691072321514.1504 -4691063584650.5049
12.611793387724587 4714751684615.4199 -4714742925728.7539
12.611796366559954 4738580645965.8701 -4738571864972.8086
12.611799345395321 4762560341133.9062 -4762551537950.6523
12.611802324230688 4786691915757.1328 -4786683090299.4668
12.611805303066054 4810976525644.542 -4810967677827.8154
12.611808281901421 4835415336879.8887 -4835406466619.0254
12.611811260736788 4860009525926.1934 -4860000633135.6836
12.611814239572155 4884760279731.4453 -4884751364325.3447
12.611817218407522 4909668795835.5684 -4909659857727.4961
12.611820197242888 4934736282478.5605 -4934727321581.6943
12.611823176078255 4959963958709.8779 -4959954974936.9521
12.611826154913622 4985353054499.0986 -4985344047762.4014
12.611829133748989 5010904810847.8906 -5010895781059.2607
12.611832112584356 5036620479903.2549 -5036611426974.0811
12.611835091419723 5062501325072.0498 -5062492248913.2646
12.611838070255089 5088548621136.8115 -5088539521658.8896
12.611841049090456 5114763654373.0068 -5114754531485.9629
12.611844027925823 5141147722667.6162 -5141138576281.001
12.61184700676119 5167702135639.0771 -5167692965661.9756
12.611849985596557 5194428214758.5967 -5194419021099.623
12.611852964431923 5221327293472.9336 -5221318076040.2305
12.61185594326729 5248400717328.584 -5248391476029.8174
12.611858922102657 5275649844097.4219 -5275640578839.7803
12.611861900938024 5303076043903.7998 -5303066754593.9883
12.611864879773391 5330680699353.1768 -5330671385897.416
12.611867858608758 5358465205662.209 -5358455867966.2314
12.611870837444124 5386430970790.3916 -5386421608759.4395
12.611873816279491 5414579415573.2256 -5414570029112.0459
12.611876795114858 5442911973856.9551 -5442902562869.7959
12.611879773950225 5471430092634.9385 -5471420657025.5479
12.611882752785592 5500135232185.5977 -5500125771857.2188
12.611885731620958 5529028866211.9912 -5529019381067.3604
12.611888710456325 5558112481983.0674 -5558102971924.4092
12.61189168929169 5587387580476.5762 -5587378045405.6025
12.611894668127057 5616855676523.6025 -5616846116341.5068
12.611897646962424 5646518298954.8682 -5646508713562.3223
12.611900625797791 5676376990748.8525 -5676367380046.0029
12.611903604633158 5706433309181.6279 -5706423673068.0947
12.611906583468524 5736688825978.4609 -5736679164353.3311
12.611909562303891 5767145127467.2373 -5767135440229.0635
12.611912541139258 5797803814733.7275 -5797794101780.5244
12.611915519974625 5828666503778.6934 -5828656765007.9326
12.611918498809992 5859734825676.8975 -5859725060985.5059
12.611921477645359 5891010426737.9824 -5891000636022.3369
12.611924456480725 5922494968669.3096 -5922485151825.2344
12.611927435316092 5954190128740.7852 -5954180285663.5469
12.611930414151459 5986097599951.6543 -5986087730535.96
12.611933392986826 6018219091199.3145 -6018209195339.3066
12.611936371822193 6050556327450.123 -6050546405039.375
12.611939350657559 6083111049912.376 -6083101100843.8906
12.611942329492926 6115885016211.3174 -6115875040377.5205
12.611945308328293 6148880000566.2656 -6148869997859.0049
12.61194828716366 6182097793969.9248 -6182087764280.4639
12.611951265999027 6215540204369.8066 -6215530147588.8223
12.611954244834394 6249209056851.9336 -6249198972869.5098
12.61195722366976 6283106193826.7471 -6283096082532.374
12.611960202505127 6317233475217.3398 -6317223336499.9072
12.611963181340494 6351592778649.9443 -6351582612397.7383
12.611966160175861 6386185999646.793 -6386175805747.4932
12.611969139011228 6421015051821.2646 -6421004830161.9375
12.611972117846594 6456081867075.5078 -6456071617542.6045
12.611975096681961 6491388395800.5322 -6491378118279.8838
12.611978075517328 6526936607078.6465 -6526926301455.46
12.611981054352695 6562728488888.4648 -6562718155047.3184
12.611984033188062 6598766048312.4199 -6598755686137.2578
12.611987012023429 6635051311746.8945 -6635040921121.0254
12.611989990858795 6671586325114.916 -6671575905921.0059
12.611992969694162 6708373154081.4648 -6708362706201.5342
12.611995948529529 6745413884271.4951 -6745403407586.9131
12.611998927364896 6782710621490.6328 -6782700115882.1143
12.612001906200261 6820265491948.7188 -6820254957296.3184
12.612004885035628 6858080642486.043 -6858070078669.1523
12.612007863870994 6896158240802.4189 -6896147647699.7598
12.612010842706361 6934500475689.1045 -6934489853178.7256
12.612013821541728 6973109557263.7227 -6973098905222.9951
12.612016800377095 7011987717208.0713 -7011977035513.6826
12.612019779212462 7051137209008.8926 -7051126497536.8438
12.612022758047829 7090560308201.6953 -7090549566827.2939
12.612025736883195 7130259312617.6562 -7130248541215.5137
12.612028715718562 7170236542633.6377 -7170225741077.6631
12.612031694553929 7210494341425.3379 -7210483509588.7324
12.612034673389296 7251035075223.6943 -7251024212978.9482
12.612037652224663 7291861133574.502 -7291850240793.3887
12.612040631060029 7332974929601.3027 -7332964006154.873
12.612043609895396 7374378900271.6543 -7374367946030.2324
12.612046588730763 7416075506666.7549 -7416064521499.9336
12.61204956756613 7458067234254.4873 -7458056218031.1201
12.612052546401497 7500356593166.0078 -7500345545754.208
12.612055525236864 7542946118475.8369 -7542935039742.9678
12.61205850407223 7585838370485.5352 -7585827260298.208
12.612061482907597 7629035935011.0498 -7629024793235.1172
12.612064461742964 7672541423673.668 -7672530250174.2178
12.612067440578331 7716357474194.7861 -7716346268836.1377
12.612070419413698 7760486750694.4414 -7760475513340.1396
12.612073398249064 7804931943993.624 -7804920674506.4326
12.612076377084431 7849695771920.6113 -7849684470162.5088
12.612079355919798 7894780979621.1777 -7894769645453.3496
12.612082334755165 7940190339872.8486 -7940178973155.6855
12.612085313590532 7985926653403.2324 -7985915253996.3193
12.612088292425899 8031992749212.46 -8031981316974.5742
12.612091271261265 8078391484899.9014 -8078380019689.0059
12.612094250096632 8125125746994.9736 -8125114248668.2109
12.612097228931999 8172198451292.3643 -8172186919706.0498
12.612100207767366 8219612543191.6484 -8219600978201.2656
12.612103186602733 8267370998041.2959 -8267359399501.4893
12.612106165438099 8315476821487.2344 -8315465189251.8047
12.612109144273466 8363933049825.9219 -8363921383747.8184
12.612112123108831 8412742750362.0723 -8412731050293.3877
12.612115101944198 8461909021771.0967 -8461897287563.0605
12.612118080779565 8511434994466.3447 -8511423225969.3174
12.612121059614932 8561323830971.1309 -8561312028034.5967
12.612124038450299 8611578726295.6875 -8611566888768.249
12.612127017285665 8662202908319.1309 -8662191036048.501
12.612129996121032 8713199638176.502 -8713187731009.499
12.612132974956399 8764572210650.9258 -8764560268433.4658
12.612135953791766 8816323954570.959 -8816311977148.0488
12.612138932627133 8868458233213.3027 -8868446220429.0352
12.6121419114625 8920978444710.7422 -8920966396408.2871
12.612144890297866 8973888022465.6699 -8973875938487.2695
12.612147869133233 9027190435569.0215 -9027178315755.9824
12.6121508479686 9080889189224.7832 -9080877033417.4707
12.612153826803967 9134987825180.293 -9134975633218.1191
12.612156805639334 9189489922162.3438 -9189477693883.7656
12.6121597844747 9244399096319.207 -9244386831561.7207
12.612162763310067 9299719001668.3184 -9299706700268.4453
12.612165742145434 9355453330550.2109 -9355440992343.4941
12.612168720980801 9411605814088.7129 -9411593438909.7109
12.612171699816168 9468180222657.1523 -9468167810339.4316
12.612174678651535 9525180366350.8145 -9525167916726.9395
12.612177657486901 9582610095466.082 -9582597608367.6113
12.612180636322268 9640473300985.748 -9640460776243.2207
12.612183615157635 9698773915071.2812 -9698761352514.2168
12.612186593993002 9757515911561.7305 -9757503311018.6152
12.612189572828369 9816703306479.1211 -9816690667777.4043
12.612192551663735 9876340158541.082 -9876327481507.168
12.612195530499102 9936430569680.2363 -9936417854139.4707
12.612198509334469 9996978685570.8711 -9996965931347.5371
12.612201488169836 10057988696163.061 -10057975903080.373
12.612204467005203 10119464836223.904 -10119452004103.998
12.61220744584057 10181411385886.098 -10181398514550.021
12.612210424675936 10243832671204.135 -10243819760471.842
12.612213403511303 10306733064718.246 -10306720114408.584
12.61221638234667 10370116986026.219 -10370103995956.924
12.612219361182037 10433988902363.141 -10433975872350.828
12.612222340017402 10498353329189.076 -10498340259049.232
12.612225318852769 10563214830784.959 -10563201720331.932
12.612228297688135 10628578020856.719 -10628564869903.707
12.612231276523502 10694447563148.057 -10694434371507.105
12.612234255358869 10760828172061.471 -10760814939543.461
12.612237234194236 10827724613288.135 -10827711339702.771
12.612240213029603 10895141704446.566 -10895128389602.373
12.61224319186497 10963084315730.346 -10963070959434.654
12.612246170700336 11031557370564.721 -11031543972623.66
12.612249149535703 11100565846272.633 -11100552406491.121
12.61225212837107 11170114774750.174 -11170101292931.908
12.612255107206437 11240209243151.463 -11240195719098.912
12.612258086041804 11310854394583.35 -11310840828097.742
12.61226106487717 11382055428809.695 -11382041819691.01
12.612264043712537 11453817602965.844 -11453803951012.801
12.612267022547904 11526146232283.281 -11526132537293.332
12.612270001383271 11599046690824.424 -11599032952593.74
12.612272980218638 11672524412227.926 -11672510630551.391
12.612275959054005 11746584890464.797 -11746571065135.994
12.612278937889371 11821233680605.225 -11821219811416.428
12.612281916724738 11896476399596.4 -11896462486338.564
12.612284895560105 11972318727051.332 -11972304769514.078
12.612287874395472 12048766406049.23 -12048752404020.842
12.612290853230839 12125825243947.311 -12125811197214.717
12.612293832066205 12203501113204.119 -12203487021552.889
12.612296810901572 12281799952215.09 -12281785815429.416
12.612299789736939 12360727766160.107 -12360713584022.799
12.612302768572306 12440290627863.098 -12440276400155.568
12.612305747407673 12520494678664.346 -12520480405166.602
12.61230872624304 12601346129305.279 -12601331809795.908
12.612311705078406 12682851260826.367 -12682836895082.527
12.612314683913773 12765016425477.912 -12765002013275.32
12.61231766274914 12847848047644.219 -12847833588757.139
12.612320641584507 12931352624781.271 -12931338118982.502
12.612323620419874 13015536728368.188 -13015522175429.053
12.61232659925524 13100407004872.289 -13100392404562.621
12.612329578090607 13185970176728.9 -13185955528817.031
12.612332556925972 13272233043335.336 -13272218347588.086
12.612335535761339 13359202482059.557 -13359187738242.221
12.612338514596706 13446885449263.576 -13446870657139.91
12.612341493432073 13535288981342.088 -13535274140674.297
12.61234447226744 13624420195776.578 -13624405306325.307
12.612347451102806 13714286292204.945 -13714271353729.258
12.612350429938173 13804894553506.98 -13804879565764.354
12.61235340877354 13896252346906.459 -13896237309652.768
12.612356387608907 13988367125089.213 -13988352038078.717
12.612359366444274 14081246427337.775 -14081231290323.105
12.612362345279641 14174897880683.336 -14174882693415.48
12.612365324115007 14269329201074.945 -14269313963303.234
12.612368302950374 14364548194566.221 -14364532906038.316
12.612371281785741 14460562758519.988 -14460547418981.867
12.612374260621108 14557380882830.922 -14557365492026.863
12.612377239456475 14655010651166.732 -14654995208839.305
12.612380218291841 14753460242227.975 -14753444748118.02
12.612383197127208 14852737931026.818 -14852722384873.436
12.612386175962575 14952852090185.766 -14952836491726.299
12.612389154797942 15053811191255.668 -15053795540225.691
12.612392133633309 15155623806053.736 -15155608102187.039
12.612395112468676 15258298608022.154 -15258282851050.727
12.612398091304042 15361844373607.262 -15361828563261.275
12.612401070139409 15466269983659.887 -15466254119667.684
12.612404048974776 15571584424857.23 -15571568506945.305
12.612407027810143 15677796791146.803 -15677780819039.787
12.61241000664551 15784916285212.102 -15784900258632.75
12.612412985480876 15892952219961.09 -15892936138630.264
12.612415964316243 16001914020037.461 -16001897883674.107
12.61241894315161 16111811223355.424 -16111795031676.566
12.612421921986977 16222653482658.354 -16222637235379.072
12.612424900822344 16334450567101.334 -16334434263934.746
12.612427879657711 16447212363858.48 -16447196004515.729
12.612430858493077 16560948879755.119 -16560932463945.35
12.612433837328444 16675670242925.547 -16675653770355.896
12.612436816163811 16791386704496.682 -16791370174872.258
12.612439794999176 16908108640297.898 -16908092053321.764
12.612442773834543 17025846552597.705 -17025829907970.857
12.61244575266991 17144611071867.467 -17144594369288.822
12.612448731505276 17264412958573.135 -17264396197739.508
12.612451710340643 17385263104995.402 -17385246285601.49
12.61245468917601 17507172537078.189 -17507155658816.551
12.612457668011377 17630152416306.527 -17630135478867.562
12.612460646846744 17754214041614.637 -17754197044686.578
12.612463625682111 17879368851323.215 -17879351794592.098
12.612466604517477 18005628425107.746 -18005611308257.391
12.612469583352844 18133004485999.012 -18132987308711.008
12.612472562188211 18261508902414.488 -18261491664368.172
12.612475541023578 18391153690223.031 -18391136391095.465
12.612478519858945 18521951014842.016 -18521933654307.969
12.612481498694311 18653913193368.867 -18653895771100.801
12.612484477529678 18787052696745.617 -18787035212413.652
12.612487456365045 18921382151959.105 -18921364605231.012
12.612490435200412 19056914344276.914 -19056896734818.09
12.612493414035779 19193662219517.629 -19193644546991.07
12.612496392871146 19331638886359.871 -19331621150426.156
12.612499371706512 19470857618688.465 -19470839819005.734
12.612502350541879 19611331857977.855 -19611313994201.789
12.612505329377246 19753075215713.996 -19753057287497.785
12.612508308212613 19896101475856.961 -19896083482851.293
12.61251128704798 20040424597343.25 -20040406539196.281
12.612514265883346 20186058716628.895 -20186040592986.23
12.612517244718713 20333018150274.188 -20332999960778.859
12.61252022355408 20481317397570.609 -20481299141863.047
12.612523202389447 20630971143211.199 -20630952820929.211
12.612526181224814 20781994260005.18 -20781975870783.93
12.612529160060181 20934401811637.086 -20934383355109.062
12.612532138895547 21088209055471.336 -21088190531266.336
12.612535117730914 21243431445403.617 -21243412853148.715
12.612538096566281 21400084634759.555 -21400065974079.086
12.612541075401648 21558184479240.621 -21558165749756.148
12.612544054237015 21717747039919.859 -21717728241250.145
12.612547033072381 21878788586288.457 -21878769718049.441
12.612550011907746 22041325599352.695 -22041306661157.477
12.612552990743113 22205374774782.109 -22205355766240.91
12.61255596957848 22370953026109.879 -22370933946830.02
12.612558948413847 22538077487988.586 -22538058337574.461
12.612561927249214 22706765519499.926 -22706746297552.969
12.612564906084581 22877034707520.73 -22877015413639.395
12.612567884919947 23048902870146.461 -23048883503926.191
12.612570863755314 23222388060171.086 -23222368621204.281
12.612573842590681 23397508568627.043 -23397489056503.039
12.612576821426048 23574282928385.41 -23574263342690.449
12.612579800261415 23752729917816.004 -23752710258133.195
12.612582779096781 23932868564512.422 -23932848830421.723
12.612585757932148 24114718149078.699 -24114698340156.883
12.612588736767515 24298298208981.344 -24298278324801.965
12.612591715602882 24483628542467.375 -24483608582600.742
12.612594694438249 24670729212550.781 -24670709176563.926
12.612597673273616 24859620551067.031 -24859600438523.676
12.612600652108982 25050323162796.684 -25050302973257.207
12.612603630944349 25242857929661.949 -25242837662683.363
12.612606609779716 25437246014994.695 -25437225670130.605
12.612609588615083 25633508867878.398 -25633488444678.973
12.61261256745045 25831668227566.457 -25831647725578.391
12.612615546285816 26031746127976.973 -26031725546743.457
12.612618525121183 26233764902267.02 -26233744241327.711
12.61262150395655 26437747187485.453 -26437726446376.434
12.612624482791917 26643715929307.875 -26643695107561.621
12.612627461627284 26851694386854.312 -26851673483999.656
12.612630440462651 27061706137592.84 -27061685153154.938
12.612633419298017 27273775082328.766 -27273754015829.055
12.612636398133384 27487925450282.699 -27487904301238.871
12.612639376968751 27704181804257.949 -27704160572183.906
12.612642355804118 27922569045899.461 -27922547730305.281
12.612645334639485 28143112421046.781 -28143091021438.684
12.612648313474851 28365837525181.941 -28365816041062.238
12.612651292310218 28590770308974.246 -28590748739841.316
12.612654271145585 28817937083925.336 -28817915429273.582
12.612657249980952 29047364528113.559 -29047342787433.363
12.612660228816317 29279079692042.102 -29279057864819.789
12.612663207651684 29513110004593.25 -29513088090311.051
12.612666186487051 29749483279089.305 -29749461277225.309
12.612669165322417 29988227719462.734 -29988205629490.852
12.612672144157784 30229371926538.055 -30229349747927.973
12.612675122993151 30472944904427.922 -30472922636645.062
12.612678101828518 30718976067045.375 -30718953709550.855
12.612681080663885 30967495244734.426 -30967472796985.012
12.612684059499252 31218532691020.965 -31218510152469.023
12.612687038334618 31472119089489.121 -31472096459582.586
12.612690017169985 31728285560780.824 -31728262838963.141
12.612692996005352 31987063669725.531 -31987040855435.613
12.612695974840719 32248485432601.262 -32248462525273.453
12.612698953676086 32512583324527.879 -32512560323591.895
12.612701932511452 32779390286998.266 -32779367191879.152
12.612704911346819 33048939735548.461 -33048916545666.551
12.612707890182186 33321265567569.18 -33321242282340.031
12.612710869017553 33596402170263.957 -33596378789098.32
12.61271384785292 33874384428754.188 -33874360951057.938
12.612716826688287 34155247734336.227 -34155224159510.332
12.612719805523653 34439027992892.793 -34439004320333.25
12.61272278435902 34725761633461.383 -34725737862559.168
12.612725763194387 35015485616964.457 -35015461747105.484
12.612728742029754 35308237445101.836 -35308213475666.891
12.612731720865121 35604055169411.891 -35604031099776.578
12.612734699700487 35902977400505.594 -35902953230040.297
12.612737678535854 36205043317473.039 -36205019045542.844
12.612740657371221 36510292677469.078 -36510268303433.734
12.612743636206588 36818765825482.633 -36818741348696.492
12.612746615041955 37130503704289.898 -37130479124101.852
12.612749593877322 37445547864599.273 -37445523180352.703
12.612752572712688 37763940475390.711 -37763915686423.438
12.612755551548055 38085724334448.031 -38085699440092.227
12.612758530383422 38410942879100.258 -38410917878682.414
12.612761509218789 38739640197167.641 -38739615090008.5
12.612764488054156 39071861038116.836 -39071835823531.328
12.612767466889522 39407650824434.453 -39407625501731.625
12.612770445724887 39747055663221.609 -39747030231704.57
12.612773424560254 40090122358010.602 -40090096816976.469
12.612776403395621 40436898420814.375 -40436872769554.195
12.612779382230988 40787432084405.938 -40787406322204.617
12.612782361066355 41141772314843.953 -41141746440980.203
12.612785339901722 41499968824242.516 -41499942837988.789
12.612788318737088 41862072083788.281 -41862045984410.695
12.612791297572455 42228133337014.695 -42228107123772.953
12.612794276407822 42598204613340.836 -42598178285488.172
12.612797255243189 42972338741877.406 -42972312298660.516
12.612800234078556 43350589365504.062 -43350562806163.023
12.612803212913922 43733010955222.352 -43732984278990.547
12.612806191749289 44119658824802.211 -44119632030906.266
12.612809170584656 44510589145718.836 -44510562233378.539
12.612812149420023 44905858962382.758 -44905831930810.977
12.61281512825539 45305526207679.836 -45305499056082.453
12.612818107090757 45709649718821.906 -45709622446397.734
12.612821085926123 46118289253517.102 -46118261859457.812
12.61282406476149 46531505506463.867 -46531477989953.906
12.612827043596857 46949360126175.375 -46949332486391.875
12.612830022432224 47371915732151.125 -47371887968263.836
12.612833001267591 47799235932393.062 -47799208043564.25
12.612835980102957 48231385341283.523 -48231357326667.906
12.612838958938324 48668429597821.758 -48668401456566.406
12.612841937773691 49110435384237.539 -49110407115481.797
12.612844916609058 49557470444979.398 -49557442047854.797
12.612847895444425 50009603606097.961 -50009575079728.125
12.612850874279792 50466904795025.734 -50466876138526.289
12.612853853115158 50929445060766.047 -50929416273244.531
12.612856831950525 51397296594500.57 -51397267675056.344
12.612859810785892 51870532750623.664 -51870503698347.812
12.612862789621259 52349228068210.477 -52349198882185.719
12.612865768456626 52833458292932.469 -52833428972233.062
12.612868747291992 53323300399430.742 -53323270943122.375
12.612871726127359 53818832614155.492 -53818803021295.188
12.612874704962726 54320134438690.828 -54320104708326.852
12.612877683798093 54827286673564.773 -54827256804736.531
12.612880662633458 55340371442556.461 -55340341434294.383
12.612883641468825 55859472217520.625 -55859442068846.062
12.612886620304192 56384673843743.094 -56384643553668.234
12.612889599139558 56916062565820.703 -56916032133348.43
12.612892577974925 57453726054101.773 -57453695478225.586
12.612895556810292 57997753431687.453 -57997722711391.328
12.612898535645659 58548235302010.359 -58548204436268.656
12.612901514481026 59105263777004.055 -59105232764781.406
12.612904493316393 59668932505869.766 -59668901346120.953
12.612907472151759 60239336704469.438 -60239305396139.266
12.612910450987126 60816573185350.641 -60816541727373.836
12.612913429822493 61400740388419.992 -61400708779721.07
12.61291640865786 61991938412276.922 -61991906651770.07
12.612919387493227 62590269046237.367 -62590237132826.312
12.612922366328593 63195835803048.883 -63195803735626.781
12.61292534516396 63808743952313.531 -63808711729762.812
12.612928323999327 64429100554657.789 -64429068175850.062
12.612931302834694 65057014496638.406 -65056981960434.297
12.612934281670061 65692596526415.43 -65692563831664.469
12.612937260505428 66335959290221.703 -66335926435762.172
12.612940239340794 66987217369629.508 -66987184354288.312
12.612943218176161 67646487319646.5 -67646454142239.039
12.612946197011528 68313887707654.211 -68313854366984.219
12.612949175846895 68989539153211.336 -68989505648070.742
12.612952154682262 69673564368745.445 -69673530697914.234
12.612955133517628 70366088201162.523 -70366054363408.586
12.612958112352995 71067237674382.75 -71067203668461.719
12.612961091188362 71777142032833.844 -71777107857488.969
12.612964070023729 72495932785918.156 -72495898439880.125
12.612967048859096 73223743753492.469 -73223709235479.25
12.612970027694463 73960711112383.141 -73960676421099.828
12.612973006529829 74706973443950.562 -74706938578089.234
12.612975985365196 75462671782727.438 -75462636740966.984
12.612978964200563 76227949666172.828 -76227914447178.75
12.61298194303593 77002953185566.297 -77002917787990.578
12.612984921871297 77787831038071.312 -77787795460552.219
12.612987900706663 78582734579991.281 -78582698821153.203
12.612990879542028 79387817881264.078 -79387781939717.344
12.612993858377395 80203237781202.531 -80203201655543.25
12.612996837212762 81029153945528.25 -81029117634338.094
12.612999816048129 81865728924729.875 -81865692426575.922
12.613002794883496 82713128213788.984 -82713091527223.516
12.613005773718863 83571520313285.828 -83571483436846.125
12.613008752554229 84441076791957.844 -84441039724166.031
12.613011731389596 85321972350710.875 -85321935090073.672
12.613014710224963 86214384888137.219 -86214347433145.797
12.61301768906033 87118495567581.922 -87118457916711.641
12.613020667895697 88034488885800.125 -88034451037510.391
12.613023646731063 88962552743234.312 -88962514695968.312
12.61302662556643 89902878515953.688 -89902840268138.203
12.613029604401797 90855661129336.688 -90855622679381.859
12.613032583237164 91821099133504.359 -91821060479803.484
12.613035562072531 92799394780555.422 -92799355921484.719
12.613038540907898 93790754103663.109 -93790715037581.516
12.613041519743264 94795386998066.844 -94795347723315.75
12.613044498578631 95813507304037.828 -95813467818940.859
12.613047477413998 96845332891846.484 -96845293194709.266
12.613050456249365 97891085748795.359 -97891045837905.266
12.613053435084732 98950992068366.594 -98950951941992.5
12.613056413920098 100025282341561.98 -100025241997954.02
12.613059392755465 101114191450477.58 -101114150887866.89
12.613062371590832 102217958764157.22 -102217917980755.7
12.613065350426199 103336828236809.05 -103336787230809.05
12.613068329261566 104471048508479.47 -104471007278053.58
12.613071308096933 105620873008189.44 -105620831551490.17
12.613074286932299 106786560059631.03 -106786518374790.58
12.613077265767666 107968372989519.91 -107968331074649.83
12.613080244603033 109166580238639.09 -109166538091830.08
12.6130832234384 110381455475655.61 -110381413094977.14
12.613086202273767 111613277713799.81 -111613235097299.89
12.613089181109133 112862331430482.12 -112862288576186.97
12.6130921599445 114128906689939.3 -114128863595853.03
12.613095138779867 115413299268986.14 -115413255933090.48
12.613098117615234 116715810785960.62 -116715767206214.61
12.613101096450599 118036748832932.77 -118036705007272.36
12.613104075285966 119376427111309.38 -119376383037647.2
12.613107054121333 120735165570904.2 -120735121247129.2
12.613110032956699 122113290552579.11 -122113245976556.17
12.613113011792066 123511134934567.64 -123511090104137.3
12.613115990627433 124929038282568.95 -124928993195547.02
12.6131189694628 126367347003723.16 -126367301657900.36
12.613121948298167 127826414504607.03 -127826368897748.67
12.613124927133534 129306601353340.81 -129306555483186.39
12.6131279059689 130808275445916.16 -130808229310179
12.613130884804267 132331812176877.67 -132331765773244.55
12.613133863639634 133877594614516.52 -133877547940647.23
12.613136842475001 135446013680683.97 -135445966734211.03
12.613139821310368 137037468335320.61 -137037421113848.77
12.613142800145734 138652365765905.84 -138652318267011.7
12.613145778981101 140291121581947.77 -140291073803179.38
12.613148757816468 141954160014655.59 -141954111953532.03
12.613151736651835 143641914121937.62 -143641865775948.53
12.613154715487202 145354825998944.22 -145354777365549.41
12.613157694322569 147093346994252.75 -147093298070881.75
12.613160673157935 148857937931831.06 -148857888715882.62
12.613163651993302 150649069339118.41 -150649019827960.12
12.613166630828669 152467221681202.69 -152467171872170.47
12.613169609664036 154312885601391.66 -154312835491789.25
12.613172588499403 156186562168401.88 -156186511755500.34
12.613175567334769 158088763130335.09 -158088712411372.44
12.613178546170136 160020011175581.84 -160019960147762.38
12.613181525005503 161980840200910.44 -161980788861404.34
12.61318450384087 163971795587027.19 -163971743932969.97
12.613187482676237 165993434481722.28 -165993382510214.25
12.613190461511604 168046326090918.94 -168046273799024.59
12.61319344034697 170131051977883 -170130999362630.59
12.613196419182337 172248206370789.97 -172248153429170.88
12.613199398017704 174398396478862.22 -174398343207830.38
12.613202376853071 176582242817469.84 -176582189213941.12
12.613205355688438 178800379542448.56 -178800325603300.28
12.613208334523804 181053454793863.12 -181053400515933.34
12.613211313359169 183342131049512.84 -183342076429599.75
12.613214292194536 185667085488599.53 -185667030523460.91
12.613217271029903 188029010365763.19 -188028955052115.66
12.61322024986527 190428613395804.19 -190428557730322.59
12.613223228700637 192866618149587 -192866562128903.75
12.613226207536004 195343764461376.72 -195343708082081.12
12.61322918637137 197860808847935.75 -197860752106573.31
12.613232165206737 200418524939789.62 -200418467832861.34
12.613235144042104 203017703925115.06 -203017646449076.69
12.613238122877471 205659155006622.09 -205659097157883.41
12.613241101712838 208343705871868.41 -208343647646792.47
12.613244080548204 211072203177426.41 -211072144572328.84
12.613247059383571 213845513047347.12 -213845454058495.28
12.613250038218938 216664521586382.44 -216664462209994.62
12.613253017054305 219530135408525.22 -219530075640769.91
12.613255995889672 222443282181267.31 -222443222018262.25
12.613258974725039 225404911186294.97 -225404850624106.41
12.613261953560405 228415993896956.53 -228415932931598.38
12.613264932395772 231477524573073.34 -231477463200506.25
12.613267911231139 234590520873799.78 -234590459089930.22
12.613270890066506 237756024489152.75 -237755962289832.19
12.613273868901873 240975101790729.09 -240975039171753
12.613276847737239 244248844502269.59 -244248781459376.47
12.613279826572606 247578370390927.66 -247578306919798.16
12.613282805407973 250964823979720.72 -250964760075976.62
12.61328578424334 254409377281836.59 -254409312941039.78
12.613288763078707 257913230557930.62 -257913165775582.03
12.613291741914074 261477613096925.09 -261477547868463.72
12.61329472074944 265103784021122.28 -265103718341924.09
12.613297699584807 268793033116474.19 -268792966981851.03
12.613300678420174 272546681689032.28 -272546615094230.72
12.613303657255541 276366083448368.28 -276366016388568.56
12.613306636090908 280252625418905.44 -280252557889220.19
12.613309614926274 284207728880247.38 -284207660875720.56
12.613312593761641 288232850337565.25 -288232781853170.88
12.613315572597008 292329482522697.69 -292329413553338.56
12.613318551432375 296499155427610.44 -296499085968116.94
12.61332153026774 300743437371277.19 -300743367416405.94
12.613324509103107 305063936100776.69 -305063865645209.25
12.613327487938474 309462299928119.38 -309462228966460.88
12.61333046677384 313940218904489.56 -313940147431267.44
12.613333445609207 318499426032212.62 -318499354041875
12.613336424444574 323141698516934.31 -323141626003848.75
12.613339403279941 327868859061118.12 -327868786019570.12
12.613342382115308 332682777199688.19 -332682703623879.62
12.613345360950674 337585370680361.19 -337585296564408.75
12.613348339786041 342578606890090.38 -342578532228024.12
12.613351318621408 347664504328756 -347664429114517.69
12.613354297456775 352845134132382.5 -352845058359823.88
12.613357276292142 358122621647722.75 -358122545310604
12.613360255127509 363499148060073.75 -363499071152061.75
12.613363233962875 368976952076027.56 -368976874590694.06
12.613366212798242 374558331663647.69 -374558253594467.56
12.613369191633609 380245645852310.62 -380245567192660.06
12.613372170468976 386041316594023.75 -386041237337178.38
12.613375149304343 391947830688648 -391947750827780.94
12.613378128139709 397967741775871.88 -397967661304051.75
12.613381106975076 404103672396591.44 -404103591306780.5
12.613384085810443 410358316125511.25 -410358234410563.19
12.61338706464581 416734439778483.12 -416734357431141
12.613390043481177 423234885697521.69 -423234802710415.81
12.613393022316544 429862574116172.31 -429862490481818.06
12.61339600115191 436620505608599.25 -436620421319394.75
12.613398979987277 443511763625634.31 -443511678673858.19
12.613401958822644 450539517121242.56 -450539431499051.62
12.613404937658011 457707023272824.12 -457706936972250.88
12.613407916493378 465017630299390 -465017543312340.12
12.613410895328744 472474780381563.81 -472474692699813.81
12.613413874164111 480082012687256.94 -480081924302451.38
12.613416852999478 487842966507249.19 -487842877410898.12
12.613419831834845 495761384505613.81 -495761294689090.06
12.613422810670212 503841116088947.69 -503841025543484
12.613425789505579 512086120899911 -512086029616597.25
12.613428768340945 520500472439874.62 -520500380409654.88
12.61343174717631 529088361826075 -529088269039744.5
12.613434726011677 537854101688788.25 -537854008136990.38
12.613437704847044 546802130214405.62 -546802035887628.75
12.613440683682411 555937015340420.06 -555936920228994.31
12.613443662517778 565263459108721.38 -565263363202815.25
12.613446641353145 574786302184266.62 -574786205473883.75
12.613449620188511 584510528545351.75 -584510431020327.5
12.613452599023878 594441270352615.5 -594441172002613.12
12.613455577859245 604583813006096.12 -604583713820603.25
12.613458556694612 614943600396736.25 -614943500365061
12.613461535529979 625526240361541.75 -625526139472809.25
12.613464514365345 636337510350955 -636337408594103.12
12.613467493200712 647383363316404.75 -647383260680180.25
12.613470472036079 658669933829645.25 -658669830302599.5
12.613473450871446 670203544443311.25 -670203440013796.12
12.613476429706813 681990712302805.88 -681990606958969.12
12.61347940854218 694038156021029.38 -694038049750810.38
12.613482387377546 706352802828293.25 -706352695619418.38
12.613485366212913 718941796007686.62 -718941687847664.25
12.61348834504828 731812502631260 -731812393507376
12.613491323883647 744972521608888.88 -744972411508201.62
12.613494302719014 758429692063269.38 -758429580972604.38
12.61349728155438 772192102047211.25 -772191989953156
12.613500260389747 786268097619115.25 -786267984508013.88
12.613503239225114 800666292292526 -800666178150473.75
12.613506218060481 815395576876056.62 -815395461688894.12
12.613509196895848 830465129722194.38 -830465013475501.75
12.613512175731215 845884427405154 -845884310084244.88
12.613515154566581 861663255846137.25 -861663137436052.5
12.613518133401948 877811721908313.25 -877811602393814.75
12.613521112237315 894340265483359.62 -894340144848923.62
12.613524091072682 911259672091310.5 -911259550321121
12.613527069908049 928581086019957.75 -928580963097899.62
12.613530048743415 946316024028038.25 -946315899937689.88
12.613533027578782 964476389640900.5 -964476264365526.75
12.613536006414149 983074488066575.88 -983074361589120.38
12.613538985249516 1002123041761686.9 -1002122914064764.4
12.613541964084881 1021635206680219.4 -1021635077746107.8
12.613544942920248 1041624589235488.5 -1041624459046120.4
12.613547921755615 1062105264015823.2 -1062105132552778
12.613550900590981 1083091792284964.2 -1083091659529458.9
12.613553879426348 1104599241309754.1 -1104599107242634.5
12.613556858261715 1126643204555996 -1126643069157727.8
12.613559837097082 1149239822795640.2 -1149239686046299
12.613562815932449 1172405806169817 -1172405668049079
12.613565794767815 1196158457259334.8 -1196158317746466.2
12.613568773603182 1220515695211293 -1220515554285140.5
12.613571752438549 1245496080978541 -1245495938617520
12.613574731273916 1271118843723758.2 -1271118699905842.5
12.613577710109283 1297403908456196.5 -1297403763158906.8
12.61358068894465 1324371924957648.8 -1324371778158040.8
12.613583667780016 1352044298069955.2 -1352044149744608
12.613586646615383 1380443219412693.2 -1380443069537696.2
12.61358962545075 1409591700608301 -1409591549159241.5
12.613592604286117 1439513608094422 -1439513455046371.8
12.613595583121484 1470233699608300.8 -1470233544935802.2
12.61359856195685 1501777662431452 -1501777506108504.8
12.613601540792217 1534172153487244.5 -1534171995487289.8
12.613604519627584 1567444841402063.2 -1567444681697969.5
12.613607498462951 1601624450628691 -1601624289192738.2
12.613610477298318 1636740807740082.5 -1636740644543946.5
12.613613456133685 1672824890024444.2 -1672824725039179.8
12.613616434969051 1709908876499148.5 -1709908709695172
12.613619413804418 1748026201488606 -1748026032835677.8
12.613622392639785 1787211610905059 -1787211440372265.8
12.613625371475152 1827501221384070.5 -1827501048939805.8
12.613628350310519 1868932582428075.8 -1868932408040020.5
12.613631329145885 1911544741742795.5 -1911544565377897.8
12.613634307981252 1955378313952619 -1955378135577073.5
12.613637286816619 2000475552873564 -2000475372452790
12.613640265651986 2046880427558817.8 -2046880245057437
12.613643244487353 2094638702334818.2 -2094638517716632
12.61364622332272 2143798021066343 -2143797834294307.8
12.613649202158085 2194407995895696.8 -2194407806931899.5
12.613652180993451 2246520300724616.2 -2246520109530249.2
12.613655159828818 2300188769719783 -2300188576255117
12.613658138664185 2355469501138907 -2355469305363262.5
12.613661117499552 2412420966819894 -2412420768691615
12.613664096334919 2471104127656535 -2471103927132958
12.613667075170286 2531582555419622.5 -2531582352457046
12.613670054005652 2593922561341305 -2593922355894958
12.613673032841019 2658193331856150.5 -2658193123880159.5
12.613676011676386 2724467071972617 -2724466861419971.5
12.613678990511753 2792819156737989 -2792818943560507
12.61368196934712 2863328291291441 -2863328075439731.5
12.613684948182486 2936076680052943.5 -2936076461476368
12.613687927017853 3011150205681979.5 -3011149984328613.5
12.61369090585322 3088638618383660.5 -3088638394200251.5
12.613693884688587 3168635736239481.5 -3168635509171406
12.613696863523954 3251239657289005.5 -3251239427280226.5
12.613699842359321 3336552984136627 -3336552751129645.5
12.613702821194687 3424683061905113.5 -3424682825840922
12.613705800030054 3515742230420604 -3515741991238636
12.613708778865421 3609848091604180 -3609847849242259
12.613711757700788 3707123793043412 -3707123547437697.5
12.613714736536155 3807698328877093.5 -3807698079962024
12.613717715371521 3911706859187908.5 -3911706606896144
12.613720694206888 4019291049158126.5 -4019290793420487.5
12.613723673042255 4130599429350418.5 -4130599170095822.5
12.613726651877622 4245787778596461.5 -4245787515751858
12.613729630712989 4365019531071251.5 -4365019264561552.5
12.613732609548356 4488466209258311.5 -4488465939006320
12.613735588383722 4616307884682516 -4616307610608852
12.613738567219089 4748733668383977 -4748733390406999
12.613741546054456 4885942233247628 -4885941951283353
12.613744524889823 5028142370576814 -5028142084538832
12.61374750372519 5175553583315169 -5175553293114555
12.613750482560556 5328406718761391 -5328406424306613
12.613753461395923 5486944643560112 -5486944344756934
12.61375644023129 5651422964289942 -5651422661041324
12.613759419066655 5822110797011375 -5822110489217369
12.613762397902022 5999291589406135 -5999291276963774
12.613765376737389 6183263999711216 -6183263682514399
12.613768355572756 6374342836746124 -6374342514685496
12.613771334408122 6572860065842632 -6572859738805459
12.613774313243489 6779165885782047 -6779165553652084
12.613777292078856 6993629882364972 -6993629545022324
12.613780270914223 7216642264744461 -7216641922065441
12.61378324974959 7448615191245745 -7448614843102722
12.613786228584956 7689984191734027 -7689983837995266
12.613789207420323 7941209694579249 -7941209335108746
12.61379218625569 8202778666825644 -8202778301482952
12.613795165091057 8475206376870921 -8475206005510967
12.613798143926424 8759038289878312 -8759037912351205
12.613801122761791 9054852107239004 -9054851723389832
12.613804101597157 9363259962467786 -9363259572136404
12.613807080432524 9684910786612806 -9684910389633616
12.613810059267891 10020492858168630 -10020492454370344
12.613813038103258 10370736553487692 -10370736142693088
12.613816016938625 10736417315349378 -10736416897375036
12.613818995773991 11118358859262966 -11118358433919000
12.613821974609358 11517436638476374 -11517436205566144
12.613824953444725 11934581591320138 -11934581150639946
12.613827932280092 12370784196741054 -12370783748079820
12.613830911115459 12827098866524154 -12827098409663086
12.613833889950826 13304648705230922 -13304648239943154
12.613836868786192 13804630672882008 -13804630198932230
12.613839847621559 14328321187847154 -14328320704991210
12.613842826456926 14877082212774600 -14877081720759072
12.613845805292293 15452367869891418 -15452367368453182
12.61384878412766 16055731637432836 -16055731126298592
12.613851762963026 16688834184418250 -16688833663304026
12.613854741798393 17353451907278940 -17353451375889564
12.61385772063376 18051486239516152 -18051485697544696
12.613860699469127 18784973811814068 -18784973258941260
12.613863678304494 19556097550519296 -19556096986412888
12.613866657139861 20367198812095016 -20367198236409120
12.613869635975226 21220790661120128 -21220790073494512
12.613872614810592 22119572414005056 -22119571814064388
12.613875593645959 23066445581918172 -23066444969271220
12.613878572481326 24064531367662392 -24064530741901172
12.613881551316693 25117189884332780 -25117189245031660
12.61388453015206 26228041284634752 -26228040631349476
12.613887508987427 27400989015832372 -27400988348099032
12.613890487822793 28640245443121660 -28640244760455604
12.61389346665816 29950360107706052 -29950359409600704
12.613896445493527 31336250926651192 -31336250212576800
12.613899424328894 32803238680029196 -32803237949431496
12.613902403164261 34357085170842044 -34357084423140816
12.613905381999627 36004035502700424 -36004034737287964
12.613908360834994 37750864970135040 -37750864186374504
12.613911339670361 39604931130989920 -39604930328213568
12.613914318505728 41574231701595024 -41574230879102320
12.613917297341095 43667469011083976 -43667468168139536
12.613920276176461 45894121848025088 -45894120983856512
