# serie phase 2 p7_w1.73_c1.05_dt2_k4 : t x1 x2 (dt2=1.3901231711593138e-05, depart t=21.408000000000001 etat bascule x1 x2 v1 v2 = 235.73788766981315 -224.16955370220001 3184.7294517970795 -3138.2992329404424)
21.599280948351524 5249920.4833327048 -5249713.6839151671
21.599294849583234 5288411.1475222334 -5288203.9160267748
21.599308750814949 5327285.8118215259 -5327078.146211599
21.599322652046659 5366549.3281021649 -5366341.2263262514
21.59933655327837 5406206.6225065906 -5405998.0824980522
21.599350454510081 5446262.6967845578 -5446053.7164614834
21.599364355741795 5486722.629657248 -5486513.2069223002
21.599378256973505 5527591.5782096982 -5527381.7109499583
21.599392158205216 5568874.7793121953 -5568664.4653990045
21.599406059436927 5610577.5510713328 -5610366.7883601338
21.599419960668641 5652705.2943114154 -5652494.080641591
21.599433861900351 5695263.4940869268 -5695051.8272816353
21.599447763132062 5738257.7212268058 -5738045.599092816
21.599461664363776 5781693.6339112939 -5781481.0542388177
21.599475565595487 5825576.9792821147 -5825363.9398446344
21.599489466827198 5869913.5950868027 -5869700.0936409011
21.599503368058908 5914709.4113579895 -5914495.4456431763
21.599517269290622 5959970.4521284746 -5959756.0198670058
21.599531170522333 6005702.8371829661 -6005487.9360796679
21.599545071754044 6051912.7838473786 -6051697.4115894651
21.599558972985754 6098606.6088165781 -6098390.7630734676
21.599572874217468 6145790.7300215214 -6145574.4084446486
21.599586775449179 6193471.6685367525 -6193254.8687593816
21.59960067668089 6241656.0505292499 -6241438.7701662825
21.5996145779126 6290350.6092496049 -6290132.8458973859
21.599628479144314 6339562.18706661 -6339343.9383027311
21.599642380376025 6389297.7375463238 -6389079.0009294245
21.599656281607736 6439564.3275766857 -6439345.1006462518
21.59967018283945 6490369.1395388376 -6490149.4198149974
21.599684084071161 6541719.4735262897 -6541499.2585096043
21.599697985302871 6593622.7496131361 -6593402.0367843909
21.599711886534582 6646086.5101725701 -6645865.2969925627
21.599725787766296 6699118.4222469246 -6698896.7061562473
21.599739688998007 6752726.2799705332 -6752504.0583893545
21.599753590229717 6806918.007046774 -6806695.2773746187
21.599767491461428 6861701.6592806373 -6861478.4188961582
21.599781392693142 6917085.4271682454 -6916861.6734289983
21.599795293924853 6973077.6385447774 -6972853.3687869897
21.599809195156563 7029686.7612922546 -7029461.9728305889
21.599823096388278 7086921.4061087612 -7086696.0962360799
21.599836997619988 7144790.3293406488 -7144564.4953277716
21.599850898851699 7203302.4358793525 -7203076.0749748126
21.599864800083409 7262466.7821245184 -7262239.8915543156
21.599878701315124 7322292.5790150864 -7322065.1559824347
21.599892602546834 7382789.195130161 -7382561.2368152356
21.599906503778545 7443966.1598614622 -7443737.6634211391
21.599920405010256 7505833.166659208 -7505604.1292268038
21.59993430624197 7568400.0763533944 -7568170.4950383985
21.59994820747368 7631676.9205524186 -7631446.7924402254
21.599962108705391 7695673.9051211141 -7695443.2272727508
21.599976009937105 7760401.4137402419 -7760170.1831920864
21.599989911168816 7825870.0115496581 -7825638.2253131634
21.600003812400526 7892090.4488773728 -7891858.103938777
21.600017713632237 7959073.6650567539 -7958840.758376793
21.600031614863951 8026830.7923342763 -8026597.3208478894
21.600045516095662 8095373.1598702231 -8095139.1204862557
21.600059417327373 8164712.2978348518 -8164477.6874357527
21.600073318559083 8234859.9416025793 -8234624.7570440928
21.600087219790797 8305828.0360468794 -8305592.2741577346
21.600101121022508 8377628.7399386074 -8377392.3975202031
21.600115022254219 8450274.430450568 -8450037.5042766519
21.600128923485929 8523777.707771223 -8523540.1945875641
21.600142824717643 8598151.3998305649 -8597913.2963546272
21.600156725949354 8673408.5671412069 -8673169.8700618092
21.600170627181065 8749562.5077579021 -8749323.213734882
21.600184528412779 8826626.7623587213 -8826386.8680225872
21.60019842964449 8904615.1194513403 -8904374.6214029212
21.6002123308762 8983541.6207078528 -8983300.5155179445
21.600226232107911 9063420.5664317254 -9063178.8506407272
21.600240133339625 9144266.5211606193 -9144024.1912781671
21.600254034571336 9226094.3194088489 -9225851.3719134443
21.600267935803046 9308919.0715534836 -9308675.5028921142
21.600281837034757 9392756.1698680837 -9392511.9764558412
21.600295738266471 9477621.2947083395 -9477376.4729280248
21.600309639498182 9563530.4208539426 -9563284.9670556784
21.600323540729892 9650499.8240110297 -9650253.7345118485
21.600337441961607 9738546.0874799136 -9738299.3585633598
21.600351343193317 9827686.1089929063 -9827438.7369086128
21.600365244425028 9917937.10772698 -9917689.0886902492
21.600379145656738 10009316.631496493 -10009067.961687872
21.600393046888453 10101842.564131076 -10101593.23969592
21.600406948120163 10195533.133044187 -10195283.150092216
21.600420849351874 10290406.916997844 -10290156.271602698
21.600434750583585 10386482.854069347 -10386231.542268125
21.600448651815299 10483780.249825804 -10483528.267618608
21.600462553047009 10582318.785712816 -10582066.129062276
21.60047645427872 10682118.527663436 -10681865.192494234
21.600490355510431 10783199.934934111 -10782945.917132491
21.600504256742145 10885583.869174398 -10885329.164587678
21.600518157973855 10989291.6037373 -10989036.208173368
21.600532059205566 11094344.833237605 -11094088.742464406
21.60054596043728 11200765.683365608 -11200508.893110635
21.600559861668991 11308576.720963972 -11308319.226913728
21.600573762900702 11417800.964375721 -11417542.762175191
21.600587664132412 11528461.894071678 -11528202.979323782
21.600601565364126 11640583.463565739 -11640323.831830779
21.600615466595837 11754190.110626996 -11753929.757422093
21.600629367827548 11869306.768797725 -11869045.689596251
21.600643269059258 11985958.879226692 -11985697.069457684
21.600657170290972 12104172.402827557 -12103909.857875125
21.600671071522683 12223973.832772577 -12223710.547975307
21.600684972754394 12345390.207331961 -12345126.177982299
21.600698873986108 12468449.123069825 -12468184.344413457
21.600712775217819 12593178.748407831 -12592913.215643054
21.600726676449529 12719607.837568136 -12719341.545845207
21.60074057768124 12847765.744907724 -12847498.689328212
21.600754478912954 12977682.4396565 -12977414.615272619
21.600768380144665 13109388.521072093 -13109119.922886021
21.600782281376375 13242915.234024651 -13242645.856987843
21.600796182608086 13378294.485025486 -13378024.324037973
21.6008100838398 13515558.858713875 -13515287.908623552
21.600823985071511 13654741.634816747 -13654469.890418647
21.600837886303221 13795876.805596706 -13795604.261632256
21.600851787534936 13938999.093804304 -13938725.74496058
21.600865688766646 14084143.97115113 -14083869.812060086
21.600879589998357 14231347.677320762 -14231072.702558454
21.600893491230067 14380647.239535276 -14380371.443621069
21.600907392461782 14532080.492695702 -14531803.870091464
21.600921293693492 14685686.100115571 -14685408.645224851
21.600935194925203 14841503.574867137 -14841225.282034324
21.600949096156913 14999573.301761068 -14999294.165270543
21.600962997388628 15159936.559980914 -15159656.574056182
21.600976898620338 15322635.54639405 -15322354.705196857
21.600990799852049 15487713.399562206 -15487431.697191639
21.60100470108376 15655214.224475551 -15654931.654967124
21.601018602315474 15825183.118034691 -15824899.675359404
21.601032503547184 15997666.195306467 -15997381.873369867
21.601046404778895 16172710.616580075 -16172425.40922128
21.601060306010609 16350364.615250921 -16350078.516241636
21.60107420724232 16530677.526561385 -16530390.529604895
21.60108810847403 16713699.817227921 -16713411.915958067
21.601102009705741 16899483.115985624 -16899194.30396577
21.601115910937455 17088080.245082054 -17087790.515804
21.601129812169166 17279545.252754468 -17279254.599637393
21.601143713400877 17473933.446724802 -17473641.863114141
21.601157614632587 17671301.428748272 -17671008.907914601
21.601171515864301 17871707.130253721 -17871413.665391602
21.601185417096012 18075209.849114276 -18074915.43334109
21.601199318327723 18281870.287589584 -18281574.913944338
21.601213219559437 18491750.591480907 -18491454.252923019
21.601227120791147 18704914.390543997 -18704617.079952057
21.601241022022858 18921426.840204913 -18921128.550375417
21.601254923254569 19141354.664626565 -19141055.388272621
21.601268824486283 19364766.201175556 -19364465.930925578
21.601282725717994 19591731.446340766 -19591430.174737118
21.601296626949704 19822322.103157774 -19822019.822655417
21.601310528181415 20056611.630194683 -20056308.333159771
21.601324429413129 20294675.292157393 -20294370.970865849
21.60133833064484 20536590.212175496 -20536284.858811561
21.60135223187655 20782435.425831638 -20782129.032486383
21.601366133108264 21032291.937000554 -21031984.495670371
21.601380034339975 21286242.775566313 -21285934.278151367
21.601393935571686 21544373.057089236 -21544063.495391887
21.601407836803396 21806770.044497501 -21806459.410220701
21.601421738035111 22073523.211880419 -22073211.49662606
21.601435639266821 22344724.310465548 -22344411.505732793
21.601449540498532 22620467.436863638 -22620153.534047201
21.601463441730242 22900849.103670213 -22900534.09405861
21.601477342961957 23185968.312516026 -23185652.187289797
21.601491244193667 23475926.629661527 -23475609.379891399
21.601505145425378 23770828.264237422 -23770509.880882457
21.601519046657089 24070780.149235681 -24070460.623141363
21.601532947888803 24375892.025359668 -24375571.347255964
21.601546849120513 24686276.52784881 -24685954.688348174
21.601560750352224 25002049.276397645 -25001726.265993003
21.601574651583938 25323328.968292978 -25323004.777355637
21.601588552815649 25650237.474900536 -25649912.093678072
21.601602454047359 25982899.941637862 -25982573.360251952
21.60161635527907 26321444.891575497 -26321117.100019697
21.601630256510784 26666004.332816113 -26665675.3209536
21.601644157742495 27016713.869808096 -27016383.627369344
21.601658058974206 27373712.818756409 -27373381.335336827
21.601671960205916 27737144.327301823 -27736811.592359327
21.60168586143763 28107155.498647731 -28106821.501500275
21.601699762669341 28483897.520321492 -28483562.250144526
21.601713663901052 28867525.797766648 -28867189.243590526
21.601727565132766 29258200.092971984 -29257862.243679315
21.601741466364476 29656084.668352287 -29655745.512675222
21.601755367596187 30061348.436105799 -30061007.96262325
21.601769268827898 30474165.113285348 -30473823.310420148
21.601783170059612 30894713.382831752 -30894370.238847751
21.601797071291323 31323177.060827315 -31322832.563826397
21.601810972523033 31759745.27024354 -31759399.408162571
21.601824873754744 32204612.621468805 -32204265.38207652
21.601838774986458 32657979.399915352 -32657630.770809151
21.601852676218169 33120051.761020724 -33119701.729623403
21.601866577449879 33591041.932974219 -33590690.486530617
21.601880478681593 34071168.427515231 -34070815.553088792
21.601894379913304 34560656.259167627 -34560301.943636894
21.601908281145015 35059737.17329289 -35059381.40334788
21.601922182376725 35568649.883365884 -35568292.645504408
21.60193608360844 36087640.317895278 -36087281.598419145
21.60194998484015 36616961.877431475 -36616601.662442617
21.601963886071861 37156875.702132761 -37156513.977529258
21.601977787303571 37707650.95037806 -37707287.701850042
21.601991688535286 38269565.088947706 -38269200.301973194
21.602005589766996 38842904.195312425 -38842537.855153017
21.602019490998707 39427963.27260799 -39427595.364304475
21.602033392230418 40025046.577897049 -40024677.086264901
21.602047293462132 40634467.964351393 -40634096.873976134
21.602061194693842 41256551.238027945 -41256178.533260375
21.602075095925553 41891630.52994521 -41891256.194896556
21.602088997157267 42540050.684203684 -42539674.702740572
21.602102898388978 43202167.662932493 -43201790.018671833
21.602116799620688 43878348.968892813 -43877969.645196505
21.602130700852399 44568974.086609244 -44568593.066578776
21.602144602084113 45274434.942953303 -45274052.209424168
21.602158503315824 45995136.388150595 -45994751.923686594
21.602172404547535 46731496.69824031 -46731110.48512768
21.602186305779245 47483948.100069992 -47483560.120311372
21.602200207010959 48252937.319976598 -48252547.555284835
21.60221410824267 49038926.157362387 -49038534.589154162
21.602228009474381 49842392.084450416 -49841998.693839692
21.602241910706095 50663828.87357609 -50663433.641367391
21.602255811937805 51503747.253445841 -51503350.160127327
21.602269713169516 52362675.595883667 -52362276.621620022
21.602283614401227 53241160.634673826 -53240759.759298921
21.602297515632941 54139768.218199804 -54139365.421209179
21.602311416864652 55059084.097685784 -55058679.358228892
21.602325318096362 55999714.75294742 -55999308.049819656
21.602339219328073 56962288.257686079 -56961879.569320567
21.602353120559787 57947455.18646796 -57947044.490927093
21.602367021791498 58955889.565673664 -58955476.840640418
21.602380923023208 59988289.870836154 -59987875.093605116
21.602394824254922 61045380.0729331 -61044963.220401235
21.602408725486633 62127910.736368984 -62127491.785026141
21.602422626718344 63236660.171536021 -63236239.097455114
21.602436527950054 64372435.645044729 -64372012.423871659
21.602450429181768 65536074.650895685 -65535649.25783892
21.602464330413479 66728446.246074237 -66728018.655894078
21.60247823164519 67950452.454280064 -67950022.641277581
21.6024921328769 69203029.741742224 -69202597.67974785
21.602506034108615 70487150.569313988 -70486716.231675744
21.602519935340325 71803825.025330111 -71803388.384901434
21.602533836572036 73154102.544005841 -73153663.573133081
21.602547737803746 74539073.714456975 -74538632.384966418
21.602561639035461 75959872.185774431 -75959428.468958959
21.602575540267171 77417676.673950329 -77417230.540555611
21.602589441498882 78913713.0768352 -78913264.497045442
21.602603342730596 80449256.703736812 -80448805.647160038
21.602617243962307 82025634.626716211 -82025181.062369034
21.602631145194017 83644228.161129475 -83643772.057421386
21.602645046425728 85306475.483484596 -85306016.8082017
21.602658947657442 87013874.395256013 -87013413.1155442
21.602672848889153 88767985.241914302 -88767521.324261859
21.602686750120863 90570433.997054547 -90569967.407274187
21.602700651352574 92422915.522240222 -92422446.225450441
21.602714552584288 94327197.013954341 -94326724.974560156
21.602728453815999 96285121.649854228 -96284646.831527233
21.60274235504771 98298612.447429538 -98298134.81308724
21.602756256279424 100369676.34911548 -100369195.86089991
21.602770157511134 102500408.54898268 -102499925.16823818
21.602784058742845 104692997.07725689 -104692510.76450716
21.602797959974556 106949727.66010812 -106949238.37503238
21.60281186120627 109272988.87351872 -109272496.57492703
21.60282576243798 111665277.61144756 -111664782.25725517
21.602839663669691 114129204.89009887 -114128706.43729962
21.602853564901402 116667502.0118002 -116667000.41643897
21.602867466133116 119283027.11380197 -119282522.33094598
21.602881367364827 121978772.12933724 -121978264.11304636
21.602895268596537 124757870.19047514 -124757358.89377096
21.602909169828248 127623603.50465125 -127623088.87948498
21.602923071059962 130579411.73936638 -130578893.73658548
21.602936972291673 133628900.95231287 -133628379.52162635
21.602950873523383 136775853.1073477 -136775328.19729003
21.602964774755097 140024236.22000387 -140023707.77789751
21.602978675986808 143378215.17990434 -143377683.15182054
21.602992577218519 146842163.30155599 -146841627.63227421
21.603006478450229 150420674.65924466 -150420135.29221022
21.603020379681944 154118577.26659444 -154118034.14387435
21.603034280913654 157940947.16664192 -157940400.22887889
21.603048182145365 161893123.50410765 -161892572.69047216
21.603062083377075 165980724.65768972 -165980169.90583006
21.60307598460879 170209665.51726058 -170209106.76325062
21.6030898858405 174586175.99855563 -174585613.17684042
21.603103787072211 179116820.89626455 -179116253.93960348
21.603117688303925 183808521.18563014 -183807950.0250375
21.603131589535636 188668576.89297488 -188668001.45765793
21.603145490767346 193704691.6667546 -193704111.88404864
21.603159391999057 198924999.19312602 -198924414.98842663
21.603173293230771 204338091.61385 -204337502.91054204
21.603187194462482 209953050.11929527 -209952456.83867866
21.603201095694192 215779477.90641126 -215778879.96762317
21.603214996925903 221827535.70987627 -221826933.02980971
21.603228898157617 228107980.13541085 -228107372.62862927
21.603242799389328 234632205.04708388 -234631592.62573171
21.603256700621039 241412286.28591341 -241411668.85962203
21.603270601852753 248461030.02556705 -248460407.50135639
21.603284503084463 255792025.10225281 -255791397.38442773
21.603298404316174 263419699.69131377 -263419066.68135539
21.603312305547885 271359382.74229228 -271358744.33874375
21.603326206779599 279627370.62779796 -279626726.72614413
21.603340108011309 288240999.51129681 -288240350.00383782
21.60335400924302 297218723.99352431 -297218068.76924258
21.603367910474731 306580202.65866333 -306579541.60308307
21.603381811706445 316346391.21099645 -316345724.20603597
21.603395712938156 326539643.97116911 -326538970.8949849
21.603409614169866 337183824.58800721 -337183145.31482941
21.603423515401577 348304426.9207356 -348303741.32069427
21.603437416633291 359928707.15879279 -359928015.09773439
21.603451317865002 372085828.371647 -372085129.71094042
21.603465219096712 384807018.82415092 -384806313.4204821
21.603479120328426 398125745.55468601 -398125033.25984067
21.603493021560137 412077904.89717442 -412077185.55780786
21.603506922791848 426702031.83619386 -426701305.29358697
21.603520824023558 442039530.32241428 -442038796.41221464
21.603534725255273 458134926.94674826 -458134185.49869531
21.603548626486983 475036150.68119013 -475035401.51882321
21.603562527718694 492794841.74849343 -492794084.68884116
21.603576428950404 511466693.08919859 -511465927.94244874
21.603590330182119 531111828.36024988 -531111054.92939746
21.603604231413829 551795220.93494952 -551794439.01542175
21.60361813264554 573587158.9936254 -573586368.37288177
21.603632033877254 596563762.50585282 -596562962.96295798
21.603645935108965 620807558.73113751 -620806750.03630483
21.603659836340675 646408123.82157052 -646407305.73567367
21.603673737572386 673462799.2190429 -673461971.49309337
21.6036876388041 702077492.83264542 -702076655.207232
21.603701540035811 732367576.49179447 -732366728.6964823
21.603715441267521 764458892.92961645 -764458034.68230152
21.603729342499232 798488887.61390913 -798488018.6201241
21.603743243730946 834607883.1766423 -834607003.12880945
21.603757144962657 872980517.04138792 -872979625.61801434
21.603771046194367 913787366.21569026 -913786463.08049929
21.603784947426082 957226787.20750904 -957225872.00850224
21.603798848657792 1003517003.7534219 -1003516076.1218647
21.603812749889503 1052898480.6724746 -1052897540.2217975
21.603826651121214 1105636628.8799379 -1105635675.2045453
21.603840552352928 1162024894.6246207 -1162023927.2985973
21.603854453584638 1222388295.6574965 -1222387314.2332006
21.603868354816349 1287087478.6683817 -1287086482.6749132
21.60388225604806 1356523386.3343437 -1356522375.2758727
21.603896157279774 1431142639.3297272 -1431141612.6836686
21.603910058511484 1511443759.3696301 -1511442716.584646
21.603923959743195 1597984384.5499604 -1597983325.0437696
21.603937860974906 1691389659.2168887 -1691388582.3738618
21.60395176220662 1792362018.6557398 -1792360923.8242531
21.603965663438331 1901692635.9135098 -1901691522.403028
21.603979564670041 2020274856.3419924 -2020273723.4198468
21.603993465901755 2149120018.116899 -2149118865.0047207
21.604007367133466 2289376147.9194837 -2289374973.7892466
21.604021268365177 2442350135.3426714 -2442348939.3122921
21.604035169596887 2609534133.978765 -2609532915.1071997
21.604049070828601 2792637120.9000144 -2792635878.1817799
21.604062972060312 2993622780.6508493 -2993621513.0098839
21.604076873292023 3214755181.2570505 -3214753887.5398164
21.604090774523733 3458654099.1828799 -3458652778.1505942
21.604104675755448 3728362356.627861 -3728361006.9477139
21.604118576987158 4027428197.5377331 -4027426817.7729325
21.604132478218869 4360006602.695117 -4360005191.2935638
21.604146379450583 4730984604.9330473 -4730983160.2144032
21.604160280682294 5146137218.9140644 -5146135739.0549374
21.604174181914004 5612322694.5314922 -5612321177.5483904
21.604188083145715 6137728653.8711796 -6137727097.6008139
21.604201984377429 6732184587.2073841 -6732182989.2838087
21.60421588560914 7407561610.8298674 -7407559968.6578236
21.60422978684085 8178287991.59799 -8178286302.321661
21.604243688072561 9062019711.711277 -9062017972.1774635
21.604257589304275 10080520775.263418 -10080518981.977888
21.604271490535986 11260830342.034538 -11260828491.109959
21.604285391767696 12636826689.966282 -12636824777.059685
21.604299292999411 14251347117.43022 -14251345137.667358
21.604313194231121 16159097299.528002 -16159095247.411114
21.604327095462832 18430698283.057686 -18430696152.352062
21.604340996694543 21158399265.834465 -21158397049.427647
