# serie phase 2 p4_w1.73_c1.05_dt2_k2 : t x1 x2 (dt2=1.3901231711593138e-05, depart t=120.498 etat bascule x1 x2 v1 v2 = -1619894.0717007094 1614768.9517646823 -66097783.110165134 65993041.736715235)
120.59030417856498 -161687011304.58691 161685389288.07544
120.59031807979669 -163333340986.62228 163331710733.22516
120.5903319810284 -165000677740.74249 164999039187.55765
120.59034588226011 -166689344053.28778 166687697136.771
120.59035978349182 -168399668201.08853 168398012857.04526
120.59037368472353 -170131984370.59732 170130320534.17435
120.59038758595524 -171886632779.78433 171884960385.46124
120.59040148718695 -173663959802.8703 173662278784.45099
120.59041538841868 -175464318097.96762 175462628388.57144
120.59042928965039 -177288066737.70709 177286368269.7601
120.5904431908821 -179135571342.92712 179133864048.15298
120.59045709211381 -181007204219.50464 181005488028.9155
120.59047099334552 -182903344498.41312 182901619342.30035
120.59048489457723 -184824378279.08878 184822644087.01349
120.59049879580894 -186770698776.19482 186768955476.9783
120.59051269704065 -188742706469.87213 188740953991.58609
120.59052659827236 -190740809259.56744 190739047529.52414
120.59054049950407 -192765422621.5368 192763651566.27899
120.59055440073578 -194816969770.12015 194815189315.41086
120.59056830196749 -196895881822.88638 196894091893.69852
120.5905822031992 -199002597969.75836 199000798490.26422
120.59059610443092 -201137565646.21744 201135756539.77798
120.59061000566263 -203301240710.69897 203299421899.85297
120.59062390689435 -205494087626.29416 205492259032.74704
120.59063780812606 -207716579646.87451 207714741191.48724
120.59065170935777 -209969199007.75742 209967350610.53503
120.59066561058948 -212252437121.03467 212250578701.11465
120.59067951182119 -214566794775.69568 214564926251.33621
120.5906934130529 -216912782342.67313 216910903631.24106
120.59070731428461 -219290919984.94659 219289031002.9053
120.59072121551633 -221701737872.8421 221699838535.73907
120.59073511674804 -224145776404.67264 224143866627.12692
120.59074901797975 -226623586432.86761 226621666128.55704
120.59076291921146 -229135729495.73969 229133798577.38776
120.59077682044317 -231682778055.05023 231680836434.41299
120.59079072167488 -234265315739.53455 234263363327.38715
120.59080462290659 -236883937594.54816 236881974300.67117
120.5908185241383 -239539250338.00937 239537276071.17484
120.59083242537002 -242231872622.81854 242229887290.77588
120.59084632660173 -244962435305.9328 244960438815.39447
120.59086022783345 -247731581724.28134 247729573980.9082
120.59087412906516 -250539967977.7197 250537948886.10614
120.59088803029687 -253388263219.22354 253386232682.88239
120.59090193152858 -256277149952.52475 256275107873.87189
120.59091583276029 -259207324337.40433 259205270617.74304
120.590929733992 -262179496502.86325 262177431042.36841
120.59094363522371 -265194390868.3942 265192313566.09598
120.59095753645542 -268252746473.58914 268250657227.35663
120.59097143768713 -271355317316.3266 271353216022.85104
120.59098533891884 -274502872699.78387 274500759254.56165
120.59099924015055 -277696197588.53229 277694071885.84753
120.59101314138226 -280936092973.98181 280933954906.88892
120.59102704261399 -284223376249.44562 284221225709.75122
120.5910409438457 -287558881595.10242 287556718473.34705
120.59105484507741 -290943460373.164 290941284558.6037
120.59106874630912 -294377981533.53302 294375792914.1203
120.59108264754083 -297863332030.2655 297861130492.63025
120.59109654877254 -301400417249.16296 301398202678.59271
120.59111045000425 -304990161446.82172 304987933727.24182
120.59112435123596 -308633508201.4834 308631267215.43665
120.59113825246767 -312331420876.04333 312329166504.66943
120.59115215369938 -316084883093.57599 316082615216.59052
120.59116605493109 -319894899225.75012 319892617721.4231
120.5911799561628 -323762494894.54028 323760199639.67438
120.59119385739452 -327688717487.62402 327686408357.53241
120.59120775862623 -331674636687.88342 331672313556.36719
120.59122165985794 -335721345017.44305 335719007756.76825
120.59123556108966 -339829958396.68781 339827606877.56195
120.59124946232137 -344001616718.72345 343999250810.27179
120.59126336355308 -348237484439.75049 348235104009.4917
120.59127726478479 -352538751185.84113 352536356099.66248
120.5912911660165 -356906632376.63818 356904222498.77045
120.59130506724821 -361342369866.48865 361339945059.48041
120.59131896847992 -365847232603.57275 365844792728.26428
120.59133286971164 -370422517307.56799 370420062223.0647
120.59134677094335 -375069549166.44269 375067078730.08789
120.59136067217506 -379789682552.97925 379787196620.3266
120.59137457340677 -384584301761.65698 384581800186.4422
120.59138847463848 -389454821766.53046 389452304400.64282
120.59140237587019 -394402689000.76642 394400155694.21948
120.5914162771019 -399429382158.53705 399426832759.43878
120.59143017833361 -404536413019.98132 404533847374.50378
120.59144407956533 -409725327299.97656 409722745252.32501
120.59145798079705 -414997705521.48761 414995106913.8689
120.59147188202876 -420355163914.27362 420352548586.86401
120.59148578326047 -425799355339.79834 425796723130.71094
120.59149968449218 -431331970243.16821 431329320988.41937
120.59151358572389 -436954737632.98798 436952071166.46326
120.5915274869556 -442669426090.06549 442666742243.48499
120.59154138818731 -448477844805.89008 448475143408.77307
120.59155528941902 -454381844651.86145 454379125531.49023
120.59156919065073 -460383319280.30176 460380582261.68488
120.59158309188244 -466484206258.2934 466481451164.12805
120.59159699311415 -472686488235.43323 472683714886.06702
120.59161089434586 -478992194146.64392 478989402360.03583
120.59162479557757 -485403400451.20056 485400590042.88098
120.59163869680928 -491922232409.20819 491919403192.23853
120.59165259804101 -498550865396.76947 498548017181.70044
120.59166649927272 -505291526261.1618 505288658855.99133
120.59168040050443 -512146494717.38483 512143607927.51477
120.59169430173614 -519118104787.48157 519115198415.67383
120.59170820296785 -526208746284.09021 526205820130.42175
120.59172210419956 -533420866339.74139 533417920201.55835
120.59173600543127 -540756970983.48407 540754004655.35504
120.59174990666298 -548219626766.45868 548216640040.12689
120.59176380789469 -555811462438.13269 555808455102.46729
120.5917777091264 -563535170674.94507 563532142515.89148
120.59179161035811 -571393509863.17065 571390460663.69971
120.59180551158983 -579389305937.92041 579386235477.97644
120.59181941282154 -587525454280.25793 587522362336.70569
120.59183331405325 -595804921674.48975 595801808021.06079
120.59184721528496 -604230748327.69507 604227612734.93225
120.59186111651668 -612806049953.74573 612802892188.94678
120.59187501774839 -621534019924.13281 621530839751.29297
120.5918889189801 -630417931487.95117 630414728667.70435
120.59190282021181 -639461140063.53137 639457914353.08997
120.59191672144352 -648667085604.30615 648663836757.3999
120.59193062267524 -658039295041.58044 658036022808.39343
120.59194452390695 -667581384807.01904 667578088934.12598
120.59195842513866 -677297063437.71985 677293743668.02051
120.59197232637037 -687190134266.89185 687186790339.54419
120.59198622760208 -697264498203.31079 697261129853.66272
120.59200012883379 -707524156602.77625 707520763562.29565
120.5920140300655 -717973214234.99255 717969796231.19617
120.59202793129721 -728615882349.38855 728612439105.7688
120.59204183252892 -739456481843.56897 739453013079.51965
120.59205573376065 -750499446538.22827 750495951968.9679
120.59206963499236 -761749326562.53003 761745805899.02441
120.59208353622407 -773210791854.09473 773207244802.97681
120.59209743745578 -784888635777.89526 784885062041.38403
120.59211133868749 -796787778868.63293 796784178144.44983
120.5921252399192 -808913272701.19104 808909644682.47473
120.59213914115091 -821270303894.20459 821266648269.42407
120.59215304238262 -833864198251.68201 833860514704.547
120.59216694361433 -846700425048.1189 846696713257.48901
120.59218084484604 -859784601462.6051 859780861102.39624
120.59219474607775 -873122497167.66406 873118727906.75293
120.59220864730946 -886720039078.93042 886716240581.05701
120.59222254854117 -900583316271.87939 900579488195.547
120.59223644977288 -914718585072.17041 914714727070.54309
120.59225035100459 -929132274326.46887 929128386047.26672
120.59226425223632 -943830990860.92065 943827071946.31262
120.59227815346803 -958821525134.64001 958817575221.13428
120.59229205469974 -974110857096.05505 974106875814.38635
120.59230595593145 -989706162250.20508 989702149225.2196
120.59231985716316 -1005614817945.4851 1005610772796.0232
120.59233375839487 -1021844409888.645 1021840332227.4198
120.59234765962658 -1038402738897.3235 1038398628330.7977
120.59236156085829 -1055297827899.7871 1055293684028.0464
120.59237546209 -1072537929191.9614 1072533751608.5845
120.59238936332171 -1090131531962.3009 1090127320254.2268
120.59240326455343 -1108087370095.5259 1108083123842.9177
120.59241716578514 -1126414430266.7788 1126410149042.8845
120.59243106701685 -1145121960338.1978 1145117643709.207
120.59244496824856 -1164219478070.563 1164215125595.4604
120.59245886948027 -1183716780163.2004 1183712391393.6157
120.59247277071199 -1203623951635.9729 1203619526116.0266
120.5924866719437 -1223951375567.7686 1223946912833.9143
120.59250057317541 -1244709743206.5986 1244705242787.4614
120.59251447440712 -1265910064467.1467 1265905525883.3567
120.59252837563884 -1287563678832.2871 1287559101596.3096
120.59254227687055 -1309682266675.9656 1309677650291.9263
120.59255617810226 -1332277861025.677 1332273204989.1831
120.59257007933397 -1355362859783.4338 1355358163581.3901
120.59258398056568 -1378950038425.3035 1378945301535.7241
120.59259788179739 -1403052563200.3423 1403047785092.1572
120.5926117830291 -1427684004850.8708 1427679184983.7273
120.59262568426081 -1452858352877.1438 1452853490701.2024
120.59263958549252 -1478590030370.363 1478585125326.0891
120.59265348672423 -1504893909439.5269 1504888960957.4756
120.59266738795594 -1531785327258.4226 1531780334759.0183
120.59268128918767 -1559280102760.738 1559275065654.0488
120.59269519041938 -1587394554012.354 1587389471697.8584
120.59270909165109 -1616145516291.6189 1616140388157.9675
120.5927229928828 -1645550360909.9077 1645545186334.6785
120.59273689411451 -1675627014805.9932 1675621793155.4387
120.59275079534622 -1706393980949.9121 1706388711578.7019
120.59276469657793 -1737870359593.7249 1737865041844.679
120.59277859780964 -1770075870408.2212 1770070503612.0366
120.59279249904135 -1803030875547.0608 1803025459022.0315
120.59280640027306 -1836756403681.4497 1836750936733.1772
120.59282030150477 -1871274175051.0559 1871268656972.1528
120.59283420273648 -1906606627579.2917 1906601057649.0764
120.59284810396819 -1942776944103.2354 1942771321587.4187
120.5928620051999 -1979809080771.3154 1979803404921.6777
120.59287590643162 -2017727796664.6606 2017722066718.7195
120.59288980766334 -2056558684701.1809 2056552899881.8503
120.59290370889505 -2096328203884.2502 2096322363399.4888
120.59291761012676 -2137063712961.2036 2137057816003.6533
120.59293151135847 -2178793505560.6604 2178787551307.2742
120.59294541259018 -2221546846881.2393 2221540834492.8989
120.59295931382189 -2265354012007.7881 2265347940628.9087
120.5929732150536 -2310246325936.1812 2310240194694.3066
120.59298711628531 -2356256205391.6987 2356250013397.0825
120.59300101751703 -2403417202530.2695 2403410948875.4453
120.59301491874874 -2451764050618.1338 2451757734377.4717
120.59302881998045 -2501332711788.8594 2501326332018.1089
120.59304272121216 -2552160426983.9746 2552153982719.7949
120.59305662244387 -2604285768188.5474 2604279258448.022
120.59307052367558 -2657748693079.2915 2657742116859.4277
120.5930844249073 -2712590602209.9028 2712583958487.1177
120.59309832613901 -2768854398865.2534 2768847686594.8413
120.59311222737072 -2826584551723.439 2826577769839.0254
120.59312612860244 -2885827160472.4814 2885820307885.4575
120.59314002983415 -2946630024537.439 2946623100136.3794
120.59315393106586 -3009042715083.0503 3009035717733.1118
120.59316783229757 -3073116650465.874 3073109579008.1753
120.59318173352928 -3138905175320.7295 3138898028571.7119
120.59319563476099 -3206463643476.8281 3206456420227.5947
120.5932095359927 -3275849504910.8784 3275842203926.5132
120.59322343722441 -3347122396956.7134 3347115016975.5762
120.59323733845612 -3420344240004.248 3420336779737.249
120.59325123968783 -3495579337934.4536 3495571796064.3018
120.59326514091954 -3572894483552.0332 3572886858732.4609
120.59327904215125 -3652359069294.7642 3652351360149.7266
120.59329294338298 -3734045203513.3115 3734037408636.1582
120.59330684461469 -3818027832635.1606 3818019950587.7798
120.5933207458464 -3904384869545.4805 3904376898857.4155
120.59333464707811 -3993197328537.9629 3993189267705.4966
120.59334854830982 -4084549467212.3457 4084541314697.5552
120.59336244954153 -4178528935717.1646 4178520689946.9429
120.59337635077324 -4275226933763.2178 4275218593128.2627
120.59339025200495 -4374738375859.2607 4374729938713.0264
120.59340415323666 -4477162065252.3457 4477153529909.959
120.59341805446837 -4582600877084.8486 4582592241821.9902
120.59343195570008 -4691161951312.4561 4691153214364.1953
120.59344585693179 -4802956895967.0244 4802948055526.6182
120.5934597581635 -4918102001383.4297 4918093055601.0791
120.59347365939522 -5036718466050.0098 5036709413031.5664
120.59348756062693 -5158932634789.0469 5158923472594.6768
120.59350146185865 -5284876250021.8232 5284866976664.6221
120.59351536309036 -5414686716917.3008 5414677330361.8574
120.59352926432207 -5548507383283.8057 5548497881444.7119
120.59354316555378 -5686487835122.0703 5686478215862.377
120.59355706678549 -5828784208818.2236 5828774469947.8379
120.5935709680172 -5975559521023.3379 5975549660297.3613
120.59358486924891 -6126984017340.6689 6126974032457.6709
120.59359877048063 -6283235541020.8389 6283225429621.0674
120.59361267171234 -6444499922946.8047 6444489682610.3281
120.59362657294405 -6610971394282.4268 6610961022527.2012
120.59364047417576 -6782853023260.3584 6782842517540.2217
120.59365437540747 -6960357177688.8535 6960346535391.4434
120.59366827663918 -7143706014868.0332 7143695233312.6211
120.59368217787089 -7333132000732.542 7333121077167.7803
120.5936960791026 -7528878460174.4629 7528867391776.0449
120.59370998033432 -7731200160641.3887 7731188944509.6152
120.59372388156604 -7940363931252.877 7940352564410.1221
120.59373778279775 -8156649319861.4863 8156637799249.5635
120.59375168402946 -8380349290657.4883 8380337613134.9072
120.59376558526117 -8611770965112.4688 8611759127451.5771
120.59377948649288 -8851236409281.2695 8851224408165.2812
120.59379338772459 -9099083470702.3477 9099071302722.2441
120.5938072889563 -9355666668393.4961 9355654330044.7988
120.59382119018801 -9621358139710.7129 9621345627390.1133
120.59383509141972 -9896548648144.8027 9896535958146.6621
120.59384899265143 -10181648656432.105 10181635784944.789
120.59386289388314 -10477089469719.457 10477076412821.52
120.59387679511485 -10783324453913.688 10783311207569.891
120.59389069634656 -11100830334736.643 11100816894793.797
120.59390459757827 -11430108583471.883 11430094945654.508
120.59391849881 -11771686895879.631 11771673055785.416
120.59393240004171 -12126120771302.863 12126106724397.934
120.59394630127342 -12493995199552.986 12493980941166.949
120.59396020250513 -12875926463806.486 12875911989127.258
120.59397410373684 -13272564068457.4 13272549372525.783
120.59398800496855 -13684592801614.492 13684577879318.52
120.59400190620026 -14112734942778.828 14112719788847.83
120.59401580743197 -14557752627140.818 14557737236139.217
120.59402970866368 -15020450378940.371 15020434745261.178
120.59404360989539 -15501677827437.785 15501661945295.791
120.5940575111271 -16002332620237.141 16002316483661.781
120.59407141235882 -16523363550010.879 16523347152838.748
120.59408531359053 -17065773912152.271 17065757248019.273
120.59409921482224 -17630625112460.871 17630608174793.984
120.59411311605396 -18219040545712.309 18219023327720.945
120.59412701728567 -18832209767903.512 18832192262570.434
120.59414091851738 -19471392987104.359 19471375187176.148
120.59415481974909 -20137925900170.426 20137907798147.461
120.5941687209808 -20833224905147.258 20833206493273.184
120.59418262221251 -21558792722096.508 21558773992347.141
120.59419652344423 -22316224458215.094 22316205402286.781
120.59421042467594 -23107214156611.066 23107194765908.398
120.59422432590765 -23933561871936.711 23933542137559.598
120.59423822713936 -24797181320462.312 24797161233192.359
120.59425212837107 -25700108156841.676 25700087707127.832
120.59426602960278 -26644508935125.117 26644488113068.527
120.59427993083449 -27632690817489.531 27632669612827.566
120.5942938320662 -28667112100614.699 28667090502704.082
120.59430773329791 -29750393636952.848 29750371634751.852
120.59432163452963 -30885331236230.387 30885308818280
120.59433553576135 -32074909141567.734 32074886295971.77
120.59434943699306 -33322314684689.105 33322291399093.145
120.59436333822477 -34630954235952.133 34630930497521.254
120.59437723945648 -36004470577550.086 36004446372945.266
120.59439114068819 -37446761842426.273 37446737157779.406
120.5944050419199 -38962002177295.445 38961976998182.844
120.59441894315161 -40554664305781.531 40554638617195.82
120.59443284438332 -42229544188008.688 42229517974328.977
120.59444674561503 -43991787995283.32 43991761240243.531
120.59446064684674 -45846921643806.922 45846894330462.133
120.59447454807845 -47800883160140.914 47800855270831.57
120.59448844931016 -49860058183280.805 49860029699594.641
120.59450235054187 -52031318944820.57 52031289847552.078
120.59451625177358 -54322067109909.5 54322037379016.75
120.59453015300531 -56740280908582.742 56740250523141.344
120.59454405423702 -59294567040275.312 59294535978429.305
120.59455795546873 -61994217894714.859 61994186133624.281
120.59457185670044 -64849274701104.711 64849242216889.602
120.59458575793215 -67870597296254.578 67870564063935.102
120.59459965916386 -71069941291056.656 71069907284489.047
120.59461356039557 -74460043517576.781 74460008709384.734
120.59462746162728 -78054716756390.172 78054681117891.359
120.59464136285899 -81868954877045.812 81868918378173.062
120.5946552640907 -85919049679500.969 85919012288717.656
120.59466916532241 -90222720901661.781 90222682585870.969
120.59468306655413 -94799261061783.812 94799221786230.516
120.59469696778584 -99669697041251.797 99669656769417.875
120.59471086901755 -104856970584975.56 104856929278466.44
120.59472477024926 -110386140212884.59 110386097831307.19
120.59473867148098 -116284607401985.12 116284563902816.09
120.59475257271269 -122582370324447.58 122582325662891.03
120.5947664739444 -129312308922324.31 129312263051157.94
120.59478037517611 -136510505679187.47 136510458548595.98
120.59479427640782 -144216607124958.75 144216558682353.47
120.59480817763954 -152474231903056.09 152474182092879.19
120.59482207887125 -161331432160270.31 161331380923782.22
120.59483598010296 -170841216115282.44 170841163390330.94
120.59484988133467 -181062140951154.16 181062086671922.69
120.59486378256638 -192058986708424.94 192058930805158.69
120.59487768379809 -203903523663838.5 203903466062545.25
120.5948915850298 -216675387826875.34 216675328448998.81
120.59490548626151 -230463081750194.03 230463020512256.47
120.59491938749322 -245365120901603.16 245365057714813.75
120.59493328872493 -261491349509483.81 261491284279309.25
120.59494718995666 -278964454178256.12 278964386803948.69
120.59496109118837 -297921708861027.56 297921639235105.94
120.59497499242008 -318516991160726.62 318516919168403.81
120.59498889365179 -340923117655171.62 340923043173723.56
120.5950027948835 -365334555325217.56 365334478223284.94
120.59501669611521 -391970577617721.88 391970497754537.19
120.59503059734692 -421078947644873.19 421078864869402.94
120.59504449857863 -452940228197177.06 452940142347168.81
120.59505839981034 -487872839359824.94 487872750260745.62
120.59507230104205 -526239010636636.44 526238918100488.31
120.59508620227376 -568451806889668 568451710713664.75
120.59510010350547 -614983447688334 614983347653417.25
120.59511400473718 -666375190146005.5 666375086015179.5
120.59512790596889 -723249108667798.88 723249000184256.12
120.5951418072006 -786322184892989 786322071777996.25
120.59515570843233 -856423222382920 856423104333426.88
120.59516960966404 -934513229540459.88 934513106226388.12
120.59518351089575 -1021710079287465.8 1021709950348627.8
120.59519741212746 -1119318466118106.5 1119318331160692.1
120.59521131335917 -1228866455665870.8 1228866314258430.5
120.59522521459088 -1352150278999931.8 1352150130668769.8
120.59523911582259 -1491289490872462.5 1491289335096336.8
120.5952530170543 -1648795225945855.5 1648795062149859
120.59526691828601 -1827655102030296.2 1827654929578768.8
120.59528081951773 -2031439405962728 2031439224151013.5
120.59529472074944 -2264434658624421.5 2264434466669246.5
120.59530862198115 -2531812632494395.5 2531812429522591.5
120.59532252321286 -2839845592748532.5 2839845377783759.5
120.59533642444457 -3196182244277141.5 3196182016224187
120.59535032567629 -3610204019368703 3610203776994825
120.595364226908 -4093488555842844 4093488297755485
120.59537812813971 -4660417426945623 4660417151565648
120.59539202937142 -5328979776421872 5328979481951241
120.59540593060314 -6121844608188753 6121844292571230
120.59541983183485 -7067805334927226 7067804995800316
120.59543373306656 -8203745874286330 8203745508922064
120.59544763429827 -9577346166620618 9577345771852044
120.59546153552998 -11250849420076614 11250848992205814
120.59547543676169 -13306374882753072 13306374417435036
120.5954893379934 -15853513864978990 15853513357073632
120.59550323922511 -19040353239869864 19040352683251476
120.59551714045682 -23069734256976600 23069733644285776
120.59553104168853 -28223660861108568 28223660183425256
