# serie phase 2 p4_w2.27_c1.05_dt2s2_k2 : t x1 x2 (dt2=4.7993319082388032e-06, depart t=23.334 etat bascule x1 x2 v1 v2 = -1718140.7509984067 1710523.97707853 -85434728.4527217 85244966.02208066)
23.410405363979162 -332558004779.43066 332554646749.51959
23.41041016331107 -334234724606.71234 334231358122.00714
23.410414962642978 -335922025078.64258 335918650107.172
23.410419761974886 -337619986417.35815 337616602926.98944
23.410424561306794 -339328689555.50903 339325297513.94708
23.410429360638702 -341048216143.45978 341044815518.24597
23.410434159970613 -342778648556.57294 342775239315.08429
23.410438959302521 -344520069902.57465 344516652012.02258
23.410443758634429 -346272564029.00555 346269137456.43488
23.410448557966337 -348036215530.75739 348032780243.04535
23.410453357298245 -349811109757.69562 349807665721.55066
23.410458156630153 -351597332822.36926 351593880004.33014
23.410462955962061 -353394971607.81042 353391509974.245
23.410467755293968 -355204113775.4223 355200643292.52643
23.410472554625876 -357024847772.95929 357021368406.75586
23.410477353957784 -358857262842.59882 358853774558.93658
23.410482153289696 -360701449029.10602 360697951793.65833
23.410486952621604 -362557497188.09369 362553990966.35754
23.410491751953511 -364425498994.37817 364421983751.67303
23.410496551285419 -366305546950.43146 366302022651.89807
23.410501350617327 -368197734394.93231 368194201005.53162
23.410506149949235 -370102155511.41632 370098612995.92822
23.410510949281143 -372018905337.02661 372015353660.04889
23.410515748613051 -373948079771.36743 373944518897.31451
23.410520547944959 -375889775585.46008 375886205478.56189
23.410525347276867 -377844090430.80426 377840511055.10492
23.410530146608778 -379811122848.54596 379807534167.90265
23.410534945940686 -381790972278.7525 381787374256.83423
23.410539745272594 -383783739069.79639 383780131670.08282
23.410544544604502 -385789524487.84955 385785907673.62976
23.41054934393641 -387808430726.48877 387804804460.85992
23.410554143268318 -389840560916.41589 389836925162.28204
23.410558942600225 -391886019135.2915 391882373855.3623
23.410563741932133 -393944910417.68481 393941255574.4743
23.410568541264041 -396017340765.14227 396013676320.96747
23.410573340595949 -398103417156.37512 398099743073.35486
23.410578139927861 -400203247557.56738 400199563797.62091
23.410582939259768 -402316940932.80652 402313247457.65228
23.410587738591676 -404444607254.63855 404440904025.79279
23.410592537923584 -406586357514.7489 406582644493.52423
23.410597337255492 -408742303734.77026 408738580882.2746
23.4106021365874 -410912558977.21997 410908826254.35486
23.410606935919308 -413097237356.56787 413093494724.02734
23.410611735251216 -415296454050.43726 415292701468.7063
23.410616534583124 -417510325310.93988 417506562740.29315
23.410621333915032 -419738968476.14703 419735195876.64746
23.410626133246943 -421982501981.69843 421978719313.19574
23.410630932578851 -424241045372.55078 424237252594.67999
23.410635731910759 -426514719314.86902 426510916387.04926
23.410640531242667 -428803645608.06024 428799832489.49304
23.410645330574575 -431107947196.95282 431104123846.62079
23.410650129906482 -433427748184.12433 433423914560.78967
23.41065492923839 -435763173842.37805 435759329904.58099
23.410659728570298 -438114350627.37067 438110496333.42816
23.410664527902206 -440481406190.39404 440477541498.39801
23.410669327234114 -442864469391.31226 442860594259.12823
23.410674126566025 -445263670311.65686 445259784696.92249
23.410678925897933 -447679140267.88116 447675244128.00452
23.410683725229841 -450111011824.77667 450107105116.93481
23.410688524561749 -452559418809.0542 452555501490.19165
23.410693323893657 -455024496323.0907 455020568349.9176
23.410698123225565 -457506380758.84528 457502442087.83612
23.410702922557473 -460005209811.94678 460001260399.33856
23.410707721889381 -462521122495.95374 462517162297.74451
23.410712521221289 -465054259156.79077 465050288128.73779
23.410717320553196 -467604761487.36255 467600779584.98083
23.410722119885104 -470172772542.34967 470168779720.91028
23.410726919217016 -472758436753.18567 472754432967.71399
23.410731718548924 -475361899943.2207 475357885148.49481
23.410736517880832 -477983309343.07318 477979283493.62213
23.410741317212739 -480622813606.17188 480618776656.27393
23.410746116544647 -483280562824.49182 483276514728.17273
23.410750915876555 -485956708544.48663 485952649255.51801
23.410755715208463 -488651403783.21899 488647333255.11639
23.410760514540371 -491364803044.69208 491360721230.71332
23.410765313872279 -494097062336.38635 494092969189.52966
23.410770113204187 -496848339186.00348 496844234659.00574
23.410774912536098 -499618792658.42017 499614676703.75513
23.410779711868006 -502408583372.85449 502404455942.73083
23.410784511199914 -505217873520.24878 505213734566.60834
23.410789310531822 -508046826880.8714 508042676355.38727
23.41079410986373 -510895608842.14069 510891446696.21539
23.410798909195638 -513764386416.67395 513760212601.43756
23.410803708527546 -516653328260.56372 516649142726.87183
23.410808507859453 -519562604691.88708 519558407390.31897
23.410813307191361 -522492387709.44952 522488178590.30615
23.410818106523269 -525442851011.76654 525438630025.0686
23.410822905855181 -528414170016.28717 528409937111.77307
23.410827705187089 -531406521878.86353 531402277005.98755
23.410832504518996 -534420085513.46698 534415828621.39716
23.410837303850904 -537455041612.15576 537450772649.77185
23.410842103182812 -540511572665.2998 540507291581.19122
23.41084690251472 -543589862982.06409 543585569724.52789
23.410851701846628 -546690098711.15491 546685793228.19373
23.410856501178536 -549812467861.83264 549808150101.15259
23.410861300510444 -552957160325.19409 552952830234.20251
23.410866099842352 -556124367895.72974 556120025421.53308
23.410870899174263 -559314284293.16187 559309929382.56384
23.410875698506171 -562527105184.5614 562522737784.06042
23.410880497838079 -565763028206.75122 565758648262.53833
23.410885297169987 -569022252989.00208 569017860446.95898
23.410890096501895 -572304981176.02136 572300575981.7179
23.410894895833803 -575611416451.23999 575606998549.93201
23.41089969516571 -578941764560.40356 578937333897.03052
23.410904494497618 -582296233335.47205 582291789854.65491
23.410909293829526 -585675032718.83215 585670576364.87109
23.410914093161434 -589078374787.82214 589073905504.69397
23.410918892493346 -592506473779.58057 592501991510.93665
23.410923691825253 -595959546116.22156 595955050805.38538
23.410928491157161 -599437810430.33875 599433302020.30334
23.410933290489069 -602941487590.84558 602936966024.27148
23.410938089820977 -606470800729.15637 606466265948.36877
23.410942889152885 -610025975265.7113 610021427212.69775
23.410947688484793 -613607238936.85449 613602677553.26257
23.410952487816701 -617214821822.06689 617210247049.20166
23.410957287148609 -620848956371.55676 620844368150.37817
23.410962086480517 -624509877434.21619 624505275705.33655
23.410966885812424 -628197822285.95361 628193206989.63501
23.410971685144336 -631913030658.401 631908401734.55286
23.410976484476244 -635655744768.00391 635651102156.18005
23.410981283808152 -639426209345.49841 639421552984.89478
23.41098608314006 -643224671665.78479 643220001495.23669
23.410990882471967 -647051381578.19775 647046697536.17712
23.410995681803875 -650906591537.1842 650901893561.79688
23.411000481135783 -654790556633.39294 654785844662.37598
23.411005280467691 -658703534625.18359 658698808595.90259
23.411010079799599 -662645785970.55701 662641045820.00317
23.411014879131507 -666617573859.51794 666612819524.30542
23.411019678463418 -670619164246.87537 670614395663.23853
23.411024477795326 -674650825885.48425 674646042989.27441
23.411029277127234 -678712830359.93945 678708033086.62244
23.411034076459142 -682805452120.72852 682800640405.38159
23.41103887579105 -686928968518.84485 686924142296.15381
23.411043675122958 -691083659840.87268 691078819045.12878
23.411048474454866 -695269809344.55273 695264953909.6499
23.411053273786774 -699487703294.83008 699482833154.26184
23.411058073118681 -703737631000.39722 703732746087.25354
23.411062872450589 -708019884850.73535 708014985097.69971
23.411067671782501 -712334760353.66699 712329845693.01318
23.411072471114409 -716682556173.422 716677626537.01123
23.411077270446317 -721063574169.22571 721058629488.50305
23.411082069778224 -725478119434.42029 725473159640.41199
23.411086869110132 -729926500336.12683 729921525359.43665
23.41109166844204 -734409028555.45508 734404038326.26135
23.411096467773948 -738926019128.26892 738921013576.32117
23.411101267105856 -743477790486.51526 743472769541.13098
23.411106066437764 -748064664500.12903 748059628090.19031
23.411110865769672 -752686966519.52026 752681914573.47046
23.411115665101583 -757345025418.651 757339957864.49121
23.411120464433491 -762039173638.71655 762034090404.00232
23.411125263765399 -766769747232.43445 766764648244.27234
23.411130063097307 -771537085908.95239 771531971093.99646
23.411134862429215 -776341533079.38721 776336402363.83557
23.411139661761123 -781183435903 781178289212.59094
23.411144461093031 -786063145334.02393 786057982594.03271
23.411149260424938 -790981016169.15015 790975837304.38538
23.411154059756846 -795937407095.68164 795932212030.48145
23.411158859088754 -800932680740.36707 800927469398.59534
23.411163658420666 -805967203718.92737 805961976023.97034
23.411168457752574 -811041346686.28174 811036102561.04395
23.411173257084481 -816155484387.48682 816150223754.38745
23.411178056416389 -821309995709.40186 821304718490.37085
23.411182855748297 -826505263733.08728 826499969849.56165
23.411187655080205 -831741675786.94836 831736365159.86804
23.411192454412113 -837019623500.64148 837014296050.44556
23.411197253744021 -842339502859.74805 842334158506.37061
23.411202053075929 -847701714261.23596 847696352924.10229
23.411206852407837 -853106662569.71375 853101284167.73633
23.411211651739748 -858554757174.48914 858549361626.06335
23.411216451071656 -864046412047.45398 864040999270.4541
23.411221250403564 -869582045801.80164 869576615713.57642
23.411226049735472 -875162081751.59497 875156634268.96387
23.41123084906738 -880786947972.19348 880781483011.44202
23.411235648399288 -886457077361.55444 886451594838.4303
23.411240447731196 -892172907702.42688 892167407532.13525
23.411245247063103 -897934881725.44189 897929363822.64124
23.411250046395011 -903743447173.12964 903737911451.92712
23.411254845726919 -909599056864.86755 909593503238.81482
23.411259645058827 -915502168762.7749 915496597144.86353
23.411264444390739 -921453246038.57104 921447656341.22791
23.411269243722646 -927452757141.41431 927447149276.49695
23.411274043054554 -933501175866.73718 933495549745.5293
23.411278842386462 -939598981426.09204 939593336959.29871
23.41128364171837 -945746658518.0238 945740995615.76685
23.411288441050278 -951944697399.99146 951939015971.80457
23.411293240382186 -958193593961.34863 958187893916.17273
23.411298039714094 -964493849797.40466 964488131043.58289
23.411302839046002 -970845972284.5813 970840234729.854
23.41130763837791 -977250474656.68848 977244718208.1886
23.411312437709821 -983707876082.33252 983702100646.58032
23.411317237041729 -990218701743.47449 990212907226.37244
23.411322036373637 -996783482915.16541 996777669221.99316
23.411326835705545 -1003402757046.4698 1003396924081.8793
23.411331635037453 -1010077067842.6005 1010071215510.6101
23.41133643436936 -1016806965348.2834 1016801093552.2734
23.411341233701268 -1023593006032.3793 1023587114675.0861
23.411346033033176 -1030435752873.7706 1030429841857.2815
23.411350832365084 -1037335775448.5479 1037329844674.2953
23.411355631696992 -1044293650018.5143 1044287699387.2711
23.411360431028903 -1051309959621.0227 1051303989032.896
23.411365230360811 -1058385294160.1721 1058379303514.5978
23.411370029692719 -1065520250499.3931 1065514239695.1302
23.411374829024627 -1072715432555.4362 1072709401490.5615
23.411379628356535 -1079971451393.791 1079965399965.6929
23.411384427688443 -1087288925325.5618 1087282853430.9343
23.411389227020351 -1094668480005.8212 1094662387540.6588
23.411394026352259 -1102110748533.4678 1102104635393.0591
23.411398825684167 -1109616371552.6128 1109610237631.5342
23.411403625016074 -1117185997355.522 1117179842547.6318
23.411408424347986 -1124820281987.1487 1124814106185.5815
23.411413223679894 -1132519889351.2732 1132513692448.4333
23.411418023011802 -1140285491318.2734 1140279273205.8286
23.41142282234371 -1148117767834.5615 1148111528403.4365
23.411427621675617 -1156017407033.7219 1156011146174.0923
23.411432421007525 -1163985105349.3704 1163978822950.656
23.411437220339433 -1172021567629.769 1172015263580.6279
23.411442019671341 -1180127507254.217 1180121181442.5383
23.411446819003249 -1188303646251.2551 1188297298564.1523
23.411451618335157 -1196550715418.7268 1196544345742.5317
23.411456417667068 -1204869454445.7092 1204863062665.9644
23.411461216998976 -1213260612036.3564 1213254198037.8088
23.411466016330884 -1221724946035.6899 1221718509702.2839
23.411470815662792 -1230263223557.3652 1230256764772.2354
23.4114756149947 -1238876221113.4456 1238869739758.9097
23.411480414326608 -1247564724746.2268 1247558220703.7791
23.411485213658516 -1256329530162.1545 1256323003312.4578
23.411490012990424 -1265171442867.8486 1265164893090.7273
23.411494812322331 -1274091278308.2905 1274084705482.7234
23.411499611654239 -1283089862007.2087 1283083266011.3213
23.411504410986147 -1292168029709.7017 1292161410420.7585
23.411509210318059 -1301326627527.1243 1301319984821.5217
23.411514009649967 -1310566512084.3044 1310559845837.5625
23.411518808981874 -1319888550669.1091 1319881860755.8643
23.411523608313782 -1329293621384.4009 1329286907678.3977
23.41152840764569 -1338782613302.4365 1338775875676.52
23.411533206977598 -1348356426621.7612 1348349664947.8687
23.411538006309506 -1358015972826.6228 1358009186975.7759
23.411542805641414 -1367762174848.9607 1367755364691.2566
23.411547604973322 -1377595967233.0142 1377589132637.6182
23.41155240430523 -1387518296302.6089 1387511437137.7456
23.411557203637141 -1397530120331.146 1397523236464.0908
23.411562002969049 -1407632409714.3599 1407625501011.4307
23.411566802300957 -1417826147145.8923 1417819213472.4404
23.411571601632865 -1428112327795.7292 1428105369016.1309
23.411576400964773 -1438491959491.5662 1438484975469.2136
23.411581200296681 -1448966062903.1338 1448959053500.4263
23.411585999628588 -1459535671729.5598 1459528636807.895
23.411590798960496 -1470201832889.7979 1470194772309.5623
23.411595598292404 -1480965606716.1978 1480958520336.7573
23.411600397624312 -1491828067151.2808 1491820954830.9722
23.411605196956224 -1502790301947.7517 1502783163543.8723
23.411609996288131 -1513853412871.8357 1513846248240.6343
23.411614795620039 -1525018515909.9875 1525011324906.655
23.411619594951947 -1536286741479.0222 1536279523957.6809
23.411624394283855 -1547659234639.7725 1547651990453.467
23.411629193615763 -1559137155314.2993 1559129884314.9868
23.411633992947671 -1570721678506.7229 1570714380545.2622
23.411638792279579 -1582413994527.7593 1582406669453.9011
23.411643591611487 -1594215309223.0361 1594207956885.4128
23.411648390943395 -1606126844205.2395 1606119464451.3545
23.411653190275306 -1618149837090.1584 1618142429766.3757
23.411657989607214 -1630285541736.7292 1630278106688.2629
23.411662788939122 -1642535228491.1331 1642527765562.0361
23.41166758827103 -1654900184435.021 1654892693468.1746
23.411672387602938 -1667381713637.9641 1667374194475.0669
23.411677186934845 -1679981137414.188 1679973589895.7446
23.411681986266753 -1692699794583.6738 1692692218548.9834
23.411686785598661 -1705539041737.7332 1705531437024.8784
23.411691584930569 -1718500253509.1194 1718492619954.9551
23.411696384262477 -1731584822846.7358 1731577160286.877
23.411701183594388 -1744794161295.0916 1744786469563.9011
23.411705982926296 -1758129699278.5579 1758121978209.1353
23.411710782258204 -1771592886390.5288 1771585135814.698
23.411715581590112 -1785185191687.562 1785177411435.8591
23.41172038092202 -1798908103988.6062 1798900293890.2671
23.411725180253928 -1812763132179.4111 1812755292062.3591
23.411729979585836 -1826751805522.2295 1826743935213.0623
23.411734778917744 -1840875673970.9165 1840867773294.8938
23.411739578249652 -1855136308491.5144 1855128377272.5452
23.411744377581559 -1869535301388.4163 1869527339449.0449
23.411749176913471 -1884074266636.252 1884066273797.6458
23.411753976245379 -1898754840217.6067 1898746816299.542
23.411758775577287 -1913578680466.657 1913570625287.5061
23.411763574909195 -1928547468418.8503 1928539381795.5674
23.411768374241102 -1943662908166.761 1943654789914.8684
23.41177317357301 -1958926727222.2268 1958918577155.8008
23.411777972904918 -1974340676884.9009 1974332494816.5579
23.411782772236826 -1989906532617.3564 1989898318358.2383
23.411787571568734 -2005626094426.8215 2005617847786.5811
23.411792370900642 -2021501187253.749 2021492908040.5354
23.41179717023255 -2037533661367.3037 2037525349387.7476
23.411801969564461 -2053725392767.9189 2053717047827.1172
23.411806768896369 -2070078283597.0747 2070069905498.5757
23.411811568228277 -2086594262554.4194 2086585851100.207
23.411816367560185 -2103275285322.3994 2103266840312.8777
23.411821166892093 -2120123334998.5432 2120114856232.5205
23.411825966224001 -2137140422535.5593 2137131909810.2324
23.411830765555909 -2154328587189.3899 2154320040300.3276
23.411835564887816 -2171689896975.3896 2171681315716.5168
23.411840364219724 -2189226449132.7976 2189217833296.3784
23.411845163551632 -2206940370597.6548 2206931719974.2759
23.411849962883544 -2224833818484.3486 2224825132862.9023
23.411854762215452 -2242908980575.9663 2242900259743.6328
23.411859561547359 -2261168075823.6426 2261159319565.873
23.411864360879267 -2279613354855.0693 2279604562955.5688
23.411869160211175 -2298247100492.3462 2298238272733.0552
23.411873959543083 -2317071628279.3521 2317062764440.4287
23.411878758874991 -2336089287018.8872 2336080386878.689
23.411883558206899 -2355302459319.752 2355293522654.8169
23.411888357538807 -2374713562153.96 2374704588738.9883
23.411893156870715 -2394325047424.3174 2394316037032.1523
23.411897956202626 -2414139402542.582 2414130354944.1909
23.411902755534534 -2434159151018.3984 2434150065982.853
23.411907554866442 -2454386853059.2275 2454377730353.6855
23.41191235419835 -2474825106181.5015 2474815945571.1846
23.411917153530258 -2495476545833.3027 2495467347081.4785
23.411921952862166 -2516343846028.7197 2516334608896.6792
23.411926752194073 -2537429719994.1958 2537420444241.2349
23.411931551525981 -2558736920827.0776 2558727606210.4746
23.411936350857889 -2580268242166.6011 2580258888441.5962
23.411941150189797 -2602026518877.667 2602017125797.4409
23.411945949521709 -2624014627747.5723 2624005195063.2241
23.411950748853616 -2646235488196.0254 2646226015656.5513
23.411955548185524 -2668692062998.7344 2668682550351.0054
23.411960347517432 -2691387359024.7837 2691377806013.5215
23.41196514684934 -2714324427988.2144 2714314834355.9707
23.411969946181248 -2737506367214.0591 2737496732701.1914
23.411974745513156 -2760936320419.0508 2760926644763.6987
23.411979544845064 -2784617478507.4561 2784607761445.5181
23.411984344176972 -2808553080382.3086 2808543321647.418
23.41198914350888 -2832746413772.3472 2832736613095.8472
23.411993942840791 -2857200816075.0195 2857190973185.9399
23.411998742172699 -2881919675215.8711 2881909789840.9019
23.412003541504607 -2906906430524.7056 2906896502388.1724
23.412008340836515 -2932164573628.915 2932154602452.7529
23.412013140168423 -2957697649364.2871 2957687634868.0161
23.41201793950033 -2983509256703.6704 2983499198604.3672
23.412022738832238 -3009603049703.9307 3009592947716.2031
23.412027538164146 -3035982738471.604 3035972592307.564
23.412032337496054 -3062652090147.6074 3062641899516.8428
23.412037136827962 -3089614929911.519 3089604694521.0674
23.41204193615987 -3116875142005.7212 3116864861560.0405
23.412046735491781 -3144436670779.9277 3144426344980.8687
23.412051534823689 -3172303521756.5625 3172293150303.3389
23.412056334155597 -3200479762717.4277 3200469345306.5884
23.412061133487505 -3228969524812.0952 3228959061137.4927
23.412065932819413 -3257777003688.6274 3257766493441.3892
23.412070732151321 -3286906460647.0312 3286895903515.5298
23.412075531483229 -3316362223815.8896 3316351619485.7104
23.412080330815137 -3346148689352.8276 3346138037506.7388
23.412085130147045 -3376270322669.312 3376259622987.2329
23.412089929478952 -3406731659680.2397 3406720911839.2075
23.412094728810864 -3437537308079.0029 3437526511753.1411
23.412099528142772 -3468691948638.6001 3468681103499.0854
23.41210432747468 -3500200336539.2568 3500189442254.2861
23.412109126806588 -3532067302723.3018 3532056358958.0576
23.412113926138495 -3564297755277.8218 3564286761694.4385
23.412118725470403 -3596896680845.7837 3596885637103.3125
23.412123524802311 -3629869146066.2573 3629858051820.6309
23.412128324134219 -3663220299044.436 3663209153948.4336
23.412133123466127 -3696955370852.0664 3696944174555.2764
23.412137922798035 -3731079677059.0806 3731068429207.8647
23.412142722129946 -3765598619297.0898 3765587319534.5459
23.412147521461854 -3800517686855.4814 3800506334821.4043
23.412152320793762 -3835842458310.9702 3835831053641.8149
23.41215712012567 -3871578603191.2817 3871567145520.124
23.412161919457578 -3907731883673.7646 3907720372630.2622
23.412166718789486 -3944308156319.7705 3944296591530.123
23.412171518121394 -3981313373845.5972 3981301754932.5054
23.412176317453302 -4018753586930.9731 4018741913513.5977
23.412181116785209 -4056634946065.9043 4056623217759.8242
23.412185916117117 -4094963703436.7812 4094951919853.9517
23.412190715449029 -4133746214852.6992 4133734375601.4097
23.412195514780937 -4172988941712.8613 4172977046397.6914
23.412200314112845 -4212698453016.0513 4212686501237.8262
23.412205113444752 -4252881427413.3862 4252869418769.1328
23.41220991277666 -4293544655305.168 4293532589388.0693
23.412214712108568 -4334695040982.9043 4334682917382.2544
23.412219511440476 -4376339604817.6309 4376327423118.7866
23.412224310772384 -4418485485495.709 4418473245280.0439
23.412229110104292 -4461139942303.2021 4461127643148.0586
23.4122339094362 -4504310357459.9023 4504297998938.541
23.412238708768111 -4548004238504.417 4547991820185.9707
23.412243508100019 -4592229220731.3076 4592216742180.7285
23.412248307431927 -4636993069681.7617 4636980530459.7725
23.412253106763835 -4682303683688.9785 4682291083352.0186
23.412257906095743 -4728169096479.6797 4728156434579.8545
23.412262705427651 -4774597479833.2012 4774584755918.2305
23.412267504759559 -4821597146299.2373 4821584359912.3984
23.412272304091466 -4869176551976.0361 4869163702656.1104
23.412277103423374 -4917344299350.5488 4917331386631.7646
23.412281902755282 -4966109140201.9795 4966096163613.96
23.412286702087194 -5015479978570.04 5015466937637.7432
23.412291501419102 -5065465873789.8369 5065452768033.4971
23.412296300751009 -5116076043595.1562 5116062872530.2266
23.412301100082917 -5167319867291.542 5167306630428.6348
23.412305899414825 -5219206889001.0625 5219193585845.8887
23.412310698746733 -5271746820980.5596 5271733451033.8652
23.412315498078641 -5324949547015.293 5324936109772.8008
23.412320297410549 -5378825125889.8711 5378811620842.2119
23.412325096742457 -5433383794938.2549 5433370221570.9082
23.412329896074365 -5488635973675.1045 5488622331468.3291
23.412334695406273 -5544592267510.4326 5544578555939.2021
23.412339494738184 -5601263471549.7188 5601249690083.6553
23.412344294070092 -5658660574481.5479 5658646722584.8516
23.412349093402 -5716794762555.0215 5716780839686.4023
23.412353892733908 -5775677423649.542 5775663429262.1484
23.412358692065816 -5835320151439.1211 5835306084980.4697
23.412363491397723 -5895734749653.6748 5895720610565.5771
23.412368290729631 -5956933236439.7109 5956919024158.1982
23.412373090061539 -6018927848823.2725 6018913562778.5225
23.412377889393447 -6081731047277.6924 6081716686893.9531
23.412382688725355 -6145355520398.7021 6145341085094.2129
23.412387488057266 -6209814189689.9219 6209799678876.8369
23.412392287389174 -6275120214461.7383 6275105627546.0449
23.412397086721082 -6341286996846.3066 6341272333227.7461
23.41240188605299 -6408328186931.6787 6408313446003.6621
23.412406685384898 -6476257688018.6406 6476242869168.166
23.412411484716806 -6545089662003.1172 6545074764610.6855
23.412416284048714 -6614838534887.6914 6614823558327.2188
23.412421083380622 -6685519002425.6113 6685503946064.3428
23.41242588271253 -6757146035900.6748 6757130899099.0928
23.412430682044437 -6829734888047.0713 6829719670158.8076
23.412435481376349 -6903301099112.7217 6903285799484.4629
23.412440280708257 -6977860503069.8232 6977845121041.2207
23.412445080040165 -7053429233976.7188 7053413768880.29
23.412449879372073 -7130023732495.2725 7130008183656.3076
23.41245467870398 -7207660752567.8809 7207645119304.3428
23.412459478035888 -7286357368258.418 7286341649880.8428
23.412464277367796 -7366130980761.8379 7366115176573.2334
23.412469076699704 -7446999325586.998 7446983434882.7422
23.412473876031612 -7528980479917.1621 7528964501984.8955
23.41247867536352 -7612092870153.4355 7612076804272.958
23.412483474695431 -7696355279646.1533 7696339125089.3145
23.412488274027339 -7781786856619.1904 7781770612649.7773
23.412493073359247 -7868407122293.0186 7868390788166.6484
23.412497872691155 -7956235979211.5205 7956219554175.5234
23.412502672023063 -8045293719778.5264 8045277203071.832
23.412507471354971 -8135601035009.9697 8135584425862.9873
23.412512270686879 -8227179023507.7695 8227162321142.2715
23.412517070018787 -8320049200661.6582 8320032404290.6553
23.412521869350694 -8414233508085.1973 8414216616912.8164
23.412526668682602 -8509754323293.1377 8509737336514.4971
23.412531468014514 -8606634469626.4609 8606617386427.541
23.412536267346422 -8704897226432.2773 8704880045989.792
23.41254106667833 -8804566339506.0176 8804549060987.2793
23.412545866010237 -8905666031803.7422 8905648654366.5312
23.412550665342145 -9008221014431.498 9008203537223.9219
23.412555464674053 -9112256497920.5664 9112238920080.9238
23.412560264005961 -9217798203796.6191 9217780524453.2559
23.412565063337869 -9324872376450.8535 9324854594722.0215
23.412569862669777 -9433505795322.5 9433487910316.207
23.412574662001685 -9543725787401.4648 9543707798215.3262
23.412579461333593 -9655560240061.2031 9655542145782.291
23.412584260665504 -9769037614230.6523 9769019413935.3438
23.412589059997412 -9884186957914.4785 9884168650668.293
23.41259385932932 -10001037920074.219 10001019504931.66
23.412598658661228 -10119620764879.717 10119602240884.113
23.412603457993136 -10239966386340.973 10239947752524.309
23.412608257325044 -10362106323333.412 10362087578716.158
23.412613056656951 -10486072775027.314 10486053918618.258
23.412617855988859 -10611898616734.354 10611879647530.426
23.412622655320767 -10739617416182.117 10739598333168.213
23.412627454652675 -10869263450230.91 10869244252379.703
23.412632253984587 -11000871722047.525 11000852408319.291
23.412637053316494 -11134477978746.887 11134458548089.311
23.412641852648402 -11270118729516.965 11270099180864.951
23.41264665198031 -11407831264243.002 11407811596518.479
23.412651451312218 -11547653672644.842 11547633884756.566
23.412656250644126 -11689624863943.76 11689604954787.111
23.412661049976034 -11833784587074.992 11833764555531.771
23.412665849307942 -11980173451462.793 11980153296401.01
23.41267064863985 -12128832948375.391 12128812668649.053
23.412675447971758 -12279805472878.014 12279785067326.906
23.412680247303669 -12433134346402.84 12433113813852.307
23.412685046635577 -12588863839955.162 12588843179215.881
23.412689845967485 -12747039197975.193 12747018407842.945
23.412694645299393 -12907706662876.758 12907685742132.191
23.412699444631301 -13070913500284.336 13070892447692.732
23.412704243963208 -13236708024989.605 13236686839300.631
23.412709043295116 -13405139627652.408 13405118307599.871
23.412713842627024 -13576258802267.82 13576237346569.418
23.412718641958932 -13750117174424.027 13750095581781.088
23.41272344129084 -13926767530377.912 13926745799475.133
23.412728240622751 -14106263846973.291 14106241976478.471
23.412733039954659 -14288661322429.49 14288639310993.256
23.412737839286567 -14474016408029.547 14473994254285.08
23.412742638618475 -14662386840735.574 14662364543298.322
23.412747437950383 -14853831676762.262 14853809234229.656
23.412752237282291 -15048411326139.9 15048388737091.059
23.412757036614199 -15246187588298.965 15246164851294.389
23.412761835946107 -15447223688711.928 15447200802293.203
23.412766635278015 -15651584316624.855 15651561279314.336
23.412771434609922 -15859335663914.73 15859312474215.221
23.412776233941834 -16070545465113.111 16070522121507.543
23.412781033273742 -16285283038632.008 16285259539583.107
23.41278583260565 -16503619329233.592 16503595673183.545
23.412790631937558 -16725626951785.664 16725603137155.773
23.412795431269465 -16951380236344.316 16951356261534.645
23.412800230601373 -17180955274611.879 17180931138000.895
23.412805029933281 -17414429967815.361 17414405667759.572
23.412809829265189 -17651884076053.461 17651859610887.039
23.412814628597097 -17893399269162.5 17893374637196.906
23.412819427929005 -18139059179152.738 18139034378676.324
23.412824227260916 -18388949454273.402 18388924483551.027
23.412829026592824 -18643157814756.32 18643132672028.934
23.412833825924732 -18901774110298.352 18901748793782.59
23.41283862525664 -19164890379347.031 19164864887234.789
23.412843424588548 -19432600910247.602 19432575240705.605
23.412848223920456 -19705002304320.211 19704976455489.578
23.412853023252364 -19982193540932.129 19982167510927.918
23.412857822584272 -20264276044637.383 20264249831548.141
23.41286262191618 -20551353754456.531 20551327356343.816
23.412867421248087 -20843533195371.496 20843506610269.406
23.412872220579995 -21140923552117.457 21140896778032.141
23.412877019911907 -21443636745351.422 21443609780260.578
23.412881819243815 -21751787510283.316 21751760352135.691
23.412886618575723 -22065493477856.875 22065466124571.734
23.41289141790763 -22384875258575.168 22384847708041.77
23.412896217239538 -22710056529069.441 22710028779146.492
23.412901016571446 -23041164121502.035 23041136170017.133
23.412905815903354 -23378328115915.609 23378299960664.676
23.412910615235262 -23721681935638.82 23721653574385.527
23.41291541456717 -24071362445849.887 24071333876325.062
23.412920213899078 -24427510055421.02 24427481275322.043
23.412925013230989 -24790268822168.082 24790239829158.262
23.412929812562897 -25159786561629.504 25159757353337.445
23.412934611894805 -25536214959507.695 25536185533526.66
23.412939411226713 -25919709687909.223 25919680041796.461
23.412944210558621 -26310430525527.73 26310400656803.805
23.412949009890529 -26708541481919.242 26708511388067.344
23.412953809222437 -27114210926022.641 27114180604487.875
23.412958608554344 -27527611719088.465 27527581167277.133
23.412963407886252 -27948921352187.887 27948890567466.742
23.41296820721816 -28378322088474.508 28378291068170.004
23.412973006550072 -28816001110380.223 28815969851777.734
23.41297780588198 -29262150671941.281 29262119172284.316
23.412982605213887 -29716968256451.172 29716936512940.559
23.412987404545795 -30180656739647.836 30180624749440.895
23.412992203877703 -30653424558650.934 30653392318860.633
23.412997003209611 -31135485886877.414 31135453394571.492
23.413001802541519 -31627060815171.117 31627028067371.203
23.413006601873427 -32128375539394.035 32128342533074.73
23.413011401205335 -32639662554730.965 32639629286818.914
23.413016200537243 -33161160856981.34 33161127324354.281
23.413020999869154 -33693116151116.66 33693082350602.441
23.413025799201062 -34235781067394.105 34235746995769.691
23.41303059853297 -34789415385332.98 34789381039323.426
23.413035397864878 -35354286265873.672 35354251642151.062
23.413040197196786 -35930668492054.469 35930633587236.859
23.413044996528694 -36518844718554.008 36518809529204.32
23.413049795860601 -37119105730454.211 37119070253079.102
23.413054595192509 -37731750711622.328 37731714942671.031
23.413059394524417 -38357087523089.234 38357051458952.383
23.413064193856325 -38995432991859.781 38995396628868.18
23.413068993188237 -39647113210586.172 39647076545009.562
23.413073792520144 -40312463848551.094 40312426876596.883
23.413078591852052 -40991830474444.477 40991793192256.422
23.41308339118396 -41685568891425.617 41685531295082.484
23.413088190515868 -42394045484999.859 42394007570514.055
23.413092989847776 -43117637584260.859 43117599347577.008
23.413097789179684 -43856733837065.344 43856695274058.859
23.413102588511592 -44611734599729.102 44611695706204.695
23.4131073878435 -45383052341888.68 45383013113578.844
23.413112187175408 -46171112067176.453 46171072499739.883
23.413116986507315 -46976351750411.672 46976311839431.688
23.413121785839227 -47799222792016.578 47799182532999.461
23.413126585171135 -48640190490420.281 48640149878793.602
23.413131384503043 -49499734533251.578 49499693564362.461
23.413136183834951 -50378349508134.547 50378308177247.883
23.413140983166858 -51276545433987.281 51276503736283.93
23.413145782498766 -52194848313722.844 52194806244297.727
23.413150581830674 -53133800709319.398 53133758263179.594
23.413155381162582 -54093962340278.719 54093919512341.484
23.41316018049449 -55075910706526.773 55075867491617.516
23.413164979826398 -56080241736864.57 56080198129714.766
23.413169779158309 -57107570464148.273 57107526459393.32
23.413174578490217 -58158531728424.789 58158487320601.812
23.413179377822125 -59233780909318.703 59233736092864.297
23.413184177154033 -60333994689016.516 60333949458264.406
23.413188976485941 -61459871847294.969 61459826196473.633
23.413193775817849 -62612134090093.945 62612088013324.172
23.413198575149757 -63791526913190.172 63791480404482.508
23.413203374481665 -64998820502641.078 64998773555893.258
23.413208173813572 -66234810673771.07 66234763282765.328
23.41321297314548 -67500319850527.992 67500272008928.328
23.413217772477392 -68796198087124.32 68796149788473.672
23.4132225718093 -70123324134033.195 70123275371750.539
23.413227371141208 -71482606550464.656 71482557317842.016
23.413232170473115 -72874984865594.234 72874935155793.594
23.413236969805023 -74301430790948.531 74301380596998.688
23.413241769136931 -75762949486439.391 75762898801232.688
23.413246568468839 -77260580882674.359 77260529698963.297
23.413251367800747 -78795401062439.531 78795349372833.375
23.413256167132655 -80368523704204.641 80368471501165.828
23.413260966464563 -81981101590753.062 81981048866593.531
23.413265765796474 -83634328186294.5 83634274933171.938
23.413270565128382 -85329439285537.75 85329385495451.688
23.41327536446029 -87067714738263.453 87067660403051.266
23.413280163792198 -88850480253398.484 88850425364731.266
23.413284963124106 -90679109286603.406 90679053835981.688
23.413289762456014 -92555025015755.438 92554968994504.844
23.413294561787922 -94479702408844.75 94479645808111.438
23.413299361119829 -96454670389098.938 96454613199844.938
23.413304160451737 -98481514102509.906 98481456315508.328
23.413308959783645 -100561877293114.52 100561818898944.58
23.413313759115557 -102697464791768.03 102697405780809.94
23.413318558447465 -104890045124443.7 104889985486873.36
23.413323357779372 -107141453246541.53 107141392972325.08
23.41332815711128 -109453593409945.08 109453532488833.31
23.413332956443188 -111828442170036.88 111828380591559.39
23.413337755775096 -114268051540259.25 114267989293718.45
23.413342555107004 -116774552302459.17 116774489376924.09
23.413347354438912 -119350157481414.42 119350093865714.31
23.41335215377082 -121997165992775.5 121997101675493.2
23.413356953102728 -124717966474108.42 124717901443573.58
23.413361752434639 -127515041309165.23 127514975553447.2
23.413366551766547 -130390970856370.36 130390904363270.92
23.413371351098455 -133348437893144.05 133348370650189.86
23.413376150430363 -136390232288253.39 136390164282688.19
23.413380949762271 -139519255915415.05 139519187134191.58
23.413385749094179 -142738527821893.53 142738458251665.19
23.413390548426086 -146051189667118.41 146051119294230.62
23.413395347757994 -149460511446803.91 149460440257285.22
23.413400147089902 -152969897519564.41 152969825499117.22
23.41340494642181 -156582892953646.69 156582820087637.69
23.413409745753718 -160303190212929.47 160303116486379.69
23.413414545085629 -164134636202735.75 164134561600310.31
23.413419344417537 -168081239696549.56 168081164202547.06
23.413424143749445 -172147179167090.16 172147102765431.62
23.413428943081353 -176336811046204.62 176336733720422.16
23.413433742413261 -180654678439631.22 180654600172856.09
23.413438541745169 -185105520324953.34 185105441099903.78
23.413443341077077 -189694281262495.31 189694201061463.75
23.413448140408985 -194426121651359.75 194426040456199.59
23.413452939740893 -199306428564654.69 199306346356766.72
23.4134577390728 -204340827200315.56 204340743960633.66
23.413462538404712 -209535192987052.31 209535108696028.75
23.41346733773662 -214895664387064.53 214895579024654.66
23.413472137068528 -220428656440198.22 220428569985844.56
23.413476936400436 -226140875097913.56 226140787530529.34
23.413481735732343 -232039332398549.53 232039243696501.53
23.413486535064251 -238131362538618.84 238131272679709.53
23.413491334396159 -244424638900022.88 244424547861471.91
23.413496133728067 -250927192096484.19 250927099854909.19
23.413500933059975 -257647429107090.41 257647335638486.91
23.413505732391883 -264594153570655.78 264594058850376.41
23.413510531723794 -271776587319641.06 271776491322373.91
23.413515331055702 -279204393237878.41 279204295937624.38
23.41352013038761 -286887699533689.62 286887600903739.12
23.413524929719518 -294837125526355.75 294837025539264
23.413529729051426 -303063809051404.25 303063707678966.06
23.413534528383334 -311579435598468.31 311579332811691.5
23.413539327715242 -320396269303327.12 320396165072404.81
23.41354412704715 -329527185927990.88 329527080222272.69
23.413548926379057 -338985707970122.94 338985600758084.94
23.413553725710965 -348786042057029.75 348785933306243.12
23.413558525042877 -358943118789009.31 358943008466107.75
23.413563324374785 -369472635212020.56 369472523282666
23.413568123706693 -380391100113958.19 380390986542805.12
23.4135729230386 -391715882356448.31 391715767107106.81
23.413577722370508 -403465262467315.69 403465145502312.31
23.413582521702416 -415658487740496.94 415658369021234.25
23.413587321034324 -428315831111494.12 428315710598208.12
23.413592120366232 -441458654097207.56 441458531748923.38
23.41359691969814 -455109474114526.62 455109349889011.94
23.413601719030048 -469292036518865.69 469291910372582.19
23.413606518361959 -484031391733276.06 484031263621328.69
23.413611317693867 -499353977870222.31 499353847746305.81
23.413616117025775 -515287709284820.38 515287577101163.62
23.413620916357683 -531862071536182.69 531861937243490.12
23.413625715689591 -549108223276986.88 549108086824377.31
23.413630515021499 -567059105636663.62 567058966971605.88
23.413635314353407 -585749559714946 585749418783191.38
23.413640113685315 -605216452864149.12 605216309609660.88
23.413644913017222 -625498814488859.88 625498668853738.88
23.41364971234913 -646637982171493.12 646637834095899.75
23.413654511681038 -668677759002899.12 668677608424971.25
23.41365931101295 -691664583082633.88 691664429938400.88
23.413664110344858 -715647710241547.88 715647554464839.88
23.413668909676765 -740679411141940.62 740679252664293.12
23.413673709008673 -766815184026552.88 766815022777106.5
23.413678508340581 -794113984507335.38 794113820412730.25
23.413683307672489 -822638473923059.25 822638306907323.88
23.413688107004397 -852455287947097.12 852455117931530.62
23.413692906336305 -883635327301944.62 883635154204993.5
23.413697705668213 -916254072619262.12 916253896356389.88
23.413702505000121 -950391925686028 950391746169577.12
23.413707304332032 -986134579566469.5 986134396705516.38
23.41371210366394 -1023573420338697.1 1023573234038898.4
23.413716902995848 -1062805963470830.5 1062805773634260.8
23.413721702327756 -1103936328192709.1 1103936134717689.4
23.413726501659664 -1147075753568413 1147075556349329
23.413731300991572 -1192343160386662.5 1192342959313772.2
23.413736100323479 -1239865763446914.2 1239865558406144.8
23.413740899655387 -1289779739289682.5 1289779530162414
23.413745698987295 -1342230955006254.5 1342230741669091.5
23.413750498319203 -1397375764422177.5 1397375546746705.8
23.413755297651115 -1455381878637554.8 1455381656490084
23.413760096983022 -1516429318712181.2 1516429091953471
23.41376489631493 -1580711459205259.8 1580711227690228.2
23.413769695646838 -1648436172307520 1648435935884935.2
23.413774494978746 -1719827083424888.2 1719826841937038
23.413779294310654 -1795124950447162.5 1795124703729503.2
23.413784093642562 -1874589180390857.8 1874588928271641.8
23.41378889297447 -1958499498734591.2 1958499241034467
23.413793692306378 -2047157788760850.8 2047157525292438
23.413798491638286 -2140890120378581.2 2140889850946016.2
23.413803290970197 -2240048990329360 2240048714727810
23.413808090302105 -2345015798556029 2345015516571173.5
23.413812889634013 -2456203588703530.5 2456203300111004.5
23.413817688965921 -2574060084441734.5 2574059789006534
23.413822488297829 -2699071057524936.5 2699070755000779.5
23.413827287629736 -2831764068349498.5 2831763758478141
23.413832086961644 -2972712625358047 2972712307868548
23.413836886293552 -3122540815986009.5 3122540490593940
23.41384168562546 -3281928469418150 3281928135824743.5
23.413846484957368 -3451616919853690 3451616577744927.5
23.413851284289279 -3632415448872272 3632415097917896.5
23.413856083621187 -3825208496955510 3825208136807963.5
23.413860882953095 -4030963747620058 4030963377913332.5
23.413865682285003 -4250741203044494.5 4250740823392892
23.413870481616911 -4485703388236330.5 4485702998233120
23.413875280948819 -4737126841813784 4737126441029750
23.413880080280727 -5006415076039496 5006414664021360
23.413884879612635 -5295113218087455 5295112794356168
23.413889678944543 -5604924578329031 5604924142377915
23.41389447827645 -5937729431511684 5937728982804410
23.413899277608362 -6295606344197744 6295605882166132
23.41390407694027 -6680856437827561 6680855961869180
23.413908876272178 -7096031043647226 7096030553122772
23.413913675604086 -7543963284192772 7543962778423205
23.413918474935993 -8027804210940446 8027803689203854
23.413923274267901 -8551064239963763 8551063701491924
23.413928073599809 -9117660763462526 9117660207437132
23.413932872931717 -9731972976572300 9731972402120812
23.413937672263625 -10398905155486768 10398904561677844
23.413942471595533 -11123959858800988 11123959244639446
23.413947270927441 -11913322812895616 11913322177316868
23.413952070259352 -12773961589239724 12773960931103622
23.41395686959126 -13713740610018264 13713739928102270
23.413961668923168 -14741555539780446 14741554832772054
23.413966468255076 -15867490764139522 15867490030627832
23.413971267586984 -17103004445268934 17103003683735250
23.413976066918892 -18461146627685120 18461145836492460
23.4139808662508 -19956817084085852 19956816261467200
23.413985665582707 -21607071111456748 21607070255501880
23.413990464914615 -23431483397035916 23431482505676600
23.413995264246523 -25452582463411460 25452581534404764
23.414000063578435 -27696371241115972 27696370272025432
23.414004862910343 -30192953165691964 30192952153866240
23.41400966224225 -32977288105001000 32977287047549664
23.414014461574158 -36090108742801952 36090107636567912
23.414019260906066 -39579036161719312 39579035003247344
23.414024060237974 -43499943918296872 43499942703797560
23.414028859569882 -47918633670277960 47918632395586312
23.41403365890179 -52912903472334432 52912902132862176
