# serie phase 2 p5_w2.80_c1.05_dt2s2_k2 : t x1 x2 (dt2=4.0040047261685271e-06, depart t=34.439999999999998 etat bascule x1 x2 v1 v2 = 41332.156669609001 -40958.385400637082 2125179.8666461362 -2117454.0767802903)
34.501261272310373 927291004.56376803 -927270376.03808606
34.501265276315102 931192287.79837644 -931171624.60078323
34.501269280319825 935114935.63556135 -935094237.66394556
34.501273284324554 939059092.2567147 -939038359.40853465
34.501277288329277 943024903.00015926 -943004135.17244077
34.501281292334006 947012514.37191176 -946991711.46124589
34.501285296338729 951022074.05655921 -951001235.95909977
34.501289300343458 955053730.92825067 -955032857.53971159
34.501293304348181 959107635.0618062 -959086726.2774595
34.50129730835291 963183937.74394357 -963162993.45861673
34.501301312357633 967282791.48462403 -967261811.59269738
34.501305316362362 971404350.02851927 -971383334.42392373
34.501309320367085 975548768.36660135 -975527716.9428159
34.501313324371814 979716202.74785542 -979695115.39790452
34.501317328376537 983906810.69111812 -983885687.30756927
34.501321332381266 988120750.99704266 -988099591.47200382
34.501325336385989 992358183.76019192 -992336987.985309
34.501329340390718 996619270.38126159 -996598038.24771571
34.501333344395441 1000904173.5794351 -1000882904.9779402
34.50133734840017 1005213057.4048712 -1005191752.2256714
34.501341352404893 1009546087.2513255 -1009524745.3841923
34.501345356409622 1013903429.8689089 -1013882051.2031387
34.501349360414352 1018285253.3769841 -1018263837.8013954
34.501353364419074 1022691727.2772014 -1022670274.6801323
34.501357368423804 1027123022.4666754 -1027101532.7359807
34.501361372428526 1031579311.2513045 -1031557784.2743534
34.501365376433256 1036060767.3592352 -1036039203.0229077
34.501369380437978 1040567565.954473 -1040545964.1451581
34.501373384442708 1045099883.6506424 -1045078244.2542346
34.50137738844743 1049657898.5248951 -1049636221.426792
34.50138139245216 1054241790.1319712 -1054220075.2170707
34.501385396456882 1058851739.5184143 -1058829986.6711115
34.501389400461612 1063487929.2369411 -1063466138.3411256
34.501393404466334 1068150543.3609697 -1068128714.3000226
34.501397408471064 1072839767.4993062 -1072817900.1560977
34.501401412475786 1077555788.8109941 -1077533883.0678799
34.501405416480516 1082298796.0203257 -1082276851.7591441
34.501409420485238 1087068979.4320197 -1087046996.5340893
34.501413424489968 1091866530.9465671 -1091844509.2926831
34.50141742849469 1096691644.0757442 -1096669583.546176
34.50142143249942 1101544513.9582999 -1101522414.4327874
34.501425436504142 1106425337.3758149 -1106403198.7335663
34.501429440508872 1111334312.7687378 -1111312134.8884258
34.501433444513602 1116271640.252598 -1116249423.0123572
34.501437448518324 1121237521.6344011 -1121215264.9118242
34.501441452523053 1126232160.4292045 -1126209864.1013401
34.501445456527776 1131255761.8768811 -1131233425.82023
34.501449460532505 1136308532.9590666 -1136286157.0495789
34.501453464537228 1141390682.4162974 -1141368266.5293686
34.501457468541957 1146502420.7653408 -1146479964.7758095
34.50146147254668 1151643960.3167205 -1151621464.0988646
34.501465476551409 1156815515.1924369 -1156792978.6199706
34.501469480556132 1162017301.3438888 -1161994724.289959
34.501473484560861 1167249536.5699942 -1167226918.9071777
34.501477488565584 1172512440.5355172 -1172489782.1358168
34.501481492570313 1177806234.7896011 -1177783535.5244427
34.501485496575036 1183131142.7845116 -1183108402.5247402
34.501489500579765 1188487389.8945911 -1188464608.510468
34.501493504584488 1193875203.43543 -1193852380.7966294
34.501497508589217 1199294812.6832528 -1199271948.6588576
34.50150151259394 1204746448.8945251 -1204723543.353024
34.501505516598669 1210230345.3257859 -1210207398.1350701
34.501509520603392 1215746737.2537029 -1215723748.2810621
34.501513524608121 1221295861.9953589 -1221272831.1074777
34.501517528612851 1226877958.9287689 -1226854885.9917235
34.501521532617573 1232493269.5136323 -1232470154.3928869
34.501525536622303 1238142037.3123226 -1238118879.8727252
34.501529540627025 1243824508.0111196 -1243801308.1168993
34.501533544631755 1249540929.4416831 -1249517686.9564457
34.501537548636477 1255291551.6027741 -1255268266.3894985
34.501541552641207 1261076626.6822271 -1261053298.6032615
34.501545556645929 1266896409.0791762 -1266873037.9962344
34.501549560650659 1272751155.4265378 -1272727741.2006955
34.501553564655381 1278641124.6137526 -1278617667.1054435
34.501557568660111 1284566577.8097916 -1284543076.8788035
34.501561572664833 1290527778.4864287 -1290504233.9918997
34.501565576669563 1296524992.4417837 -1296501404.2421982
34.501569580674285 1302558487.8241396 -1302534855.7773242
34.501573584679015 1308628535.1560373 -1308604859.1191571
34.501577588683737 1314735407.3586524 -1314711687.1882067
34.501581592688467 1320879379.7764537 -1320855615.3282723
34.501585596693189 1327060730.2021539 -1327036921.3313928
34.501589600697919 1333279738.9019504 -1333255885.4630878
34.501593604702641 1339536688.641062 -1339512790.4878941
34.501597608707371 1345831864.7095668 -1345807921.6952035
34.501601612712101 1352165554.948545 -1352141566.925406
34.501605616716823 1358538049.7765272 -1358514016.5963378
34.501609620721553 1364949642.2162569 -1364925563.7300434
34.501613624726275 1371400627.921766 -1371376503.979852
34.501617628731005 1377891305.2057748 -1377867135.6577761
34.501621632735727 1384421975.0674138 -1384397759.7622347
34.501625636740457 1390992941.2202756 -1390968680.006104
34.501629640745179 1397604510.1208003 -1397580202.8451035
34.501633644749909 1404256990.996999 -1404232637.5065196
34.501637648754631 1410950695.8775196 -1410926296.0182703
34.501641652759361 1417685939.621057 -1417661493.2383168
34.501645656764083 1424463039.9461172 -1424438546.8844264
34.501649660768813 1431282317.4611368 -1431257777.5642927
34.501653664773535 1438144095.6949644 -1438119508.8060162
34.501657668778265 1445048701.1277065 -1445024067.0889511
34.501661672782987 1451996463.221946 -1451971781.8749232
34.501665676787717 1458987714.4543345 -1458962985.6398222
34.501669680792439 1466022790.3475654 -1465998013.9055748
34.501673684797169 1473102029.5027359 -1473077205.2725067
34.501677688801891 1480225773.6320968 -1480200901.4520924
34.501681692806621 1487394367.5922017 -1487369447.3001044
34.50168569681135 1494608159.4174562 -1494583190.850162
34.501689700816073 1501867500.354074 -1501842483.3476884
34.501693704820802 1509172744.8944473 -1509147679.2842793
34.501697708825525 1516524250.8119347 -1516499136.4324923
34.501701712830254 1523922379.1960747 -1523897215.8810596
34.501705716834977 1531367494.4882293 -1531342282.0705321
34.501709720839706 1538859964.5176616 -1538834702.8293562
34.501713724844429 1546400160.5380585 -1546374849.4103975
34.501717728849158 1553988457.2644997 -1553963096.5279088
34.501721732853881 1561625232.9108784 -1561599822.3949513
34.50172573685861 1569310869.2277851 -1569285408.7612779
34.501729740863333 1577045751.5408585 -1577020240.9516845
34.501733744868062 1584830268.7896101 -1584804707.9048343
34.501737748872785 1592664813.5667272 -1592639202.2125609
34.501741752877514 1600549782.1578624 -1600524120.1596582
34.501745756882237 1608485574.5819173 -1608459861.7641625
34.501749760886966 1616472594.6318257 -1616446830.8181381
34.501753764891689 1624511249.915843 -1624485434.9289641
34.501757768896418 1632601951.8993504 -1632576085.5611403
34.501761772901141 1640745115.9471815 -1640719198.078613
34.50176577690587 1648941161.3664749 -1648915191.7876279
34.5017697809106 1657190511.4500661 -1657164489.9801219
34.501773784915322 1665493593.5204203 -1665467519.9776554
34.501777788920052 1673850838.9741168 -1673824713.1758971
34.501781792924774 1682262683.3268933 -1682236505.0896683
34.501785796929504 1690729566.2592568 -1690703335.3985536
34.501789800934226 1699251931.6626694 -1699225647.9930868
34.501793804938956 1707830227.6863151 -1707803891.021517
34.501797808943678 1716464906.7844586 -1716438516.9371686
34.501801812948408 1725156425.7644055 -1725129982.5464001
34.50180581695313 1733905245.8350685 -1733878749.0571711
34.50180982095786 1742711832.6561506 -1742685282.1282253
34.501813824962582 1751576656.3879545 -1751550051.9188995
34.501817828967312 1760500191.7418265 -1760473533.1395681
34.501821832972034 1769482918.031244 -1769456205.10273
34.501825836976764 1778525319.2235529 -1778498551.7747459
34.501829840981486 1787627883.9923689 -1787601061.8282402
34.501833844986216 1796791105.7706518 -1796764228.695174
34.501837848990938 1806015482.8044603 -1805988550.6206014
34.501841852995668 1815301518.2073967 -1815274530.7171135
34.50184585700039 1824649720.0157533 -1824622677.0199838
34.50184986100512 1834060601.2443686 -1834033502.5430257
34.501853865009849 1843534679.9432082 -1843507525.3351734
34.501857869014572 1853072479.254674 -1853045268.5377893
34.501861873019301 1862674527.4716539 -1862647260.4427159
34.501865877024024 1872341358.0963316 -1872314034.5510833
34.501869881028753 1882073509.8997552 -1882046129.63288
34.501873885033476 1891871526.9821846 -1891844089.7872984
34.501877889038205 1901735958.8342233 -1901708464.5038681
34.501881893042928 1911667360.3987453 -1911639808.7243807
34.501885897047657 1921666292.1336367 -1921638682.9056337
34.50188990105238 1931733320.0753593 -1931705653.0829923
34.501893905057109 1941869015.9033451 -1941841290.9347847
34.501897909061832 1952073957.0052359 -1952046173.8475409
34.501901913066561 1962348726.5429845 -1962320884.9820945
34.501905917071284 1972693913.5198267 -1972666013.3405552
34.501909921076013 1983110112.8481376 -1983082153.8341634
34.501913925080736 1993597925.4181814 -1993569907.3520408
34.501917929085465 2004157958.1677756 -2004129880.8308551
34.501921933090188 2014790824.1528795 -2014762687.3254073
34.501925937094917 2025497142.6191165 -2025468946.0801551
34.50192994109964 2036277539.0742531 -2036249282.601691
34.501933945104369 2047132645.3616359 -2047104328.7321792
34.501937949109099 2058063099.7346196 -2058034722.7237842
34.501941953113821 2069069546.9319823 -2069041109.3140852
34.501945957118551 2080152638.254353 -2080124139.8025048
34.501949961123273 2091313031.6416647 -2091284472.1277599
34.501953965128003 2102551391.7516468 -2102522770.9463568
34.501957969132725 2113868390.0393751 -2113839707.7121384
34.501961973137455 2125264704.837893 -2125235960.7569075
34.501965977142177 2136741021.4399219 -2136712215.3721354
34.501969981146907 2148298032.180675 -2148269163.891777
34.501973985151629 2159936436.5217962 -2159907505.7762089
34.501977989156359 2171656941.1364336 -2171627947.6973028
34.501981993161081 2183460259.995471 -2183431203.6246572
34.501985997165811 2195347114.4549336 -2195317994.9130034
34.501990001170533 2207318233.3445835 -2207289050.3907995
34.501994005175263 2219374353.0577226 -2219345106.4500346
34.501998009179985 2231516217.6422334 -2231486907.1372695
34.502002013184715 2243744578.8928595 -2243715204.2459164
34.502006017189437 2256060196.4447489 -2256030757.4097819
34.502010021194167 2268463837.8682895 -2268434334.1979036
34.502014025198889 2280956278.7652516 -2280926710.2106919
34.502018029203619 2293538302.866251 -2293508669.177392
34.502022033208348 2306210702.12956 -2306181003.0548973
34.502026037213071 2318974276.8412871 -2318944512.1279263
34.5020300412178 2331829835.7169409 -2331800005.1105881
34.502034045222523 2344778196.0044041 -2344748299.2493553
34.502038049227252 2357820183.5883479 -2357790220.4274793
34.502042053231975 2370956633.0960989 -2370926603.2708564
34.502046057236704 2384188388.0049758 -2384158291.2553654
34.502050061241427 2397516300.7511282 -2397486136.8157043
34.502054065246156 2410941232.839901 -2410911001.4557567
34.502058069250879 2424464054.9577456 -2424433755.8605018
34.502062073255608 2438085647.0857038 -2438055280.0094986
34.502066077260331 2451806898.6144886 -2451776463.291966
34.50207008126506 2465628708.4611878 -2465598204.6234875
34.502074085269783 2479551985.1876121 -2479521412.5643582
34.502078089274512 2493577647.1203136 -2493547005.4396033
34.502082093279235 2507706622.4723105 -2507675911.4607024
34.502086097283964 2521939849.4665442 -2521909068.8490481
34.502090101288687 2536278276.4610825 -2536247425.9611478
34.502094105293416 2550722862.0761032 -2550691941.4156065
34.502098109298139 2565274575.3226919 -2565243584.2219257
34.502102113302868 2579934395.7334824 -2579903333.9111433
34.502106117307598 2594703313.4951715 -2594672180.6683488
34.50211012131232 2609582329.5829244 -2609551125.4670873
34.50211412531705 2624572455.8967156 -2624541180.2057023
34.502118129321772 2639674715.399632 -2639643367.8456368
34.502122133326502 2654890142.2581577 -2654858722.5517187
34.502126137331224 2670219781.9844971 -2670188289.8344841
34.502130141335954 2685664691.5809436 -2685633126.6945453
34.502134145340676 2701225939.6863523 -2701194301.7690635
34.502138149345406 2716904606.7247362 -2716872895.4803452
34.502142153350128 2732701785.0560136 -2732670000.1865902
34.502146157354858 2748618579.1289601 -2748586720.3348408
34.50215016135958 2764656105.6363831 -2764624172.6161594
34.50215416536431 2780815493.6725688 -2780783486.1230736
34.502158169369032 2797097884.8930359 -2797065802.5093298
34.502162173373762 2813504433.6766324 -2813472276.1519904
34.502166177378484 2830036307.2900095 -2830004074.315908
34.502170181383214 2846694686.0545135 -2846662377.3206153
34.502174185387936 2863480763.5155444 -2863448378.7096863
34.502178189392666 2880395746.6144142 -2880363285.4225922
34.502182193397388 2897440855.8627419 -2897408317.9690967
34.502186197402118 2914617325.5194364 -2914584710.6062393
34.502190201406847 2931926403.7703128 -2931893711.5179524
34.50219420541157 2949369352.9103751 -2949336582.9973412
34.502198209416299 2966947449.5288081 -2966914601.6316781
34.502202213421022 2984661984.6967468 -2984629058.49017
34.502206217425751 3002514264.1578431 -3002481259.314527
34.502210221430474 3020505608.5216866 -3020472524.7123804
34.502214225435203 3038637353.4601269 -3038604190.3536072
34.502218229439926 3056910849.9065566 -3056877607.1696115
34.502222233444655 3075327464.2581878 -3075294141.5556016
34.502226237449378 3093888578.5813847 -3093855175.5759225
34.502230241454107 3112595590.8200922 -3112562107.1724834
34.50223424545883 3131449915.0074272 -3131416350.3763494
34.502238249463559 3150452981.4804873 -3150419335.5225515
34.502242253468282 3169606237.0984125 -3169572509.4681449
34.502246257473011 3188911145.463768 -3188877335.8135948
34.502250261477734 3208369187.1473136 -3208335295.1275439
34.502254265482463 3227981859.9162021 -3227947885.1750116
34.502258269487186 3247750678.9656711 -3247716621.1490846
34.502262273491915 3267677177.1542835 -3267643035.906158
34.502266277496638 3287762905.2427969 -3287728680.2048044
34.502270281501367 3308009432.1366911 -3307975122.9483008
34.502274285506097 3328418345.1324525 -3328383951.4309134
34.502278289510819 3348991250.1676645 -3348956771.5879874
34.502282293515549 3369729772.0749598 -3369695208.2498994
34.502286297520271 3390635554.839921 -3390600905.3999586
34.502290301525001 3411710261.8629789 -3411675526.4363022
34.502294305529723 3432955576.2253947 -3432920754.437881
34.502298309534453 3454373200.9593897 -3454338292.4345865
34.502302313539175 3475964859.3224912 -3475929863.6815972
34.502306317543905 3497732295.0761824 -3497697211.9380288
34.502310321548627 3519677272.7689157 -3519642101.7499466
34.502314325553357 3541801578.0235763 -3541766318.7378292
34.502318329558079 3564107017.8294697 -3564071669.8885565
34.502322333562809 3586595420.8389163 -3586559983.8520021
34.502326337567531 3609268637.6685376 -3609233111.242322
34.502330341572261 3632128541.2053089 -3632092924.9440045
34.502334345576983 3655177026.9174633 -3655141320.4227767
34.502338349581713 3678416013.1703472 -3678380216.0414577
34.502342353586435 3701847441.5472898 -3701811553.3808274
34.502346357591165 3725473277.1756124 -3725437297.5656381
34.502350361595887 3749295509.0578399 -3749259437.5958238
34.502354365600617 3773316150.408216 -3773279986.6830158
34.502358369605346 3797537238.9946203 -3797500982.5924597
34.502362373610069 3821960837.4859867 -3821924487.9904337
34.502366377614798 3846589033.8053031 -3846552590.7972469
34.502370381619521 3871423941.4883246 -3871387404.5459538
34.50237438562425 3896467700.0480876 -3896431068.7468672
34.502378389628973 3921722475.3453264 -3921685749.2579756
34.502382393633702 3947190459.9649 -3947153638.6613684
34.502386397638425 3972873873.5983453 -3972836956.6457896
34.502390401643154 3998774963.4326668 -3998737950.3954268
34.502394405647877 4024896004.5454783 -4024858894.9850545
34.502398409652606 4051239300.3066072 -4051202093.7816348
34.502402413657329 4077807182.7862735 -4077769878.8524995
34.502406417662058 4104602013.1699929 -4104564611.3802505
34.502410421666781 4131626182.1802907 -4131588682.084475
34.50241442567151 4158882110.5053792 -4158844511.6504216
34.502418429676233 4186372249.2349319 -4186334551.1647754
34.502422433680962 4214099080.3030491 -4214061282.5586219
34.502426437685685 4242065116.9385743 -4242027219.0577636
34.502430441690414 4270272904.1229205 -4270234905.6405478
34.502434445695137 4298725019.055501 -4298686919.503294
34.502438449699866 4327424071.6269321 -4327385870.5334978
34.502442453704596 4356372704.9001713 -4356334401.7909708
34.502446457709318 4385573595.5996828 -4385535189.9970016
34.502450461714048 4415029454.6088247 -4414990946.0317469
34.50245446571877 4444743027.4756422 -4444704415.4400206
34.5024584697235 4474717094.9271584 -4474678378.9455881
34.502462473728222 4504954473.3923502 -4504915652.9741411
34.502466477732952 4535458015.5339584 -4535419090.1851025
34.502470481737674 4566230610.789341 -4566191580.0124855
34.502474485742404 4597275185.920557 -4597236049.2149754
34.502478489747126 4628594705.5737543 -4628555462.4353151
34.502482493751856 4660192172.8481331 -4660152822.7692699
34.502486497756578 4692070629.8746576 -4692031172.3443403
34.502490501761308 4724233158.4046516 -4724193592.9083529
34.50249450576603 4756682880.4085226 -4756643206.4281893
34.50249850977076 4789422958.684782 -4789383175.698802
34.502502513775482 4822456597.4795485 -4822416704.962719
34.502506517780212 4855787043.1168032 -4855747040.5403004
34.502510521784934 4889417584.6395111 -4889377471.4708557
34.502514525789664 4923351554.4618645 -4923311330.1648884
34.502518529794386 4957592329.0329008 -4957551993.0677156
34.502522533799116 4992143329.5116711 -4992102881.3346329
34.502526537803845 5027008022.4542027 -5026967461.5178785
34.502530541808568 5062189920.5124645 -5062149246.2655993
34.502534545813297 5097692583.1455908 -5097651795.0330706
34.50253854981802 5133519617.3435984 -5133478714.8064165
34.502542553822749 5169674678.3638554 -5169633660.8390751
34.502546557827472 5206161470.480566 -5206120337.4012871
34.502550561832201 5242983747.7474794 -5242942498.5428009
34.502554565836924 5280145314.774087 -5280103948.8690681
34.502558569841653 5317650027.5156555 -5317608544.3312826
34.502562573846376 5355501794.077302 -5355460193.030448
34.502566577851105 5393704575.5323906 -5393662856.0357761
34.502570581855828 5432262386.7555895 -5432220548.2177477
34.502574585860557 5471179297.2708139 -5471137339.0960493
34.50257858986528 5510459432.1143847 -5510417353.702733
34.502582593870009 5550106972.7137585 -5550064773.4609489
34.502586597874732 5590126157.7820625 -5590083837.0794764
34.502590601879461 5630521284.2288227 -5630478841.4634533
34.502594605884184 5671296708.0871115 -5671254142.6415224
34.502598609888913 5712456845.4575586 -5712414156.7098408
34.502602613893636 5754006173.4695692 -5753963360.7933006
34.502606617898365 5795949231.2600107 -5795906294.0242138
34.502610621903095 5838290620.9697495 -5838247558.538846
34.502614625907817 5881035008.7584963 -5880991820.4922657
34.502618629912547 5924187125.8382244 -5924143811.0917587
34.502622633917269 5967751769.5255909 -5967708327.64925
34.502626637921999 6011733804.3137474 -6011690234.6531134
34.502630641926721 6056138162.963933 -6056094464.8597651
34.502634645931451 6100969847.6173277 -6100926020.4055157
34.502638649936173 6146233930.9274683 -6146189973.9389868
34.502642653940903 6191935557.2136965 -6191891469.7745552
34.502646657945625 6238079943.6361475 -6238035725.0673447
34.502650661950355 6284672381.3926849 -6284628031.0101585
34.502654665955077 6331718236.9382029 -6331673754.0527821
34.502658669959807 6379222953.2268066 -6379178337.1441612
34.502662673964529 6427192050.9773445 -6427147300.9979362
34.502666677969259 6475631129.9627686 -6475586245.3817968
34.502670681973981 6524545870.323863 -6524500850.4312172
34.502674685978711 6573942033.9078369 -6573896877.9880409
34.502678689983433 6623825465.6323099 -6623780172.9644709
34.502682693988163 6674202094.8752718 -6674156664.7330275
34.502686697992885 6725077936.8914738 -6725032368.5429373
34.502690701997615 6776459094.2558556 -6776413386.9635611
34.502694706002345 6828351758.3346663 -6828305911.3555136
34.502698710007067 6880762210.7847786 -6880716223.369976
34.502702714011797 6933696825.0818663 -6933650696.4768763
34.502706718016519 6987162068.0780087 -6987115797.5224876
34.502710722021249 7041164501.5894079 -7041118088.3171501
34.502714726025971 7095710784.0148468 -7095664227.2537241
34.502718730030701 7150807671.9855709 -7150760970.9574738
34.502722734035423 7206462022.047286 -7206415175.9680634
34.502726738040153 7262680792.3749189 -7262633800.4543161
34.502730742044875 7319471044.5209408 -7319423905.9625387
34.502734746049605 7376839945.1979294 -7376792659.1990805
34.502738750054327 7434794768.096159 -7434747333.8479261
34.502742754059057 7493342895.736927 -7493295312.424016
34.502746758063779 7552491821.3625278 -7552444088.1632252
34.502750762068509 7612249150.8635492 -7612201266.9496546
34.502754766073231 7672622604.7444143 -7672574569.2811747
34.502758770077961 7733620020.127986 -7733571832.2740278
34.502762774082683 7795249352.800065 -7795201011.7073259
34.502766778087413 7857518679.2947874 -7857470184.1084461
34.502770782092135 7920436199.0217257 -7920387548.8801327
34.502774786096865 7984010236.4356956 -7983961430.4703026
34.502778790101594 8048249243.2501812 -8048200280.5854673
34.502782794106317 8113161800.6953793 -8113112680.4487791
34.502786798111046 8178756621.8219757 -8178707343.1038065
34.502790802115769 8245042553.8514795 -8244993115.764864
34.502794806120498 8312028580.574357 -8311978982.2151499
34.502798810125221 8379723824.7970152 -8379674065.253726
34.50280281412995 8448137550.8386564 -8448087629.1923704
34.502806818134673 8517279167.0792608 -8517229082.4035616
34.502810822139402 8587158228.5598536 -8587107979.920742
34.502814826144125 8657784439.6361961 -8657734026.0920105
34.502818830148854 8729167656.6872196 -8729117077.2885532
34.502822834153577 8801317890.8793983 -8801267144.6690159
34.502826838158306 8874245310.9883804 -8874194397.0011349
34.502830842163029 8947960246.2792206 -8947909163.5419693
34.502834846167758 9022473189.4465656 -9022421936.9780807
34.502838850172481 9097794799.616209 -9097743376.4270916
34.50284285417721 9173935905.4095268 -9173884310.5021191
34.502846858181933 9250907508.07201 -9250855740.4403038
34.502850862186662 9328720784.6677017 -9328668843.2972488
34.502854866191385 9407387091.3410511 -9407334975.2088699
34.502858870196114 9486917966.6475544 -9486865674.7220364
34.502862874200844 9567325134.955019 -9567272666.1958332
34.502866878205566 9648620509.9171925 -9648567863.2751923
34.502870882210296 9730816198.0212708 -9730763372.4383945
34.502874886215018 9813924502.2110806 -9813871496.6202526
34.502878890219748 9897957925.5878925 -9897904738.9129238
34.50288289422447 9982929175.1907616 -9982875806.3462467
34.5028868982292 10068851165.858061 -10068797613.749277
34.502890902233922 10155737024.172388 -10155683287.695192
34.502894906238652 10243600092.490715 -10243546170.531433
34.502898910243374 10332453933.062071 -10332399824.497395
34.502902914248104 10422312332.234734 -10422258035.931612
34.502906918252826 10513189304.755045 -10513134819.570572
34.502910922257556 10605099098.160152 -10605044422.941458
34.502914926262278 10698056197.267141 -10698001330.851274
34.502918930267008 10792075328.760624 -10792020269.974442
34.50292293427173 10887171465.881521 -10887116213.541571
34.50292693827646 10983359833.219389 -10983304386.131788
34.502930942281182 11080655911.610865 -11080600268.571184
34.502934946285912 11179075443.146841 -11179019602.93998
34.502938950290634 11278634436.291298 -11278578397.691362
34.502942954295364 11379349171.114286 -11379292932.884468
34.502946958300093 11481236204.641928 -11481179765.534372
34.502950962304816 11584312376.326586 -11584255735.082266
34.502954966309545 11688594813.640173 -11688537968.988756
34.502958970314268 11794100937.79372 -11794043888.45344
34.502962974318997 11900848469.586414 -11900791214.263933
34.50296697832372 12008855435.387096 -12008797972.777374
34.502970982328449 12118140173.251944 -12118082502.038094
34.502974986333172 12228721339.1817 -12228663458.034851
34.502978990337901 12340617913.522308 -12340559821.101463
34.502982994342624 12453849207.511988 -12453790902.463879
34.502986998347353 12568434869.979166 -12568376350.938108
34.502991002352076 12684394894.194818 -12684336159.782562
34.502995006356805 12801749624.88315 -12801690673.708729
34.502999010361528 12920519765.395084 -12920460596.054661
34.503003014366257 13040726385.048759 -13040666996.125475
34.50300701837098 13162390926.640715 -13162331316.704527
34.503011022375709 13285535214.133163 -13285475381.740688
34.503015026380432 13410181460.521557 -13410121404.215906
34.503019030385161 13536352275.886986 -13536291994.197603
34.503023034389884 13664070675.638685 -13664010167.081179
34.503027038394613 13793360088.951448 -13793299352.027418
34.503031042399343 13924244367.40333 -13924183400.600201
34.503035046404065 14056747793.818682 -14056686595.609524
34.503039050408795 14190895091.322182 -14190833660.165535
34.503043054413517 14326711432.609522 -14326649766.949215
34.503047058418247 14464222449.440744 -14464160547.705713
34.503051062422969 14603454242.361662 -14603392102.965763
34.503055066427699 14744433390.660198 -14744371012.00202
34.503059070432421 14887186962.563541 -14887124343.026211
34.503063074437151 15031742525.682886 -15031679663.633879
34.503067078441873 15178128157.712418 -15178065051.503355
34.503071082446603 15326372457.389624 -15326309105.356075
34.503075086451325 15476504555.723925 -15476440956.185202
34.503079090456055 15628554127.501162 -15628490278.760113
34.503083094460777 15782551403.071632 -15782487303.414433
34.503087098465507 15938527180.429195 -15938462828.12513
34.503091102470229 16096512837.589705 -16096448230.890959
34.503095106474959 16256540345.27696 -16256475482.418392
34.503099110479681 16418642279.925047 -16418577159.123964
34.503103114484411 16582851837.005953 -16582786456.461889
34.503107118489133 16749202844.691216 -16749137202.585697
34.503111122493863 16917729777.857239 -16917663872.353548
34.503115126498592 17088467772.443821 -17088401601.68676
34.503119130503315 17261452640.176533 -17261386202.292183
34.503123134508044 17436720883.662361 -17436654176.757828
34.503127138512767 17614309711.86982 -17614242734.032993
34.503131142517496 17794257056.004494 -17794189805.303791
34.503135146522219 17976601585.791256 -17976534060.27536
34.503139150526948 18161382726.174683 -18161314923.872276
34.503143154531671 18348640674.450352 -18348572593.369858
34.5031471585364 18538416417.838921 -18538348055.968227
34.503151162541123 18730751751.515884 -18730683106.822067
34.503155166545852 18925689297.110703 -18925620367.539749
34.503159170550575 19123272521.688416 -19123203305.164932
34.503163174555304 19323545757.228138 -19323476251.655064
34.503167178560027 19526554220.614193 -19526484423.872505
34.503171182564756 19732344034.152969 -19732273944.101383
34.503175186569479 19940962246.632385 -19940891861.107052
34.503179190574208 20152456854.93924 -20152386171.753429
34.503183194578931 20366876826.251793 -20366805843.195587
34.50318719858366 20584272120.825073 -20584200835.665035
34.503191202588383 20804693715.385757 -20804622125.864613
34.503195206593112 21028193627.155464 -21028121730.991768
34.503199210597842 21254824938.52087 -21254752733.408665
34.503203214602564 21484641822.371571 -21484569305.980049
34.503207218607294 21717699568.124741 -21717626738.097893
34.503211222612016 21954054608.457104 -21953981462.413361
34.503215226616746 22193764546.767525 -22193691082.2994
34.503219230621468 22436888185.391373 -22436814400.065094
34.503223234626198 22683485554.589798 -22683411445.944931
34.50322723863092 22933617942.338551 -22933543507.887619
34.50323124263565 23187347924.940708 -23187273162.168804
34.503235246640372 23444739398.489086 -23444664304.853477
34.503239250645102 23705857611.204742 -23705782184.134472
34.503243254649824 23970769196.677979 -23970693433.573456
34.503247258654554 24239542208.042412 -24239466106.274994
34.503251262659276 24512246153.109009 -24512169710.02058
34.503255266664006 24788952030.492691 -24788875243.395229
34.503259270668728 25069732366.76123 -25069655232.936375
34.503263274673458 25354661254.639668 -25354583771.338257
34.50326727867818 25643814392.304634 -25643736556.746269
34.50327128268291 25937269123.802639 -25937190933.175209
34.503275286687632 26235104480.627544 -26235025932.086754
34.503279290692362 26537401224.497604 -26537322315.166504
34.503283294697091 26844241891.367779 -26844162618.336266
34.503287298701814 27155710836.718178 -27155631197.0425
34.503291302706543 27471894282.162117 -27471814272.864368
34.503295306711266 27792880363.41452 -27792799981.482117
34.503299310715995 28118759179.667744 -28118678422.052906
34.503303314720718 28449622844.41888 -28449541708.03809
34.503307318725447 28785565537.797192 -28785484019.530647
34.50331132273017 29126683560.442432 -29126601657.133495
34.503315326734899 29473075388.984875 -29472993097.439495
34.503319330739622 29824841733.180759 -29824759050.166901
34.503323334744351 30182085594.758892 -30182002517.005947
34.503327338749074 30544912328.034889 -30544828852.233074
34.503331342753803 30913429702.353851 -30913345825.153591
34.503335346758526 31287747966.423912 -31287663684.435223
34.503339350763255 31667979914.603916 -31667895224.39576
34.503343354767978 32054240955.213345 -32054155853.312992
34.503347358772707 32446649180.931568 -32446563663.823929
34.50335136277743 32845325441.359226 -32845239505.486179
34.503355366782159 33250393417.818169 -33250307059.577873
34.503359370786882 33661979700.465343 -33661892916.211536
34.503363374791611 34080213867.8022 -34080126653.843487
34.503367378796341 34505228568.662918 -34505140921.262032
34.503371382801063 34937159606.768631 -34937071522.141708
34.503375386805793 35376146027.936363 -35376057502.252167
34.503379390810515 35822330210.038147 -35822241239.417305
34.503383394815245 36275857955.809921 -36275768536.324127
34.503387398819967 36736878588.605171 -36736788716.276375
34.503391402824697 37205545051.206612 -37205454722.006218
34.503395406829419 37682014007.800842 -37681923217.648865
34.503399410834149 38166445949.224937 -38166354693.989136
34.503403414838871 38659005301.61261 -38658913577.107613
34.503407418843601 39159860538.561264 -39159768340.547691
34.503411422848323 39669184296.944397 -39669091621.127937
34.503415426853053 40187153496.50322 -40187060338.533714
34.503419430857775 40713949463.358711 -40713855818.829201
34.503423434862505 41249758057.586876 -41249663922.032631
34.503427438867227 41794769805.005844 -41794675173.903374
34.503431442871957 42349180033.337143 -42349084902.103188
34.503435446876679 42913189012.900024 -42913093376.890526
34.503439450881409 43487002102.007202 -43486905956.516258
34.503443454886131 44070829897.239952 -44070733237.498734
34.503447458890861 44664888388.785927 -44664791209.961571
34.50345146289559 45269399121.040031 -45269301418.234543
34.503455466900313 45884589358.655243 -45884491126.904327
34.503459470905042 46510692258.255898 -46510593492.527794
34.503463474909765 47147947046.038719 -47147847741.233017
34.503467478914494 47796599201.47995 -47796499352.426346
34.503471482919217 48456900647.384758 -48456800248.84182
34.503475486923946 49129109946.53006 -49129008993.183945
34.503479490928669 49813492505.154953 -49813390991.618103
34.503483494933398 50510320783.566925 -50510218704.376732
34.503487498938121 51219874514.143616 -51219771863.761047
34.50349150294285 51942440927.026535 -51942337699.834747
34.503495506947573 52678314983.807243 -52678211174.110161
34.503499510952302 53427799619.523224 -53427695221.544067
34.503503514957025 54191205993.296165 -54191101001.175972
34.503507518961754 54968853747.965912 -54968748155.762001
34.503511522966477 55761071279.073608 -55760965080.758018
34.503515526971206 56568196013.585068 -56568089203.042953
34.503519530975929 57390574698.740837 -57390467269.768852
34.503523534980658 58228563701.450371 -58228455647.754982
34.503527538985381 59082529318.661156 -59082420633.856918
34.50353154299011 59952848099.16243 -59952738776.770271
34.50353554699484 60839907177.289169 -60839797210.734558
34.503539550999562 61744104619.022629 -61743994001.633766
34.503543555004292 62665849781.013268 -62665738506.019203
34.503547559009014 63605563683.052147 -63605451743.580833
34.503551563013744 64563679394.579933 -64563566783.656281
34.503555567018466 65540642435.813034 -65540529146.35688
34.503559571023196 66536911194.109512 -66536797218.933556
34.503563575027918 67552957356.238968 -67552842688.046654
34.503567579032648 68589266357.220573 -68589150988.603928
34.50357158303737 69646337846.457016 -69646221769.894409
34.5035755870421 70724686171.918808 -70724569379.772705
34.503579591046822 71824840883.143677 -71824723367.658279
34.503583595051552 72947347253.890015 -72947229007.188873
34.503587599056274 74092766825.32132 -74092647839.404877
34.503591603061004 75261677970.614349 -75261558237.357452
34.503595607065726 76454676481.918701 -76454555993.067993
34.503599611070456 77672376180.705963 -77672254927.877289
34.503603615075178 78915409552.529144 -78915287527.204788
34.503607619079908 80184428407.29599 -80184305600.821915
34.50361162308463 81480104566.238953 -81479980969.821976
34.50361562708936 82803130576.741501 -82803006181.446335
34.503619631094089 84154220456.330399 -84154095253.076675
34.503623635098812 85534110467.180771 -85533984446.73996
34.503627639103541 86943559922.509644 -86943433075.501877
34.503631643108264 88383352026.370407 -88383224343.261261
34.503635647112993 89854294748.371048 -89854166219.468201
34.503639651117716 91357221734.972305 -91357092350.422134
34.503643655122445 92892993259.089874 -92892863008.873932
34.503647659127168 94462497209.79808 -94462366083.729492
34.503651663131897 96066650124.067505 -96066518111.787292
34.50365566713662 97706398262.507019 -97706265353.480286
34.503659671141349 99382718731.241837 -99382584914.753845
34.503663675146072 101096620652.19182 -101096485917.34401
34.503667679150801 102849146384.03996 -102849010719.74582
34.503671683155524 104641372796.39406 -104641236191.37488
34.503675687160253 106474412599.74741 -106474275042.52792
34.503679691164976 108349415733.99854 -108349277212.9025
34.503683695169705 110267570818.40651 -110267431321.55202
34.503687699174428 112230106666.05504 -112229966181.34984
34.503691703179157 114238293866.10771 -114238152381.24435
34.50369570718388 116293446437.16385 -116293303939.61462
34.503699711188609 118396923555.40358 -118396780032.41541
34.503703715193339 120550131361.32478 -120549986799.91391
34.503707719198061 122754524849.03835 -122754379235.98489
34.503711723202791 125011609842.4146 -125011463164.25693
34.503715727207513 127322945062.56792 -127322797305.59688
34.503719731212243 129690144291.45241 -129689995441.70537
34.503723735216965 132114878636.57002 -132114728679.82475
34.503727739221695 134598878902.14128 -134598727823.90964
34.503731743226417 137143938072.33153 -137143785857.85297
34.503735747231147 139751913912.5488 -139751760546.78366
34.503739751235869 142424731695.12259 -142424577162.74521
34.503743755240599 145164387056.04474 -145164231341.43634
34.503747759245321 147972948989.86765 -147972792077.10901
34.503751763250051 150852562990.31757 -150852404863.18143
34.503755767254773 153805454344.62375 -153805294986.56711
34.503759771259503 156833931589.96896 -156833770984.12494
34.503763775264225 159940390141.09131 -159940228270.26093
34.503767779268955 163127316098.62506 -163127152945.26865
34.503771783273677 166397290248.23099 -166397125794.45941
34.503775787278407 169752992261.38141 -169752826488.9469
34.503779791283129 173197205109.16751 -173197037999.45432
34.503783795287859 176732819701.43356 -176732651235.44818
34.503787799292589 180362839764.06726 -180362669922.42847
34.503791803297311 184090386968.28848 -184090215731.21692
34.503795807302041 187918706326.67258 -187918533673.98016
34.503799811306763 191851171871.32794 -191850997782.40671
34.503803815311493 195891292631.04755 -195891117084.85828
34.503807819316215 200042718925.1893 -200042541900.24973
34.503811823320945 204309248993.02411 -204309070467.39667
34.503815827325667 208694835978.88867 -208694655930.16788
34.503819831330397 213203595294.68036 -213203413699.9798
34.503823835335119 217839812382.48648 -217839629218.42526
34.503827839339849 222607950901.92761 -222607766144.61639
34.503831843344571 227512661368.56747 -227512474993.59402
34.503835847349301 232558790271.2511 -232558602253.66528
34.503839851354023 237751389698.35159 -237751200012.64987
34.503843855358753 243095727504.99393 -243095536125.1033
34.503847859363475 248597298055.40616 -248597104954.66751
34.503851863368205 254261833577.31104 -254261638728.46194
34.503855867372927 260095316167.40814 -260095119542.56491
34.503859871377657 266103990490.26169 -266103792060.90088
34.503863875382379 272294377215.75488 -272294176952.69409
34.503867879387109 278673287243.41833 -278673085116.79626
34.503871883391838 285247836765.66278 -285247632744.91858
34.503875887396561 292025463225.8363 -292025257279.68811
34.50387989140129 299013942230.79718 -299013734327.21973
34.503883895406013 306221405482.81964 -306221195589.02136
34.503887899410742 313656359799.82416 -313656147882.22296
34.503891903415465 321327707298.3028 -321327493322.50122
34.503895907420194 329244766819.78162 -329244550750.54089
34.503899911424917 337417296686.46057 -337417078487.67365
34.503903915429646 345855518879.69403 -345855298514.3576
34.503907919434369 354570144741.37921 -354569922171.56451
34.503911923439098 363572402306.75861 -363572177493.58118
34.503915927443821 372874065385.09894 -372873838288.68701
34.50391993144855 382487484514.61444 -382487255094.07605
34.503923935453273 392425619928.50555 -392425388141.89447
34.503927939458002 402702076678.80023 -402701842483.08032
34.503931943462725 413331142077.53326 -413330905428.54132
34.503935947467454 424327825628.24847 -424327586480.65558
34.503939951472177 435707901634.88013 -435707659942.15137
34.503943955476906 447487954689.78455 -447487710404.1369
34.503947959481629 459685428261.96729 -459685181334.32581
34.503951963486358 472318676623.31384 -472318427003.26575
34.503955967491088 485407020372.16663 -485406768007.9137
34.50395997149581 498970805834.62622 -498970550672.93481
34.50396397550054 513031468650.54938 -513031210636.69818
34.503967979505262 527611601877.41699 -527611340955.14264
34.503971983509992 542735028973.99677 -542734765085.43689
34.503975987514714 558426882058.48254 -558426615144.11609
34.503979991519444 574713685872.75623 -574713415871.34106
34.503983995524166 591623447922.57385 -591623174771.08167
34.503987999528896 609185755306.94885 -609185478940.49683
34.503992003533618 627431878796.01538 -627431599147.79443
34.503996007538348 646394884773.65771 -646394601774.85754
34.50400001154307 666109755716.03955 -666109469295.77014
34.5040040155478 686613519938.573 -686613230023.78198
34.504008019552522 707945391421.34497 -707945097936.73145
34.504012023557252 730146920592.76624 -730146623460.68945
34.504016027561974 753262157049.69702 -753261856190.0813
34.504020031566704 777337825278.34851 -777337520608.58301
34.504024035571426 802423514548.7406 -802423205983.57385
34.504028039576156 828571884278.57654 -828571571730.00574
34.504032043580878 855838886292.62012 -855838569669.77441
34.504036047585608 884284005547.17603 -884283684756.19421
34.504040051590337 913970521056.0072 -913970195999.90796
34.50404405559506 944965788935.90967 -944965459514.45581
34.504048059599789 977341549694.37732 -977341215803.93201
34.504052063604512 1011174262108.2234 -1011173923641.5988
34.504056067609241 1046545466296.451 -1046545123142.7485
34.504060071613964 1083542178878.1577 -1083541830922.5991
34.504064075618693 1122257323424.6775 -1122256970548.4268
34.504068079623416 1162790199771.9922 -1162789841851.9668
34.504072083628145 1205246996172.3455 -1205246633081.0173
34.504076087632868 1249741348705.3379 -1249740980310.5217
34.504080091637597 1296394952892.0208 -1296394579056.6514
34.50408409564232 1345338233034.2327 -1345337853616.1274
34.504088099647049 1396711075431.5483 -1396710690283.1562
34.504092103651772 1450663632406.4189 -1450663241374.5544
34.504096107656501 1507357204874.542 -1507356807800.1013
34.504100111661224 1566965212154.3857 -1566964808872.0469
34.504104115665953 1629674258786.1365 -1629673849124.0388
34.504108119670676 1695685309376.9353 -1695684893156.3398
34.504112123675405 1765214983868.2483 -1765214560903.1755
34.504116127680128 1838496987199.4568 -1838496557296.3
34.504120131684857 1915783689209.8037 -1915783252166.9185
34.504124135689587 1997347872671.4336 -1997347428278.6975
34.504128139694309 2083484669758.6411 -2083484217796.9849
34.504132143699039 2174513709997.2773 -2174513250238.1829
34.504136147703761 2270781505909.7246 -2270781038114.6885
34.504140151708491 2372664106205.603 -2372663630125.562
34.504144155713213 2480570050574.9561 -2480569565949.6704
34.504148159717943 2594943665036.5273 -2594943171593.9209
34.504152163722665 2716268742374.4292 -2716268239829.8789
34.504156167727395 2845072658834.5854 -2845072146890.1592
34.504160171732117 2981930985780.645 -2981930464124.2808
34.504164175736847 3127472663941.9199 -3127472132246.542
34.504168179741569 3282385818335.4912 -3282385276258.0576
34.504172183746299 3447424303919.3369 -3447423751099.8115
34.504176187751021 3623415086467.3481 -3623414522527.5894
34.504180191755751 3811266579866.9561 -3811266004409.5146
34.504184195760473 4011978080832.7529 -4011977493439.5708
34.504188199765203 4226650465480.4214 -4226649865711.4209
34.504192203769925 4456498339695.4141 -4456497727086.9658
34.504196207774655 4702863868310.2363 -4702863242373.4932
34.504200211779377 4967232547415.0947 -4967231907634.1797
34.504204215784107 5251251230645.8545 -5251250576475.8848
34.504208219788836 5556748776512.2402 -5556748107377.1729
34.504212223793559 5885759750994.6367 -5885759066284.9082
34.504216227798288 6240551701236.4443 -6240551000306.3916
34.504220231803011 6623656613914.0977 -6623655896079.1279
34.50422423580774 7037907290546.751 -7037906555080.2344
34.504228239812463 7486479517216.1494 -7486478763346.002
34.504232243817192 7972941082125.5752 -7972940309030.4893
34.504236247821915 8501308911480.4424 -8501308118285.7295
34.504240251826644 9076115859831.8555 -9076115045604.8457
34.504244255831367 9702489019780.6699 -9702488183525.6133
34.504248259836096 10386241823130.707 -10386240963783.113
34.504252263840819 11133982711391.244 -11133981827811.582
34.504256267845548 11953243789720.621 -11953242880687.293
34.504260271850271 12852633670459.6 -12852632734661.092
34.504264275855 13842019717155.512 -13842018753181.596
34.504268279859723 14932746172402.068 -14932745178733.914
34.504272283864452 16137896275273.893 -16137895250272.943
34.504276287869175 17472608547748.701 -17472607489644.109
34.504280291873904 18954460103459.5 -18954459010333.887
34.504284295878627 20603933304221.484 -20603932173994.797
