# serie phase 2 p5_w1.73_c1.20_dt2s4_k2 : t x1 x2 (dt2=2.978835366769958e-06, depart t=15.906000000000001 etat bascule x1 x2 v1 v2 = 33328.252550849014 -33118.800158979575 1110184.4671272589 -1107380.6699131622)
16.000786541370619 860069305.22029006 -860057082.50682855
16.000789520205984 861884871.84000671 -861872638.81233358
16.000792499041353 863705424.01064157 -863693180.6535157
16.000795477876718 865530978.59255958 -865518724.89070749
16.000798456712086 867361552.51387882 -867349288.4519949
16.000801435547451 869197162.7707864 -869184888.33353257
16.00080441438282 871037826.42785501 -871025541.59986079
16.000807393218185 872883560.61836219 -872871265.38422453
16.000810372053554 874734382.5446105 -874722076.88889372
16.000813350888919 876590309.47825003 -876577993.38548577
16.000816329724287 878451358.76060188 -878439032.21528888
16.000819308559652 880317547.802984 -880305210.78958821
16.000822287395021 882188894.08703864 -882176546.58999288
16.000825266230386 884065415.16506135 -884053057.16876531
16.000828245065755 885947128.66033185 -885934760.14915204
16.00083122390112 887834052.26744664 -887821673.22571647
16.000834202736488 889726203.75265348 -889713814.16467285
16.000837181571853 891623600.95418739 -891611200.8042227
16.000840160407222 893526261.78260875 -893513851.05489302
16.000843139242587 895434204.22114313 -895421782.89987564
16.000846118077956 897347446.32602251 -897335014.39536881
16.000849096913321 899266006.22682893 -899253563.67092061
16.000852075748689 901189902.12683976 -901177448.92977464
16.000855054584054 903119152.30337477 -903106688.4492166
16.000858033419423 905053775.108145 -905041300.58092344
16.000861012254788 906993788.96760368 -906981303.75131416
16.000863991090156 908939212.38329887 -908926716.4619025
16.000866969925521 910890063.93222797 -910877557.28965151
16.00086994876089 912846362.26719427 -912833844.88732994
16.000872927596255 914808126.11716521 -914795597.98387063
16.000875906431624 916775374.28763306 -916762835.38473117
16.000878885266989 918748125.66097713 -918735575.97225595
16.000881864102357 920726399.19682765 -920713838.7060405
16.000884842937722 922710213.93243241 -922697642.62329757
16.000887821773091 924699588.98302472 -924687006.83922541
16.000890800608456 926694543.54219341 -926681950.54737759
16.000893779443825 928695096.88225508 -928682493.02003562
16.00089675827919 930701268.35462844 -930688653.60858262
16.000899737114555 932713077.39021015 -932700451.7438798
16.000902715949923 934730543.49975312 -934717906.93664467
16.000905694785288 936753686.27424705 -936741038.77783108
16.000908673620657 938782525.38530052 -938769866.93901181
16.000911652456022 940817080.58552516 -940804411.17276275
16.000914631291391 942857371.70892262 -942844691.31304944
16.000917610126756 944903418.67127287 -944890727.27561593
16.000920588962124 946955241.47052491 -946942539.05837488
16.000923567797489 949012860.18718946 -949000146.74180079
16.000926546632858 951076294.98473406 -951063570.48932481
16.000929525468223 953145566.10997999 -953132830.54773164
16.000932504303591 955220693.89350176 -955207947.24755931
16.000935483138957 957301698.75002837 -957288941.0035001
16.000938461974325 959388601.17884696 -959375832.31480443
16.00094144080969 961481421.76420867 -961468641.76568639
16.000944419645059 963580181.17573643 -963567390.02573204
16.000947398480424 965684900.16883528 -965672097.85030925
16.000950377315792 967795599.58510494 -967782786.08098042
16.000953356151157 969912300.35275447 -969899475.64591753
16.000956334986526 972035023.48701954 -972022187.56031859
16.000959313821891 974163790.0905813 -974150942.92682731
16.00096229265726 976298621.35398829 -976285762.93595457
16.000965271492625 978439538.55608034 -978426668.8665024
16.000968250327993 980586563.06441462 -980573682.08599019
16.000971229163358 982739716.33569467 -982726824.05108333
16.000974207998727 984899019.91620064 -984886116.30802417
16.000977186834092 987064495.44222331 -987051580.49306512
16.000980165669461 989236164.64049911 -989223238.33290446
16.000983144504826 991414049.32864869 -991401111.64512432
16.000986123340194 993598171.41561699 -993585222.33863103
16.000989102175559 995788552.90211654 -995775592.41409862
16.000992081010928 997985215.88107264 -997972243.96441376
16.000995059846293 1000188182.5380714 -1000175199.1751236
16.000998038681661 1002397475.1518096 -1002384480.3248858
16.001001017517027 1004613116.0945476 -1004600109.7859221
16.001003996352395 1006835127.8325651 -1006822110.0244725
16.00100697518776 1009063532.9266185 -1009050503.6012543
16.001009954023125 1011298354.0324011 -1011285313.1719216
16.001012932858494 1013539613.9010065 -1013526561.4875283
16.001015911693859 1015787335.3793935 -1015774271.3949937
16.001018890529227 1018041541.4108545 -1018028465.8375701
16.001021869364592 1020302255.0354859 -1020289167.8553144
16.001024848199961 1022569499.3906616 -1022556400.5855603
16.001027827035326 1024843297.7115088 -1024830187.2633951
16.001030805870695 1027123673.3313864 -1027110551.2221375
16.00103378470606 1029410649.6823665 -1029397515.893819
16.001036763541428 1031704250.2957176 -1031691104.8096678
16.001039742376793 1034004498.802392 -1033991341.6005958
16.001042721212162 1036311418.9335146 -1036298249.997687
16.001045700047527 1038625034.5208749 -1038611853.8326901
16.001048678882896 1040945369.497422 -1040932177.0385135
16.001051657718261 1043272447.8977623 -1043259243.6497225
16.001054636553629 1045606293.8586591 -1045593077.8030391
16.001057615388994 1047946931.6195365 -1047933703.7378461
16.001060594224363 1050294385.5229847 -1050281145.7966926
16.001063573059728 1052648680.0152692 -1052635428.4258024
16.001066551895097 1055009839.6468419 -1054996576.1755857
16.001069530730462 1057377889.0728562 -1057364613.7011544
16.00107250956583 1059752853.053684 -1059739565.7628382
16.001075488401195 1062134756.4554362 -1062121457.2267063
16.001078467236564 1064523624.2504857 -1064510313.0650892
16.001081446071929 1066919481.5179936 -1066906158.357106
16.001084424907297 1069322353.4444382 -1069309018.2891926
16.001087403742662 1071732265.3241477 -1071718918.1556344
16.001090382578031 1074149242.5598342 -1074135883.3591015
16.001093361413396 1076573310.6631329 -1076559939.4111857
16.001096340248765 1079004495.2551425 -1078991111.9329431
16.00109931908413 1081442822.0669696 -1081429426.6554375
16.001102297919498 1083888316.9402766 -1083874909.4202878
16.001105276754863 1086341005.8278313 -1086327586.1802189
16.001108255590232 1088800914.7940607 -1088787482.9996142
16.001111234425597 1091268070.0156078 -1091254626.0550733
16.001114213260966 1093742497.7818909 -1093729041.6359708
16.001117192096331 1096224224.4956672 -1096210756.1450202
16.001120170931696 1098713276.6735985 -1098699796.0988395
16.001123149767064 1101209680.9468205 -1101196188.1285203
16.001126128602429 1103713464.0615158 -1103699958.980201
16.001129107437798 1106224652.8794897 -1106211135.5156426
16.001132086273163 1108743274.3787491 -1108729744.7128077
16.001135065108532 1111269355.6540854 -1111255813.6664431
16.001138043943897 1113802923.9176598 -1113789369.5886652
16.001141022779265 1116344006.4995923 -1116330439.8095496
16.00114400161463 1118892630.8485551 -1118879051.7777231
16.001146980449999 1121448824.5323672 -1121435233.0609601
16.001149959285364 1124012615.2385945 -1123999011.3467808
16.001152938120732 1126584030.7751522 -1126570414.4430554
16.001155916956098 1129163099.0709109 -1129149470.278609
16.001158895791466 1131749848.1763062 -1131736206.9038315
16.001161874626831 1134344306.2639518 -1134330652.4912908
16.0011648534622 1136946501.6292565 -1136932835.33635
16.001167832297565 1139556462.6910436 -1139542783.8577862
16.001170811132933 1142174217.9921753 -1142160526.5984156
16.001173789968298 1144799796.2001801 -1144786092.2257202
16.001176768803667 1147433226.107883 -1147419509.5324788
16.001179747639032 1150074536.6340404 -1150060807.4374011
16.001182726474401 1152723756.8239784 -1152710014.9857664
16.001185705309766 1155380915.850235 -1155367161.3500662
16.001188684145134 1158046043.0132048 -1158032275.8306477
16.001191662980499 1160719167.7417889 -1160705387.8563652
16.001194641815868 1163400319.5940478 -1163386526.9852319
16.001197620651233 1166089528.2578578 -1166075722.9050765
16.001200599486602 1168786823.5515726 -1168773005.4342051
16.001203578321967 1171492235.4246867 -1171478404.5220647
16.001206557157335 1174205793.9585047 -1174191950.249912
16.0012095359927 1176927529.3668127 -1176913672.831485
16.001212514828069 1179657471.9965546 -1179643602.6136799
16.001215493663434 1182395652.3285122 -1182381770.0772295
16.001218472498802 1185142100.9779887 -1185128205.837389
16.001221451334168 1187896848.6954975 -1187882940.6446233
16.001224430169536 1190659926.3674533 -1190646005.3852983
16.001227409004901 1193431365.0168686 -1193417431.0823777
16.001230387840266 1196211195.8040528 -1196197248.8961217
16.001233366675635 1198999450.027317 -1198985490.1247926
16.001236345511 1201796159.123682 -1201782186.2053616
16.001239324346368 1204601354.6695902 -1204587368.7142217
16.001242303181733 1207415068.3816226 -1207401069.3679042
16.001245282017102 1210237332.117219 -1210223320.0237992
16.001248260852467 1213068177.8754036 -1213054152.680881
16.001251239687836 1215907637.7975142 -1215893599.4804375
16.001254218523201 1218755744.1679347 -1218741692.7068021
16.001257197358569 1221612529.4148328 -1221598464.7880924
16.001260176193934 1224478026.1109033 -1224463948.2969525
16.001263155029303 1227352266.9741127 -1227338175.9512982
16.001266133864668 1230235284.8684511 -1230221180.6150689
16.001269112700037 1233127112.804687 -1233112995.2989821
16.001272091535402 1236027783.9411268 -1236013653.161293
16.00127507037077 1238937331.584379 -1238923187.508559
16.001278049206135 1241855789.1901226 -1241841631.7964072
16.001281028041504 1244783190.3638806 -1244769019.6303096
16.001284006876869 1247719568.8617976 -1247705384.7663584
16.001286985712238 1250664958.5914211 -1250650761.1120496
16.001289964547603 1253619393.6124899 -1253605182.7270699
16.001292943382971 1256582908.1377242 -1256568683.8240871
16.001295922218336 1259555536.5336223 -1259541298.7695472
16.001298901053705 1262537313.3212614 -1262523062.0844748
16.00130187988907 1265528273.1771038 -1265514008.4452794
16.001304858724438 1268528450.9338067 -1268514172.6845653
16.001307837559803 1271537881.5810378 -1271523589.7919474
16.001310816395172 1274556600.2662952 -1274542294.9148703
16.001313795230537 1277584642.2957323 -1277570323.3594341
16.001316774065906 1280622043.1349874 -1280607710.5912237
16.001319752901271 1283668838.4100187 -1283654492.2361434
16.001322731736639 1286725063.9079442 -1286710704.0812571
16.001325710572004 1289790755.5778866 -1289776382.0756338
16.001328689407373 1292865949.5318232 -1292851562.3311965
16.001331668242738 1295950682.0454402 -1295936281.1235774
16.001334647078107 1299044989.5589926 -1299030574.8929763
16.001337625913472 1302148908.6781693 -1302134480.2450275
16.001340604748837 1305262476.1749632 -1305248033.9516695
16.001343583584205 1308385728.9885483 -1308371272.9520206
16.00134656241957 1311518704.2261584 -1311504234.3532598
16.001349541254939 1314661439.163974 -1314646955.4315124
16.001352520090304 1317813971.2480135 -1317799473.6327405
16.001355498925673 1320976338.0950294 -1320961826.5736413
16.001358477761038 1324148577.4934108 -1324134052.0425482
16.001361456596406 1327330727.4040909 -1327316188.0003378
16.001364435431771 1330522825.9614594 -1330508272.5813439
16.00136741426714 1333724911.4742813 -1333710344.094275
16.001370393102505 1336937022.426621 -1336922441.0231385
16.001373371937873 1340159197.478771 -1340144602.0281706
16.001376350773238 1343391475.4681885 -1343376865.9467711
16.001379329608607 1346633895.4104347 -1346619271.7944443
16.001382308443972 1349886496.5001218 -1349871858.7657452
16.001385287279341 1353149318.1118653 -1353134666.2352314
16.001388266114706 1356422399.8012407 -1356407733.7584209
16.001391244950074 1359705781.3057487 -1359691101.0727565
16.001394223785439 1362999502.5457842 -1362984808.0985754
16.001397202620808 1366303603.6256118 -1366288894.9400833
16.001400181456173 1369618124.8343463 -1369603401.886337
16.001403160291542 1372943106.6469409 -1372928369.412231
16.001406139126907 1376278589.7251801 -1376263838.1794908
16.001409117962275 1379624614.9186795 -1379609849.0376732
16.00141209679764 1382981223.2658904 -1382966443.0251703
16.001415075633009 1386348455.9951112 -1386333661.3702214
16.001418054468374 1389726354.5255067 -1389711545.4919312
16.001421033303743 1393114960.4681301 -1393100137.0012934
16.001424012139108 1396514315.6269546 -1396499477.7022214
16.001426990974476 1399924461.9999084 -1399909609.5925834
16.001429969809841 1403345441.7799189 -1403330574.8652461
16.00143294864521 1406777297.3559606 -1406762415.9091237
16.001435927480575 1410220071.3141115 -1410205175.3102338
16.001438906315943 1413673806.4386144 -1413658895.8527579
16.001441885151308 1417138545.7129447 -1417123620.5201106
16.001444863986677 1420614332.3208876 -1420599392.4960155
16.001447842822042 1424101209.6476176 -1424086255.1655862
16.001450821657407 1427599221.2807884 -1427584252.1164143
16.001453800492776 1431108411.011627 -1431093427.1396649
16.001456779328141 1434628822.8360353 -1434613824.2311778
16.001459758163509 1438160500.9556992 -1438145487.5925772
16.001462736998874 1441703489.7792041 -1441688461.6323855
16.001465715834243 1445257833.923156 -1445242790.9671462
16.001468694669608 1448823578.2133117 -1448808520.4225533
16.001471673504977 1452400767.6857142 -1452385695.0345867
16.001474652340342 1455989447.587836 -1455974360.0506556
16.00147763117571 1459589663.3797293 -1459574560.9307487
16.001480610011075 1463201460.7351835 -1463186343.348592
16.001483588846444 1466824885.5428894 -1466809753.1928122
16.001486567681809 1470459983.9076104 -1470444836.5681086
16.001489546517178 1474106802.1513627 -1474091639.796433
16.001492525352543 1477765386.8146009 -1477750209.4181759
16.001495504187911 1481435784.6574116 -1481420592.1933591
16.001498483023276 1485118042.6607137 -1485102835.1028364
16.001501461858645 1488812208.0274675 -1488796985.349503
16.00150444069401 1492518328.1838913 -1492503090.3595121
16.001507419529378 1496236450.780684 -1496221197.7834969
16.001510398364744 1499966623.6942573 -1499951355.4978032
16.001513377200112 1503708895.0279734 -1503693611.6057277
16.001516356035477 1507463313.1133924 -1507448014.4387639
16.001519334870846 1511229926.5115263 -1511214612.5578575
16.001522313706211 1515008784.014102 -1514993454.7546687
16.001525292541579 1518799934.6448309 -1518784590.0528424
16.001528271376944 1522603427.6606874 -1522588067.7092857
16.001531250212313 1526419312.5531943 -1526403937.2154541
16.001534229047678 1530247639.0497172 -1530232248.298646
16.001537207883047 1534088457.1147676 -1534073050.923305
16.001540186718412 1537941816.9513123 -1537926395.29233
16.00154316555378 1541807769.0020926 -1541792331.8483942
16.001546144389145 1545686363.9509511 -1545670911.2752717
16.001549123224514 1549577652.7241676 -1549562184.4991736
16.001552102059879 1553481686.4918025 -1553466202.6900918
16.001555080895248 1557398516.6690493 -1557383017.2631507
16.001558059730613 1561328194.9175951 -1561312679.8799682
16.001561038565978 1565270773.1469903 -1565255242.4500248
16.001564017401346 1569226303.516026 -1569210757.1320424
16.001566996236711 1573194838.4341214 -1573179276.3353698
16.00156997507208 1577176430.5627186 -1577160852.7213793
16.001572953907445 1581171132.8166876 -1581155539.2048705
16.001575932742814 1585178998.3657389 -1585163388.955483
16.001578911578179 1589200080.6358457 -1589184455.3991191
16.001581890413547 1593234433.3106754 -1593218792.2193754
16.001584869248912 1597282110.3330305 -1597266453.3589826
16.001587848084281 1601343165.9062974 -1601327493.021256
16.001590826919646 1605417654.4959056 -1605401965.6715529
16.001593805755014 1609505630.8307948 -1609489926.0387411
16.001596784590379 1613607149.9048929 -1613591429.1166763
16.001599763425748 1617722266.9786026 -1617706530.1656888
16.001602742261113 1621851037.5802977 -1621835284.7140791
16.001605721096482 1625993517.5078285 -1625977748.5596249
16.001608699931847 1630149762.8300381 -1630133977.771096
16.001611678767215 1634319829.8882864 -1634304028.6897788
16.00161465760258 1638503775.2979856 -1638487957.9310117
16.001617636437949 1642701655.9501443 -1642685822.3857293
16.001620615273314 1646913529.0129232 -1646897679.2220182
16.001623594108683 1651139451.9331989 -1651123585.8866804
16.001626572944048 1655379482.4381385 -1655363600.1068082
16.001629551779416 1659633678.5367837 -1659617779.8913686
16.001632530614781 1663902098.521647 -1663886183.5327985
16.00163550945015 1668184800.9703162 -1668168869.6086104
16.001638488285515 1672481844.7470701 -1672465896.9830074
16.001641467120884 1676793289.0045047 -1676777324.8085096
16.001644445956249 1681119193.185169 -1681103212.5275896
16.001647424791617 1685459617.0232122 -1685443619.87432
16.001650403626982 1689814620.5460415 -1689798606.8760314
16.001653382462351 1694184264.0759904 -1694168233.8549802
16.001656361297716 1698568608.2319977 -1698552561.430028
16.001659340133084 1702967713.9312975 -1702951650.5183315
16.001662318968449 1707381642.3911204 -1707365562.3370433
16.001665297803818 1711810455.1304052 -1711794358.4050241
16.001668276639183 1716254213.9715219 -1716238100.5445657
16.001671255474548 1720712981.0420065 -1720696850.8831255
16.001674234309917 1725186818.7763062 -1725170671.8550718
16.001677213145282 1729675789.917536 -1729659626.2034407
16.00168019198065 1734179957.519248 -1734163776.9817047
16.001683170816015 1738699384.9472098 -1738683187.5555518
16.001686149651384 1743234135.8811972 -1743217921.6046779
16.001689128486749 1747784274.316797 -1747768043.1245897
16.001692107322118 1752349864.5672219 -1752333616.4284191
16.001695086157483 1756930971.2651372 -1756914706.148751
16.001698064992851 1761527659.3644998 -1761511377.2394612
16.001701043828216 1766139994.1424088 -1766123694.9775674
16.001704022663585 1770768041.2009687 -1770751724.9650929
16.00170700149895 1775411866.4691644 -1775395533.1309402
16.001709980334319 1780071536.2047474 -1780055185.7327793
16.001712959169684 1784747116.9961379 -1784730749.3589473
16.001715938005052 1789438675.7643352 -1789422290.9303613
16.001718916840417 1794146279.7648442 -1794129877.7024431
16.001721895675786 1798869996.5896113 -1798853577.267056
16.001724874511151 1803609894.1689761 -1803593457.554456
16.001727853346519 1808366040.7736335 -1808349586.835254
16.001730832181885 1813138505.0166104 -1813122033.722393
16.001733811017253 1817927355.8552549 -1817910867.1731365
16.001736789852618 1822732662.5932384 -1822716156.4910712
16.001739768687987 1827554494.8825715 -1827537971.3281231
16.001742747523352 1832392922.7256327 -1832376381.6865852
16.00174572635872 1837248016.4772105 -1837231457.9211602
16.001748705194085 1842119846.8465598 -1842103270.7410176
16.001751684029454 1847008484.8994713 -1846991891.2118616
16.001754662864819 1851914002.060354 -1851897390.7580149
16.001757641700188 1856836470.1143332 -1856819841.164516
16.001760620535553 1861775961.2093611 -1861759314.5792303
16.001763599370921 1866732547.8583422 -1866715883.5149746
16.001766578206286 1871706302.941272 -1871689620.8516567
16.001769557041655 1876697299.7073917 -1876680599.8384299
16.00177253587702 1881705611.7773557 -1881688894.0958607
16.001775514712389 1886731313.1454132 -1886714577.6181095
16.001778493547754 1891774478.1816049 -1891757724.7751281
16.001781472383119 1896835181.6339755 -1896818410.3148723
16.001784451218487 1901913498.6308 -1901896709.3655269
16.001787430053852 1907009504.6828246 -1906992697.4377489
16.001790408889221 1912123275.6855245 -1912106450.4269233
16.001793387724586 1917254887.9213736 -1917238044.6154335
16.001796366559955 1922404418.0621321 -1922387556.6749487
16.00179934539532 1927571943.1711493 -1927555063.6687276
16.001802324230688 1932757540.7056804 -1932740643.0539336
16.001805303066053 1937961288.5192196 -1937944372.6839697
16.001808281901422 1943183264.8638499 -1943166330.8108263
16.001811260736787 1948423548.3926065 -1948406596.0874467
16.001814239572155 1953682218.161859 -1953665247.5701075
16.00181721840752 1958959353.6337075 -1958942364.7208159
16.001820197242889 1964255034.6783967 -1964238027.4097233
16.001823176078254 1969569341.5767434 -1969552315.9175532
16.001826154913623 1974902355.022583 -1974885310.9380467
16.001829133748988 1980254156.1252315 -1980237093.5804255
16.001832112584356 1985624826.4119651 -1985607745.371871
16.001835091419721 1991014447.8305166 -1990997348.2600212
16.00183807025509 1996423102.7515874 -1996405984.6154823
16.001841049090455 2001850873.9713776 -2001833737.2343588
16.001844027925824 2007297844.7141328 -2007280689.3407998
16.001847006761189 2012764098.6347089 -2012746924.5895655
16.001849985596557 2018249719.8211544 -2018232527.0686073
16.001852964431922 2023754792.7973089 -2023737581.3016682
16.001855943267291 2029279402.5254216 -2029262172.2508998
16.001858922102656 2034823634.4087851 -2034806385.3194969
16.001861900938025 2040387574.294389 -2040370306.354351
16.00186487977339 2045971308.4755921 -2045954021.6487229
16.001867858608758 2051574923.6948118 -2051557617.944931
16.001870837444123 2057198507.1462314 -2057181182.4370594
16.001873816279492 2062842146.4785266 -2062824802.7736845
16.001876795114857 2068505929.7976127 -2068488567.060622
16.001879773950225 2074189945.6694067 -2074172563.8636882
16.00188275278559 2079894283.1226103 -2079876882.2114849
16.001885731620959 2085619031.6515141 -2085601611.5982015
16.001888710456324 2091364281.2188175 -2091346841.9864361
16.001891689291689 2097130122.2584705 -2097112663.8100376
16.001894668127058 2102916645.678535 -2102899167.9769654
16.001897646962423 2108723942.864063 -2108706445.8721693
16.001900625797791 2114552105.6799996 -2114534589.3604918
16.001903604633156 2120401226.474102 -2120383690.7895868
16.001906583468525 2126271398.0798805 -2126253842.9928613
16.00190956230389 2132162713.8195596 -2132145139.2924359
16.001912541139259 2138075267.5070593 -2138057673.5021267
16.001915519974624 2144009153.4509985 -2143991539.9304478
16.001918498809992 2149964466.4577165 -2149946833.3836336
16.001921477645357 2155941301.8343163 -2155923649.1686816
16.001924456480726 2161939755.3917327 -2161922083.0964212
16.001927435316091 2167959923.4478168 -2167942231.4845982
16.00193041415146 2174001902.8304434 -2173984191.1609797
16.001933392986825 2180065790.8806396 -2180048059.4664865
16.001936371822193 2186151685.4557395 -2186133934.2583451
16.001939350657558 2192259684.9325571 -2192241913.9132624
16.001942329492927 2198389888.2105813 -2198372097.3306184
16.001945308328292 2204542394.7151952 -2204524583.9356885
16.00194828716366 2210717304.4009171 -2210699473.6828823
16.001951265999026 2216914717.754662 -2216896867.0590057
16.001954244834394 2223134735.7990284 -2223116865.0865469
16.001957223669759 2229377460.0956068 -2229359569.3269868
16.001960202505128 2235642992.7483144 -2235625081.8841324
16.001963181340493 2241931436.4067516 -2241913505.4074731
16.001966160175861 2248242894.2695785 -2248224943.0955577
16.001969139011226 2254577470.0879202 -2254559498.6993999
16.001972117846595 2260935268.1687932 -2260917276.5259042
16.00197509668196 2267316393.3785591 -2267298381.4413195
16.001978075517329 2273720951.1463995 -2273702918.8747149
16.001981054352694 2280149047.4678159 -2280130994.8214784
16.001984033188062 2286600788.908155 -2286582715.8468432
16.001987012023427 2293076282.6061592 -2293058189.0894375
16.001989990858796 2299575636.2775435 -2299557522.2648616
16.001992969694161 2306098958.218595 -2306080823.6692877
16.001995948529526 2312646357.3098006 -2312628202.1830878
16.001998927364895 2319217943.0194979 -2319199767.2744832
16.00200190620026 2325813825.4075527 -2325795629.0032234
16.002004885035628 2332434115.129066 -2332415898.0242929
16.002007863870993 2339078923.4381042 -2339060685.5916414
16.002010842706362 2345748362.1914535 -2345730103.5619373
16.002013821541727 2352442543.8524055 -2352424264.3983545
16.002016800377096 2359161581.4945688 -2359143281.1743827
16.002019779212461 2365905588.805707 -2365887267.5776672
16.002022758047829 2372674680.0916038 -2372656337.9138727
16.002025736883194 2379468970.2799554 -2379450607.1105752
16.002028715718563 2386288574.9242935 -2386270190.7211862
16.002031694553928 2393133610.2079339 -2393115204.9289012
16.002034673389296 2400004192.9479556 -2399985766.5506778
16.002037652224661 2406900440.599206 -2406881993.0412416
16.00204063106003 2413822471.258338 -2413804002.4971247
16.002043609895395 2420770403.6678729 -2420751913.6607246
16.002046588730764 2427744357.220293 -2427725845.9244022
16.002049567566129 2434744451.9621668 -2434725919.3346019
16.002052546401497 2441770808.5982981 -2441752254.5960031
16.002055525236862 2448823548.4959121 -2448804973.0757074
16.002058504072231 2455902793.68887 -2455884196.8074517
16.002061482907596 2463008666.8819079 -2462990048.4958463
16.002064461742965 2470141291.4549127 -2470122651.5206523
16.00206744057833 2477300791.4672275 -2477282129.9410877
16.002070419413698 2484487291.6619878 -2484468608.5001602
16.002073398249063 2491700917.4704876 -2491682212.6290374
16.002076377084432 2498941795.016583 -2498923068.4514475
16.002079355919797 2506210051.1211205 -2506191302.7881093
16.002082334755166 2513505813.3064013 -2513487043.1611953
16.002085313590531 2520829209.8006778 -2520810417.7988286
16.002088292425899 2528180369.5426836 -2528161555.6396136
16.002091271261264 2535559422.1861949 -2535540586.3371964
16.002094250096633 2542966498.1046262 -2542947640.2648606
16.002097228931998 2550401728.3956614 -2550382848.5201597
16.002100207767366 2557865244.8859148 -2557846342.9295764
16.002103186602731 2565357180.1356268 -2565338256.0532193
16.002106165438096 2572877667.443398 -2572858721.1895561
16.002109144273465 2580426840.8509526 -2580407872.380178
16.00211212310883 2588004835.1479425 -2587985844.4146037
16.002115101944199 2595611785.8767824 -2595592772.835114
16.002118080779564 2603247829.3375216 -2603228793.9416237
16.002121059614932 2610913102.5927505 -2610894044.7965875
16.002124038450297 2618607743.4725471 -2618588663.2299485
16.002127017285666 2626331890.5794568 -2626312787.8441162
16.002129996121031 2634085683.2935081 -2634066558.0189815
16.0021329749564 2641869261.7772684 -2641850113.9169755
16.002135953791765 2649682766.9809384 -2649663596.4881611
16.002138932627133 2657526340.6474786 -2657507147.4753609
16.002141911462498 2665400125.3177752 -2665380909.419322
16.002144890297867 2673304264.3358474 -2673285025.6639242
16.002147869133232 2681238901.8540916 -2681219640.3614244
16.002150847968601 2689204182.8385668 -2689184898.4777412
16.002153826803966 2697200253.0743146 -2697180945.7977753
16.002156805639334 2705227259.1707249 -2705207928.9307756
16.002159784474699 2713285348.5669336 -2713265995.3157358
16.002162763310068 2721374669.5372653 -2721355293.2268381
16.002165742145433 2729495371.1967182 -2729475971.7789373
16.002168720980801 2737647603.5064874 -2737628180.933085
16.002171699816166 2745831517.27953 -2745812071.5020943
16.002174678651535 2754047264.186173 -2754027795.156147
16.0021776574869 2762294996.7597613 -2762275504.4284434
16.002180636322269 2770574868.4023509 -2770555352.7208934
16.002183615157634 2778887033.3904381 -2778867494.3098464
16.002186593993002 2787231646.8807392 -2787212084.3518729
16.002189572828367 2795608864.9160118 -2795589278.8895822
16.002192551663736 2804018844.4309154 -2803999234.8574853
16.002195530499101 2812461743.2579203 -2812442110.0879045
16.00219850933447 2820937720.1332626 -2820918063.3169255
16.002201488169835 2829446934.7029405 -2829427254.1903977
16.002204467005203 2837989547.5287614 -2837969843.2699776
16.002207445840568 2846565720.0944238 -2846545992.0392127
16.002210424675937 2855175614.811656 -2855155862.9096799
16.002213403511302 2863819395.0263944 -2863799619.2271624
16.002216382346667 2872497225.0250125 -2872477425.2778816
16.002219361182036 2881209270.0405984 -2881189446.2947721
16.002222340017401 2889955696.259274 -2889935848.4638023
16.002225318852769 2898736670.8265648 -2898716798.9303422
16.002228297688134 2907552361.8538203 -2907532465.8055863
16.002231276523503 2916402938.424684 -2916383018.1730223
16.002234255358868 2925288570.6016073 -2925268626.0949445
16.002237234194236 2934209429.4324193 -2934189460.6190252
16.002240213029602 2943165686.956944 -2943145693.7849312
16.00224319186497 2952157516.2136655 -2952137498.6309876
16.002246170700335 2961185091.2464471 -2961165049.2008991
16.002249149535704 2970248587.1113009 -2970228520.550518
16.002252128371069 2979348179.8832107 -2979328088.7546678
16.002255107206437 2988484046.6630044 -2988463930.9140153
16.002258086041802 2997656365.5842843 -2997636225.1620011
16.002261064877171 3006865315.8204041 -3006845150.6718173
16.002264043712536 3016111077.5915055 -3016090887.6634421
16.002267022547905 3025393832.1716032 -3025373617.410727
16.00227000138327 3034713761.89573 -3034693522.2485409
16.002272980218638 3044071050.1671309 -3044050785.5799637
16.002275959054003 3053465881.4645166 -3053445591.8835406
16.002278937889372 3062898441.3493752 -3062878126.7205939
16.002281916724737 3072368916.4733353 -3072348576.7425847
16.002284895560106 3081877494.5855899 -3081857129.6985393
16.002287874395471 3091424364.5403752 -3091403974.4425249
16.002290853230839 3101009716.3045106 -3100989300.9411931
16.002293832066204 3110633740.9649949 -3110613300.2813725
16.002296810901573 3120296630.7366567 -3120276164.6777215
16.002299789736938 3129998578.9698763 -3129978087.4804497
16.002302768572306 3139739780.1583581 -3139719263.1830902
16.002305747407672 3149520429.9469647 -3149499887.4303331
16.00230872624304 3159340725.1396127 -3159320157.0259218
16.002311705078405 3169200863.7072339 -3169180269.9406147
16.002314683913774 3179101044.7957954 -3179080425.3202047
16.002317662749139 3189041468.7343802 -3189020823.4935999
16.002320641584507 3199022337.0433345 -3199001665.9809699
16.002323620419872 3209043852.4424758 -3209023155.501956
16.002326599255237 3219106218.8593721 -3219085495.9839492
16.002329578090606 3229209641.4376807 -3229188892.5704288
16.002332556925971 3239354326.5455513 -3239333551.6293659
16.00233553576134 3249540481.7840962 -3249519680.761693
16.002338514596705 3259768315.9959283 -3259747488.8098435
16.002341493432073 3270038039.2737675 -3270017185.8663564
16.002344472267438 3280349862.9691105 -3280328983.2825465
16.002347451102807 3290703999.7009711 -3290683093.6772451
16.002350429938172 3301100663.3646946 -3301079730.9456143
16.002353408773541 3311540069.1408377 -3311519110.2680273
16.002356387608906 3322022433.504117 -3322001448.1190162
16.002359366444274 3332547974.232429 -3332526962.2762914
16.002362345279639 3343116910.415946 -3343095871.8298397
16.002365324115008 3353729462.4662781 -3353708397.1910844
16.002368302950373 3364385852.1257081 -3364364760.1021204
16.002371281785742 3375086302.4765081 -3375065183.6450315
16.002374260621107 3385831037.9503217 -3385809892.2512717
16.002377239456475 3396620284.3376217 -3396599111.7111239
16.00238021829184 3407454268.7972488 -3407433069.1832385
16.002383197127209 3418333219.8660226 -3418311993.2042432
16.002386175962574 3429257367.4684262 -3429236113.6984286
16.002389154797942 3440226942.9263744 -3440205661.9875164
16.002392133633307 3451242178.9690571 -3451220870.8005023
16.002395112468676 3462303309.7428637 -3462281974.2835813
16.002398091304041 3473410570.821383 -3473389208.0101461
16.00240107013941 3484564199.2154884 -3484542808.9908743
16.002404048974775 3495764433.3835011 -3495743015.6838894
16.002407027810143 3507011513.2414317 -3506990068.0050044
16.002410006645508 3518305680.1733088 -3518284207.3380485
16.002412985480877 3529647177.0415921 -3529625676.5452819
16.002415964316242 3541036248.1976662 -3541014719.9778886
16.002418943151611 3552473139.4924221 -3552451583.486558
16.002421921986976 3563958098.2869205 -3563936514.4321489
16.002424900822344 3575491373.4631453 -3575469761.6964421
16.002427879657709 3587073215.4348416 -3587051575.6929784
16.002430858493078 3598703876.1584406 -3598682208.3779845
16.002433837328443 3610383609.1440759 -3610361913.2613878
16.002436816163808 3622112669.4666882 -3622090945.4179235
16.002439794999177 3633891313.7772212 -3633869561.4983273
16.002442773834542 3645719800.3139024 -3645698019.7406182
16.00244575266991 3657598388.9136248 -3657576579.9814801
16.002448731505275 3669527341.0234179 -3669505503.6677327
16.002451710340644 3681506919.7120132 -3681485053.8678961
16.002454689176009 3693537389.6815023 -3693515495.2838502
16.002457668011377 3705619017.2790914 -3705597094.2625885
16.002460646846743 3717752070.5089517 -3717730118.8080688
16.002463625682111 3729936819.0441642 -3729914838.5931573
16.002466604517476 3742173534.2387652 -3742151524.9716749
16.002469583352845 3754462489.1398935 -3754440450.9905443
16.00247256218821 3766803958.5000319 -3766781891.4020309
16.002475541023578 3779198218.7893505 -3779176122.6760859
16.002478519858943 3791645548.2081556 -3791623423.0127974
16.002481498694312 3804146226.6994386 -3804124072.3549356
16.002484477529677 3816700535.9615293 -3816678352.40061
16.002487456365046 3829308759.4608545 -3829286546.616025
16.002490435200411 3841971182.444798 -3841948940.248342
16.002493414035779 3854688091.9546671 -3854665820.3386436
16.002496392871144 3867459776.8387723 -3867437475.7350163
16.002499371706513 3880286527.7656131 -3880264197.1057329
16.002502350541878 3893168637.2371697 -3893146276.9525476
16.002505329377247 3906106399.6023078 -3906084009.6240973
16.002508308212612 3919100111.0702944 -3919077691.329421
16.00251128704798 3932150069.7244325 -3932127620.1515913
16.002514265883345 3945256575.5357971 -3945234096.0614529
16.002517244718714 3958419930.3770967 -3958397420.9314823
16.002520223554079 3971640438.0366411 -3971617898.549757
16.002523202389447 3984918404.2324319 -3984895834.6340442
16.002526181224813 3998254136.626369 -3998231536.8460093
16.002529160060181 4011647944.8385801 -4011625314.8055439
16.002532138895546 4025100140.4618673 -4025077480.1052136
16.002535117730915 4038611037.0762706 -4038588346.3248205
16.00253809656628 4052180950.2637596 -4052158229.0460954
16.002541075401648 4065810197.6230445 -4065787445.8675084
16.002544054237013 4079499098.7845154 -4079476316.419208
16.002547033072378 4093247975.4253073 -4093225162.378088
16.002550011907747 4107057151.2844939 -4107034307.4829783
16.002552990743112 4120926952.1784043 -4120904077.549964
16.002555969578481 4134857706.0160742 -4134834800.4878354
16.002558948413846 4148849742.8148241 -4148826806.3136668
16.002561927249214 4162903394.7159691 -4162880427.1685262
16.002564906084579 4177018996.0006642 -4176995997.3333197
16.002567884919948 4191196883.1058817 -4191173853.2447701
16.002570863755313 4205437394.6405282 -4205414333.5115333
16.002573842590682 4219740871.4016938 -4219717778.9304476
16.002576821426047 4234107656.3910441 -4234084532.5029249
16.002579800261415 4248538094.8313546 -4248514939.4514875
16.00258277909678 4263032534.1831775 -4263009347.2364326
16.002585757932149 4277591324.1616526 -4277568105.5726433
16.002588736767514 4292214816.7534633 -4292191566.4465456
16.002591715602883 4306903366.2339439 -4306880084.133215
16.002594694438248 4321657329.1843224 -4321634015.2136202
16.002597673273616 4336477064.5091143 -4336453718.5920153
16.002600652108981 4351362933.4536772 -4351339555.5134964
16.00260363094435 4366315299.6219006 -4366291889.5816889
16.002606609779715 4381334528.9940577 -4381311086.7766027
16.002609588615083 4396420989.9448042 -4396397515.4726267
16.002612567450448 4411575053.2613373 -4411551546.4566917
16.002615546285817 4426797092.1617174 -4426773552.9465895
16.002618525121182 4442087482.3133364 -4442063910.6094437
16.002621503956551 4457446601.8515472 -4457422997.5803375
16.002624482791916 4472874831.3984489 -4472851194.4810972
16.002627461627284 4488372554.0818462 -4488348884.4392557
16.002630440462649 4503940155.5543737 -4503916453.107172
16.002633419298018 4519578024.0127754 -4519554288.6813164
16.002636398133383 4535286550.2173672 -4535262781.9217272
16.002639376968752 4551066127.5116549 -4551042326.1716328
16.002642355804117 4566917151.8421259 -4566893317.3772421
16.002645334639485 4582840021.7782173 -4582816154.1077108
16.00264831347485 4598835138.5324526 -4598811237.5752821
16.002651292310219 4614902905.9807606 -4614878971.6556005
16.002654271145584 4631043730.6829681 -4631019762.9082098
16.002657249980949 4647258021.9034834 -4647234020.5972319
16.002660228816318 4663546191.6321383 -4663522156.7122126
16.002663207651683 4679908654.6052332 -4679884585.9891644
16.002666186487051 4696345828.3267546 -4696321725.9317837
16.002669165322416 4712858133.0897789 -4712833996.8328562
16.002672144157785 4729445991.9980841 -4729421821.7958689
16.00267512299315 4746109830.9879236 -4746085626.7567816
16.002678101828518 4762850078.850008 -4762825840.5060091
16.002681080663884 4779667167.2516842 -4779642894.7106028
16.002684059499252 4796561530.759305 -4796537223.9366198
16.002687038334617 4813533606.8607893 -4813509265.6716785
16.002690017169986 4830583835.98839 -4830559460.3477316
16.002692996005351 4847712661.5416613 -4847688251.3640318
16.002695974840719 4864920529.9106417 -4864896085.1103153
16.002698953676084 4882207890.4992275 -4882183410.9901743
16.002701932511453 4899575195.7487564 -4899550681.4446402
16.002704911346818 4917022901.1618042 -4916998351.9759817
16.002707890182187 4934551465.3261957 -4934526881.1717148
16.002710869017552 4952161349.9392309 -4952136730.7288303
16.00271384785292 4969853019.8321161 -4969828365.4782228
16.002716826688285 4987626942.9946213 -4987602253.4093494
16.002719805523654 5005483590.5999651 -5005458865.6951141
16.002722784359019 5023423437.0299091 -5023398676.7169638
16.002725763194388 5041446959.9000874 -5041422164.0902147
16.002728742029753 5059554640.0855579 -5059529808.6896057
16.002731720865121 5077746961.746583 -5077722094.6750784
16.002734699700486 5096024412.3546581 -5095999509.517807
16.002737678535855 5114387482.7187624 -5114362544.0264473
16.00274065737122 5132836667.011838 -5132811692.3736172
16.002743636206588 5151372462.7975149 -5151347452.1226215
16.002746615041954 5169995371.0570717 -5169970324.2544088
16.002749593877322 5188705896.2166481 -5188680813.1947908
16.002752572712687 5207504546.1747112 -5207479426.8419037
16.002755551548056 5226391832.3297606 -5226366676.5939131
16.002758530383421 5245368269.6082907 -5245343077.3769817
16.002761509218789 5264434376.4929953 -5264409147.6734667
16.002764488054154 5283590675.0512342 -5283565409.5503902
16.002767466889519 5302837690.9637642 -5302812388.6881714
16.002770445724888 5322175953.55373 -5322150614.4096136
16.002773424560253 5341605995.815917 -5341580619.7091608
16.002776403395622 5361128354.4462776 -5361102941.2824211
16.002779382230987 5380743569.8717241 -5380718119.5559616
16.002782361066355 5400452186.2801962 -5400426698.7173767
16.00278533990172 5420254751.6509962 -5420229226.7456188
16.002788318737089 5440151817.7853975 -5440126255.4416113
16.002791297572454 5460143940.3375549 -5460118340.459157
16.002794276407823 5480231678.8456936 -5480206041.3361273
16.002797255243188 5500415596.7635775 -5500389921.5259323
16.002800234078556 5520696261.4922695 -5520670548.4292774
16.002803212913921 5541074244.412178 -5541048493.4262114
16.00280619174929 5561550120.9154091 -5561524331.9084806
16.002809170584655 5582124470.4384327 -5582098643.3121929
16.002812149420024 5602797876.4950209 -5602772011.1507568
16.002815128255389 5623570926.7095108 -5623545023.0481434
16.002818107090757 5644444212.8503666 -5644418270.7724495
16.002821085926122 5665418330.8640642 -5665392350.2697821
16.002824064761491 5686493880.9092798 -5686467861.6984463
16.002827043596856 5707671467.3914089 -5707645409.4634657
16.002830022432224 5728951698.997385 -5728925602.2513981
16.002833001267589 5750335188.7308435 -5750309053.0655031
16.002835980102958 5771822553.9476147 -5771796379.2612324
16.002838958938323 5793414416.3915434 -5793388202.5820513
16.002841937773692 5815111402.2306499 -5815085149.1955986
16.002844916609057 5836914142.0936022 -5836887849.7301588
16.002847895444425 5858823271.106555 -5858796939.3115005
16.00285087427979 5880839428.930335 -5880813057.6000633
16.002853853115159 5902963259.7979717 -5902936848.8284864
16.002856831950524 5925195412.5525827 -5925168961.8394976
16.002859810785893 5947536540.6856213 -5947510050.124155
16.002862789621258 5969987302.3754721 -5969960771.8604498
16.002865768456626 5992548360.5264244 -5992521789.9522743
16.002868747291991 6015220382.8080006 -6015193772.0687504
16.00287172612736 6038004041.6946735 -6037977390.6839514
16.002874704962725 6060900014.5059557 -6060873323.1169872
16.00287768379809 6083908983.446847 -6083882251.5724516
16.002880662633459 6107031635.6486826 -6107004863.1812735
16.002883641468824 6130268663.2103863 -6130241850.0419683
16.002886620304192 6153620763.2400932 -6153593909.2622595
16.002889599139557 6177088637.8971748 -6177061743.0011063
16.002892577974926 6200672994.4346695 -6200646058.5111313
16.002895556810291 6224374545.2421188 -6224347568.1814585
16.002898535645659 6248194007.8888197 -6248166989.5809669
16.002901514481024 6272132105.1674824 -6272105045.5019455
16.002904493316393 6296189565.1382904 -6296162464.0041542
16.002907472151758 6320367121.1734028 -6320339978.4593258
16.002910450987127 6344665512.0018978 -6344638327.5961123
16.002913429822492 6369085481.7551279 -6369058255.5454359
16.00291640865786 6393627780.0125132 -6393600511.8862848
16.002919387493225 6418293161.8477736 -6418265851.6919451
16.002922366328594 6443082387.8756247 -6443055035.5766954
16.002925345163959 6467996224.2989159 -6467968829.7429485
16.002928323999328 6493035442.9562073 -6493008006.0288229
16.002931302834693 6518200821.3698339 -6518173341.9562092
16.002934281670061 6543493142.7944355 -6543465620.7793045
16.002937260505426 6568913196.2659473 -6568885631.533596
16.002940239340795 6594461776.6510563 -6594434169.0853205
16.00294321817616 6620139684.6971493 -6620112034.1814137
16.002946197011529 6645947727.0827627 -6645920033.499959
16.002949175846894 6671886716.4684963 -6671858979.7010975
16.002952154682262 6697957471.548439 -6697929691.4784613
16.002955133517627 6724160817.102107 -6724132993.611105
16.002958112352996 6750497584.0468693 -6750469717.015934
16.002961091188361 6776968609.4908981 -6776940698.8006544
16.002964070023729 6803574736.7866592 -6803546782.3172636
16.002967048859094 6830316815.5849056 -6830288817.2160454
16.002970027694463 6857195701.8891973 -6857167659.5000858
16.002973006529828 6884212258.1109657 -6884184171.5803413
16.002975985365197 6911367353.1251211 -6911339222.3312445
16.002978964200562 6938661862.3262119 -6938633687.1468649
16.00298194303593 6966096667.6851168 -6966068447.9975958
16.002984921871295 6993672657.8063297 -6993644393.4874477
16.00298790070666 7021390727.9858246 -7021362418.9119072
16.002990879542029 7049251780.2694407 -7049223426.3163223
16.002993858377394 7077256723.5118856 -7077228324.5549088
16.002996837212763 7105406473.4363184 -7105378029.3503294
16.002999816048128 7133701952.6945238 -7133673463.3538723
16.003002794883496 7162144090.9276867 -7162115556.2062216
16.003005773718861 7190733824.8277569 -7190705244.5988235
16.00300875255423 7219472098.199461 -7219443472.3358994
16.003011731389595 7248359862.0229244 -7248331190.3970671
16.003014710224964 7277398074.5168924 -7277369357.0005598
16.003017689060329 7306587701.2026072 -7306558937.6671076
16.003020667895697 7335929714.9683399 -7335900905.2844639
16.003023646731062 7365425096.1345501 -7365396240.1725702
16.003026625566431 7395074832.5197096 -7395045930.1493769
16.003029604401796 7424879919.5067749 -7424850970.5973158
16.003032583237164 7454841360.1103516 -7454812364.5304661
16.00303556207253 7484960165.0445261 -7484931122.662384
16.003038540907898 7515237352.7913628 -7515208263.4746008
16.003041519743263 7545673949.6701393 -7545644813.2858601
16.003044498578632 7576270989.9072599 -7576241806.3220263
16.003047477413997 7607029515.7068691 -7607000284.7867031
16.003050456249365 7637950577.3222141 -7637921298.9325953
16.00305343508473 7669035233.1276827 -7669005907.1335421
16.003056413920099 7700284549.6916084 -7700255175.9573278
16.003059392755464 7731699601.8498449 -7731670180.239254
16.003062371590833 7763281472.7800446 -7763252003.1564169
16.003065350426198 7795031254.0767078 -7795001736.3027582
16.003068329261566 7826950045.8270178 -7826920479.7649002
16.003071308096931 7859038956.6874304 -7859009342.1987352
16.0030742869323 7891299103.9610615 -7891269440.9068098
16.003077265767665 7923731613.6758614 -7923701901.9165049
16.003080244603034 7956337620.6636219 -7956307860.0590382
16.003083223438399 7989118268.6397591 -7989088459.0492496
16.003086202273767 8022074710.2839413 -8022044851.5662279
16.003089181109132 8055208107.3215437 -8055178199.3347645
16.003092159944501 8088519630.6059513 -8088489673.2076607
16.003095138779866 8122010460.2016821 -8121980453.2488432
16.003098117615231 8155681785.4684086 -8155651728.8173933
16.0031010964506 8189534805.1458616 -8189504698.6524448
16.003104075285965 8223570727.43958 -8223540570.9589405
16.003107054121333 8257790770.1075678 -8257760563.4942808
16.003110032956698 8292196160.5478458 -8292165903.6558819
16.003113011792067 8326788135.8869371 -8326757828.5696583
16.003115990627432 8361567943.0692587 -8361537585.1794147
16.0031189694628 8396536838.9474506 -8396506430.3371763
16.003121948298165 8431696090.3736601 -8431665630.8944731
16.003124927133534 8467046974.2917728 -8467016463.7945681
16.003127905968899 8502590777.8306055 -8502560216.1656532
16.003130884804268 8538328798.3980799 -8538298185.4150209
16.003133863639633 8574262343.7764025 -8574231679.3242464
16.003136842475001 8610392732.2182541 -8610362016.1453762
16.003139821310366 8646721292.5439358 -8646690524.6980705
16.003142800145735 8683249364.2396088 -8683218544.4678478
16.0031457789811 8719978297.5565643 -8719947425.7053547
16.003148757816469 8756909453.6115589 -8756878529.5266991
16.003151736651834 8794044204.4880867 -8794013228.0147209
16.003154715487202 8831383933.3388538 -8831352904.3214684
16.003157694322567 8868930034.4893494 -8868898952.7717724
16.003160673157936 8906683913.5424538 -8906652778.9678459
16.003163651993301 8944646987.4842167 -8944615799.8950729
16.00316663082867 8982820684.7907543 -8982789444.0288982
16.003169609664035 9021206445.5362434 -9021175151.4428253
16.003172588499403 9059805721.5020866 -9059774373.9175777
16.003175567334768 9098619976.2872047 -9098588575.0513916
16.003178546170137 9137650685.4196072 -9137619230.3715916
16.003181525005502 9176899336.469162 -9176867827.4473553
16.00318450384087 9216367429.1614666 -9216335866.0035858
16.003187482676235 9256056475.4930153 -9256024858.0360794
16.003190461511604 9295967999.847641 -9295936327.9279671
16.003193440346969 9336103539.1141567 -9336071812.5673542
16.003196419182338 9376464642.8053188 -9376432861.4662914
16.003199398017703 9417052873.1780491 -9417021036.8809853
16.003202376853071 9457869805.3548889 -9457837913.9332581
16.003205355688436 9498917027.4468765 -9498885080.733427
16.003208334523801 9540196140.6777382 -9540164138.5044937
16.00321131335917 9581708759.5093937 -9581676701.7076454
16.003214292194535 9623456511.7688808 -9623424398.1691856
16.003217271029904 9665441038.7766438 -9665408869.2088242
16.003220249865269 9707663995.4761543 -9707631769.7692871
16.003223228700637 9750127050.5650272 -9750094768.5474434
16.003226207536002 9792831886.6276093 -9792799548.1268883
16.003229186371371 9835780200.2689362 -9835747805.1119022
16.003232165206736 9878973702.2501812 -9878941250.2629013
16.003235144042105 9922414117.6255703 -9922381608.6333447
16.00323812287747 9966103185.8808708 -9966070619.7082329
16.003241101712838 10010042661.073391 -10010010037.544102
16.003244080548203 10054234311.97348 -10054201630.910522
16.003247059383572 10098679922.207632 -10098647183.43321
16.003250038218937 10143381290.403099 -10143348493.738628
16.003253017054305 10188340230.334198 -10188307375.600304
16.003255995889671 10233558571.07023 -10233525658.086742
16.003258974725039 10279038157.125059 -10279005185.71101
16.003261953560404 10324780848.608244 -10324747818.581861
16.003264932395773 10370788521.377926 -10370755432.556627
16.003267911231138 10417063067.19545 -10417029919.39584
16.003270890066506 10463606393.881681 -10463573186.919544
16.003273868901871 10510420425.475126 -10510387159.165426
16.00327684773724 10557507102.391727 -10557473776.548599
16.003279826572605 10604868381.58646 -10604834996.023207
16.003282805407974 10652506236.716831 -10652472791.245916
16.003285784243339 10700422658.308174 -10700389152.74122
16.003288763078707 10748619653.920784 -10748586088.068565
16.003291741914072 10797099248.318958 -10797065621.9914
16.003294720749441 10845863483.64192 -10845829796.648087
16.003297699584806 10894914419.576658 -10894880671.724752
16.003300678420175 10944254133.532806 -10944220324.630163
16.00330365725554 10993884720.819479 -10993850850.672562
16.003306636090908 11043808294.824076 -11043774363.23847
16.003309614926273 11094026987.193102 -11093992993.973511
16.003312593761642 11144542948.015091 -11144508892.96533
16.003315572597007 11195358346.005571 -11195324228.928562
16.003318551432372 11246475368.694229 -11246441189.391993
16.003321530267741 11297896222.614122 -11297861980.887777
16.003324509103106 11349623133.493147 -11349588829.142902
16.003327487938474 11401658346.447615 -11401623979.272766
16.003330466773839 11454004126.178091 -11453969695.977013
16.003333445609208 11506662757.167433 -11506628263.737574
16.003336424444573 11559636543.881159 -11559601987.019037
16.003339403279941 11612927810.97014 -11612893190.471336
16.003342382115306 11666538903.475624 -11666504219.134775
16.003345360950675 11720472187.036596 -11720437438.647394
16.00334833978604 11774730048.099569 -11774695235.45475
16.003351318621409 11829314894.130743 -11829280017.022083
16.003354297456774 11884229153.830734 -11884194212.049046
16.003357276292142 11939475277.351742 -11939440270.686865
16.003360255127507 11995055736.5172 -11995020664.757999
16.003363233962876 12050973025.044088 -12050937887.978445
16.003366212798241 12107229658.767735 -12107194456.182539
16.00336919163361 12163828175.869301 -12163792907.550451
16.003372170468975 12220771137.105928 -12220735802.83832
16.003375149304343 12278061126.043577 -12278025725.611101
16.003378128139708 12335700749.292576 -12335665282.478107
16.003381106975077 12393692636.745958 -12393657103.331354
16.003384085810442 12452039441.820648 -12452003841.58674
16.003387064645811 12510743841.701395 -12510708174.427982
16.003390043481176 12569808537.587664 -12569772803.053509
16.003393022316544 12629236254.943398 -12629200452.926218
16.003396001151909 12689029743.749706 -12688993874.026167
16.003398979987278 12749191778.760693 -12749155841.106403
16.003401958822643 12809725159.762205 -12809689153.95171
16.003404937658011 12870632711.833662 -12870596637.640434
16.003407916493376 12931917285.613031 -12931881142.809467
16.003410895328745 12993581757.564993 -12993545545.922407
16.00341387416411 13055629030.25219 -13055592749.540804
16.003416852999479 13118062032.609816 -13118025682.598757
16.003419831834844 13180883720.223475 -13180847300.680763
16.003422810670212 13244097075.610361 -13244060586.30291
16.003425789505577 13307705108.503788 -13307668549.19739
16.003428768340942 13371710856.141171 -13371674226.600492
16.003431747176311 13436117383.555542 -13436080683.544119
16.003434726011676 13500927783.870491 -13500891013.150721
16.003437704847045 13566145178.598684 -13566108336.931818
16.00344068368241 13631772717.943977 -13631735805.090113
16.003443662517778 13697813581.107243 -13697776596.825317
16.003446641353143 13764270976.595865 -13764233920.643648
16.003449620188512 13831148142.536978 -13831111014.671062
16.003452599023877 13898448346.99461 -13898411146.970409
16.003455577859246 13966174888.290537 -13966137615.862272
16.003458556694611 14034331095.329165 -14034293750.249859
16.003461535529979 14102920327.926369 -14102882909.947842
16.003464514365344 14171945977.14234 -14171908486.015196
16.003467493200713 14241411465.618469 -14241373901.092093
16.003470472036078 14311320247.918451 -14311282609.740999
16.003473450871446 14381675810.873583 -14381638098.791975
16.003476429706812 14452481673.932171 -14452443887.692083
16.00347940854218 14523741389.513418 -14523703528.859274
16.003482387377545 14595458543.365561 -14595420608.040524
16.003485366212914 14667636754.928499 -14667598744.674467
16.003488345048279 14740279677.700796 -14740241592.258387
16.003491323883647 14813390999.611361 -14813352838.719908
16.003494302719012 14886974443.395788 -14886936206.793335
16.003497281554381 14961033766.977242 -14960995454.400526
16.003500260389746 15035572763.852171 -15035534375.036625
16.003503239225115 15110595263.480822 -15110556798.160557
16.00350621806048 15186105131.682564 -15186066589.590366
16.003509196895848 15262106271.036261 -15262067651.903582
16.003512175731213 15338602621.285547 -15338563924.842493
16.003515154566582 15415598159.74929 -15415559385.724615
16.003518133401947 15493096901.737185 -15493058049.85828
16.003521112237316 15571102900.97051 -15571063970.963398
16.003524091072681 15649620250.008335 -15649581241.597658
16.003527069908049 15728653080.678942 -15728613993.587952
16.003530048743414 15808205564.516867 -15808166398.467421
16.003533027578783 15888281913.20537 -15888242667.917915
16.003536006414148 15968886379.024487 -15968847054.21806
16.003538985249513 16050023255.304855 -16049983850.697062
16.003541964084881 16131696876.887222 -16131657392.194237
16.003544942920247 16213911620.587898 -16213872055.524448
16.003547921755615 16296671905.670155 -16296632259.949514
16.00355090059098 16379982194.32164 -16379942467.655621
16.003553879426349 16463846992.13784 -16463807184.236782
16.003556858261714 16548270848.611698 -16548230959.184454
16.003559837097082 16633258357.629616 -16633218386.383549
16.003562815932447 16718814157.973902 -16718774104.61487
16.003565794767816 16804942933.831528 -16804902798.063877
16.003568773603181 16891649415.309551 -16891609196.836105
16.00357175243855 16978938378.957201 -16978898077.47925
16.003574731273915 17066814648.294596 -17066774263.511885
16.003577710109283 17155283094.348467 -17155242625.959188
16.003580688944648 17244348636.194736 -17244308083.895519
16.003583667780017 17334016241.508141 -17333975604.994038
16.003586646615382 17424290927.119053 -17424250206.08353
16.003589625450751 17515177759.577641 -17515136953.71257
16.003592604286116 17606681855.725277 -17606640964.720921
16.003595583121484 17698808383.273468 -17698767406.81847
16.003598561956849 17791562561.390392 -17791521499.171768
16.003601540792218 17884949661.295174 -17884908512.998299
16.003604519627583 17978975006.85981 -17978933772.168407
16.003607498462951 18073643975.219147 -18073602653.815277
16.003610477298317 18168961997.388882 -18168920588.952934
16.003613456133685 18264934558.891743 -18264893063.102417
16.00361643496905 18361567200.391739 -18361525616.926044
16.003619413804419 18458865518.336903 -18458823846.870132
16.003622392639784 18556835165.610802 -18556793405.816528
16.003625371475152 18655481852.192753 -18655440003.742821
16.003628350310517 18754811345.826508 -18754769408.391018
16.003631329145886 18854829472.697723 -18854787445.945015
16.003634307981251 18955542118.120899 -18955500001.717545
16.00363728681662 19056955227.235462 -19056913020.846252
16.003640265651985 19159074805.710907 -19159032508.99884
16.003643244487353 19261906920.461586 -19261864533.087856
16.003646223322718 19365457700.370995 -19365415221.994976
16.003649202158083 19469733337.025906 -19469690767.305141
16.003652180993452 19574740085.460258 -19574697424.050446
16.003655159828817 19680484264.909363 -19680441511.464348
16.003658138664186 19786972259.574074 -19786929413.745827
16.003661117499551 19894210519.395187 -19894167580.833797
16.003664096334919 20002205560.838917 -20002162529.192574
16.003667075170284 20110963967.692596 -20110920842.607582
16.003670054005653 20220492391.871212 -20220449172.991886
16.003673032841018 20330797554.235199 -20330754241.203987
16.003676011676387 20441886245.4188 -20441842837.876171
16.003678990511752 20553765326.670452 -20553721824.254917
16.00368196934712 20666441730.704487 -20666398133.05257
16.003684948182485 20779922462.564365 -20779878769.310608
16.003687927017854 20894214600.497887 -20894170811.274815
16.003690905853219 21009325296.844414 -21009281411.282536
16.003693884688587 21125261778.934471 -21125217796.662258
16.003696863523952 21242031350.001781 -21241987270.64566
16.003699842359321 21359641390.107536 -21359597213.291862
16.003702821194686 21478099357.077869 -21478055082.424919
16.003705800030055 21597412787.454365 -21597368414.58432
16.00370877886542 21717589297.45763 -21717544825.988567
16.003711757700788 21838636583.964207 -21838592013.51207
16.003714736536153 21960562425.497238 -21960517755.675835
16.003717715371522 22083374683.231159 -22083329913.652142
16.003720694206887 22207081302.010117 -22207036432.282967
16.003723673042256 22331690311.380749 -22331645341.112755
16.003726651877621 22457209826.639877 -22457164755.436131
16.003729630712989 22583648049.896404 -22583602877.359772
16.003732609548354 22711013271.148441 -22710967996.879555
16.003735588383723 22839313869.375755 -22839268492.972996
16.003738567219088 22968558313.64756 -22968512834.707039
16.003741546054457 23098755164.245846 -23098709582.361389
16.003744524889822 23229913073.804813 -23229867388.567944
16.00374750372519 23362040788.466579 -23361994999.466499
16.003750482560555 23495147149.053307 -23495101255.876884
16.003753461395924 23629241092.255962 -23629195094.487713
16.003756440231289 23764331651.840088 -23764285549.062153
16.003759419066654 23900427959.868771 -23900381751.660904
16.003762397902022 24037539247.943333 -24037492933.882877
16.003765376737388 24175674848.461884 -24175628428.123764
16.003768355572756 24314844195.895786 -24314797668.852478
16.003771334408121 24455056828.084507 -24455010193.906033
16.00377431324349 24596322387.549393 -24596275645.803288
16.003777292078855 24738650622.826191 -24738603773.077496
16.003780270914223 24882051389.817169 -24882004431.62841
16.003783249749588 25026534653.162308 -25026487586.093472
16.003786228584957 25172110487.631008 -25172063311.239525
16.003789207420322 25318789079.534271 -25318741793.375
16.003792186255691 25466580728.156796 -25466533331.782001
16.003795165091056 25615495847.210148 -25615448340.169483
16.003798143926424 25765544966.307526 -25765497348.148006
16.003801122761789 25916738732.460064 -25916691002.726051
16.003804101597158 26069087911.595299 -26069040069.828487
16.003807080432523 26222603390.097439 -26222555435.836823
16.003810059267892 26377296176.370708 -26377248109.152569
16.003813038103257 26533177402.425884 -26533129221.783768
16.003816016938625 26690258325.490028 -26690210030.95472
16.00381899577399 26848550329.640575 -26848501920.740086
16.003821974609359 27008064927.463425 -27008016403.722969
16.003824953444724 27168813761.735271 -27168765122.677242
16.003827932280092 27330808607.13121 -27330759852.275154
16.003830911115458 27494061371.958389 -27494012500.820992
16.003833889950826 27658584099.91518 -27658535112.010235
16.003836868786191 27824388971.876766 -27824339866.715164
16.00383984762156 27991488307.707405 -27991439084.797096
16.003842826456925 28159894568.100475 -28159845226.946461
16.003845805292293 28329620356.445744 -28329570896.550045
16.003848784127658 28500678420.724705 -28500628841.586346
16.003851762963027 28673081655.434616 -28673031956.549591
16.003854741798392 28846843103.541931 -28846793284.403187
16.003857720633761 29021975958.465664 -29021926018.563076
16.003860699469126 29198493566.090405 -29198443504.910751
16.003863678304494 29376409426.809879 -29376359243.836815
16.003866657139859 29555737197.602482 -29555686892.316513
16.003869635975224 29736490694.137859 -29736440266.016327
16.003872614810593 29918683892.916019 -29918633341.433064
16.003875593645958 30102330933.438923 -30102280258.06546
16.003878572481327 30287446120.416122 -30287395320.619827
16.003881551316692 30474043926.00383 -30473993001.249104
16.00388453015206 30662138992.078316 -30662087941.826252
16.003887508987425 30851746132.545174 -30851694956.253548
16.003890487822794 31042880335.68425 -31042829032.807484
16.003893466658159 31235556766.529804 -31235505336.518932
16.003896445493528 31429790769.289383 -31429739211.592041
16.003899424328893 31625597869.7994 -31625546183.859783
16.003902403164261 31822993778.018898 -31822941963.27774
16.003905381999626 32021994390.563137 -32021942446.457684
16.003908360834995 32222615793.275944 -32222563719.239918
16.00391133967036 32424874263.84288 -32424822059.306461
16.003914318505728 32628786274.445248 -32628733938.835033
16.003917297341093 32834368494.45639 -32834316027.195377
16.003920276176462 33041637793.179943 -33041585193.687489
16.003923255011827 33250611242.631618 -33250558510.323418
16.003926233847196 33461306120.365356 -33461253254.653404
16.003929212682561 33673739912.344017 -33673686912.636585
16.003932191517929 33887930315.855999 -33887877181.557602
16.003935170353294 34103895242.477962 -34103841972.989326
16.003938149188663 34321652821.085014 -34321599415.803051
16.003941128024028 34541221400.908501 -34541167859.226265
16.003944106859397 34762619554.643745 -34762565875.950409
16.003947085694762 34985866081.607666 -34985812265.28849
16.00395006453013 35210980010.946144 -35210926056.382446
16.003953043365495 35437980604.89357 -35437926511.462677
16.003956022200864 35666887362.085014 -35666833129.160248
16.003959001036229 35897720020.922348 -35897665647.872971
16.003961979871598 36130498562.995323 -36130444049.186523
16.003964958706963 36365243216.557602 -36365188561.350449
16.003967937542331 36601974460.058556 -36601919662.809967
16.003970916377696 36840713025.7341 -36840658085.796806
16.003973895213065 37081479903.25589 -37081424819.978409
16.00397687404843 37324296343.438751 -37324241116.165329
16.003979852883795 37569183862.010796 -37569128490.08139
16.003982831719163 37816164243.445198 -37816108726.195435
16.003985810554529 38065259544.854538 -38065203881.615677
16.003988789389897 38316492099.949585 -38316436290.048485
16.003991768225262 38569884523.063255 -38569828565.822327
16.003994747060631 38825459713.241455 -38825403607.97863
16.003997725895996 39083240858.401436 -39083184604.43013
16.004000704731364 39343251439.560249 -39343195036.189308
16.004003683566729 39605515235.133308 -39605458681.666992
16.004006662402098 39870056325.303947 -39869999621.04187
16.004009641237463 40136899096.467209 -40136842240.704315
16.004012620072832 40406068245.747635 -40406011237.774147
16.004015598908197 40677588785.592072 -40677531624.693451
16.004018577743565 40951486048.440353 -40951428733.897255
16.00402155657893 41227785691.476524 -41227728222.564758
16.004024535414299 41506513701.459953 -41506456077.450455
16.004027514249664 41787696399.634735 -41787638619.793503
16.004030493085033 42071360446.725662 -42071302510.313721
16.004033471920398 42357532848.019173 -42357474754.292542
16.004036450755766 42646240958.528984 -42646182706.738609
16.004039429591131 42937512488.251045 -42937454077.642776
16.0040424084265 43231375507.509041 -43231316937.32357
16.004045387261865 43527858452.390938 -43527799721.863762
16.004048366097233 43826990130.278687 -43826931238.64006
16.004051344932599 44128799725.473732 -44128740671.948616
16.004054323767967 44433316804.918907 -44433257588.726936
16.004057302603332 44740571324.018951 -44740511944.374359
16.004060281438701 45050593632.563332 -45050534088.674927
16.004063260274066 45363414480.750961 -45363354771.822075
16.004066239109434 45679065025.319092 -45679005150.547516
16.004069217944799 45997576835.780029 -45997516794.357979
16.004072196780168 46318981900.766235 -46318921691.880295
16.004075175615533 46643312634.485558 -46643252257.31662
16.004078154450902 46970601883.292351 -46970541337.015579
16.004081133286267 47300882932.372215 -47300822216.156982
16.004084112121635 47634189512.544708 -47634128625.554543
16.004087090957 47970555807.187241 -47970494748.579781
16.004090069792365 48310016459.280472 -48309955228.207405
16.004093048627734 48652606578.577911 -48652545174.184921
16.004096027463099 48998361748.904976 -48998300170.331696
16.004099006298468 49347318035.584991 -49347256281.964935
16.004101985133833 49699511992.999268 -49699450063.459778
16.004104963969201 50054980672.284058 -50054918565.946243
16.004107942804566 50413761629.163322 -50413699345.142021
16.004110921639935 50775892931.922813 -50775830469.326508
16.0041139004753 51141413169.52597 -51141350527.456741
16.004116879310669 51510361459.878822 -51510298637.432281
16.004119858146034 51882777458.244202 -51882714454.509445
16.004122836981402 52258701365.806847 -52258638179.866371
16.004125815816767 52638173938.394424 -52638110569.324097
16.004128794652136 53021236495.357903 -53021172942.226868
16.004131773487501 53407930928.611969 -53407867190.482597
16.004134752322869 53798299711.842995 -53798235787.770821
16.004137731158234 54192385909.884918 -54192321798.918571
16.004140709993603 54590233188.265961 -54590168889.447113
16.004143688828968 54991885822.931351 -54991821335.294617
16.004146667664337 55397388710.146965 -55397324032.719872
16.004149646499702 55806787376.586029 -55806722508.388931
16.00415262533507 56220127989.598999 -56220062929.645012
16.004155604170435 56637457367.676476 -56637392114.971397
16.004158583005804 57058822991.107353 -57058757544.649612
16.004161561841169 57484273012.83429 -57484207371.614853
16.004164540676538 57913856269.51413 -57913790432.516449
16.004167519511903 58347622292.782951 -58347556258.98288
16.004170498347271 58785621320.732376 -58785555089.098091
16.004173477182636 59227904309.604553 -59227837879.096497
16.004176456018005 59674522945.703773 -59674456315.274559
16.00417943485337 60125529657.535904 -60125462826.130241
16.004182413688739 60580977628.178604 -60580910594.733238
16.004185392524104 61040920807.88401 -61040853571.327629
16.004188371359472 61505413926.921234 -61505346486.174385
16.004191350194837 61974512508.66523 -61974444862.640251
16.004194329030206 62448272882.93576 -62448205030.536697
16.004197307865571 62926752199.58976 -62926684139.712273
16.004200286700936 63410008442.37677 -63409940173.908066
16.004203265536304 63898100443.060135 -63898031964.878868
16.004206244371669 64391087895.809982 -64391019206.786186
16.004209223207038 64889031371.87516 -64888962470.870132
16.004212202042403 65391992334.540848 -65391923220.407097
16.004215180877772 65900033154.374931 -65899963825.956062
16.004218159713137 66413217124.770103 -66413147580.900742
16.004221138548505 66931608477.79245 -66931538717.298141
16.00422411738387 67455272400.337471 -67455202422.034599
16.004227096219239 67984275050.603149 -67984204853.298836
16.004230075054604 68518683574.888893 -68518613157.380898
16.004233053889973 69058566124.723755 -69058495485.8004
16.004236032725338 69603991874.33078 -69603921012.770828
16.004239011560706 70155031038.439362 -70154959953.011932
16.004241990396071 70711754890.454117 -70711683579.918594
16.00424496923144 71274235780.979446 -71274164244.085358
16.004247948066805 71842547156.713654 -71842475392.200592
16.004250926902174 72416763579.724762 -72416691586.322266
16.004253905737539 72996960747.107742 -72996888523.535187
16.004256884572907 73583215511.042297 -73583143056.008804
16.004259863408272 74175605899.249603 -74175533211.453918
16.004262842243641 74774211135.863373 -74774138213.993774
16.004265821079006 75379111662.725037 -75379038505.459229
16.004268799914374 75990389161.1017 -75990315767.106674
16.004271778749739 76608126573.854462 -76608052941.786392
16.004274757585108 77232408128.060776 -77232334256.564926
16.004277736420473 77863319358.091736 -77863245245.802322
16.004280715255842 78500947129.165817 -78500872774.705902
16.004283694091207 79145379661.379547 -79145305063.360916
16.004286672926575 79796706554.240189 -79796631711.263245
16.00428965176194 80455018811.699463 -80454943722.353073
16.004292630597309 81120408867.708664 -81120333530.570068
16.004295609432674 81792970612.302017 -81792895025.936676
16.004298588268043 82472799418.218826 -82472723581.180313
16.004301567103408 83159992168.085236 -83159916078.9151
16.004304545938776 83854647282.161118 -83854570939.388763
16.004307524774141 84556864746.666641 -84556788148.809174
16.004310503609506 85266746142.708527 -85266669288.27063
16.004313482444875 85984394675.813354 -85984317563.28717
16.00431646128024 86709915206.080536 -86709837833.945511
16.004319440115609 87443414278.971817 -87443336645.69458
16.004322418950974 88185000156.753815 -88184922260.78801
16.004325397786342 88934782850.614807 -88934704690.40097
16.004328376621707 89692874153.459167 -89692795727.424576
16.004331355457076 90459387673.407959 -90459308979.966476
16.004334334292441 91234438868.013992 -91234359905.565933
16.004337313127809 92018145079.213287 -92018065846.145264
16.004340291963175 92810625569.026398 -92810546063.711151
16.004343270798543 93612001556.033539 -93611921776.829803
16.004346249633908 94422396252.638016 -94422316197.890366
16.004349228469277 95241934903.137207 -95241854571.175858
16.004352207304642 96070744822.61972 -96070664211.760406
16.00435518614001 96908955436.721024 -96908874545.264832
16.004358164975375 97756698322.237152 -97756617148.470337
16.004361143810744 98614107248.630997 -98614025790.824829
16.004364122646109 99481318220.455475 -99481236476.866058
16.004367101481478 100358469520.70924 -100358387489.57733
16.004370080316843 101245701755.15033 -101245619434.70119
16.004373059152211 102143157897.59294 -102143075286.03615
16.004376037987576 103050983336.20677 -103050900431.73602
16.004379016822945 103969325920.85146 -103969242721.64439
16.00438199565831 104898336011.46956 -104898252515.68758
16.004384974493679 105838166527.56209 -105838082733.35016
16.004387953329044 106788972998.78154 -106788888904.26801
16.004390932164412 107750913616.65198 -107750829219.94838
16.004393910999777 108724149287.46729 -108724064586.66815
16.004396889835146 109708843686.37428 -109708758679.55695
16.004399868670511 110705163312.69392 -110705077997.91827
16.004402847505879 111713277546.50099 -111713191921.80931
16.004405826341245 112733358706.49986 -112733272769.91661
16.004408805176613 113765582109.21513 -113765495858.74672
16.004411784011978 114810126129.54634 -114810039563.18094
16.004414762847343 115867172262.71577 -115867085378.42307
16.004417741682712 116936905187.64366 -116936817983.37465
16.004420720518077 118019512831.79622 -118019425305.48299
16.004423699353445 119115186437.53244 -119115098587.08792
16.00442667818881 120224120629.99573 -120224032453.31348
16.004429657024179 121346513486.59492 -121346424981.5489
16.004432635859544 122482566608.1097 -122482477772.554
16.004435614694913 123632485191.45752 -123632396023.22615
16.004438593530278 124796478104.18947 -124796388601.09612
16.004441572365646 125974757960.73073 -125974668120.56847
16.004444551201011 127167541200.42612 -127167451020.96721
16.00444753003638 128375048167.44409 -128374957646.4397
16.004450508871745 129597503192.57838 -129597412327.7583
16.004453487707114 130835134677.01025 -130835043466.08269
16.004456466542479 132088175178.06621 -132088083618.71745
16.004459445377847 133356861497.03735 -133356769586.93155
16.004462424213212 134641434769.12386 -134641342505.90271
16.004465403048581 135942140555.5396 -135942047936.8221
16.004468381883946 137259228937.84875 -137259135961.2309
16.004471360719315 138592954614.60074 -138592861277.65521
16.00447433955468 139943577000.31235 -139943483300.58829
16.004477318390048 141311360326.87088 -141311266261.89349
16.004480297225413 142696573747.42508 -142696479314.6954
16.004483276060782 144099491442.83267 -144099396639.82724
16.004486254896147 145520392730.73367 -145520297554.90424
16.004489233731515 146959562177.29105 -146959466626.06418
16.00449221256688 148417289711.74338 -148417193782.52026
16.004495191402249 149893870743.78067 -149893774433.93668
16.004498170237614 151389606283.84232 -151389509590.72668
16.004501149072983 152904803066.4754 -152904705987.41098
16.004504127908348 154439773676.72104 -154439676209.00381
16.004507106743716 155994836679.71658 -155994738820.61545
16.004510085579081 157570316753.5921 -157570218500.34842
16.00451306441445 159166544825.67395 -159166446175.50122
16.004516043249815 160783858212.20374 -160783759162.28726
16.004519022085184 162422600761.57794 -162422501309.0744
16.004522000920549 164083123001.26871 -164083023143.30582
16.004524979755914 165765782288.50497 -165765682022.18103
16.004527958591282 167470942964.85651 -167470842287.24011
16.004530937426647 169198976514.77902 -169198875422.9086
16.004533916262016 170950261728.23691 -170950160219.12033
16.004536895097381 172725184867.58704 -172725082938.2012
16.00453987393275 174524139838.79871 -174524037486.08914
16.004542852768115 176347528367.11606 -176347425587.99646
16.004545831603483 178195760177.36911 -178195656968.72092
16.004548810438848 180069253179.00443 -180069149537.67639
16.004551789274217 181968433655.99789 -181968329578.80566
16.004554768109582 183893736461.78683 -183893631945.51245
16.00455774694495 185845605219.37781 -185845500260.76929
16.004560725780316 187824492526.76691 -187824387122.53772
16.004563704615684 189830860167.85391 -189830754314.68256
16.004566683451049 191865179329.01294 -191865073023.54242
16.004569662286418 193927930821.48621 -193927824060.32355
16.004572641121783 196019605309.77917 -196019498089.49493
16.004575619957151 198140703546.20169 -198140595863.32944
16.004578598792516 200291736611.81641 -200291628462.8522
16.004581577627885 202473226163.91153 -202473117545.31339
16.00458455646325 204685704690.23978 -204685595598.42712
16.004587535298619 206929715770.2897 -206929606201.64285
16.004590514133984 209205814343.64343 -209205704294.50302
16.004593492969352 211514566985.7814 -211514456452.44781
16.004596471804717 213856552191.53644 -213856441170.26923
16.004599450640086 216232360666.40482 -216232249153.42209
16.004602429475451 218642595625.98404 -218642483617.46191
16.00460540831082 221087873103.78546 -221087760595.85745
16.004608387146185 223568822267.65826 -223568709256.41461
16.004611365981553 226086085745.12137 -226085972226.60843
16.004614344816918 228640319957.92285 -228640205928.14249
16.004617323652287 231232195466.06601 -231232080920.97491
16.004620302487652 233862397321.58112 -233862282257.09018
16.00462328132302 236531625432.40543 -236531509844.37897
16.004626260158386 239240594936.70776 -239240478820.96292
16.004629238993754 241990036587.96274 -241989919940.26874
16.004632217829119 244780697151.11893 -244780579967.19638
16.004635196664484 247613339810.22964 -247613222085.74982
16.004638175499853 250488744587.91571 -250488626318.49976
16.004641154335218 253407708777.04837 -253407589958.2666
16.004644133170586 256371047385.05432 -256370928012.42545
16.004647112005951 259379593591.22931 -259379473660.2196
16.00465009084132 262434199217.55151 -262434078723.5741
16.004653069676685 265535735213.38861 -265535614151.80252
16.004656048512054 268685092154.59903 -268684970520.7085
16.004659027347419 271883180757.47586 -271883058546.52942
16.004662006182787 275130932407.98706 -275130809615.17664
16.004664985018152 278429299706.99854 -278429176327.45868
16.004667963853521 281779257031.75574 -281779133060.56268
16.004670942688886 285181801114.36743 -285181676546.53815
16.004673921524255 288637951637.8277 -288637826468.31897
16.00467690035962 292148751850.13776 -292148626073.84521
16.004679879194988 295715269197.27472 -295715142809.03198
16.004682858030353 299338595975.45782 -299338468970.0354
16.004685836865722 303019850003.43591 -303019722375.54022
16.004688815701087 306760175315.59723 -306760047059.86963
16.004691794536456 310560742876.45868 -310560613987.47437
16.004694773371821 314422751317.46936 -314422621789.73633
16.004697752207189 318347427696.71313 -318347297524.67108
16.004700731042554 322336028282.40973 -322335897460.42896
16.004703709877923 326389839361.13159 -326389707883.51184
16.004706688713288 330510178071.50348 -330510045932.47278
16.004709667548656 334698393264.34906 -334698260458.06262
16.004712646384021 338955866390.09216 -338955732910.6311
16.00471562521939 343284012414.52887 -343283878255.89899
16.004718604054755 347684280764.02289 -347684145920.1535
16.004721582890124 352158156300.91071 -352158020765.65326
16.004724561725489 356707160330.60059 -356707024097.72748
16.004727540560857 361332851641.24854 -361332714704.45166
16.004730519396222 366036827577.17047 -366036689930.05994
16.004733498231591 370820725147.54602 -370820586783.64874
16.004736477066956 375686222171.35144 -375686083084.10968
16.004739455902325 380635038460.09131 -380634898642.86139
16.00474243473769 385668937039.41864 -385668796485.46936
16.004745413573055 390789725411.40479 -390789584113.91583
16.004748392408423 395999256859.00562 -395999114811.06616
16.004751371243788 401299431794.1748 -401299288988.78192
16.004754350079157 406692199151.05237 -406692055581.10938
16.004757328914522 412179557826.23572 -412179413484.55054
16.004760307749891 417763558168.04559 -417763413047.32916
16.004763286585256 423446303516.12634 -423446157608.99084
16.004766265420624 429229951793.66785 -429229805092.62494
16.004769244255989 435116717154.3703 -435116569651.82935
16.004772223091358 441108871686.12708 -441108723374.39337
16.004775201926723 447208747173.42413 -447208598044.69702
16.004778180762091 453418736921.00024 -453418586967.37109
16.004781159597457 459741297641.16333 -459741146854.61377
16.004784138432825 466178951407.22382 -466178799779.62372
16.00478711726819 472734287675.17053 -472734135198.27582
16.004790096103559 479409965377.1897 -479409812042.64038
16.004793074938924 486208715089.31982 -486208560888.63788
16.004796053774292 493133341276.18567 -493133186200.77289
16.004799032609657 500186724615.85968 -500186568656.9953
16.004802011445026 507371824408.49139 -507371667557.32996
16.004804990280391 514691681071.81476 -514691523319.38379
16.00480796911576 522149418726.80469 -522149260064.0022
16.004810947951125 529748247877.32434 -529748088294.9165
16.004813926786493 537491468188.16779 -537491307676.78638
16.004816905621858 545382471364.64832 -545382309914.78815
16.004819884457227 553424744138.60547 -553424581740.62183
16.004822863292592 561621871364.75085 -561621708008.85681
16.004825842127961 569977539232.2937 -569977374908.55737
16.004828820963326 578495538596.42871 -578495373294.77039
16.004831799798694 587179768435.46753 -587179602145.65698
16.004834778634059 596034239437.26794 -596034072148.92114
16.004837757469428 605063077722.27502 -605062909424.85156
16.004840736304793 614270528708.10364 -614270359390.90344
16.004843715140161 623660961120.90576 -623660790773.06567
16.004846693975527 633238871162.12646 -633238699772.61755
16.004849672810895 643008886835.52527 -643008714393.14905
16.00485265164626 652975772441.05725 -652975598934.44263
16.004855630481625 663144433244.52637 -663144258662.12585
16.004858609316994 673519920329.6958 -673519744659.7821
16.004861588152359 684107435641.13171 -684107258871.79407
16.004864566987727 694912337225.88306 -694912159345.02344
16.004867545823092 705940144683.59155 -705939965678.9209
16.004870524658461 717196544833.54211 -717196364692.57617
16.004873503493826 728687397609.05432 -728687216319.10999
16.004876482329195 740418742188.48523 -740418559736.67603
16.00487946116456 752396803374.43311 -752396619747.66516
16.004882439999928 764627998232.50769 -764627813417.47546
16.004885418835293 777118943000.71484 -777118756983.89624
16.004888397670662 789876460282.63367 -789876273050.28589
16.004891376506027 802907586537.03345 -802907398075.18799
16.004894355341396 816219579878.32666 -816219390172.78442
16.004897334176761 829819928202.70276 -829819737239.02942
16.004900313012129 843716357653.0896 -843716165416.61023
16.004903291847494 857916841440.32202 -857916647916.11597
16.004906270682863 872429609038.32983 -872429414211.22534
16.004909249518228 887263155769.34192 -887262959623.91052
16.004912228353597 902426252798.6676 -902426055319.21851
16.004915207188962 917927957559.396 -917927758729.97034
16.00491818602433 933777624626.17456 -933777424430.53931
16.004921164859695 949984917061.3313 -949984715482.97302
16.004924143695064 966559818256.40259 -966559615278.52136
16.004927122530429 983512644291.55286 -983512439897.05554
16.004930101365797 1000854056840.4598 -1000853851011.9535
16.004933080201162 1018595076647.4307 -1018594869367.2156
16.004936059036531 1036747097605.1417 -1036746888855.2046
16.004939037871896 1055321901462.3688 -1055321691224.3752
16.004942016707265 1074331673193.1593 -1074331461448.4465
16.00494499554263 1093789017063.274 -1093788803792.8429
16.004947974377998 1113706973427.8569 -1113706758612.3645
16.004950953213363 1134099036296.5564 -1134098819916.3071
16.004953932048732 1154979171708.4824 -1154978953743.4202
16.004956910884097 1176361836958.283 -1176361617387.9827
16.004959889719466 1198262000715.884 -1198261779519.542
16.004962868554831 1220695164087.6997 -1220694941244.1255
16.004965847390196 1243677382669.4751 -1243677158157.0811
16.004968826225564 1267225289641.1416 -1267225063437.9336
16.004971805060929 1291356119967.801 -1291355892051.3689
16.004974783896298 1316087735751.9016 -1316087506099.4084
16.004977762731663 1341438652806.4524 -1341438421394.6235
16.004980741567032 1367428068518.7004 -1367427835323.8132
16.004983720402397 1394075891071.6152 -1394075656069.4871
16.004986699237765 1421402770096.2615 -1421402533262.2385
16.00498967807313 1449430128835.4958 -1449429890144.4412
16.004992656908499 1478180197899.554 -1478179957325.8347
16.004995635743864 1507676050711.252 -1507675808228.7271
16.004998614579232 1537941640725.2808 -1537941396307.2876
16.005001593414597 1569001840525.0308 -1569001594144.3713
16.005004572249966 1600882482909.6968 -1600882234538.6238
16.005007551085331 1633610404079.4749 -1633610153689.677
16.0050105299207 1667213489045.6001 -1667213236608.1877
16.005013508756065 1701720719381.7922 -1701720464867.2812
16.005016487591433 1737162223464.5154 -1737161966842.8113
16.005019466426798 1773569329350.2166 -1773569070590.5979
16.005022445262167 1810974620439.2202 -1810974359510.3218
16.005025424097532 1849411994092.1631 -1849411730961.9585
16.005028402932901 1888916723371.96 -1888916458007.7427
16.005031381768266 1929525522107.5239 -1929525254475.8889
16.005034360603634 1971276613479.7524 -1971276343546.5764
16.005037339438999 2014209802341.1431 -2014209530071.5645
16.005040318274368 2058366551491.9927 -2058366276850.3904
16.005043297109733 2103790062173.4834 -2103789785123.4558
16.005046275945102 2150525359024.8457 -2150525079529.1875
16.005049254780467 2198619379790.6211 -2198619097811.3008
16.005052233615835 2248121070080.7393 -2248120785578.8745
16.0050552124512 2299081483499.1558 -2299081196434.9888
16.005058191286569 2351553887484.6494 -2351553597817.521
16.005061170121934 2405593875235.4697 -2405593582923.793
16.005064148957302 2461259484102.9346 -2461259189104.1665
16.005067127792667 2518611320886.0449 -2518611023156.6587
16.005070106628036 2577712694471.3311 -2577712393966.7852
16.005073085463401 2638629756300.2104 -2638629452974.9185
16.005076064298766 2701431649217.0371 -2701431343024.3345
16.005079043134135 2766190665227.9453 -2766190356120.0576
16.0050820219695 2832982412772.5469 -2832982100700.5537
16.005085000804868 2901885994180.3203 -2901885679094.1206
16.005087979640233 2972984193989.5444 -2972983875837.8184
16.005090958475602 3046363678874.3867 -3046363357604.5566
16.005093937310967 3122115210016.2559 -3122114885574.4463
16.005096916146336 3200333868788.5981 -3200333541119.5947
16.005099894981701 3281119296649.2964 -3281118965696.5005
16.005102873817069 3364575950293.6748 -3364575615999.0596
16.005105852652434 3450813373182.3379 -3450813035486.4004
16.005108831487803 3539946484564.6675 -3539946143406.3799
16.005111810323168 3632095887342.7969 -3632095542659.5547
16.005114789158537 3727388196105.5747 -3727387847833.1436
16.005117767993902 3825956386864.0273 -3825956034936.4873
16.00512074682927 3927940170091.3496 -3927939814441.0376
16.005123725664635 4033486388817.646 -4033486029375.0957
16.005126704500004 4142749443661.4668 -4142749080355.3447
16.005129683335369 4255891746905.3843 -4255891379662.4248
16.005132662170737 4373084207821.2192 -4373083836566.1558
16.005135641006103 4494506751670.7275 -4494506376326.2207
16.005138619841471 4620348875045.4043 -4620348495531.9668
16.005141598676836 4750810240427.2109 -4750809856663.1299
16.005144577512205 4886101313057.3086 -4886100924958.5645
16.00514755634757 5026444043473.6963 -5026443650953.876
16.005150535182938 5172072599568.2559 -5172072202538.4639
16.005153514018303 5323234152119.4043 -5323233750488.1709
16.005156492853672 5480189718182.5469 -5480189311855.7266
16.005159471689037 5643215067225.833 -5643214656106.5068
16.005162450524406 5812601695245.8408 -5812601279234.2051
16.005165429359771 5988657872603.6025 -5988657451596.8574
16.005168408195139 6171709772013.3848 -6171709345905.6172
16.005171387030504 6362102683466.8838 -6362102252148.9434
16.005174365865873 6560202323695.1162 -6560201887054.4844
16.005177344701238 6766396248576.1572 -6766395806496.8115
16.005180323536607 6981095377588.9453 -6981094929951.2168
16.005183302371972 7204735640236.0176 -7204735186916.4404
16.005186281207337 7437779755715.9023 -7437779296587.0547
16.005189260042705 7680719157782.0625 -7680718692712.4014
16.00519223887807 7934076078389.1719 -7934075607242.8564
16.005195217713439 8198405804901.8496 -8198405327538.5586
16.005198196548804 8474299127196.0996 -8474298643470.8359
16.005201175384173 8762384992590.2529 -8762384502353.1396
16.005204154219538 9063333388846.6016 -9063332891942.666
16.005207133054906 9377858477281.1758 -9377857973550.123
16.005210111890271 9706722000341.9531 -9706721489617.9238
16.00521309072564 10050736991354.926 -10050736473466.246
16.005216069561005 10410771816310.586 -10410771291079.494
16.005219048396373 10787754581359.855 -10787754048602.225
16.005222027231738 11182677943893.404 -11182677403418.438
16.005225006067107 11596604368462.266 -11596603820072.182
16.005227984902472 12030671874918.594 -12030671318408.289
16.005230963737841 12486100330102.59 -12486099765259.285
16.005233942573206 12964198341794.68 -12964197768397.539
16.005236921408574 13466370820373.629 -13466370238193.359
16.005239900243939 13994127281058.795 -13994126689857.219
16.005242879079308 14549090969357.246 -14549090368886.854
16.005245857914673 15133008901983.59 -15133008291987.053
16.005248836750042 15747762927088.096 -15747762307297.758
16.005251815585407 16395381921804.465 -16395381291941.795
16.005254794420775 17078055258961.107 -17078054618736.119
16.00525777325614 17798147693814.277 -17798147042924.91
16.005260752091509 18558215838805.086 -18558215176936.539
