# serie phase 2 p7_w2.80_c1.20_dt2s4_k2 : t x1 x2 (dt2=2.3356694235983073e-06, depart t=4.1219999999999999 etat bascule x1 x2 v1 v2 = 1301.6406380572562 -1274.3589330389564 53345.666851376867 -53021.007298725643)
4.1854367815449303 4174416.252857029 -4174140.7526533287
4.1854391172143535 4181748.3405084331 -4181472.7021285621
4.1854414528837776 4189097.9175479123 -4188822.1408358421
4.1854437885532008 4196465.0367051018 -4196189.1215045294
4.1854461242226249 4203849.7509018565 -4203573.697056205
4.1854484598920481 4211252.1132530719 -4210975.9206054872
4.1854507955614721 4218672.1770675099 -4218395.8454608629
4.1854531312308954 4226109.9958486306 -4225833.5251255147
4.1854554669003194 4233565.6232954236 -4233289.0132981548
4.1854578025697426 4241039.1133032497 -4240762.3638738664
4.1854601382391659 4248530.5199646819 -4248253.6309449431
4.1854624739085899 4256039.8975703502 -4255762.8688017353
4.1854648095780131 4263567.3006097954 -4263290.1319335038
4.1854671452474372 4271112.7837723214 -4270835.4750292711
4.1854694809168604 4278676.4019478569 -4278398.9529786846
4.1854718165862845 4286258.2102278164 -4285980.6208728775
4.1854741522557077 4293858.2639059694 -4293580.5340053365
4.1854764879251318 4301476.6184793124 -4301198.7478727736
4.185478823594555 4309113.3296489445 -4308835.3181760022
4.1854811592639782 4316768.4533209475 -4316490.300820821
4.1854834949334023 4324442.0456072716 -4324163.7519188952
4.1854858306028255 4332134.1628266266 -4331855.7277886458
4.1854881662722496 4339844.8615053715 -4339566.284956147
4.1854905019416728 4347574.1983784167 -4347295.4801560203
4.1854928376110969 4355322.230390124 -4355043.3703323398
4.1854951732805201 4363089.014695216 -4362810.0126395384
4.1854975089499442 4370874.6086596847 -4370595.4644433195
4.1854998446193674 4378679.069861711 -4378399.7833215734
4.1855021802887906 4386502.4560925839 -4386223.0270652967
4.1855045159582147 4394344.8253576243 -4394065.2536795186
4.1855068516276379 4402206.2358771181 -4401926.5213842317
4.185509187297062 4410086.7460872484 -4409806.888615327
4.1855115229664852 4417986.4146410357 -4417706.4140255312
4.1855138586359093 4425905.3004092826 -4425625.1564853508
4.1855161943053325 4433843.4624815201 -4433563.1750840228
4.1855185299747566 4441800.9601669637 -4441520.5291304654
4.1855208656441798 4449777.8529954702 -4449497.2781542381
4.185523201313603 4457774.2007184997 -4457493.4819065044
4.1855255369830271 4465790.0633100867 -4465509.2003609994
4.1855278726524503 4473825.5009678081 -4473544.4937150031
4.1855302083218744 4481880.5741137657 -4481599.4223903148
4.1855325439912976 4489955.3433955638 -4489674.0470342394
4.1855348796607217 4498049.8696873002 -4497768.4285205733
4.1855372153301449 4506164.2140905568 -4505882.6279505976
4.185539550999569 4514298.437935398 -4514016.7066540718
4.1855418866689922 4522452.6027813712 -4522170.7261902411
4.1855442223384154 4530626.7704185164 -4530344.7483488405
4.1855465580078395 4538821.0028683767 -4538538.835151108
4.1855488936772627 4547035.3623850169 -4546753.0488508036
4.1855512293466868 4555269.9114560466 -4554987.4519352298
4.18555356501611 4563524.7128036479 -4563242.1071262611
4.1855559006855341 4571799.8293856066 -4571517.0773813762
4.1855582363549573 4580095.3243963532 -4579812.4258946963
4.1855605720243814 4588411.2612680057 -4588128.2160980292
4.1855629076938046 4596747.7036714163 -4596464.5116619179
4.1855652433632278 4605104.7155172275 -4604821.3764966931
4.1855675790326519 4613482.3609569315 -4613198.8747535367
4.1855699147020751 4621880.7043839348 -4621597.0708255414
4.1855722503714992 4630299.8104346283 -4630016.0293487841
4.1855745860409224 4638739.743989462 -4638455.8152034013
4.1855769217103465 4647200.5701740272 -4646916.4935146691
4.1855792573797697 4655682.3543601446 -4655398.1296540927
4.1855815930491937 4664185.162166954 -4663900.7892404953
4.185583928718617 4672709.0594620127 -4672424.5381411174
4.1855862643880402 4681254.1123623988 -4680969.4424727196
4.1855886000574642 4689820.3872358212 -4689535.5686026905
4.1855909357268875 4698407.9507017331 -4698122.9831501646
4.1855932713963115 4707016.8696324527 -4706731.752987138
4.1855956070657347 4715647.2111542886 -4715361.9452395998
4.1855979427351588 4724299.0426486721 -4724013.6272886591
4.185600278404582 4732972.4317532955 -4732686.866771685
4.1856026140740061 4741667.4463632545 -4741381.7315834491
4.1856049497434293 4750384.1546321968 -4750098.289877275
4.1856072854128525 4759122.6249734787 -4758836.6100661941
4.1856096210822766 4767882.9260613257 -4767596.7608241057
4.1856119567516998 4776665.126831999 -4776378.8110869443
4.1856142924211239 4785469.2964849696 -4785182.8300538529
4.1856166280905471 4794295.5044840947 -4794008.887188361
4.1856189637599712 4803143.8205588059 -4802857.0522195697
4.1856212994293944 4812014.3147052992 -4811727.395143345
4.1856236350988185 4820907.0571877304 -4820619.9862235133
4.1856259707682417 4829822.1185394228 -4829534.8959930642
4.1856283064376649 4838759.5695640715 -4838472.1952553606
4.185630642107089 4847719.4813369652 -4847431.9550853577
4.1856329777765122 4856701.925206203 -4856414.2468308201
4.1856353134459363 4865706.9727939265 -4865419.1421135543
4.1856376491153595 4874734.6959975539 -4874446.7128306432
4.1856399847847836 4883785.1669910206 -4883497.031155684
4.1856423204542068 4892858.458226027 -4892570.1695400411
4.1856446561236309 4901954.6424332922 -4901666.2007140946
4.1856469917930541 4911073.792623817 -4910785.1976885051
4.1856493274624773 4920215.9820901472 -4919927.2337554786
4.1856516631319014 4929381.2844076501 -4929092.3824900417
4.1856539988013246 4938569.7734357947 -4938280.7177513205
4.1856563344707487 4947781.5233194381 -4947492.3136838293
4.1856586701401719 4957016.6084901188 -4956727.244718763
4.185661005809596 4966275.1036673579 -4965985.5855752984
4.1856633414790192 4975557.0838599661 -4975267.4112619013
4.1856656771484433 4984862.6243673582 -4984572.797077639
4.1856680128178665 4994191.8007808728 -4993901.8186135031
4.1856703484872897 5003544.6889851019 -5003254.551753737
4.1856726841567138 5012921.3651592229 -5012631.0726771709
4.185675019826137 5022321.9057783429 -5022031.4578585606
4.1856773554955611 5031746.3876148462 -5031455.7840699404
4.1856796911649843 5041194.8877397496 -5040904.128381975
4.1856820268344084 5050667.4835240664 -5050376.5681653256
4.1856843625038316 5060164.2526401756 -5059873.1810920164
4.1856866981732557 5069685.2730631987 -5069394.0451368159
4.1856890338426789 5079230.6230723849 -5078939.2385786176
4.1856913695121021 5088800.381252503 -5088508.8400018336
4.1856937051815262 5098394.6264952384 -5098102.9282977935
4.1856960408509494 5108013.4380006026 -5107721.5826661494
4.1856983765203735 5117656.8952783439 -5117364.8826162908
4.1857007121897967 5127325.0781493699 -5127032.907968767
4.1857030478592208 5137018.0667471765 -5136725.7388567114
4.185705383528644 5146735.9415192828 -5146443.455727282
4.1857077191980681 5156478.7832286768 -5156186.1393431043
4.1857100548674913 5166246.6729552643 -5165953.8707837202
4.1857123905369145 5176039.6920973295 -5175746.7314470503
4.1857147262063386 5185857.9223730024 -5185564.8030508589
4.1857170618757618 5195701.4458217314 -5195408.1676342273
4.1857193975451858 5205570.3448057659 -5205276.9075590381
4.1857217332146091 5215464.7020116476 -5215171.1055114651
4.1857240688840331 5225384.6004517078 -5225090.8445034698
4.1857264045534563 5235330.1234655734 -5235036.2078743093
4.1857287402228804 5245301.3547216812 -5245007.2792920489
4.1857310758923036 5255298.3782187989 -5255004.1427550856
4.1857334115617268 5265321.278287557 -5265026.8825936755
4.1857357472311509 5275370.1395919845 -5275075.5834714733
4.1857380829005741 5285445.0471310578 -5285150.330387081
4.1857404185699982 5295546.0862402534 -5295251.2086755997
4.1857427542394214 5305673.342593113 -5305378.3040101938
4.1857450899088455 5315826.902202812 -5315531.7024036609
4.1857474255782687 5326006.8514237413 -5325711.4902100135
4.1857497612476928 5336213.2769530946 -5335917.7541260635
4.185752096917116 5346446.2658324642 -5346150.5811930243
4.1857544325865392 5356705.9054494482 -5356410.058798111
4.1857567682559633 5366992.2835392617 -5366696.2746761562
4.1857591039253865 5377305.4881863603 -5377009.3169112327
4.1857614395948106 5387645.6078260727 -5387349.2739382833
4.1857637752642338 5398012.7312462376 -5397716.2345447605
4.1857661109336579 5408406.9475888526 -5408110.2878722763
4.1857684466030811 5418828.3463517344 -5418531.5234182589
4.1857707822725052 5429277.0173901822 -5428980.0310376184
4.1857731179419284 5439753.0509186536 -5439455.9009444229
4.1857754536113516 5450256.5375124486 -5449959.2237135815
4.1857777892807757 5460787.5681094052 -5460490.0902825408
4.1857801249501989 5471346.2340115989 -5471048.5919529824
4.185782460619623 5481932.6268870551 -5481634.8203925379
4.1857847962890462 5492546.8387714718 -5492248.8676365102
4.1857871319584703 5503188.9620699473 -5502890.826089602
4.1857894676278935 5513859.0895587206 -5513560.7885276554
4.1857918032973176 5524557.3143869219 -5524258.8480994012
4.1857941389667408 5535283.7300783275 -5534985.0983282179
4.185796474636164 5546038.4305331316 -5545739.6331138983
4.1857988103055881 5556821.5100297201 -5556522.5467344271
4.1858011459750113 5567633.0632264605 -5567333.9338477701
4.1858034816444354 5578473.1851634979 -5578173.8894936694
4.1858058173138586 5589341.9712645616 -5589042.509095449
4.1858081529832827 5600239.5173387788 -5599939.888461831
4.1858104886527059 5611165.9195825057 -5610866.1237887638
4.18581282432213 5622121.2745811595 -5621821.3116612583
4.1858151599915532 5633105.6793110659 -5632805.5490552308
4.1858174956609764 5644119.2311413167 -5643818.9333393639
4.1858198313304005 5655162.0278356336 -5654861.5622769678
4.1858221669998237 5666234.1675542472 -5665933.5340278605
4.1858245026692478 5677335.7488557808 -5677034.9471502528
4.185826838338671 5688466.8706991505 -5688165.9006026462
4.1858291740080951 5699627.6324454704 -5699326.4937457396
4.1858315096775183 5710818.1338599715 -5710516.8263443485
4.1858338453469424 5722038.4751139311 -5721736.9985693311
4.1858361810163656 5733288.7567866081 -5732987.1109995283
4.1858385166857888 5744569.0798671972 -5744267.2646237146
4.1858408523552129 5755879.5457567852 -5755577.5608425569
4.1858431880246361 5767220.2562703239 -5766918.101470585
4.1858455236940602 5778591.3136386126 -5778288.9887381736
4.1858478593634834 5789992.8205102878 -5789690.3252935354
4.1858501950329075 5801424.8799538296 -5801122.2142047258
4.1858525307023307 5812887.5954595767 -5812584.7589616561
4.1858548663717547 5824381.07094175 -5824078.0634781197
4.1858572020411779 5835905.4107404901 -5835602.2320938297
4.1858595377106012 5847460.7196239084 -5847157.3695764653
4.1858618733800252 5859047.1027901415 -5858743.581123733
4.1858642090494484 5870664.665869426 -5870360.9723654371
4.1858665447188725 5882313.5149261793 -5882009.6493655611
4.1858688803882957 5893993.7564610941 -5893689.7186243637
4.1858712160577198 5905705.4974132441 -5905401.2870804816
4.185873551727143 5917448.8451621989 -5917144.4621130489
4.1858758873965671 5929223.907530155 -5928919.3515438233
4.1858782230659903 5941030.7927840771 -5940726.0636393297
4.1858805587354135 5952869.6096378481 -5952564.7071130099
4.1858828944048376 5964740.4672544338 -5964435.3911273899
4.1858852300742608 5976643.475248063 -5976338.2252962533
4.1858875657436849 5988578.7436864115 -5988273.3196868338
4.1858899014131081 6000546.3830928067 -6000240.7848220123
4.1858922370825322 6012546.5044484371 -6012240.7316825315
4.1858945727519554 6024579.2191945808 -6024273.2717092205
4.1858969084213795 6036644.6392348418 -6036338.5168052344
4.1858992440908027 6048742.8769373996 -6048436.5793383038
4.1859015797602259 6060874.045137275 -6060567.5721429968
4.18590391542965 6073038.2571386024 -6072731.6085229963
4.1859062510990732 6085235.6267169202 -6084928.802253386
4.1859085867684973 6097466.2681214698 -6097159.267582952
4.1859109224379205 6109730.2960775113 -6109423.1192364991
4.1859132581073446 6122027.8257886497 -6121720.4724171739
4.1859155937767678 6134358.9729391765 -6134051.4428088088
4.1859179294461919 6146723.8536964199 -6146416.1465782719
4.1859202651156151 6159122.5847131135 -6158814.7003778359
4.1859226007850383 6171555.2831297759 -6171247.2213475564
4.1859249364544624 6184022.0665771021 -6183713.8271176647
4.1859272721238856 6196523.0531783728 -6196214.6358109759
4.1859296077933097 6209058.3615518706 -6208749.7660453068
4.1859319434627329 6221628.1108133178 -6221319.3369359113
4.185934279132157 6234232.4205783214 -6233923.468097928
4.1859366148015802 6246871.4109648345 -6246562.2796488395
4.1859389504710043 6259545.2025956325 -6259235.8922109501
4.1859412861404275 6272253.916600802 -6271944.4269138724
4.1859436218098507 6284997.6746202447 -6284688.0053970339
4.1859459574792748 6297776.5988061922 -6297466.7498121914
4.185948293148698 6310590.811825742 -6310280.7828259645
4.1859506288181221 6323440.4368634 -6323130.2276223823
4.1859529644875453 6336325.5976236444 -6336015.2079054434
4.1859553001569694 6349246.4183334969 -6348935.8479016889
4.1859576358263926 6362203.0237451158 -6361892.2723627938
4.1859599714958167 6375195.5391383981 -6374884.6065681716
4.1859623071652399 6388224.0903236 -6387912.9763275953
4.1859646428346631 6401288.8036439726 -6400977.507983828
4.1859669785040872 6414389.8059784072 -6414078.3284152746
4.1859693141735104 6427527.2247441048 -6427215.5650386466
4.1859716498429345 6440701.1878992515 -6440389.3458116399
4.1859739855123577 6453911.8239457151 -6453599.7992356317
4.1859763211817818 6467159.2619317565 -6466847.0543583902
4.185978656851205 6480443.6314547537 -6480131.2407767968
4.1859809925206291 6493765.0626639426 -6493452.4886395941
4.1859833281900523 6507123.6862631766 -6506810.928650137
4.1859856638594755 6520519.6335136974 -6520206.6920691701
4.1859879995288996 6533953.0362369269 -6533639.9107176131
4.1859903351983228 6547424.0268172678 -6547110.7169793695
4.1859926708677468 6560932.7382049281 -6560619.2438041437
4.18599500653717 6574479.3039187565 -6574165.6247102814
4.1859973422065941 6588063.8580490975 -6587749.9937876211
4.1859996778760173 6601686.5352606596 -6601372.4857003642
4.1860020135454414 6615347.4707954032 -6615033.2356899623
4.1860043492148646 6629046.8004754428 -6628732.3795780204
4.1860066848842878 6642784.6607059678 -6642470.0537692178
4.1860090205537119 6656561.1884781793 -6656246.3952542413
4.1860113562231351 6670376.5213722438 -6670061.5416127443
4.1860136918925592 6684230.7975602634 -6683915.6310163131
4.1860160275619824 6698124.1558092656 -6697808.8022314589
4.1860183632314065 6712056.735484207 -6711741.1946226191
4.1860206989008297 6726028.6765509974 -6725712.9481551843
4.1860230345702538 6740040.1195795396 -6739724.203398535
4.186025370239677 6754091.2057467867 -6753775.1015291018
4.1860277059091002 6768182.0768398196 -6767865.7843334414
4.1860300415785243 6782312.8752589393 -6781996.3942113295
4.1860323772479475 6796483.7440207805 -6796167.0741788736
4.1860347129173716 6810694.8267614385 -6810377.9678716399
4.1860370485867948 6824946.2677396201 -6824629.2195478044
4.1860393842562189 6839238.2118398072 -6838920.9740913184
4.1860417199256421 6853570.8045754461 -6853253.3770150933
4.1860440555950662 6867944.1920921458 -6867626.5744642047
4.1860463912644894 6882358.5211709039 -6882040.7132191136
4.1860487269339126 6896813.9392313473 -6896495.9406989086
4.1860510626033367 6911310.5943349907 -6910992.4049645653
4.1860533982727599 6925848.6351885181 -6925530.2547222264
4.186055733942184 6940428.2111470792 -6940109.6393264988
4.1860580696116072 6955049.4722176082 -6954730.7087837737
4.1860604052810313 6969712.5690621622 -6969393.6137555623
4.1860627409504545 6984417.6530012758 -6984098.5055618519
4.1860650766198786 6999164.8760173395 -6998845.5361844841
4.1860674122893018 7013954.3907579947 -7013634.8582705511
4.186069747958725 7028786.350539553 -7028466.625135811
4.1860720836281491 7043660.9093504287 -7043340.9907681262
4.1860744192975723 7058578.2218546001 -7058258.1098309187
4.1860767549669964 7073538.4433950838 -7073218.1376666492
4.1860790906364196 7088541.7299974337 -7088221.2303003129
4.1860814263058437 7103588.2383732609 -7103267.544442961
4.1860837619752669 7118678.1259237714 -7118357.237495238
4.186086097644691 7133811.5507433265 -7133490.4675509436
4.1860884333141142 7148988.671623026 -7148667.3934006114
4.1860907689835374 7164209.6480543083 -7163888.1745351143
4.1860931046529615 7179474.640232577 -7179152.9711492872
4.1860954403223847 7194783.8090608455 -7194461.9441455742
4.1860977759918088 7210137.3161534043 -7209815.255137695
4.186100111661232 7225535.3238395099 -7225213.0664543323
4.1861024473306561 7240977.9951670952 -7240655.5411428455
4.1861047830000793 7256465.4939065063 -7256142.8429730041
4.1861071186695034 7271997.9845542535 -7271675.13644074
4.1861094543389266 7287575.6323367916 -7287252.5867719287
4.1861117900083498 7303198.6032143207 -7302875.3599261884
4.1861141256777739 7318867.0638846066 -7318543.6226007035
4.1861164613471971 7334581.1817868315 -7334257.5422340697
4.1861187970166212 7350341.1251054583 -7350017.2870101649
4.1861211326860444 7366147.0627741264 -7365823.0258620409
4.1861234683554684 7381999.1644795658 -7381674.9284758363
4.1861258040248917 7397897.6006655339 -7397573.165294718
4.1861281396943157 7413842.542536783 -7413517.9075228451
4.1861304753637389 7429834.1620630436 -7429509.3271293519
4.1861328110331621 7445872.6319830343 -7445547.5968523622
4.1861351467025862 7461958.1258084998 -7461632.8902030205
4.1861374823720094 7478090.817828266 -7477765.3814695543
4.1861398180414335 7494270.8831123263 -7493945.2457213532
4.1861421537108567 7510498.4975159485 -7510172.6588130826
4.1861444893802808 7526773.8376838071 -7526447.7973888107
4.186146825049704 7543097.0810541427 -7542770.8388861697
4.1861491607191281 7559468.4058629423 -7559141.9615405397
4.1861514963885513 7575887.9911481515 -7575561.3443892552
4.1861538320579745 7592356.0167539045 -7592029.1672758367
4.1861561677273986 7608872.663334785 -7608545.6108542541
4.1861585033968218 7625438.1123601124 -7625110.8565932093
4.1861608390662459 7642052.5461182501 -7641725.0867804484
4.1861631747356691 7658716.147720946 -7658388.4845270999
4.1861655104050932 7675429.1011076951 -7675101.2337720366
4.1861678460745164 7692191.5910501312 -7691863.5192862675
4.1861701817439405 7709003.8031564411 -7708675.5266773552
4.1861725174133637 7725865.9238758106 -7725537.4423938589
4.1861748530827869 7742778.1405028962 -7742449.4537298046
4.186177188752211 7759740.6411823211 -7759411.7488291841
4.1861795244216342 7776753.6149132028 -7776424.5166904833
4.1861818600910583 7793817.2515537059 -7793487.9471712317
4.1861841957604815 7810931.7418256253 -7810602.2309925864
4.1861865314299056 7828097.2773189927 -7827767.5597439418
4.1861888670993288 7845314.0504967161 -7844984.1258875644
4.1861912027687529 7862582.254699246 -7862252.1227632631
4.1861935384381761 7879902.0841492694 -7879571.7445930792
4.1861958741075993 7897273.7339564329 -7896943.1864860142
4.1861982097770234 7914697.4001220968 -7914366.6444427809
4.1862005454464466 7932173.2795441169 -7931842.3153605834
4.1862028811158707 7949701.5700216535 -7949370.3970379308
4.1862052167852939 7967282.4702600148 -7966951.0881794766
4.186207552454718 7984916.1798755256 -7984584.5884008901
4.1862098881241412 8002602.8994004307 -8002271.0982337575
4.1862122237935653 8020342.8302878244 -8020010.8191305138
4.1862145594629885 8038136.174916612 -8037803.9534694022
4.1862168951324117 8055983.1365965018 -8055650.7045594668
4.1862192308018358 8073883.9195730304 -8073551.2766455775
4.186221566471259 8091838.7290326143 -8091505.8749134839
4.1862239021406831 8109847.7711076364 -8109514.7054948993
4.1862262378101063 8127911.2528815642 -8127577.9754726188
4.1862285734795304 8146029.3823940968 -8145695.8928856682
4.1862309091489536 8164202.3686463479 -8163868.6667344831
4.1862332448183777 8182430.4216060564 -8182096.5069861254
4.1862355804878009 8200713.7522128345 -8200379.6245795274
4.1862379161572241 8219052.5723834457 -8218718.2314307708
4.1862402518266482 8237447.0950171156 -8237112.5404383959
4.1862425874960714 8255897.5340008736 -8255562.7654887466
4.1862449231654955 8274404.1042149356 -8274069.1214613495
4.1862472588349187 8292967.0215381114 -8292631.8242343245
4.1862495945043428 8311586.502853252 -8311251.0906898296
4.186251930173766 8330262.7660527267 -8329927.1387195392
4.18625426584319 8348996.0300439401 -8348660.1872301614
4.1862566015126133 8367786.5147548765 -8367450.4561489811
4.1862589371820365 8386634.4411396859 -8386298.166429447
4.1862612728514605 8405540.0311843008 -8405203.5400567893
4.1862636085208837 8424503.5079120882 -8424166.8000536691
4.1862659441903078 8443525.0953895412 -8443188.1704858709
4.186268279859731 8462605.0187320001 -8462267.876468027
4.1862706155291551 8481743.5041094199 -8481406.144169379
4.1862729511985783 8500940.7787521575 -8500603.2008195687
4.1862752868680024 8520197.0709568132 -8519859.2747144829
4.1862776225374256 8539512.6100920998 -8539174.5952221137
4.1862799582068488 8558887.6266047489 -8558549.3927884735
4.1862822938762729 8578322.3520254549 -8577983.8989435323
4.1862846295456961 8597817.0189748611 -8597478.3463072088
4.1862869652151202 8617371.8611695766 -8617032.9685953856
4.1862893008845434 8636987.1134282369 -8636648.000625968
4.1862916365539675 8656663.0116776004 -8656323.6783249825
4.1862939722233907 8676399.7929586843 -8676060.2387327105
4.1862963078928148 8696197.6954329386 -8695857.9200098682
4.186298643562238 8716056.9583884645 -8715716.9614438154
4.1863009792316612 8735977.8222462609 -8735637.6034548115
4.1863033149010853 8755960.5285665262 -8755620.0876023117
4.1863056505705085 8776005.3200549893 -8775664.6565912981
4.1863079862399326 8796112.4405692779 -8795771.5542786513
4.1863103219093558 8816282.1351253409 -8815941.0256795697
4.1863126575787799 8836514.6499039009 -8836173.3169740234
4.1863149932482031 8856810.2322569527 -8856468.6755132526
4.1863173289176272 8877169.130714301 -8876827.3498263042
4.1863196645870504 8897591.5949901417 -8897249.589626614
4.1863220002564736 8918077.8759896848 -8917735.6458186302
4.1863243359258977 8938628.2258158196 -8938285.7705044784
4.1863266715953209 8959242.8977758233 -8958900.2169906683
4.186329007264745 8979922.1463881116 -8979579.2397948485
4.1863313429341682 9000666.2273890339 -9000323.094652595
4.1863336786035923 9021475.3977397121 -9021132.0385242552
4.1863360142730155 9042349.9156329203 -9042006.329601828
4.1863383499424396 9063290.0405000187 -9062946.2273158915
4.1863406856118628 9084296.0330179185 -9083951.9923425782
4.186343021281286 9105368.1551161036 -9105023.8866105881
4.1863453569507101 9126506.6699836925 -9126162.1733082533
4.1863476926201333 9147711.8420765437 -9147367.1168906428
4.1863500282895574 9168983.9371244106 -9168638.9830867201
4.1863523639589806 9190323.2221381441 -9189978.0389065407
4.1863546996284047 9211729.9654169343 -9211384.5526484996
4.1863570352978279 9233204.436555611 -9232858.7939066272
4.186359370967252 9254746.9064519797 -9254401.0335779283
4.1863617066366752 9276357.6473142169 -9276011.5438697748
4.1863640423060984 9298036.9326683041 -9297690.5983073432
4.1863663779755225 9319785.0373655129 -9319438.4717410933
4.1863687136449457 9341602.2375899404 -9341255.4403543137
4.1863710493143698 9363488.8108660951 -9363141.781670697
4.186373384983793 9385445.0360665284 -9385097.7745619789
4.1863757206532171 9407471.1934195198 -9407123.6992556192
4.1863780563226403 9429567.564516807 -9429219.8373425342
4.1863803919920644 9451734.4323213734 -9451386.4717848822
4.1863827276614876 9473972.0811752826 -9473623.8869238999
4.1863850633309108 9496280.7968075629 -9495932.3684877865
4.1863873990003349 9518660.8663421515 -9518312.2035996448
4.1863897346697581 9541112.5783058777 -9540763.6807854716
4.1863920703391821 9563636.2226365115 -9563287.0899821986
4.1863944060086054 9586232.0906908568 -9585882.7225457877
4.1863967416780294 9608900.4752529021 -9608550.8712593857
4.1863990773474526 9631641.6705420222 -9631291.8303415198
4.1864014130168767 9654455.9722212385 -9654105.8954543639
4.1864037486862999 9677343.6774055287 -9676993.3637120463
4.1864060843557231 9700305.0846701954 -9699954.5336890128
4.1864084200251472 9723340.494059287 -9722989.705428455
4.1864107556945704 9746450.2070940733 -9746099.180450784
4.1864130913639945 9769634.5267815832 -9769283.2617621683
4.1864154270334177 9792893.7576231956 -9792542.2538631186
4.1864177627028418 9816228.205623284 -9815876.4627571423
4.186420098372265 9839638.1782979239 -9839286.1959594432
4.1864224340416891 9863123.9846836552 -9862771.7625056878
4.1864247697111123 9886685.9353463016 -9886333.4729608241
4.1864271053805355 9910324.3423898574 -9909971.6394279674
4.1864294410499596 9934039.5194654204 -9933686.5755573325
4.1864317767193828 9957831.7817801889 -9957478.596555233
4.1864341123888069 9981701.4461065307 -9981348.0191931482
4.1864364480582301 10005648.830791092 -10005295.161816835
4.1864387837276542 10029674.255763985 -10029320.344355514
4.1864411193970774 10053778.042548029 -10053423.888331104
4.1864434550665015 10077960.514268048 -10077606.116867531
4.1864457907359247 10102221.995660245 -10101867.354700094
4.1864481264053479 10126562.81308163 -10126207.9281849
4.186450462074772 10150983.29451951 -10150628.165308349
4.1864527977441952 10175483.769601047 -10175128.39569669
4.1864551334136193 10200064.569602877 -10199708.950625645
4.1864574690830425 10224726.027460797 -10224370.163030092
4.1864598047524666 10249468.477779513 -10249112.367513821
4.1864621404218898 10274292.256842464 -10273935.900359344
4.1864644760913139 10299197.702621697 -10298841.099537781
4.1864668117607371 10324185.154787818 -10323828.304718811
4.1864691474301603 10349254.954720017 -10348897.857280692
4.1864714830995844 10374407.445516143 -10374050.100320335
4.1864738187690076 10399642.972002862 -10399285.378663471
4.1864761544384317 10424961.880745878 -10424604.038874861
4.1864784901078549 10450364.520060226 -10450006.429268593
4.186480825777279 10475851.240020629 -10475492.899918444
4.1864831614467022 10501422.392471934 -10501063.802668311
4.1864854971161263 10527078.331039613 -10526719.491142709
4.1864878327855495 10552819.411140338 -10552460.320757356
4.1864901684549727 10578645.989992628 -10578286.648729807
4.1864925041243968 10604558.426627569 -10604198.834090186
4.18649483979382 10630557.081899602 -10630197.237691969
4.1864971754632441 10656642.318497395 -10656282.222222852
4.1864995111326673 10682814.500954777 -10682454.152215689
4.1865018468020914 10709073.995661758 -10708713.394059516
4.1865041824715146 10735421.170875618 -10735060.316010632
4.1865065181409387 10761856.396732075 -10761495.288203772
4.1865088538103619 10788380.045256529 -10788018.682663351
4.1865111894797851 10814992.490375381 -10814630.873314779
4.1865135251492092 10841694.10792743 -10841332.235995863
4.1865158608186324 10868485.275675355 -10868123.148468282
4.1865181964880565 10895366.373317266 -10895003.99042915
4.1865205321574797 10922337.782498349 -10921975.143522648
4.1865228678269037 10949399.88682257 -10949036.991351739
4.186525203496327 10976553.071864486 -10976189.919489965
4.186527539165751 11003797.72518111 -11003434.31549333
4.1865298748351742 11031134.236323882 -11030770.568912255
4.1865322105045975 11058562.996850708 -11058199.071303627
4.1865345461740215 11086084.400338091 -11085720.216242926
4.1865368818434447 11113698.842393337 -11113334.399336429
4.1865392175128688 11141406.720666854 -11141042.018233515
4.186541553182292 11169208.434864536 -11168843.472639045
4.1865438888517161 11197104.386760231 -11196739.16432583
4.1865462245211393 11225094.980208293 -11224729.49714718
4.1865485601905634 11253180.621156221 -11252814.877049552
4.1865508958599866 11281361.717657397 -11280995.712085279
4.1865532315294098 11309638.679883903 -11309272.412425391
4.1865555671988339 11338011.92013943 -11337645.390372526
4.1865579028682571 11366481.852872275 -11366115.060373921
4.1865602385376812 11395048.894688431 -11394681.839034507
4.1865625742071044 11423713.464364773 -11423346.14513009
4.1865649098765285 11452475.982862327 -11452108.399620632
4.1865672455459517 11481336.873339646 -11480969.025663607
4.1865695812153758 11510296.561166262 -11509928.448627476
4.186571916884799 11539355.47393625 -11538987.096105229
4.1865742525542222 11568514.041481875 -11568145.397928048
4.1865765882236463 11597772.695887338 -11597403.786179045
4.1865789238930695 11627131.871502629 -11626762.695207119
4.1865812595624936 11656592.004957462 -11656222.56164089
4.1865835952319168 11686153.53517532 -11685783.82440274
4.1865859309013409 11715816.903387593 -11715446.924722956
4.1865882665707641 11745582.553147821 -11745212.306153972
4.1865906022401882 11775450.930346031 -11775080.414584704
4.1865929379096114 11805422.483223185 -11805051.698254999
4.1865952735790346 11835497.662385723 -11835126.607770178
4.1865976092484587 11865676.92082021 -11865305.596115686
4.1865999449178819 11895960.713908095 -11895589.118671844
4.186602280587306 11926349.499440562 -11925977.633228704
4.1866046162567292 11956843.7376335 -11956471.600001026
4.1866069519261533 11987443.891142571 -11987071.48164333
4.1866092875955765 12018150.425078386 -12017777.743265089
4.1866116232650006 12048963.807021793 -12048590.852446003
4.1866139589344238 12079884.507039271 -12079511.2792514
4.186616294603847 12110912.997698439 -12110539.496247748
4.1866186302732711 12142049.754083671 -12141675.978518259
4.1866209659426943 12173295.253811823 -12172921.203678632
4.1866233016121184 12204649.977048082 -12204275.651892887
4.1866256372815416 12236114.406521913 -12235739.805889318
4.1866279729509657 12267689.027543129 -12267314.150976563
4.1866303086203889 12299374.328018088 -12298999.175059801
4.186632644289813 12331170.798465982 -12330795.368657045
4.1866349799592362 12363078.932035267 -12362703.224915562
4.1866373156286594 12395099.224520199 -12394723.239628419
4.1866396512980835 12427232.174377486 -12426855.91125113
4.1866419869675067 12459478.282743074 -12459101.740918437
4.1866443226369308 12491838.05344904 -12491461.23246122
4.186646658306354 12524311.993040621 -12523934.892423505
4.1866489939757781 12556900.610793352 -12556523.230079615
4.1866513296452013 12589604.418730343 -12589226.757451445
4.1866536653146253 12622423.931639668 -12622045.989325849
4.1866560009840486 12655359.667091893 -12654981.443272168
4.1866583366534718 12688412.145457719 -12688033.639659874
4.1866606723228958 12721581.889925763 -12721203.101676352
4.1866630079923191 12754869.426520465 -12754490.355344802
4.1866653436617431 12788275.284120124 -12787895.929542283
4.1866676793311663 12821799.99447507 -12821420.356017876
4.1866700150005904 12855444.092225965 -12855064.169410994
4.1866723506700136 12889208.11492224 -12888827.907269813
4.1866746863394377 12923092.603040667 -12922712.110069845
4.1866770220088609 12957098.100004066 -12956717.321232641
4.1866793576782841 12991225.152200146 -12990844.087144647
4.1866816933477082 13025474.309000498 -13025092.957176179
4.1866840290171314 13059846.12277971 -13059464.483700546
4.1866863646865555 13094341.148934633 -13093959.222113315
4.1866887003559787 13128959.945903784 -13128577.730851719
4.1866910360254028 13163703.075186899 -13163320.571414202
4.186693371694826 13198571.10136462 -13198188.308380108
4.1866957073642501 13233564.592118338 -13233181.509429529
4.1866980430336733 13268684.118250173 -13268300.745363276
4.1867003787030965 13303930.253703108 -13303546.590123024
4.1867027143725206 13339303.575581277 -13338919.620811591
4.1867050500419438 13374804.664170388 -13374420.417713366
4.1867073857113679 13410434.102958312 -13410049.564314894
4.1867097213807911 13446192.478655821 -13445807.647325616
4.1867120570502152 13482080.381217472 -13481695.256698759
4.1867143927196384 13518098.403862664 -13517712.985652382
4.1867167283890625 13554247.143096833 -13553861.430690572
4.1867190640584857 13590527.198732808 -13590141.191624815
4.1867213997279089 13626939.173912346 -13626552.871595511
4.186723735397333 13663483.675127808 -13663097.077093663
4.1867260710667562 13700161.312243996 -13699774.417982709
4.1867284067361803 13736972.698520169 -13736585.50752054
4.1867307424056035 13773918.450632209 -13773530.962381665
4.1867330780750276 13810999.188694963 -13810611.402679553
4.1867354137444508 13848215.536284747 -13847827.451989135
4.1867377494138749 13885568.120462015 -13885179.737369476
4.1867400850832981 13923057.571794216 -13922668.889386632
4.1867424207527213 13960684.524378804 -13960295.542136658
4.1867447564221454 13998449.615866432 -13998060.333268803
4.1867470920915686 14036353.487484315 -14035963.904008871
4.1867494277609927 14074396.784059778 -14074006.899182776
4.1867517634304159 14112580.154043971 -14112189.967240246
4.18675409909984 14150904.249535767 -14150513.760278732
4.1867564347692632 14189369.726305854 -14188978.934067486
4.1867587704386873 14227977.243820984 -14227586.148071829
4.1867611061081105 14266727.465268433 -14266336.065477598
4.1867634417775337 14305621.057580628 -14305229.353215771
4.1867657774469578 14344658.691459963 -14344266.681987291
4.186768113116381 14383841.041403817 -14383448.726288082
4.1867704487858051 14423168.785729745 -14422776.164434237
4.1867727844552283 14462642.606600877 -14462249.678587416
4.1867751201246524 14502263.190051498 -14501869.954780433
4.1867774557940756 14542031.226012832 -14541637.682943033
4.1867797914634997 14581947.408339018 -14581553.556927873
4.1867821271329229 14622012.434833292 -14621618.274536695
4.1867844628023461 14662227.007274358 -14661832.537546713
4.1867867984717702 14702591.831442973 -14702197.05173718
4.1867891341411934 14743107.617148725 -14742712.52691618
4.1867914698106174 14783775.078257032 -14783379.676947616
4.1867938054800407 14824594.932716331 -14824199.219778409
4.1867961411494647 14865567.902585488 -14865171.877465904
4.1867984768188879 14906694.714061417 -14906298.376205485
4.186800812488312 14947976.097506911 -14947579.446358409
4.1868031481577352 14989412.787478682 -14989015.82247985
4.1868054838271584 15031005.52275563 -15030608.243347159
4.1868078194965825 15072755.046367323 -15072357.451988354
4.1868101551660057 15114662.105622698 -15114264.195710814
4.1868124908354298 15156727.452138983 -15156329.226130202
4.186814826504853 15198951.84187085 -15198553.299199624
4.1868171621742771 15241336.035139792 -15240937.175238993
4.1868194978437003 15283880.796663716 -15283481.618964637
4.1868218335131244 15326586.895586792 -15326187.399519136
4.1868241691825476 15369455.10550951 -15369055.290501388
4.1868265048519708 15412486.204518985 -15412086.069996908
4.1868288405213949 15455680.975219497 -15455280.520608373
4.1868311761908181 15499040.204763263 -15498639.429486385
4.1868335118602422 15542564.684881456 -15542163.5883605
4.1868358475296654 15586255.211915463 -15585853.793570479
4.1868381831990895 15630112.586848393 -15629710.846097805
4.1868405188685127 15674137.615336832 -15673735.551597424
4.1868428545379368 15718331.107742837 -15717928.720429752
4.18684519020736 15762693.879166195 -15762291.167692928
4.1868475258767832 15807226.74947693 -15806823.713255318
4.1868498615462073 15851930.543348063 -15851527.181788281
4.1868521972156305 15896806.090288637 -15896402.402799193
4.1868545328850546 15941854.224677002 -15941450.210664731
4.1868568685544778 15987075.785794353 -15986671.444664408
4.1868592042239019 16032471.617858544 -16032066.94901439
4.1868615398933251 16078042.570058169 -16077637.572901577
4.1868638755627492 16123789.49658691 -16123384.170517951
4.1868662112321724 16169713.256678153 -16169307.601095192
4.1868685469015956 16215814.714639891 -16215408.728939576
4.1868708825710197 16262094.739889896 -16261688.423467159
4.1868732182404429 16308554.206991171 -16308147.559239216
4.186875553909867 16355193.995687686 -16354787.015997982
4.1868778895792902 16402014.990940396 -16401607.678702671
4.1868802252487143 16449018.082963552 -16448610.437565789
4.1868825609181375 16496204.167261306 -16495796.188089732
4.1868848965875616 16543574.144664597 -16543165.831103681
4.1868872322569848 16591128.921368336 -16590720.272800777
4.186889567926408 16638869.408968892 -16638460.424775615
4.1868919035958321 16686796.524501881 -16686387.204062032
4.1868942392652553 16734911.190480249 -16734501.533171182
4.1868965749346794 16783214.334932674 -16782804.340129949
4.1868989106041026 16831706.891442265 -16831296.558519643
4.1869012462735267 16880389.799185589 -16879979.127515014
4.1869035819429499 16929264.002971988 -16928852.991923593
4.186905917612374 16978330.453283239 -16977919.102225333
4.1869082532817972 17027590.106313515 -17027178.414612576
4.1869105889512204 17077043.924009681 -17076631.891030349
4.1869129246206445 17126692.874111913 -17126280.499216981
4.1869152602900677 17176537.930194642 -17176125.212745052
4.1869175959594918 17226580.071707837 -17226167.01106267
4.186919931628915 17276820.284018625 -17276406.879535094
4.1869222672983391 17327259.558453243 -17326845.809486687
4.1869246029677623 17377898.892339338 -17377484.798243213
4.1869269386371863 17428739.289048601 -17428324.849174477
4.1869292743066095 17479781.758039765 -17479366.97173731
4.1869316099760328 17531027.314901929 -17530612.181518912
4.1869339456454568 17582476.98139827 -17582061.50028054
4.18693628131488 17634131.785510074 -17633715.956001569
4.1869386169843041 17685992.761481166 -17685576.582923893
4.1869409526537273 17738060.949862681 -17737644.42159671
4.1869432883231514 17790337.397558201 -17789920.518921658
4.1869456239925746 17842823.157869283 -17842405.928198352
4.1869479596619987 17895519.29054134 -17895101.709170237
4.1869502953314219 17948426.861809898 -17948008.928070877
4.1869526310008451 18001546.944447272 -18001128.65767061
4.1869549666702692 18054880.617809586 -18054461.977323581
4.1869573023396924 18108428.967884198 -18108009.973015156
4.1869596380091165 18162193.087337509 -18161773.737409737
4.1869619736785397 18216174.075563185 -18215754.369898986
4.1869643093479638 18270373.038730763 -18269952.976650424
4.186966645017387 18324791.08983466 -18324370.67065645
4.1869689806868111 18379429.348743599 -18379008.571783748
4.1869713163562343 18434288.942250434 -18433867.806823138
4.1869736520256575 18489371.004122421 -18488949.509539831
4.1869759876950816 18544676.675151855 -18544254.820724063
4.1869783233645048 18600207.103207164 -18599784.8882422
4.1869806590339289 18655963.443284437 -18655540.867088262
4.1869829947033521 18711946.857559357 -18711523.919435848
4.1869853303727762 18768158.515439574 -18767735.214690521
4.1869876660421994 18824599.59361754 -18824175.929542635
4.1869900017116235 18881271.276123755 -18880847.248020578
4.1869923373810467 18938174.754380491 -18937750.361544516
4.1869946730504699 18995311.227255955 -18994886.468980528
4.186997008719894 19052681.901118889 -19052256.776695222
4.1869993443893172 19110287.989893656 -19109862.498610824
4.1870016800587413 19168130.715115789 -19167704.856260717
4.1870040157281645 19226211.305987988 -19225785.078845445
4.1870063513975886 19284530.999436602 -19284104.403289188
4.1870086870670118 19343091.040168587 -19342664.07429672
4.1870110227364359 19401892.680728957 -19401465.344410878
4.1870133584058591 19460937.181558717 -19460509.474070467
4.1870156940752823 19520225.811053272 -19519797.731668696
4.1870180297447064 19579759.845621362 -19579331.393612083
4.1870203654141296 19639540.56974446 -19639111.744379885
4.1870227010835537 19699569.276036717 -19699140.076584022
4.1870250367529769 19759847.265305385 -19759417.691029508
4.187027372422401 19820375.846611772 -19819945.896775398
4.1870297080918242 19881156.337332718 -19880726.011196274
4.1870320437612483 19942190.063222587 -19941759.360044234
4.1870343794306715 20003478.358475801 -20003047.277511422
4.1870367151000947 20065022.565789901 -20064591.10629309
4.1870390507695188 20126824.036429148 -20126392.197651207
4.187041386438942 20188884.130288687 -20188451.911478609
4.1870437221083661 20251204.215959232 -20250771.616363693
4.1870460577777893 20313785.670792349 -20313352.689655699
4.1870483934472134 20376629.880966265 -20376196.517530527
4.1870507291166366 20439738.241552263 -20439304.495057106
4.1870530647860607 20503112.156581637 -20502678.026264377
4.1870554004554839 20566753.039113246 -20566318.524208836
4.1870577361249071 20630662.311301641 -20630227.41104266
4.1870600717943312 20694841.404465791 -20694406.11808243
4.1870624074637544 20759291.759158373 -20758856.085878432
4.1870647431331784 20824014.825235717 -20823578.764284588
4.1870670788026016 20889012.061928317 -20888575.612528976
4.1870694144720257 20954284.937911976 -20953848.099284977
4.1870717501414489 21019834.931379564 -21019397.702743024
4.187074085810873 21085663.530113392 -21085225.910682984
4.1870764214802962 21151772.231558233 -21151334.220547173
4.1870787571497194 21218162.542894982 -21217724.139514014
4.1870810928191435 21284835.98111495 -21284397.184572343
4.1870834284885667 21351794.07309483 -21351354.88259637
4.1870857641579908 21419038.3556723 -21418598.77042127
4.187088099827414 21486570.375722278 -21486130.394919455
4.1870904354968381 21554391.690233886 -21553951.313077521
4.1870927711662613 21622503.866388064 -21622063.09207388
4.1870951068356854 21690908.481635883 -21690467.309357066
4.1870974425051086 21759607.123777531 -21759165.552724708
4.1870997781745318 21828601.391042005 -21828159.420403246
4.1871021138439559 21897892.892167516 -21897450.521128315
4.1871044495133791 21967483.246482585 -21967040.474225845
4.1871067851828032 22037374.083987884 -22036930.909693915
4.1871091208522264 22107567.0454388 -22107123.468285307
4.1871114565216505 22178063.782428715 -22177619.801590778
4.1871137921910737 22248865.957473025 -22248421.572123095
4.1871161278604978 22319975.244093928 -22319530.453401823
4.187118463529921 22391393.326905951 -22390948.130038824
4.1871207991993442 22463121.90170224 -22462676.297824584
4.1871231348687683 22535162.675541643 -22534716.663815271
4.1871254705381915 22607517.366836548 -22607070.946420588
4.1871278062076156 22680187.705441527 -22679740.875492405
4.1871301418770388 22753175.432742752 -22752728.192414187
4.1871324775464629 22826482.301748224 -22826034.650191206
4.1871348132158861 22900110.077178814 -22899662.013541602
4.1871371488853102 22974060.53556012 -22973612.058988225
4.1871394845547334 23048335.465315159 -23047886.574951332
4.1871418202241566 23122936.666857883 -23122487.3618421
4.1871441558935807 23197865.95268755 -23197416.232157007
4.1871464915630039 23273125.147483956 -23272675.010573052
4.187148827232428 23348716.088203501 -23348265.534043826
4.1871511629018512 23424640.624176137 -23424189.651896462
4.1871534985712753 23500900.617203217 -23500449.225929476
4.1871558342406985 23577497.941656206 -23577046.130511492
4.1871581699101226 23654434.4845763 -23653982.252680849
4.1871605055795458 23731712.145774938 -23731259.49224611
4.187162841248969 23809332.837935243 -23808879.761887517
4.1871651769183931 23887298.486714408 -23886844.987259366
4.1871675125878163 23965611.030846968 -23965157.107093282
4.1871698482572404 24044272.42224906 -24043818.073302481
4.1871721839266636 24123284.626123615 -24122829.851086963
4.1871745195960877 24202649.621066518 -24202194.419039655
4.1871768552655109 24282369.399173751 -24281913.769253585
4.187179190934935 24362445.966149509 -24361989.907429975
4.1871815266043582 24442881.341415316 -24442424.852987353
4.1871838622737814 24523677.558220141 -24523220.63917169
4.1871861979432055 24604836.66375155 -24604379.313167542
4.1871885336126287 24686360.719247852 -24685902.936210182
4.1871908692820528 24768251.800111286 -24767793.583698813
4.187193204951476 24850511.996022295 -24850053.345310818
4.1871955406209 24933143.411054805 -24932684.325117055
4.1871978762903233 25016148.163792606 -25015688.641698234
4.1872002119597473 25099528.387446802 -25099068.428262357
4.1872025476291705 25183286.229974356 -25182825.832763277
4.1872048832985937 25267423.854197729 -25266963.018020332
4.1872072189680178 25351943.437925667 -25351482.161839128
4.187209554637441 25436847.174075063 -25436385.457133401
4.1872118903068651 25522137.270793993 -25521675.11204806
4.1872142259762883 25607815.951585915 -25607353.350083381
4.1872165616457124 25693885.455434982 -25693422.410220321
4.1872188973151356 25780348.036932573 -25779884.547047049
4.1872212329845597 25867205.966404997 -25866742.030886643
4.1872235686539829 25954461.53004238 -25953997.147925988
4.1872259043234061 26042117.030028816 -26041652.200345922
4.1872282399928302 26130174.784673695 -26129709.506452568
4.1872305756622534 26218637.128544271 -26218171.400809895
4.1872329113316775 26307506.4125995 -26307040.234373555
4.1872352470011007 26396785.00432514 -26396318.374625988
4.1872375826705248 26486475.287870128 -26486008.205712803
4.187239918339948 26576579.664184254 -26576112.128580444
4.1872422540093721 26667100.551157121 -26666632.561115149
4.1872445896787953 26758040.383758448 -26757571.938283261
4.1872469253482185 26849401.614179704 -26848932.712272856
4.1872492610176426 26941186.711977091 -26940717.352636725
4.1872515966870658 27033398.16421587 -27032928.346436705
4.1872539323564899 27126038.47561609 -27125568.198389404
4.1872562680259131 27219110.168699708 -27218639.43101332
4.1872586036953372 27312615.783939116 -27312144.584777378
4.1872609393647604 27406557.87990706 -27406086.21825083
4.1872632750341845 27500939.033428039 -27500466.908254672
4.1872656107036077 27595761.839731138 -27595289.250014465
4.1872679463730309 27691028.912604328 -27690555.857314643
4.187270282042455 27786742.884550266 -27786269.362654306
4.1872726177118782 27882906.406943586 -27882432.417404521
4.1872749533813023 27979522.150189713 -27979047.691967122
4.1872772890507255 28076592.80388521 -28076117.875935066
4.1872796247201496 28174121.076979678 -28173645.678254336
4.1872819603895728 28272109.697939217 -28271633.827387385
4.1872842960589969 28370561.414911479 -28370085.071478218
4.1872866317284201 28469478.995892335 -28469002.178519025
4.1872889673978433 28568865.228894126 -28568387.936518461
4.1872913030672674 28668722.922115609 -28668245.15367157
4.1872936387366906 28769054.90411352 -28768576.65853136
4.1872959744061147 28869864.023975834 -28869385.300182071
4.1872983100755379 28971153.151496686 -28970673.948414069
4.187300645744962 29072925.177353024 -29072445.493900523
4.1873029814143852 29175183.013283003 -29174702.848375794
4.1873053170838093 29277929.592266109 -29277448.94481555
4.1873076527532325 29381167.868705057 -29380686.737618674
4.1873099884226557 29484900.818609484 -29484419.202790949
4.1873123240920798 29589131.439781446 -29588649.338130563
4.187314659761503 29693862.752002768 -29693380.163415451
4.1873169954309271 29799097.797224194 -29798614.720592443
4.1873193311003503 29904839.639756449 -29904356.07396834
4.1873216667697744 30011091.366463207 -30010607.310402874
4.1873240024391976 30117856.086955924 -30117371.539503533
4.1873263381086216 30225136.933790598 -30224651.893822335
4.1873286737780449 30332937.062666543 -30332451.529054586
4.1873310094474681 30441259.652627081 -30440773.624239586
4.1873333451168921 30550107.906262279 -30549621.381963365
4.1873356807863154 30659485.049913686 -30658998.028563406
4.1873380164557394 30769394.333881099 -30768906.814335428
4.1873403521251626 30879839.032631427 -30879351.013742235
4.1873426877945867 30990822.445009638 -30990333.925624672
4.1873450234640099 31102347.894451812 -31101858.873414684
4.187347359133434 31214418.729200348 -31213929.205350503
4.1873496948028572 31327038.32252131 -31326548.294694014
4.1873520304722804 31440210.072923973 -31439719.539950289
4.1873543661417045 31553937.404382594 -31553446.365089361
4.1873567018111277 31668223.766560398 -31667732.219770215
4.1873590374805518 31783072.635035824 -31782580.579567023
4.187361373149975 31898487.511531074 -31897994.9461977
4.1873637088193991 32014471.924143009 -32013978.847754803
4.1873660444888223 32131029.427576333 -32130535.838938706
4.1873683801582464 32248163.603379164 -32247669.501293179
4.1873707158276696 32365878.060180999 -32365383.44344335
4.1873730514970928 32484176.433933094 -32483681.301336076
4.1873753871665169 32603062.388151325 -32602566.738482825
4.1873777228359401 32722539.614161521 -32722043.44620499
4.1873800585053642 32842611.831347261 -32842115.143881686
4.1873823941747874 32963282.787400261 -32962785.579200156
4.1873847298442115 33084556.258573294 -33084058.528408665
4.1873870655136347 33206436.049935725 -33205937.796572052
4.1873894011830588 33328925.995631665 -33328427.217829887
4.187391736852482 33452029.95914077 -33451530.65565725
4.1873940725219052 33575751.833541729 -33575252.003128238
4.1873964081913293 33700095.541778475 -33699595.183182165
4.1873987438607525 33825065.03692919 -33824564.148892574
4.1874010795301766 33950664.302478023 -33950162.88373895
4.1874034151995998 34076897.352589682 -34076395.401881315
4.1874057508690239 34203768.23238682 -34203265.748437613
4.1874080865384471 34331281.018230304 -34330777.999763981
4.1874104222078712 34459439.818002433 -34458936.263737954
4.1874127578772944 34588248.77139309 -34587744.680044636
4.1874150935467176 34717712.050188892 -34717207.420465827
4.1874174292161417 34847833.858565345 -34847328.689172216
4.1874197648855649 34978618.433382072 -34978112.723018564
4.187422100554989 35110070.044481091 -35109563.791842014
4.1874244362244122 35242192.994988248 -35241686.198763497
4.1874267718938363 35374991.621617787 -35374484.280492336
4.1874291075632595 35508470.294980198 -35507962.407634065
4.1874314432326836 35642633.419893198 -35642124.985001415
4.1874337789021068 35777485.435696065 -35776976.45192866
4.18743611457153 35913030.816567294 -35912521.282589264
4.1874384502409541 36049274.071845539 -36048763.98631683
4.1874407859103773 36186219.746353999 -36185709.107929461
4.1874431215798014 36323872.420728214 -36323361.228057593
4.1874454572492246 36462236.711747453 -36461724.963475354
4.1874477929186487 36601317.272669487 -36600804.96743536
4.1874501285880719 36741118.793568969 -36740605.93000707
4.187452464257496 36881646.001679391 -36881132.578418761
4.1874547999269192 37022903.661738776 -37022389.677403204
4.1874571355963424 37164896.576338984 -37164382.029546998
4.1874594712657665 37307629.586278796 -37307114.475643627
4.1874618069351897 37451107.570920713 -37450591.895050257
4.1874641426046137 37595335.448551662 -37594819.206048466
4.187466478274037 37740318.176747561 -37739801.366208792
4.187468813943461 37886060.752741762 -37885543.372759171
4.1874711496128842 38032568.213797554 -38032050.262957461
4.1874734852823083 38179845.637584582 -38179327.114467829
4.1874758209517315 38327898.142559379 -38327379.045741327
4.1874781566211547 38476730.888350047 -38476211.216400519
4.1874804922905788 38626349.076144993 -38625828.82762827
4.187482827960002 38776757.94908601 -38776237.122560784
4.1874851636294261 38927962.792665549 -38927441.386684902
4.1874874992988493 39079968.935128331 -39079446.948239699
4.1874898349682734 39232781.747877412 -39232259.178622559
4.1874921706376966 39386406.645884544 -39385883.492799535
4.1874945063071207 39540849.088105097 -39540325.349720269
4.1874968419765439 39696114.577897474 -39695590.252737388
4.1874991776459671 39852208.663447209 -39851683.750030644
4.1875015133153912 40009136.938195638 -40008611.435035542
4.1875038489848144 40166905.041273288 -40166378.946876757
4.1875061846542385 40325518.657938063 -40324991.970806308
4.1875085203236617 40484983.520018168 -40484456.238646477
4.1875108559930858 40645305.406360038 -40644777.529237747
4.187513191662509 40806490.143281184 -40805961.668891646
4.1875155273319331 40968543.605028085 -40968014.531848647
4.1875178630013563 41131471.714239039 -41130942.040740989
4.1875201986707795 41295280.442412175 -41294750.167060733
4.1875225343402036 41459975.810378775 -41459444.93163304
4.1875248700096268 41625563.888781741 -41625032.405094676
4.1875272056790509 41792050.798559457 -41791518.708377838
4.1875295413484741 41959442.71143496 -41958910.013199352
4.1875318770178982 42127745.850410767 -42127212.542555489
4.1875342126873214 42296966.490269072 -42296432.571222164
4.1875365483567455 42467110.958077572 -42466576.426260762
4.1875388840261687 42638185.633700997 -42637650.487529665
4.1875412196955919 42810196.950318374 -42809661.188201517
4.187543555365016 42983151.394946143 -42982615.015286326
4.1875458910344392 43157055.508967161 -43156518.510160506
4.1875482267038633 43331915.888665743 -43331378.269101888
4.1875505623732865 43507739.18576853 -43507200.943830572
4.1875528980427106 43684532.107991718 -43683993.242056206
4.1875552337121338 43862301.4195944 -43861761.928031288
4.1875575693815579 44041053.941938132 -44040513.823110737
4.1875599050509811 44220796.554052904 -44220255.806317866
4.1875622407204043 44401536.193209589 -44400994.814916842
4.1875645763898284 44583279.855499007 -44582737.844991751
4.1875669120592516 44766034.596417375 -44765491.952032022
4.1875692477286757 44949807.531458572 -44949264.251524717
4.1875715833980989 45134605.83671321 -45134061.919553585
4.187573919067523 45320436.749474518 -45319892.193404965
4.1875762547369462 45507307.568851247 -45506762.37218067
4.1875785904063703 45695225.65638762 -45694679.817417957
4.1875809260757935 45884198.436690345 -45883651.953716516
4.1875832617452167 46074233.398062922 -46073686.269372791
4.1875855974146408 46265338.093147315 -46264790.317021661
4.187587933084064 46457520.139573023 -46456971.714285493
4.1875902687534881 46650787.220613621 -46650238.14443069
4.1875926044229113 46845147.085850954 -46844597.357031889
4.1875949400923353 47040607.55184707 -47040057.168643884
4.1875972757617586 47237176.502823927 -47236625.463481337
4.1875996114311826 47434861.891351059 -47434310.194106452
4.1876019471006058 47633671.739041336 -47633119.382124722
4.1876042827700291 47833614.137254685 -47833061.118888646
4.1876066184394531 48034697.247810207 -48034143.566209868
4.1876089541088763 48236929.303706735 -48236374.957079723
4.1876112897783004 48440318.609851584 -48439763.596397981
4.1876136254477236 48644873.543797977 -48644317.861710265
4.1876159611171477 48850602.556491278 -48850046.203954317
4.1876182967865709 49057514.173023902 -49056957.148214869
4.187620632455995 49265616.993399225 -49265059.294487581
4.1876229681254182 49474919.693304427 -49474361.318451867
4.1876253037948414 49685431.024892598 -49684871.972253002
4.1876276394642655 49897159.817574084 -49896600.085293479
4.1876299751336887 50110114.978817247 -50109554.565033764
4.1876323108031128 50324305.494958855 -50323744.397802666
4.187634646472536 50539740.43202401 -50539178.649617307
4.1876369821419601 50756428.936555922 -50755866.467012852
4.1876393178113833 50974380.236455522 -50973817.077882148
4.1876416534808074 51193603.641831271 -51193039.792325526
4.1876439891502306 51414108.545859054 -51413544.003510691
4.1876463248196538 51635904.425652467 -51635339.188543007
4.1876486604890779 51859000.843143553 -51858434.909346245
4.1876509961585011 52083407.445974171 -52082840.813553944
4.1876533318279252 52309133.968398102 -52308566.635411501
4.1876556674973484 52536190.232194051 -52535622.196689203
4.1876580031667725 52764586.147589855 -52764017.407606408
4.1876603388361957 52994331.714197733 -52993762.267766818
4.1876626745056198 53225437.021961011 -53224866.867105193
4.187665010175043 53457912.252112187 -53457341.386845395
4.1876673458444662 53691767.678142801 -53691196.10047029
4.1876696815138903 53927013.666785285 -53926441.374703594
4.1876720171833135 54163660.679006569 -54163087.670503445
4.1876743528527376 54401719.271013938 -54401145.544068314
4.1876766885221608 54641200.095273241 -54640625.647855155
4.1876790241915849 54882113.901539527 -54881538.731610082
4.1876813598610081 55124471.537900582 -55123895.64341189
4.1876836955304322 55368283.951833121 -55367707.330728263
4.1876860311998554 55613562.191271983 -55612984.841484927
4.1876883668692786 55860317.405692607 -55859739.325148173
4.1876907025387027 56108560.847207062 -56107982.033820868
4.1876930382081259 56358303.87167348 -56357724.323351882
4.18769537387755 56609557.939819209 -56608977.654459238
4.1876977095469732 56862334.618378133 -56861753.593867444
4.1877000452163973 57116645.581242047 -57116063.815458864
4.1877023808858205 57372502.610626481 -57371920.101439536
4.1877047165552446 57629917.598251052 -57629334.343519539
4.1877070522246678 57888902.546534501 -57888318.544107996
4.187709387894091 58149469.569804825 -58148884.817523248
4.1877117235635151 58411630.895524651 -58411045.3912182
4.1877140592329383 58675398.865531847 -58674812.607020937
4.1877163949023624 58940785.937295862 -58940198.922391057
4.1877187305717856 59207804.685190007 -59207216.911691979
4.1877210662412097 59476467.801779762 -59475879.267479211
4.1877234019106329 59746788.099127308 -59746198.801804915
4.187725737580057 60018778.510112688 -60018188.447539046
4.1877280732494802 60292452.08977171 -60291861.259707265
4.1877304089189034 60567822.016650818 -60567230.416845798
4.1877327445883274 60844901.594179407 -60844309.222373776
4.1877350802577507 61123704.252059512 -61123111.105982877
4.1877374159271747 61404243.547673285 -61403649.62504486
4.1877397515965979 61686533.167508632 -61685938.466037162
4.187742087266022 61970586.928602897 -61969991.445986599
4.1877444229354452 62256418.780005299 -62255822.513931781
4.1877467586048693 62544042.804257996 -62543445.752404206
4.1877490942742925 62833473.218896464 -62832875.378928617
4.1877514299437157 63124724.377969131 -63124125.747542635
4.1877537656131398 63417810.773576662 -63417211.350336067
4.187756101282563 63712747.037431203 -63712146.819010116
4.1877584369519871 64009547.942435816 -64008946.926456839
4.1877607726214103 64308228.404284567 -64307626.588359229
4.1877631082908344 64608803.483083412 -64608200.864812098
4.1877654439602576 64911288.384992033 -64910684.961963914
4.1877677796296817 65215698.463887326 -65215094.233680286
4.1877701152991049 65522049.223048568 -65521444.183229119
4.1877724509685281 65830356.316864759 -65829750.464987993
4.1877747866379522 66140635.552564442 -66140028.886173949
4.1877771223073754 66452902.891967945 -66452295.408595726
4.1877794579767995 66767174.453263089 -66766566.150429502
4.1877817936462227 67083466.512804143 -67082857.388017826
4.1877841293156468 67401795.50693433 -67401185.557692111
4.18778646498507 67722178.033832818 -67721567.257619634
4.1877888006544941 68044630.855386406 -68044019.249675259
4.1877911363239173 68369170.899085522 -68368558.461337358
4.1877934719933414 68695815.259945825 -68695201.987609506
4.1877958076627646 69024581.202455372 -69023967.09296757
4.1877981433321878 69355486.162547439 -69354871.213332534
4.1878004790016119 69688547.749600202 -69687931.958070248
4.1878028146710351 70023783.74846293 -70023167.112017542
4.1878051503404592 70361212.121509686 -70360594.637535974
4.1878074860098824 70700851.010720536 -70700232.676593021
4.1878098216793065 71042718.739790335 -71042099.55287087
4.1878121573487297 71386833.816266477 -71386213.77390413
4.1878144930181538 71733214.933715463 -71732594.033246487
4.187816828687577 72081880.97391887 -72081259.212666601
4.1878191643570002 72432851.009098768 -72432228.384373501
4.1878215000264243 72786144.304173574 -72785520.813272536
4.1878238356958475 73141780.319044665 -73141155.959251881
4.1878261713652716 73499778.710914254 -73499153.479500487
4.1878285070346948 73860159.336634725 -73859533.230857387
4.1878308427041189 74222942.255089939 -74222315.272192985
4.1878331783735421 74588147.729609564 -74587519.86682342
4.1878355140429662 74955796.230416387 -74955167.484957844
4.1878378497123894 75325908.437107354 -75325278.806179479
4.1878401853818126 75698505.241168797 -75697874.721960858
4.1878425210512367 76073607.748526514 -76072976.338213861
4.1878448567206599 76451237.282130763 -76450604.977874771
4.187847192390084 76831415.384577125 -76830782.183525056
4.1878495280595072 77214163.820763931 -77213529.720048875
4.1878518637289313 77599504.580586836 -77598869.577327594
4.1878541993983545 77987459.881670296 -77986823.97297129
4.1878565350677786 78378052.172137529 -78377415.355088711
4.1878588707372018 78771304.133419484 -78770666.405096233
4.187861206406625 79167238.683102563 -79166600.040565565
4.1878635420760491 79565878.977816448 -79565239.418111622
4.1878658777454723 79967248.416163057 -79966607.936321467
4.1878682134148963 80371370.641685918 -80370729.238723636
4.1878705490843195 80778269.545881689 -80777627.216799706
4.1878728847537436 81187969.27125451 -81187326.013038635
4.1878752204231668 81600494.214413494 -81599850.024034247
4.1878775560925909 82015869.029214039 -82015223.903626561
4.1878798917620141 82434118.62994343 -82433472.566087335
4.1878822274314373 82855268.194552496 -82854621.189351812
4.1878845631008614 83279343.167933166 -83278695.2182962
4.1878868987702846 83706369.265242234 -83705720.368061453
4.1878892344397087 84136372.475273415 -84135722.627425388
4.1878915701091319 84569379.063877434 -84568728.262222648
4.187893905778556 85005415.577430785 -85004763.818813592
4.1878962414479792 85444508.846355334 -85443856.127603814
4.1878985771174033 85886685.988688007 -85886032.306613848
4.1879009127868265 86331974.413702175 -86331319.765100569
4.1879032484562497 86780401.82558161 -86779746.207231119
4.1879055841256738 87231996.227147698 -87231339.635810181
4.187907919795097 87686785.923640326 -87686128.356060773
4.1879102554645211 88144799.526554137 -88144140.979460567
4.1879125911339443 88606065.957530901 -88605406.427634239
4.1879149268033684 89070614.452308312 -89069953.936302274
4.1879172624727916 89538474.564727232 -89537813.059288204
4.1879195981422157 90009676.170796871 -90009013.672583789
4.1879219338116389 90484249.472819835 -90483585.978474036
4.1879242694810621 90962225.003578037 -90961560.509723142
4.1879266051504862 91443633.63058117 -91442968.133822978
4.1879289408199094 91928506.560376704 -91927840.057303056
4.1879312764893335 92416875.342923835 -92416207.83010447
4.1879336121587567 92908771.876032591 -92908103.350019023
4.1879359478281808 93404228.409868866 -93403558.867194265
4.187938283497604 93903277.55152671 -93902606.988705754
4.1879406191670281 94405952.269668162 -94405280.683196902
4.1879429548364513 94912285.899232835 -94911613.285588562
4.1879452905058745 95422312.14621827 -95421638.501859397
4.1879476261752986 95936065.092531726 -95935390.413897619
4.1879499618447218 96453579.200914383 -96452903.484425247
4.1879522975141459 96974889.319940582 -96974212.561997294
4.1879546331835691 97500030.689091861 -97499352.886075869
4.1879569688529932 98029038.943907946 -98028360.092181087
4.1879593045224164 98561950.121215433 -98561270.217119813
4.1879616401918405 99098800.664436266 -99098119.7042941
4.1879639758612637 99639627.42897673 -99638945.409090206
4.1879663115306869 100184467.68769827 -100183784.60434939
4.187968647200111 100733359.13647206 -100732674.98592249
4.1879709828695342 101286339.8998189 -101285654.67830981
4.1879733185389583 101843448.53663501 -101842762.24038698
4.1879756542083815 102404724.04600574 -102404036.67121853
4.1879779898778056 102970205.87310871 -102969517.41596116
4.1879803255472288 103539933.91520754 -103539244.37185736
4.1879826612166529 104113948.52773905 -104113257.89432271
4.1879849968860761 104692290.5304947 -104691598.80312724
4.1879873325554993 105275001.21389697 -105274308.38867186
4.1879896682249234 105862122.34537379 -105861428.41836275
4.1879920038943466 106453696.17583206 -106453001.1430849
4.1879943395637707 107049765.44623199 -107049069.30377646
4.1879966752331939 107650373.3942647 -107649676.13810629
4.1879990109026179 108255563.76113378 -108254865.38725556
4.1880013465720412 108865380.79844397 -108864681.30280647
4.1880036822414652 109479869.27519779 -109479168.65373874
4.1880060179108884 110099074.48490199 -110098372.73353621
4.1880083535803116 110723042.2527869 -110722339.3674061
4.1880106892497357 111351818.94313997 -111351114.91961257
4.1880130249191589 111985451.46675475 -111984746.30092573
4.188015360588583 112623987.2884987 -112623280.97618939
4.1880176962580062 113267474.43500152 -113266766.97200941
4.1880200319274303 113915961.50246592 -113915252.88456449
4.1880223675968535 114569497.66460374 -114568787.88754226
4.1880247032662776 115228132.6806988 -115227421.74020217
4.1880270389357008 115891916.90379928 -115891204.79556784
4.188029374605124 116560901.28904106 -116560188.00875035
4.1880317102745481 117235137.40210599 -117234422.9454066
4.1880340459439713 117914677.42781663 -117913961.790334
4.1880363816133954 118599574.17886981 -118598857.35620402
4.1880387172828186 119289881.10471191 -119289163.09243746
4.1880410529522427 119985652.3005584 -119984933.09422407
4.1880433886216659 120686942.51656032 -120686222.11168888
4.18804572429109 121393807.16712032 -121393085.55920842
4.1880480599605132 122106302.3403607 -122105579.52487859
4.1880503956299364 122824484.80774665 -122823760.78013799
4.1880527312993605 123548412.03386784 -123547686.78954948
4.1880550669687837 124278142.18638079 -124277415.72074261
4.1880574026382078 125013734.14611532 -125013006.45451993
4.188059738307631 125755247.51734766 -125754518.59513023
4.1880620739770551 126502742.63824366 -126502012.4807117
4.1880644096464783 127256280.59147581 -127255549.19390893
4.1880667453159024 128015923.21501599 -128015190.57266569
4.1880690809853256 128781733.11310852 -128780999.22119795
4.1880714166547488 129553773.66742651 -129553038.52115023
4.1880737523241729 130332109.04841565 -130331372.64293942
4.1880760879935961 131116804.2268268 -131116066.55728735
4.1880784236630202 131907924.9854434 -131907186.04694816
4.1880807593324434 132705537.93100566 -132704797.71863256
4.1880830950018675 133509710.5063369 -133508969.0151341
4.1880854306712907 134320511.00267458 -134319768.22766024
4.1880877663407148 135138008.57220992 -135137264.50837192
4.188090102010138 135962273.24084187 -135961527.88313758
4.1880924376795612 136793375.92114788 -136792629.26450396
4.1880947733489853 137631388.4255749 -137630640.46488696
4.1880971090184085 138476383.47985706 -138475634.20998946
4.1880994446878326 139328434.73666257 -139327684.15244812
4.1881017803572558 140187616.78947639 -140186864.88571614
4.1881041160266799 141054005.18671992 -141053251.95818281
4.1881064516961031 141927676.44611576 -141926921.8875384
4.1881087873655272 142808708.06930235 -142807952.17538881
4.1881111230349504 143697178.55669832 -143696421.32211974
4.1881134587043736 144593167.42262673 -144592408.84202114
4.1881157943737977 145496755.21070319 -145495995.27867517
4.1881181300432209 146408023.50949067 -146407262.22061104
4.188120465712645 147327054.9684307 -147326292.3172363
4.1881228013820682 148253933.31405377 -148253169.29504719
4.1881251370514923 149188743.36647114 -149187977.97412035
4.1881274727209155 150131571.0561589 -150130804.28489697
4.1881298083903395 151082503.44103858 -151081735.28526345
4.1881321440597628 152041628.72385958 -152040859.17793363
4.188134479729186 153009036.2698898 -153008265.32813969
4.18813681539861 153984816.6249207 -153984044.28163695
4.1881391510680333 154969061.53359222 -154968287.78302896
4.1881414867374573 155961863.95804477 -155961088.79441941
4.1881438224068805 156963318.09690505 -156962541.51439792
4.1881461580763046 157973519.40461394 -157972741.39736804
4.1881484937457278 158992564.61109808 -158991785.1732187
4.1881508294151519 160020551.74179742 -160019770.8673518
4.1881531650845751 161057580.13805768 -161056797.82107472
4.1881555007539983 162103750.47788793 -162102966.71235785
4.1881578364234224 163159164.79709473 -163158379.5769687
4.1881601720928456 164223926.51080155 -164223139.82999134
4.1881625077622697 165298140.43536061 -165297352.28773826
4.1881648434316929 166381912.8106651 -166381123.19006258
4.188167179101117 167475351.32286888 -167474560.22307774
4.1881695147705402 168578565.1275228 -168577772.54229376
4.1881718504399643 169691664.87313622 -169690870.79617885
4.1881741861093875 170814762.72517517 -170813967.15015748
4.1881765217788107 171947972.39050233 -171947175.31105044
4.1881788574482348 173091409.14227119 -173090610.55196893
4.188181193117658 174245189.84528181 -174244389.73767036
4.1881835287870821 175409432.98180625 -175408631.35038373
4.1881858644565053 176584258.67789784 -176583455.51611888
4.1881882001259294 177769788.73019466 -177768984.03147009
4.1881905357953526 178966146.63322374 -178965340.39092019
4.1881928714647767 180173457.60721508 -180172649.81465447
4.1881952071341999 181391848.62644291 -181391039.27690214
4.1881975428036231 182621448.44810387 -182620637.53481439
4.1881998784730472 183862387.64173871 -183861575.15788606
4.1882022141424704 185114798.61921141 -185113984.55793482
4.1882045498118945 186378815.66526225 -186378000.01965424
4.1882068854813177 187654574.96864346 -187653757.73174939
4.1882092211507418 188942214.65384549 -188941395.81866312
4.188211556820165 190241874.81343263 -190241054.37291166
4.1882138924895891 191553697.54100165 -191552875.48804325
4.1882162281590123 192877826.96477586 -192877003.29223228
4.1882185638284355 194214409.28184816 -194213583.98252222
4.1882208994978596 195563592.79308319 -195562765.85972786
4.1882232351672828 196925527.93869829 -196924699.36401621
4.1882255708367069 198300367.33453426 -198299537.11117721
4.1882279065061301 199688265.80903751 -199687433.92960599
4.1882302421755542 201089380.44096282 -201088546.89800552
4.1882325778449774 202503870.59781668 -202503035.38383001
4.1882349135144015 203931897.9750548 -203931061.08248243
4.1882372491838247 205373626.63604748 -205372788.05727977
4.1882395848532479 206829223.052838 -206828382.78021148
4.188241920522672 208298856.1477083 -208298014.17350525
4.1882442561920952 209782697.33556908 -209781853.65201688
4.1882465918615193 211280920.56719336 -211280075.16646403
4.1882489275309425 212793702.37331206 -212792855.24752173
4.1882512632003666 214321221.90958932 -214320373.05079767
4.1882535988697898 215863661.00250179 -215862810.40271151
4.1882559345392139 217421204.19613987 -217420351.84729609
4.1882582702086371 218994038.79995078 -218993184.69394049
4.1882606058780603 220582354.93744719 -220581499.06609872
4.1882629415474844 222186345.5959048 -222185487.95098719
4.1882652772169076 223806206.67706451 -223805347.25028694
4.1882676128863316 225442137.04887068 -225441275.83188191
4.1882699485557549 227094338.59826538 -227093475.58265311
4.1882722842251789 228763016.28506124 -228762151.4623515
4.1882746198946021 230448378.19692102 -230447511.5585776
4.1882769555640262 232150635.60546964 -232149767.14289343
4.1882792912334494 233870003.02356386 -233869132.72809225
4.1882816269028726 235606698.26374188 -235605826.1266481
4.1882839625722967 237360942.49789152 -237360068.51038393
4.1882862982417199 239132960.31815735 -239132084.47137892
4.188288633911144 240922979.79911748 -240922102.08414504
4.1882909695805672 242731232.5612593 -242730352.96910292
4.1882933052499913 244557953.83578593 -244557072.35738814
4.1882956409194145 246403382.53078407 -246402499.15701929
4.1882979765888386 248267761.29879209 -248266876.02046582
4.1883003122582618 250151336.60579294 -250150449.41364115
4.188302647927685 252054358.8016679 -252053469.68635628
4.1883049835971091 253977082.19214588 -253976191.14426911
4.1883073192665323 255919765.11228982 -255918872.12237081
4.1883096549359564 257882670.00154963 -257881775.06003883
4.1883119906053796 259866063.48042688 -259865166.57770145
4.1883143262748037 261870216.42878497 -261869317.55514809
4.1883166619442269 263895404.06584594 -263894503.21152601
4.188318997613651 265941906.03191537 -265941003.18706518
4.1883213332830742 268010006.47187987 -268009101.62657592
4.1883236689524974 270099994.12051332 -270099087.26475483
4.1883260046219215 272212162.38964689 -272211253.51335514
4.1883283402913447 274346809.45724976 -274345898.55026728
4.1883306759607688 276504238.35843796 -276503325.41052759
4.188333011630192 278684757.07849497 -278683842.07933903
4.1883353472996161 280888678.64795125 -280887761.58715069
4.1883376829690393 283116321.23975593 -283115402.10682946
4.1883400186384634 285368008.26860595 -285367087.05298913
4.1883423543078866 287644068.49248195 -287643145.1835264
4.1883446899773098 289944836.11643058 -289943910.70340288
4.1883470256467339 292270650.89868373 -292269723.37076467
4.1883493613161571 294621858.25915486 -294620928.60543847
4.1883516969855812 296998809.39036369 -296997877.5998562
4.1883540326550044 299401861.37087208 -299400927.43249106
4.1883563683244285 301831377.28127623 -301830441.18384957
4.1883587039938517 304287726.32282668 -304286788.05509162
4.1883610396632758 306771283.93875647 -306770343.4893586
4.188363375332699 309282431.93836623 -309281489.2958585
4.1883657110021222 311821558.62394285 -311820613.77678442
4.1883680466715463 314389058.92060423 -314388111.85715955
4.1883703823409695 316985334.5091275 -316984385.2176652
4.1883727180103936 319610793.96183354 -319609842.43052542
4.1883750536798168 322265852.88161772 -322264899.09853756
4.1883773893492409 324950934.04420823 -324949977.99733078
4.1883797250186641 327666467.5437451 -327665509.22094494
4.1883820606880882 330412890.94173986 -330411930.3307901
4.1883843963575114 333190649.41954589 -333189686.50811726
4.1883867320269346 336000195.93440855 -335999230.71006811
4.1883890676963587 338841991.37916684 -338841023.82937688
4.1883914033657819 341716504.74574429 -341715534.85786092
4.188393739035206 344624213.29252261 -344623241.0537948
4.1883960747046292 347565602.71568733 -347564628.1132555
4.1883984103740532 350541167.32466042 -350540190.34555525
4.1884007460434765 353551410.22172815 -353550430.85286927
4.1884030817129005 356596843.48597884 -356595861.71417356
4.1884054173823237 359677988.36167133 -359677004.17361325
4.188407753051747 362795375.45116431 -362794388.83343214
4.188410088721171 365949544.91249824 -365948555.85155433
4.1884124243905942 369141046.66177475 -369140055.14396375
4.1884147600600183 372370440.58048332 -372369446.59203082
4.1884170957294415 375638296.72788709 -375637300.25489819
4.1884194313988656 378945195.55861372 -378944196.58707148
4.1884217670682888 382291728.14561921 -382290726.66138339
4.1884241027377129 385678496.40863401 -385677492.39743948
4.1884264384071361 389106113.34826714 -389105106.79572237
4.1884287740765593 392575203.28592926 -392574194.17751479
4.1884311097459834 396086402.10973948 -396085390.43080646
4.1884334454154066 399640357.52657223 -399639343.26234078
4.1884357810848307 403237729.32041329 -403236712.45597088
4.1884381167542539 406879189.61723179 -406878170.1375317
4.188440452423678 410565423.15653121 -410564401.04639077
4.1884427880931012 414297127.56977212 -414296102.81387115
4.1884451237625253 418075013.66588533 -418073986.2487644
4.1884474594319485 421899805.72403532 -421898775.63009405
4.1884497951013717 425772241.7938785 -425771209.00737375
4.1884521307707958 429693074.00353187 -429692038.50857598
4.188454466440219 433663068.87547076 -433662030.65602982
4.1884568021096431 437683007.65056771 -437681966.69045961
4.1884591377790663 441753686.62053329 -441752642.90342599
4.1884614734484904 445875917.46900541 -445874870.97841489
4.1884638091179136 450050527.62152433 -450049478.3408128
4.1884661447873377 454278360.60468531 -454277308.51705921
4.1884684804567609 458560276.41468894 -458559221.50319695
4.1884708161261841 462897151.89561981 -462896094.14315081
4.1884731517956082 467289881.12773377 -467288820.5170148
4.1884754874650314 471739375.82603079 -471738312.339625
4.1884778231344555 476246565.74944627 -476245499.36975074
4.1884801588038787 480812399.12097633 -480811329.83021992
4.1884824944733028 485437843.05905294 -485436770.83929425
4.188484830142726 490123884.02050191 -490122808.85362685
4.1884871658121501 494871528.25546986 -494870450.12318945
4.1884895014815733 499681802.27467829 -499680721.15852648
4.1884918371509965 504555753.32936901 -504554669.21070021
4.1884941728204206 509494449.90432084 -509493362.76430762
4.1884965084898438 514498982.22435969 -514497892.04399031
4.1884988441592679 519570462.77479392 -519569369.53486985
4.1885011798286911 524710026.83619708 -524708930.51733059
4.1885035154981152 529918833.03395194 -529917733.6165635
4.1885058511675384 535198063.90306127 -535196961.36737698
4.1885081868369625 540548926.46867704 -540547820.79472613
4.1885105225063857 545972652.8428582 -545971544.01047003
4.1885128581758089 551470500.83807886 -551469388.82688046
4.188515193845233 557043754.59801435 -557042639.38742769
4.1885175295146562 562693725.24614048 -562692606.8153795
4.1885198651840803 568421751.5526942 -568420629.8807621
4.1885222008535035 574229200.62064981 -574228075.68633592
4.1885245365229276 580117468.59130144 -580116340.37317836
4.1885268721923508 586087981.3700825 -586086849.84650326
4.1885292078617749 592142195.37322032 -592141060.52231503
4.1885315435311981 598281598.29598761 -598280460.09566045
4.1885338792006213 604507709.90325856 -604506568.33118474
4.1885362148700453 610822082.84298778 -610820937.87661004
4.1885385505394686 617226303.48350358 -617225155.10002911
4.1885408862088926 623721992.77536964 -623720840.95176661
4.1885432218783158 630310807.13853538 -630309651.8515296
4.1885455575477399 636994439.37577987 -636993280.60185134
4.1885478932171631 643774619.61314309 -643773457.32852232
4.1885502288865872 650653116.26839721 -650651950.44906175
4.1885525645560104 657631737.04849005 -657630567.67016077
4.1885549002254336 664712329.97685874 -664711157.01499617
4.1885572358948577 671896784.45166183 -671895607.88146222
4.1885595715642809 679187032.33600211 -679185852.1323936
4.188561907233705 686585049.08128321 -686583865.2189219
4.1885642429031282 694092854.8847661 -694091667.33803213
4.1885665785725523 701712515.8824439 -701711324.62543714
4.1885689142419755 709446145.37865949 -709444950.38519549
4.1885712499113996 717295905.11357713 -717294706.35718286
4.1885735855808228 725264006.56985259 -725262804.02376211
4.188575921250246 733352712.31989682 -733351505.95704687
4.1885782569196701 741564337.41520882 -741563127.20823431
4.1885805925890933 749901250.81917644 -749900036.7404058
4.1885829282585174 758365876.88493109 -758364658.90638185
4.1885852639279406 766960696.87988091 -766959474.97325456
4.1885875995973647 775688250.55852103 -775687024.6951983
4.1885899352667879 784551137.78544056 -784549907.93647671
4.188592270936212 793552020.20999753 -793550786.34611678
4.1885946066056352 802693622.9949348 -802692385.0865258
4.1885969422750584 811978736.60061181 -811977494.61772203
4.1885992779444825 821410218.6268276 -821408972.53915787
4.1886016136139057 830990995.71475887 -830989745.49165821
4.1886039492833298 840724065.5107851 -840722811.12124491
4.188606284952753 850612498.69469643 -850611240.1073451
4.1886086206221771 860659441.07458758 -860658178.25768447
4.1886109562916003 870868115.75099134 -870866848.67242074
4.1886132919610244 881241825.35290241 -881240553.98016775
4.1886156276304476 891783954.34826005 -891782678.64847755
4.1886179632998708 902497971.43182087 -902496691.37171364
4.1886202989692949 913387431.99312472 -913386147.53901589
4.1886226346387181 924455980.66785693 -924454691.78566325
4.1886249703081422 935707353.97580016 -935706060.63102543
4.1886273059775654 947145383.04852641 -947144085.2062546
4.1886296416469895 958773996.45035338 -958772694.07524157
4.1886319773164127 970597223.09626567 -970595916.15253711
4.1886343129858368 982619195.27047968 -982617883.72191632
4.18863664865526 994844151.74968839 -994842835.5596236
4.1886389843246832 1007276441.0350435 -1007275120.1663544
4.1886413199941073 1019920524.6969817 -1019919199.1120816
4.1886436556635305 1032780980.8376802 -1032779650.4985107
4.1886459913329546 1045862507.6756685 -1045861172.543691
4.1886483270023778 1059169927.2575269 -1059168587.2937149
4.1886506626718019 1072708189.3016595 -1072706844.4664897
4.1886529983412251 1086482375.179615 -1086481025.4330592
4.1886553340106492 1100497702.0403519 -1100496347.3418677
4.1886576696800724 1114759527.0836072 -1114758167.3921292
4.1886600053494956 1129273351.9881904 -1129271987.262121
4.1886623410189197 1144044827.501616 -1144043457.6988161
4.1886646766883429 1159079758.1976826 -1159078383.2754619
4.188667012357767 1174384107.4089012 -1174382727.3240085
4.1886693480271902 1189964002.3414235 -1189962617.050036
4.1886716836966142 1205825739.3801787 -1205824348.8378925
4.1886740193660374 1221975789.5915244 -1221974393.7533438
4.1886763550354615 1238420804.4322484 -1238419403.2525752
4.1886786907048847 1255167621.6736839 -1255166215.1063058
4.1886810263743079 1272223271.5499167 -1272221859.547997
4.188683362043732 1289594983.1401927 -1289593565.6562579
4.1886856977131552 1307290190.9948556 -1307288767.9807839
4.1886880333825793 1325316542.0161343 -1325315113.4231439
4.1886903690520025 1343681902.6044967 -1343680468.3831327
4.1886927047214266 1362394366.082361 -1362392926.1824834
4.1886950403908498 1381462260.4069231 -1381460814.7776937
4.1886973760602739 1400894156.1852076 -1400892704.7750769
4.1886997117296971 1420698875.0048847 -1420697417.7615776
4.1887020473991203 1440885498.0948439 -1440884034.9653463
4.1887043830685444 1461463375.3305571 -1461461906.261102
4.1887067187379676 1482442134.5991182 -1482440659.5351703
4.1887090544073917 1503831691.5409892 -1503830210.4272306
4.1887113900768149 1525642259.6850202 -1525640772.4653349
4.188713725746239 1547884360.9951584 -1547882867.6126163
4.1887160614156622 1570568836.8480942 -1570567337.2449353
4.1887183970850863 1593706859.4609885 -1593705353.5786064
4.1887207327545095 1617309943.7907693 -1617308431.5696938
4.1887230684239327 1641389959.927331 -1641388441.3072116
4.1887254040933568 1665959146.0029123 -1665957620.9224997
4.18872773976278 1691030121.6430452 -1691028590.0401733
4.1887300754322041 1716615901.9839933 -1716614363.7955604
4.1887324111016273 1742729912.2847569 -1742728367.4467065
4.1887347467710514 1769386003.1616228 -1769384451.6089242
4.1887370824404746 1796598466.4745555 -1796596908.1411831
4.1887394181098987 1824382051.8990493 -1824380486.7179618
4.1887417537793219 1852751984.2155473 -1852750412.1186669
4.1887440894487451 1881723981.351681 -1881722402.2698712
4.1887464251181692 1911314273.2148759 -1911312687.0779192
4.1887487607875924 1941539621.3545151 -1941538028.0910897
4.1887510964570165 1972417339.4954023 -1972415739.0330584
4.1887534321264397 2003965314.9861577 -2003963707.2512932
4.1887557677958638 2036202031.2089806 -2036200416.1268163
4.188758103465287 2069146590.9988618 -2069144968.4934154
4.1887604391347111 2102818741.124563 -2102817111.118623
4.1887627748041343 2137238897.8859651 -2137237260.3010635
4.1887651104735575 2172428173.8854251 -2172426528.6418095
4.1887674461429816 2208408406.0336146 -2208406753.0502191
4.1887697818124048 2245202184.85673 -2245200524.051146
4.1887721174818289 2282832885.1713395 -2282831216.4597859
4.1887744531512521 2321324698.1994147 -2321323021.496706
4.1887767888206762 2360702665.2004218 -2360700980.4199357
4.1887791244900994 2400992712.7042994 -2400991019.7579446
4.1887814601595235 2442221689.4289513 -2442219988.2271328
4.1887837958289467 2484417404.9728861 -2484415695.4244704
4.1887861314983699 2527608670.3835483 -2527606952.3958278
4.188788467167794 2571825340.7025719 -2571823614.1812263
4.1887908028372172 2617098359.5966372 -2617096624.4456968
4.1887931385066413 2663459806.1920137 -2663458062.3138189
4.1887954741760645 2710942944.2322736 -2710941191.5274353
4.1887978098454886 2759582273.6958704 -2759580512.0632272
4.1888001455149118 2809413585.0067883 -2809411814.3433638
4.1888024811843358 2860474015.9939895 -2860472236.1949477
4.188804816853759 2912802111.7505651 -2912800322.7091651
4.1888071525231823 2966437887.5625076 -2966436089.1700554
4.1888094881926063 3021422895.0887189 -3021421087.2345185
4.1888118238620295 3077800291.9819188 -3077798474.5532231
4.1888141595314536 3135614915.1494069 -3135613088.0313644
4.1888164952008768 3194913357.8758965 -3194911520.9514985
4.1888188308703009 3255744051.0355692 -3255742204.1855941
4.1888211665397241 3318157348.6406693 -3318155491.7436256
4.1888235022091482 3382205617.9896507 -3382203750.9217172
4.1888258378785714 3447943334.6981988 -3447941457.3331652
4.1888281735479946 3515427182.9088502 -3515425295.118052
4.1888305092174187 3584716161.0046782 -3584714262.6569333
4.1888328448868419 3655871693.1672568 -3655869784.1287975
4.188835180556266 3728957747.1458578 -3728955827.2802606
4.1888375162256892 3804040958.6332736 -3804039027.8013873
4.1888398518951133 3881190762.6720028 -3881188820.7318749
4.1888421875645365 3960479532.5338454 -3960477579.3406448
4.1888445232339606 4041982726.5567384 -4041980761.9626741
4.1888468589033838 4125779043.4708152 -4125777067.3250551
4.188849194572807 4211950586.7581825 -4211948598.9067678
4.1888515302422311 4300583038.6441813 -4300581038.9299374
4.1888538659116543 4391765844.3633986 -4391763832.625843
4.1888562015810784 4485592407.4002333 -4485590383.475481
4.1888585372505016 4582160296.4288368 -4582158260.1495008
4.1888608729199257 4681571464.7627449 -4681569415.9578342
4.1888632085893489 4783932483.1808777 -4783930421.6756926
4.188865544258773 4889354787.0323954 -4889352712.6484165
4.1888678799281962 4997954938.6222715 -4997952851.1770449
4.1888702155976194 5109854905.9723978 -5109852805.2794161
4.1888725512670435 5225182359.1173391 -5225180244.98592
4.1888748869364667 5344070985.1671629 -5344068857.402319
4.1888772226058908 5466660823.5094662 -5466658681.9117746
4.188879558275314 5593098622.6053944 -5593096466.9708576
4.1888818939447381 5723538219.9521456 -5723536050.0720463
4.1888842296141613 5858140946.9511385 -5858138762.6118927
4.1888865652835854 5997076060.5259504 -5997073861.5089502
4.1888889009530086 6140521203.4878111 -6140518989.5692635
4.1888912366224318 6288662895.849762 -6288660666.8005219
4.1888935722918559 6441697059.4370146 -6441694815.0224075
4.1888959079612791 6599829578.3706408 -6599827318.3502817
4.1888982436307032 6763276898.2142153 -6763274622.3418179
4.1889005793001264 6932266666.8251505 -6932264374.8483295
4.1889029149695505 7107038420.206254 -7107036111.8663158
4.1889052506389737 7287844316.981308 -7287841992.0130377
4.1889075863083978 7474949925.38204 -7474947583.5134754
4.188909921977821 7668635067.0321674 -7668632707.9843636
4.1889122576472442 7869194722.1889687 -7869192345.6757517
4.1889145933166683 8076940001.5929365 -8076937607.3206482
4.1889169289860915 8292199190.4494152 -8292196778.1166439
4.1889192646555156 8515318870.6476583 -8515316439.9449596
4.1889216003249388 8746665127.9166565 -8746662678.5262604
4.1889239359943629 8986624851.1973267 -8986622382.7928276
4.1889262716637861 9235607132.3383179 -9235604644.5843544
4.1889286073332102 9494044774.8990574 -9494042267.4509773
4.1889309430026334 9762395921.7229233 -9762393394.2264309
4.1889332786720566 10041145811.924128 -10041143264.01491
4.1889356143414807 10330808679.104563 -10330806110.407904
4.1889379500109039 10631929803.711691 -10631927213.842068
4.1889402856803279 10945087733.710514 -10945085122.27116
4.1889426213497511 11270896689.462135 -11270894056.044601
4.1889449570191752 11610009170.107641 -11610006514.291317
4.1889472926885984 11963118780.764702 -11963116102.116322
4.1889496283580225 12330963301.883278 -12330960599.956396
4.1889519640274457 12714328024.38657 -12714325298.721012
4.1889542996968689 13114049376.948307 -13114046627.069593
4.188956635366293 13531018874.395475 -13531016099.814207
4.1889589710357162 13966187419.82938 -13966184620.040596
4.1889613067051403 14420569996.784945 -14420567171.267443
4.1889636423745635 14895250791.400734 -14895247939.616354
4.1889659780439876 15391388789.934761 -15391385911.327625
4.1889683137134108 15910223901.854147 -15910220995.849863
4.1889706493828349 16453083664.782776 -16453080730.787582
4.1889729850522581 17021390594.716312 -17021387632.116192
4.1889753207216813 17616670252.112499 -17616667260.272221
4.1889776563911054 18240560103.549297 -18240557081.811417
