# serie phase 2 p4_w2.80_c1.20_dt2_k4 : t x1 x2 (dt2=8.0080094523370541e-06, depart t=9.9900000000000002 etat bascule x1 x2 v1 v2 = -159506.29245969569 156546.28993256632 -4900789.1202755608 4854941.9690976776)
10.115725748401692 -476941679709.3045 476936518684.16376
10.115733756411144 -481932776263.76599 481927588304.58936
10.115741764420596 -486989330832.18536 486984115727.57953
10.11574977243005 -492112376314.38824 492107133850.74188
10.115757780439502 -497302964675.4588 497297694636.91333
10.115765788448954 -502562167348.98389 502556869517.40399
10.115773796458406 -507891075649.91589 507885749804.85931
10.115781804467858 -513290801197.31012 513285447115.99713
10.115789812477312 -518762476347.20471 518757093804.48706
10.115797820486764 -524307254635.90704 524301843404.23633
10.115805828496216 -529926311233.97321 529920871083.3689
10.115813836505668 -535620843411.15985 535615374109.17664
10.11582184451512 -541392071012.64996 541386572324.34467
10.115829852524572 -547241236946.85645 547235708634.75446
10.115837860534025 -553169607685.11121 553164049509.17212
10.115845868543477 -559178473773.5719 559172885491.15491
10.115853876552929 -565269150357.67297 565263531723.50146
10.115861884562381 -571442977719.4624 571437328485.58826
10.115869892571833 -577701321828.18188 577695641743.94885
10.115877900581287 -584045574904.44373 584039863716.45044
10.115885908590739 -590477155998.39465 590471413450.45667
10.115893916600191 -596997511582.245 596991737415.35681
10.115901924609643 -603608116157.56042 603602310109.85657
10.115909932619095 -610310472877.71338 610304634684.42847
10.115917940628549 -617106114185.94226 617100243579.37097
10.115925948638001 -623996602469.43909 623990699178.89539
10.115933956647453 -630983530729.91284 630977594481.68823
10.115941964656905 -638068523271.08655 638062553788.40771
10.115949972666357 -645253236403.62268 645247233406.60852
10.115957980675811 -652539359167.95496 652533322373.57275
10.115965988685263 -659928614075.54077 659922543197.56201
10.115973996694715 -667422757869.0415 667416652617.99622
10.115982004704167 -675023582301.99036 675017442385.12146
10.115990012713619 -682732914938.49609 682726740059.7124
10.115998020723071 -690552619973.55005 690546409833.37878
10.116006028732524 -698484599074.53418 698478353370.07227
10.116014036741976 -706530792244.5459 706524510669.41125
10.116022044751428 -714693178708.16003 714686860952.44092
10.11603005276088 -722973777820.27673 722967423570.4812
10.116038060770332 -731374649998.73914 731368258937.74292
10.116046068779786 -739897897681.39661 739891469488.3905
10.116054076789238 -748545666308.33936 748539200658.77539
10.11606208479869 -757320145330.04077 757313641895.57788
10.116070092808142 -766223569242.16846 766217027690.61658
10.116078100817594 -775258218647.83862 775251638643.10217
10.116086108827048 -784426421348.14868 784419802550.16919
10.1160941168365 -793730553461.80627 793723895526.50354
10.116102124845952 -803173040574.72876 803166343153.94165
10.116110132855404 -812756358920.50195 812749621661.92725
10.116118140864856 -822483036592.62402 822476259139.75488
10.11612614887431 -832355654789.49414 832348836781.55713
10.116134156883762 -842376849093.12476 842369990165.01587
10.116142164893214 -852549310782.59753 852542410564.81702
10.116150172902666 -862875788183.31458 862868846301.90063
10.116158180912118 -873359088053.12964 873352104129.59082
10.11616618892157 -884002077006.48047 883995050657.72681
10.116174196931023 -894807682977.70227 894800613815.97522
10.116182204940475 -905778896724.70752 905771784357.50891
10.116190212949927 -916918773374.26868 916911617404.28772
10.116198220959379 -928230434010.18591 928223234035.22546
10.116206228968831 -939717067305.68823 939709822918.58936
10.116214236978285 -951381931201.41614 951374641989.98132
10.116222244987737 -963228354630.422 963221020177.33691
10.116230252997189 -975259739291.65234 975252359174.40637
10.116238261006641 -987479561473.4198 987472135264.22473
10.116246269016093 -999891373928.45068 999883901194.1582
10.116254277025547 -1012498807802.1228 1012491288104.1401
10.116262285034999 -1025305574615.5764 1025298007509.7806
10.116270293044451 -1038315468305.4542 1038307853342.1049
10.116278301053903 -1051532367322.0389 1051524704045.6886
10.116286309063355 -1064960236787.6943 1064952524737.0981
10.116294317072809 -1078603130717.5209 1078595369425.5438
10.116302325082261 -1092465194304.2128 1092457383297.7356
10.116310333091713 -1106550666269.198 1106542805069.0208
10.116318341101165 -1120863881282.2168 1120855969402.9612
10.116326349110617 -1135409272451.5232 1135401309401.5322
10.116334357120069 -1150191373887.0613 1150183359168.2976
10.116342365129523 -1165214823338.9695 1165206756446.9119
10.116350373138975 -1180484364913.8601 1180476245337.3975
10.116358381148427 -1196004851871.4365 1195996679092.7595
10.116366389157879 -1211781249504.1418 1211773022998.6333
10.116374397167331 -1227818638102.5662 1227810357338.6887
10.116382405176784 -1244122216009.3997 1244113880448.5811
10.116390413186236 -1260697302764.9866 1260688911861.5029
10.116398421195688 -1277549342347.4619 1277540895548.3188
10.11640642920514 -1294683906510.6572 1294675403255.4685
10.116414437214592 -1312106698223.0657 1312098137943.9287
10.116422445224046 -1329823555211.2966 1329814937332.6665
10.116430453233498 -1347840453611.564 1347831777550.124
10.11643846124295 -1366163511732.8562 1366154776897.387
10.116446469252402 -1384798993935.5938 1384790199726.8384
10.116454477261854 -1403753314629.7122 1403744460440.2393
10.116462485271308 -1423033042396.3445 1423024127610.4084
10.11647049328076 -1442644904237.2678 1442635928230.6663
10.116478501290212 -1462595789956.5889 1462586752096.5166
10.116486509299664 -1482892756679.2422 1482883656324.1423
10.116494517309116 -1503543033511.0698 1503533870010.4824
10.116502525318568 -1524554026345.427 1524544799039.8337
10.116510533328022 -1545933322821.4368 1545924031042.1033
10.116518541337474 -1567688697439.2351 1567679340508.0486
10.116526549346926 -1589828116837.7678 1589818694067.0728
10.116534557356378 -1612359745240.8728 1612350255933.302
10.11654256536583 -1635291950077.6326 1635282393525.9358
10.116550573375283 -1658633307783.2246 1658623683270.092
10.116558581384735 -1682392609786.7605 1682382916584.6438
10.116566589394187 -1706578868692.7866 1706569106063.7156
10.116574597403639 -1731201324663.4255 1731191491858.8203
10.116582605413091 -1756269452008.5129 1756259548268.9932
10.116590613422545 -1781792965991.1755 1781782990546.365
10.116598621431997 -1807781829856.7471 1807771781925.0735
10.116606629441449 -1834246262093.2207 1834236140881.7117
10.116614637450901 -1861196743931.7231 1861186548635.7976
10.116622645460353 -1888644027095.8713 1888633756899.1265
10.116630653469807 -1916599141809.1724 1916588795883.1658
10.116638661479259 -1945073405070.1052 1945062982574.1318
10.116646669488711 -1974078429204.8464 1974067929285.7109
10.116654677498163 -2003626130708.0083 2003615552499.7925
10.116662685507615 -2033728739382.2524 2033718082006.0767
10.116670693517067 -2064398807788.0232 2064388070351.8035
10.116678701526521 -2095649221015.1382 2095638402613.3369
10.116686709535973 -2127493206788.4417 2127482306501.8132
10.116694717545425 -2159944345920.2778 2159933362815.6084
10.116702725554877 -2193016583123.0645 2193005516252.9053
10.116710733564329 -2226724238195.7715 2226713086598.1665
10.116718741573782 -2261082017598.8374 2261070780297.0454
10.116726749583234 -2296105026432.3447 2296093702434.5527
10.116734757592686 -2331808780833.3154 2331797369132.3472
10.116742765602138 -2368209220808.606 2368197720381.6245
10.11675077361159 -2405322723520.0962 2405311133328.2969
10.116758781621044 -2443166117040.1821 2443154436028.4805
10.116766789630496 -2481756694596.2046 2481744921692.9165
10.116774797639948 -2521112229323.0005 2521100363439.5137
10.1167828056494 -2561250989544.0625 2561239029574.501
10.116790813658852 -2602191754602.1626 2602179699423.0435
10.116798821668306 -2643953831261.7593 2643941679731.6411
10.116806829677758 -2686557070705.9106 2686544821665.0327
10.11681483768721 -2730021886151.9121 2730009538421.8262
10.116822845696662 -2774369271110.8647 2774356823494.0562
10.116830853706114 -2819620818317.209 2819608269596.7095
10.116838861715566 -2865798739355.9482 2865786088294.9404
10.11684686972502 -2912925885015.9912 2912913130357.4019
10.116854877734472 -2961025766399.5854 2961012906865.668
10.116862885743924 -3010122576819.4058 3010109611111.3149
10.116870893753376 -3060241214515.9009 3060228141313.2549
10.116878901762828 -3111407306229.2104 3111394124189.6421
10.116886909772282 -3163647231661.6587 3163633939420.3569
10.116894917781734 -3216988148868.1382 3216974745037.377
10.116902925791186 -3271458020613.7192 3271444503782.374
10.116910933800638 -3327085641739.709 3327072010472.7617
10.11691894181009 -3383900667581.1792 3383886920419.2109
10.116926949819543 -3441933643480.9766 3441919778939.6455
10.116934957828995 -3501216035447.4678 3501202052016.9756
10.116942965838447 -3561780262005.6709 3561766158150.2148
10.116950973847899 -3623659727293.1821 3623645501450.3926
10.116958981857351 -3686888855455.3623 3686874506035.7261
10.116966989866805 -3751503126397.0044 3751488651783.272
10.116974997876257 -3817539112949.9043 3817524511496.4834
10.116983005885709 -3885034519518.7939 3885019789551.1245
10.116991013895161 -3954028222271.5015 3954013362085.4165
10.116999021904613 -4024560310942.1758 4024545318803.2437
10.117007029914065 -4096672132319.791 4096657006462.6401
10.117015037923519 -4170406335497.7568 4170391074125.3838
10.117023045932971 -4245806918964.2642 4245791520247.3208
10.117031053942423 -4322919279616.8647 4322903741692.9287
10.117039061951875 -4401790263788.9873 4401774584761.8096
10.117047069961327 -4482468220380.8633 4482452398319.5977
10.117055077970781 -4565003056191.5137 4564987089129.9238
10.117063085980233 -4649446293553.5166 4649430179489.1611
10.117071093989685 -4735851130377.9609 4735834867271.3584
10.117079101999137 -4824272502721.0615 4824256088494.8262
10.117087110008589 -4914767149992.0996 4914750582530.0586
10.117095118018042 -5007393682926.5371 5007376960072.8232
10.117103126027494 -5102212654454.4414 5102195774012.5547
10.117111134036946 -5199286633602.4941 5199269593334.3418
10.117119142046398 -5298680282575.4033 5298663080200.3096
10.11712715005585 -5400460437168.0869 5400443070361.7764
10.117135158065304 -5504696190670.2158 5504678657063.7656
10.117143166074756 -5611458981432.0068 5611441278610.7695
10.117151174084208 -5720822684269.8477 5720804809772.3438
10.11715918209366 -5832863705899.5781 5832845657216.3535
10.117167190103112 -5947661084595.4854 5947642859167.9385
10.117175198112564 -6065296594284.6523 6065278189503.8252
10.117183206122018 -6185854853295.8076 6185836266501.1396
10.11719121413147 -6309423437996.1738 6309404666474.2197
10.117199222140922 -6436093001561.5508 6436074042544.6592
10.117207230150374 -6565957398138.4922 6565938248803.4473
10.117215238159826 -6699113812671.665 6699094470138.2842
10.11722324616928 -6835662896684.8096 6835643358014.5
10.117231254178732 -6975708910320.5557 6975689172514.8252
10.117239262188184 -7119359870961.8145 7119339930960.7363
10.117247270197636 -7266727708774.9668 7266707563455.6016
10.117255278207088 -7417928429534.1465 7417908075708.9082
10.117263286216541 -7573082285108.1914 7573061719523.168
10.117271294225993 -7732313952013.5352 7732293171346.7539
10.117279302235445 -7895752718457.8057 7895731719317.4443
10.117287310244897 -8063532680325.7236 8063511459248.2656
10.117295318254349 -8235792946585.7305 8235771500034.0586
10.117303326263803 -8412677854621.7715 8412656178983.2041
10.117311334273255 -8594337196027.4971 8594315287611.7578
10.117319342282707 -8780926453429.748 8780904308466.874
10.117327350292159 -8972607048942.6641 8972584663580.8418
10.117335358301611 -9169546604891.9141 9169523975195.2461
10.117343366311063 -9371919217484.5078 9371896339430.7031
10.117351374320517 -9579905744145.6172 9579882613623.6113
10.117359382329969 -9793694105280.8574 9793670718088.3496
10.117367390339421 -10013479601274.504 10013455953115.41
10.117375398348873 -10239465245585.322 10239441332067.145
10.117383406358325 -10471862114850.301 10471837931481.408
10.117391414367779 -10710889716969.996 10710865259156.812
10.117399422377231 -10956776378203.285 10956751641247.381
10.117407430386683 -11209759650372.58 11209734629467.66
10.117415438396135 -11470086739345.744 11470061429574.539
10.117423446405587 -11738014956036.215 11737989352367.254
10.117431454415041 -12013812191247.189 12013786288531.471
10.117439462424493 -12297757415764.545 12297731208732.082
10.117447470433945 -12590141207198.766 12590114690455.012
10.117455478443397 -12891266305180.221 12891239473202.367
10.117463486452849 -13201448196611.873 13201421043745.018
10.117471494462302 -13521015732792.955 13520988253246.123
10.117479502471754 -13850311780360.717 13850283968202.75
10.117487510481206 -14189693908117.441 14189665757272.725
10.117495518490658 -14539535111955.576 14539506616199.617
10.11750352650011 -14900224580247.201 14900195733202.041
10.117511534509562 -15272168502216.369 15272139297345.82
10.117519542519016 -15655790921998.047 15655761352602.758
10.117527550528468 -16051534641270.475 16051504700482.811
10.11753555853792 -16459862173546.363 16459831854325.082
10.117543566547372 -16881256753431.588 16881226048556.322
10.117551574556824 -17316223404396.414 17316192306461.939
10.117559582566278 -17765290068843.402 17765258570253.684
10.11756759057573 -18229008804541.883 18228976897503.883
10.117575598585182 -18707957051792.773 18707924728310.039
10.117583606594634 -19202738975987.875 19202706227853.84
10.117591614604086 -19713986890589.355 19713953709380.402
10.11759962261354 -20242362765922.309 20242329142990.547
10.117607630622992 -20788559829560.242 20788525756025.984
10.117615638632444 -21353304264529.617 21353269731273.574
10.117623646641896 -21937357012013.914 21937322009669.047
10.117631654651348 -22541515685758.895 22541480204701.953
10.117639662660801 -23166616605921.316 23166580636264.008
10.117647670670253 -23813536960697.48 23813500492277.289
10.117655678679705 -24483197104720.418 24483160127091.035
10.117663686689157 -25176563003894.648 25176525506315.992
10.117671694698609 -25894648837111.16 25894610808538.973
10.117679702708061 -26638519766134.176 26638481195209.184
10.117687710717515 -27409294885793.027 27409255760829.625
10.117695718726967 -28208150367627.648 28208110676602.098
10.117703726736419 -29036322811186.938 29036282541725.051
10.117711734745871 -29895112818331.395 29895071957695.668
10.117719742755323 -30785888807145.652 30785847342221.836
10.117727750764777 -31710091083450.234 31710049000733.301
10.117735758774229 -32669236189386.375 32669193474965.844
10.117743766783681 -33664921550198.945 33664878189743.57
10.117751774793133 -34698830442081.953 34698786420823.68
10.117759782802585 -35772737305933.219 35772692608650.422
10.117767790812039 -36888513434011.984 36888468045011.906
10.117775798821491 -38048133058775.695 38048086961876.094
10.117783806830943 -39253679875780.648 39253633054290.547
10.117791814840395 -40507354035265.188 40507306471964.734
10.117799822849847 -41811479640168.672 41811431317288.016
10.1178078308593 -43168512791650.922 43168463690848.094
10.117815838868752 -44581050226898.227 44581000329235.922
10.117823846878204 -46051838598048.102 46051787883969.312
10.117831854887656 -47583784445600.406 47583732894902.891
10.117839862897108 -49179964924493.086 49179912516302.516
10.117847870906562 -50843639346512.039 50843586059253.82
10.117855878916014 -52578261608666.336 52578207420036.008
10.117863886925466 -54387493583704.305 54387438470636.398
10.117871894934918 -56275219556260.453 56275163494895.758
10.11787990294437 -58245561796204.992 58245504761856.125
10.117887910953822 -60302897369516.086 60302839336631.242
10.117895918963276 -62451876296958.25 62451817239083.031
10.117903926972728 -64697441181692.82 64697381071430.023
10.11791193498218 -67044848439103.438 67044787248070.68
10.117919942991632 -69499691275414.414 69499628974199.453
10.117927951001084 -72067924576645.672 72067861134759.266
10.117935959010538 -74755891886044.578 74755827271870.719
10.11794396701999 -77570354666615.531 77570288847358.938
10.117951975029442 -80518524065637.125 80518457007267.719
10.117959983038894 -83608095421255.031 83608027088449.266
10.117967991048346 -86847285776769.938 86847216132848.781
10.1179759990578 -90244874696769.203 90244803703632.484
10.117984007067252 -93810248710825.766 93810176328882.641
10.117992015076704 -97553449747125 97553375935220.375
10.118000023086156 -101485227957562.67 101485152672899.14
10.118008031095608 -105617099381376.86 105617022579431.97
10.118016039105061 -109961408944995.48 109961330579433.95
10.118024047114513 -114531399352007.39 114531319374587.88
10.118032055123965 -119341286481897.38 119341204842373.42
10.118040063133417 -124406341988053.16 124406258634067.98
10.118048071142869 -129742983866929.56 129742898743904.08
10.118056079152321 -135368875862024.47 135368788913038.09
10.118064087161775 -141303036671122.25 141302947836785.94
10.118072095171227 -147565960043141.69 147565869261462.75
10.118080103180679 -154179746983794.22 154179654190032
10.118088111190131 -161168251442172.31 161168156568684.25
10.118096119199583 -168557241023595.75 168557143999672.91
10.118104127209037 -176374574470485.59 176374475222176.91
10.118112135218489 -184650397877365.75 184650296327290.16
10.118120143227941 -193417361863203.97 193417257930349.06
10.118128151237393 -202710862219039.84 202710755818546.44
10.118136159246845 -212569306883643.56 212569197926574.62
10.118144167256299 -223034412486877.53 223034300879970.19
10.118152175265751 -234151534144920 234151419790319.34
10.118160183275203 -245970032702308.06 245969915497281.03
10.118168191284655 -258543684204456.81 258543564041084.34
10.118176199294107 -271931137067680.69 271931013832526.28
10.11818420730356 -286196423199821.25 286196296773573.81
10.118192215313012 -301409530239305.06 301409400496393.75
10.118200223322464 -317647043140686.94 317646909948865.06
10.118208231331916 -334992864572893.06 334992727792788.5
10.118216239341368 -353539025036468.06 353538884521096.81
10.11822424735082 -373386595285702.38 373386450879941.69
10.118232255360274 -394646715618382.75 394646567158400
10.118240263369726 -417441758899472.5 417441606212105
10.118248271379178 -441906646911998.5 441906489814080
10.11825627938863 -468190342824285.38 468190181121913
10.118264287398082 -496457546345284.88 496457379833020.75
10.118272295407536 -526890622625233.31 526890451085233.81
10.118280303416988 -559691801270811.88 559691624471876.94
10.11828831142644 -595085688159522.25 595085505856055.88
10.118296319435892 -633322140286271.75 633321952217143.75
10.118304327445344 -674679562874631.75 674679368761929.75
10.118312335454798 -719468698831920.75 719468498379580.25
10.11832034346425 -768036993590539.75 768036786482837.38
10.118328351473702 -820773634063305.5 820773419963199.75
10.118336359483154 -878115379426488 878115157973789.38
10.118344367492606 -940553324398885.5 940553095208234.25
10.118352375502059 -1008640763720769 1008640526379397.8
10.118360383511511 -1083002360710648 1083002114775901
10.118368391520963 -1164344864628199.2 1164344609624777
10.118376399530415 -1253469673126867 1253469408543761
10.118384407539867 -1351287599555792.2 1351287324842867.8
10.118392415549319 -1458836283554748 1458835998118925.5
10.118400423558773 -1577300781356760 1577300484557742
10.118408431568225 -1708037994292952.8 1708037685438429.8
10.118416439577677 -1852605747089776 1852605425430035.2
10.118424447587129 -2012797520639705.8 2012797185361556.8
10.118432455596581 -2190684087722548.5 2190683737942459.2
10.118440463606035 -2388663610226772.5 2388663244983096
10.118448471615487 -2609522152484568.5 2609521770728715
10.118456479624939 -2856507073583954 2856506674170339
10.118464487634391 -3133416417561822 3133415999236386
10.118472495643843 -3444708271629120.5 3444707833016180
10.118480503653297 -3795635173729130 3795634713316265
10.118488511662749 -4192410110257474.5 4192409626378111
10.118496519672201 -4642412573312515 4642412064125770
10.118504527681653 -5154445712732234 5154445176199517
10.118512535691105 -5739059056213106 5739058490070847
10.118520543700559 -6408955911318573 6408955313046307
10.118528551710011 -7179510874154638 7179510240937500
10.118536559719463 -8069431525400440 8069430854084894
10.118544567728915 -9101610363648982 9101609650690310
10.118552575738367 -10304229733230538 10304228974630246
10.118560583747819 -11712206051565530 11712205242796344
10.118568591757272 -13369093157170692 13369092293086176
10.118576599766724 -15329612820790110 15329611895515072
10.118584607776176 -17663050682403076 17663049689199860
10.118592615785628 -20457859333494340 20457858264598564
10.11860062379508 -23827964697484524 23827963543901784
10.118608631804534 -27921505721798016 27921504473050308
10.118616639813986 -32933096762894904 32933095406701632
10.118624647823438 -39121263350130928 39121261872003920
10.11863265583289 -46833594159557096 46833592542281320
10.118640663842342 -56543596887190240 56543595110150752
10.118648671851796 -68905634476182688 68905632514481912
