# serie phase 2 p5_w2.80_c1.20_dt2_k2 : t x1 x2 (dt2=8.0080094523370541e-06, depart t=5.6699999999999999 etat bascule x1 x2 v1 v2 = 47022.263305070563 -46628.60422684424 2514792.586859405 -2506331.9475060529)
5.7289389495692005 1074700540.7558134 -1074678658.2401218
5.7289469575786525 1084181020.335541 -1084159060.8082573
5.7289549655881054 1093770509.1364493 -1093748472.1220188
5.7289629735975574 1103470553.9481936 -1103448438.9668548
5.7289709816070102 1113282727.6934276 -1113260534.2611649
5.7289789896164622 1123208629.9403992 -1123186357.5688925
5.7289869976259142 1133249887.427002 -1133227535.6235774
5.7289950056353671 1143408154.596576 -1143385722.8641551
5.7290030136448191 1153685114.1457441 -1153662601.9827929
5.7290110216542711 1164082477.5845892 -1164059884.4850655
5.729019029663724 1174601985.8094926 -1174579311.2627938
5.729027037673176 1185245409.6889431 -1185222653.179852
5.7290350456826289 1196014550.6626604 -1195991711.6712914
5.7290430536920809 1206911241.3543596 -1206888319.3561032
5.7290510617015329 1217937346.1985128 -1217914340.6639798
5.7290590697109858 1229094762.081461 -1229071672.4764259
5.7290670777204378 1240385418.9972517 -1240362244.7825952
5.7290750857298898 1251811280.7185764 -1251788021.3502259
5.7290830937393427 1263374345.4832079 -1263351000.4120796
5.7290911017487947 1275076646.6963336 -1275053215.3682711
5.7290991097582475 1286920253.6491935 -1286896735.5049078
5.7291071177676995 1298907272.2544572 -1298883666.7294641
5.7291151257771515 1311039845.7987666 -1311016152.3233237
5.7291231337866044 1323320155.7129061 -1323296373.7119493
5.7291311417960564 1335750422.3600578 -1335726551.2531364
5.7291391498055093 1348332905.8426208 -1348308945.0438318
5.7291471578149613 1361069906.8280799 -1361045855.746001
5.7291551658244133 1373963767.3944347 -1373939625.4320567
5.7291631738338662 1387016871.8957098 -1386992638.4503675
5.7291711818433182 1400231647.8480825 -1400207322.3113854
5.7291791898527702 1413610566.8371811 -1413586148.5949421
5.7291871978622231 1427156145.4471014 -1427131633.8792646
5.7291952058716751 1440870946.2117615 -1440846340.6923296
5.729203213881128 1454757578.5891726 -1454732878.4861326
5.72921122189058 1468818699.9592409 -1468793904.6344883
5.729219229900032 1483057016.6457636 -1483032125.4550261
5.7292272379094848 1497475284.9632668 -1497450297.2560267
5.7292352459189368 1512076312.289351 -1512051227.4087663
5.7292432539283888 1526862958.1632543 -1526837775.4460778
5.7292512619378417 1541838135.4113605 -1541812854.1878595
5.7292592699472937 1557004811.3003788 -1556979430.8942521
5.7292672779567466 1572366008.7189648 -1572340528.447258
5.7292752859661986 1587924807.3885694 -1587899226.56159
5.7292832939756506 1603684345.1043458 -1603658663.0255768
5.7292913019851035 1619647819.0069249 -1619622034.9729366
5.7292993099945555 1635818486.8859301 -1635792600.1862905
5.7293073180040084 1652199668.5161402 -1652173678.4333241
5.7293153260134604 1668794747.0271921 -1668768652.8364887
5.7293233340229124 1685607170.307785 -1685580971.2772045
5.7293313420323653 1702640452.4453652 -1702614147.8355432
5.7293393500418173 1719898175.2022789 -1719871764.2663791
5.7293473580512693 1737383989.5294521 -1737357471.5130687
5.7293553660607222 1755101617.1186657 -1755074991.2597225
5.7293633740701742 1773054851.9945238 -1773028117.5231731
5.729371382079627 1791247562.1472547 -1791220718.2857738
5.729379390089079 1809683691.2075222 -1809656737.1702082
5.729387398098531 1828367260.1644726 -1828340195.1575356
5.7293954061079839 1847302369.1282654 -1847275192.3497205
5.7294034141174359 1866493199.1383708 -1866465909.7779272
5.7294114221268879 1885944014.0189741 -1885916611.2579229
5.7294194301363408 1905659162.282887 -1905631645.2939875
5.7294274381457928 1925643079.0853608 -1925615447.0327244
5.7294354461552457 1945900288.2292829 -1945872540.2682552
5.7294434541646977 1966435404.223279 -1966407539.50032
5.7294514621741497 1987253134.39429 -1987225152.0468519
5.7294594701836026 2008358281.0562248 -2008330180.2126286
5.7294674781930546 2029755743.7363875 -2029727523.5156963
5.7294754862025075 2051450521.4613929 -2051422180.9732842
5.7294834942119595 2073447715.1043658 -2073419253.4490008
5.7294915022214115 2095752529.7952545 -2095723946.0631454
5.7294995102308643 2118370277.3961835 -2118341570.6680586
5.7295075182403163 2141306379.0438077 -2141277548.3904743
5.7295155262497683 2164566367.7607102 -2164537412.2429147
5.7295235342592212 2188155891.1379452 -2188126809.8062315
5.7295315422686732 2212080714.0908871 -2212051505.9854512
5.7295395502781261 2236346721.6906886 -2236317385.8412323
5.7295475582875781 2260959922.0736499 -2260930457.4992309
5.7295555662970301 2285926449.4308643 -2285896855.1397438
5.729563574306483 2311252567.0807052 -2311222842.0701928
5.729571582315935 2336944670.6266828 -2336914813.8829789
5.729579590325387 2363009291.2033587 -2362979301.7013946
5.7295875983348399 2389453098.8130779 -2389422975.5163517
5.7295956063442919 2416282905.7563329 -2416252647.6167431
5.7296036143537448 2443505670.1587629 -2443475276.1164393
5.7296116223631968 2471128499.5978489 -2471097968.5809803
5.7296196303726488 2499158654.8324418 -2499127985.7571001
5.7296276383821017 2527603553.6384192 -2527572745.408381
5.7296356463915536 2556470774.7538457 -2556439826.2604113
5.7296436544010065 2585768061.9371648 -2585736972.0589709
5.7296516624104585 2615503328.1420455 -2615472095.7448783
5.7296596704199105 2645684659.8127251 -2645653283.7493277
5.7296676784293634 2676320321.3036046 -2676288800.4134808
5.7296756864388154 2707418759.4272976 -2707387092.5365129
5.7296836944482674 2738988608.1352773 -2738956794.0562563
5.7296917024577203 2771038693.3353777 -2771006730.8666973
5.7296997104671723 2803578037.850759 -2803545925.776937
5.7297077184766252 2836615866.5249724 -2836583603.6162543
5.7297157264860772 2870161611.4779177 -2870129196.4900565
5.7297237344955292 2904224917.5177736 -2904192349.1918077
5.7297317425049821 2938815647.7140856 -2938782924.7761111
5.7297397505144341 2973943889.1374006 -2973911010.2983413
5.7297477585238861 3009619958.7710085 -3009586922.7263789
5.729755766533339 3045854409.6006212 -3045821215.0302868
5.729763774542791 3082658036.8880262 -3082624682.4559588
5.7297717825522438 3120041884.6348934 -3120008368.9889207
5.7297797905616958 3158017252.2433214 -3157983574.0148726
5.7297877985711478 3196595701.3798037 -3196561859.1836505
5.7297958065806007 3235789063.04953 -3235755055.4835219
5.7298038145900527 3275609444.8883834 -3275575270.5331779
5.7298118225995056 3316069238.6800847 -3316034896.0988722
5.7298198306089576 3357181128.1063147 -3357146615.8445377
5.7298278386184096 3398958096.7380061 -3398923413.3230739
5.7298358466278625 3441413436.2761126 -3441378580.2171087
5.7298438546373145 3484560755.0507064 -3484525724.8380923
5.7298518626467665 3528413986.7874389 -3528378780.8927493
5.7298598706562194 3572987399.6508651 -3572952016.5263982
5.7298678786656714 3618295605.5745215 -3618260043.6530242
5.7298758866751243 3664353569.8878651 -3664317827.5822091
5.7298838946845763 3711176621.2507143 -3711140696.9535689
5.7298919026940283 3758780461.9063525 -3758744353.9898477
5.7298999107034811 3807181178.2645888 -3807144885.0799732
5.7299079187129331 3856395251.826931 -3856358771.7042232
5.7299159267223851 3906439570.4660721 -3906402901.7137022
5.729923934731838 3957331440.0728106 -3957294580.9772573
5.72993194274129 4009088596.5838504 -4009051545.4092679
5.7299399507507429 4061729218.4043112 -4061691973.3921514
5.7299479587601949 4115271939.2396889 -4115234498.6083131
5.7299559667696469 4169735861.3523316 -4169698223.2966146
5.7299639747790998 4225140569.2582693 -4225102731.9491949
5.7299719827885518 4281506143.880899 -4281468105.4651484
5.7299799907980047 4338853177.1785889 -4338814935.7781181
5.7299879988074567 4397202787.2640266 -4397164340.9756365
5.7299960068169087 4456576634.0340014 -4456537980.9288988
5.7300040148263616 4516996935.3288708 -4516958073.4522171
5.7300120228358136 4578486483.6419735 -4578447411.0124273
5.7300200308452656 4641068663.4001102 -4641029378.0093575
5.7300280388547185 4704767468.8369436 -4704727968.6492186
5.7300360468641705 4769607522.4820671 -4769567805.4336634
5.7300440548736233 4835614094.2898264 -4835574158.2885952
5.7300520628830753 4902813121.4327745 -4902772964.3576126
5.7300600708925273 4971231228.7855959 -4971190848.4859238
5.7300680789019802 5040895750.1266689 -5040855144.421895
5.7300760869114322 5111834750.0855198 -5111793916.7644949
5.7300840949208851 5184077046.8656673 -5184035983.6861248
5.7300921029303371 5257652235.7736893 -5257610940.4616737
5.7301001109397891 5332590713.58675 -5332549183.836031
5.730108118949242 5408923703.7920389 -5408881937.2635145
5.730116126958694 5486683282.7335138 -5486641277.0545988
5.730124134968146 5565902406.7022419 -5565860159.4662418
5.7301321429775989 5646614940.0088949 -5646572448.7743654
5.7301401509870509 5728855684.0783424 -5728812946.3684359
5.7301481589965038 5812660407.6083136 -5812617420.9101057
5.7301561670059558 5898065877.8358479 -5898022639.5996542
5.7301641750154078 5985109892.957304 -5985066400.5959768
5.7301721830248606 6073831315.7497892 -6073787566.6379986
5.7301801910343126 6164270108.4441347 -6164226099.9176321
5.7301881990437646 6256467368.9019327 -6256423098.2567987
5.7301962070532175 6350465368.1513519 -6350420832.6432247
5.7302042150626695 6446307589.3389874 -6446262786.1822739
5.7302122230721224 6544038768.1580143 -6543993694.5250788
5.7302202310815744 6643704934.8159485 -6643659587.8362846
5.7302282390910264 6745353457.6074438 -6745307834.366828
5.7302362471004793 6849033088.1613398 -6848987185.7009592
5.7302442551099313 6954794008.4344864 -6954747823.7500486
5.7302522631193842 7062687879.528245 -7062641409.5690651
5.7302602711288362 7172767892.4070387 -7172721134.0751047
5.7302682791382882 7285088820.6022749 -7285041770.7512875
5.7302762871477411 7399707074.989439 -7399659730.4238281
5.7302842951571931 7516680760.7299252 -7516633118.2038422
5.7302923031666451 7636069736.4738617 -7636021792.6901484
5.7303003111760979 7757935675.925046 -7757887427.534174
5.7303083191855499 7882342131.8736725 -7882293575.4726553
5.7303163271950028 8009354602.8086185 -8009305734.9398975
5.7303243352044548 8139040602.2264643 -8138991419.3767672
5.7303323432139068 8271469730.7595272 -8271420229.358695
5.7303403512233597 8406713751.2518053 -8406663927.671587
5.7303483592328117 8544846666.9193382 -8544796517.4721575
5.7303563672422637 8685944802.7371368 -8685894323.6748257
5.7303643752517166 8830086890.2022038 -8830036077.7146988
5.7303723832611686 8977354155.6306458 -8977303005.844656
5.7303803912706215 9127830412.1553707 -9127778921.1330051
5.7303883992800735 9281602155.5975494 -9281550319.3349094
5.7303964072895255 9438758664.3967018 -9438706478.8224354
5.7304044152989784 9599392103.7922726 -9599339564.7660904
5.7304124233084304 9763597634.4602108 -9763544737.7713585
5.7304204313178833 9931473525.8196411 -9931420267.1853371
5.7304284393273353 10103121274.234676 -10103067649.298498
5.7304364473367873 10278645726.349815 -10278591730.680046
5.7304444553462401 10458155207.810923 -10458100836.898849
5.7304524633556921 10641761657.635387 -10641706906.893553
5.7304604713651441 10829580768.510927 -10829525633.271336
5.730468479374597 11021732133.317524 -11021676608.829788
5.730476487384049 11218339398.183641 -11218283479.613089
5.7304844953935019 11419530422.40453 -11419474104.83024
5.7304925034029539 11625437445.568884 -11625380723.981688
5.7305005114124059 11836197262.260225 -11836140131.560625
5.7305085194218588 12051951404.719553 -12051893859.715603
5.7305165274313108 12272846333.876629 -12272788369.281736
5.7305245354407628 12499033639.184298 -12498975249.614975
5.7305325434502157 12730670247.710665 -12730611427.684202
5.7305405514596677 12967918642.971926 -12967859386.904007
5.7305485594691206 13210947094.017593 -13210887396.219828
5.7305565674785726 13459929895.309969 -13459869749.987358
5.7305645754880246 13715047617.969557 -13714987019.217882
5.7305725834974774 13976487372.993881 -13976426314.797016
5.7305805915069294 14244443087.090946 -14244381563.318079
5.7305885995163823 14519115791.809958 -14519053796.212734
5.7305966075258343 14800713926.690933 -14800651452.900509
5.7306046155352863 15089453657.199011 -15089390698.723017
5.7306126235447392 15385559208.255228 -15385495758.474632
5.7306206315541912 15689263214.226501 -15689199266.392384
5.7306286395636432 16000807086.289761 -16000742633.519976
5.7306366475730961 16320441398.140013 -16320376433.415752
5.7306446555825481 16648426291.078894 -16648360807.241135
5.730652663592001 16985031899.577671 -16984965889.323517
5.730660671601453 17330538798.479755 -17330472254.35865
5.730668679610905 17685238473.085873 -17685171387.495697
5.7306766876203579 18049433813.44001 -18049366178.623051
5.7306846956298099 18423439634.220032 -18423371442.258816
5.7306927036392619 18807583221.72596 -18807514464.538952
5.7307007116487148 19202204909.559299 -19202135578.896446
5.7307087196581667 19607658684.693501 -19607588772.131641
5.7307167276676196 20024312825.739532 -20024242322.67765
5.7307247356770716 20452550575.331329 -20452479472.985634
5.7307327436865236 20892770848.692532 -20892699138.091377
5.7307407516959765 21345388980.576389 -21345316652.555016
5.7307487597054285 21810837512.926891 -21810764558.121986
5.7307567677148814 22289567025.758392 -22289493434.602467
5.7307647757243334 22782047013.926174 -22781972776.641735
5.7307727837337854 23288766812.647591 -23288691919.241108
5.7307807917432383 23810236574.831524 -23810161015.087177
5.7307887997526903 24346988303.486908 -24346912066.960129
5.7307968077621423 24899576942.707851 -24899500018.718609
5.7308048157715952 25468581530.982506 -25468503908.608364
5.7308128237810472 26054606420.84296 -26054528088.911877
5.7308208317905001 26658282569.158379 -26658203516.241234
5.7308288397999521 27280268902.690746 -27280189117.093601
5.7308368478094041 27921253763.857735 -27921173233.6138
5.7308448558188569 28581956442.020443 -28581875154.881741
5.7308528638283089 29263128796.00592 -29263046739.434639
5.7308608718377609 29965556973.986134 -29965474135.145649
5.7308688798472138 30690063237.311146 -30689979603.05669
5.7308768878566658 31437507895.385208 -31437423452.254189
5.7308848958661187 32208791359.210308 -32208706093.412243
5.7308929038755707 33004856321.813583 -33004770219.219643
5.7309009118850227 33826690074.399574 -33826603120.531708
5.7309089198944756 34675326967.763557 -34675239147.783195
5.7309169279039276 35551851029.24469 -35551762327.940979
5.7309249359133805 36457398746.312698 -36457309148.090263
5.7309329439228325 37393162028.765053 -37393071517.631264
5.7309409519322845 38360391362.476997 -38360299922.028725
5.7309489599417374 39360399168.666885 -39360306782.076691
5.7309569679511894 40394563383.796783 -40394470033.798546
5.7309649759606414 41464331276.46949 -41464236945.343399
5.7309729839700942 42571223519.067917 -42571128188.624878
5.7309809919795462 43716838533.286964 -43716742184.852295
5.7309889999889991 44902857130.379906 -44902759744.77636
5.7309970079984511 46131047468.694221 -46130949026.224251
5.7310050160079031 47403270352.972923 -47403170833.400177
5.731013024017356 48721484902.077034 -48721384284.607056
5.731021032026808 50087754613.998718 -50087652877.258759
5.73102904003626 51504253859.650444 -51504150981.668381
5.7310370480457129 52973274839.663734 -52973170797.846031
5.7310450560551649 54497235041.509285 -54497129812.617943
5.7310530640646178 56078685237.579102 -56078578797.707565
5.7310610720740698 57720318068.558533 -57720210393.106476
5.7310690800835218 59424977260.461891 -59424868324.108803
5.7310770880929747 61195667528.239174 -61195557304.916702
5.7310850961024267 63035565223.720161 -63035453686.583145
5.7310931041118796 64948029791.162216 -64947916912.558327
5.7311011121213316 66936616099.563179 -66936501851.001083
5.7311091201307836 69005087727.652451 -69004972079.768417
5.7311171281402364 71157431284.697464 -71157314207.220306
5.7311251361496884 73397871858.492172 -73397753320.206451
5.7311331441591404 75730889690.822571 -75730769659.529938
5.7311411521685933 78161238190.699081 -78161116633.177658
5.7311491601780453 80693963406.711197 -80693840288.672897
5.7311571681874982 83334425092.140656 -83334300378.186249
5.7311651761969502 86088319510.24939 -86088193163.821243
5.7311731842064022 88961704142.286926 -88961576125.619217
5.7311811922158551 91961024477.92984 -91960894751.99614
5.7311892002253071 95093143086.652451 -95093011611.110458
5.7311972082347591 98365371189.773422 -98365237922.906723
5.731205216244212 101785502976.58934 -101785367875.2459
5.731213224253664 105361852934.5464 -105361715954.07368
5.7312212322631169 109103296493.13185 -109103157587.30829
5.7312292402725689 113019314314.40598 -113019173435.36853
5.7312372482820209 117120040600.59877 -117119897698.76631
5.7312452562914737 121416315831.35892 -121416170855.35118
5.7312532643009257 125919744390.71561 -125919597287.26741
5.7312612723103786 130642757597.01462 -130642608310.88496
5.7312692803198306 135598682709.80853 -135598531183.68423
5.7312772883292826 140801818555.70294 -140801664730.09647
5.7312852963387355 146267518492.3663 -146267362305.50726
5.7312933043481875 152012281517.7803 -152012122905.50021
5.7313013123576395 158053852431.19623 -158053691326.80612
5.7313093203670924 164411332064.63397 -164411168398.79413
5.7313173283765444 171105298732.7966 -171105132433.37793
5.7313253363859973 178157942196.18991 -178157773188.12628
5.7313333443954493 185593211599.69092 -185593039804.82178
5.7313413524049013 193436979039.42493 -193436804376.32739
5.7313493604143542 201717220631.21289 -201717043015.02246
5.7313573684238062 210464217205.39401 -210464036547.6131
5.7313653764332582 219710777041.1936 -219710593249.48666
5.731373384442711 229492483387.82571 -229492296365.80005
5.731381392452163 239847969903.61148 -239847779550.58234
5.7313894004616159 250819227588.19586 -250819033798.93466
5.7313974084710679 262451947296.68866 -262451749961.15277
5.7314054164805199 274795902519.7626 -274795701522.80499
5.7314134244899728 287905377809.08466 -287905173030.14185
5.7314214324994248 301839649030.60034 -301839440343.35638
5.7314294405088777 316663522571.3161 -316663309843.34058
5.7314374485183297 332447941725.96576 -332447724818.32336
5.7314454565277817 349270669780.84369 -349270448547.67261
5.7314534645372346 367217060825.62067 -367216835113.677
5.7314614725466866 386380931107.16772 -386380700755.33209
5.7314694805561386 406865545849.05969 -406865310687.80304
5.7314774885655915 428784738949.19543 -428784498799.99921
5.7314854965750435 452264185921.41718 -452263940596.14374
5.7314935045844964 477442853962.90063 -477442603263.10828
5.7315015125939484 504474657219.4964 -504474400935.69354
5.7315095206034004 533530350329.96442 -533530088240.79608
5.7315175286128532 564799699338.5293 -564799431209.88867
5.7315255366223052 598493976293.71558 -598493701877.77222
5.7315335446317572 634848832566.47607 -634848551600.61157
5.7315415526412101 674127616470.16382 -674127328675.80334
5.7315495606506621 716625213583.11743 -716624918664.44629
5.731557568660115 762672503790.78113 -762672201433.33167
5.731565576669567 812641548113.39917 -812641237982.49219
5.731573584679019 866951641839.30798 -866951323578.33057
5.7315815926884719 926076399332.11475 -926076072560.6145
5.7315896006979239 990552071525.39282 -990551735836.96326
5.7315976087073768 1060987341424.1173 -1060986996384.0485
5.7316056167168288 1138074898148.2844 -1138074543290.9456
5.7316136247262808 1222605159209.5928 -1222604794035.511
5.7316216327357337 1315482597726.5178 -1315482221699.1091
5.7316296407451857 1417745241275.2429 -1417744853817.146
5.7316376487546377 1530588048813.449 -1530587649302.4028
5.7316456567640905 1655391050541.8391 -1655390638306.0356
5.7316536647735425 1793753364641.6045 -1793752938954.4338
5.7316616727829954 1947534500763.177 -1947534060837.2712
5.7316696807924474 2118904744323.9294 -2118904289304.3872
5.7316776888018994 2310406917844.0806 -2310406446800.7393
5.7316856968113523 2525032476354.9624 -2525031988273.5498
5.7316937048208043 2766315769078.7881 -2766315262850.7612
5.7317017128302563 3038451466867.5288 -3038450941278.3564
5.7317097208397092 3346441724414.7012 -3346441178130.3018
5.7317177288491612 3696281772724.0186 -3696281204274.9961
5.7317257368586141 4095195543473.9556 -4095194951237.1997
5.7317337448680661 4551936932278.6982 -4551936314455.8018
5.7317417528775181 5077177884183.2891 -5077177238775.1152
5.731749760886971 5684012322136.1953 -5684011646912.7422
5.731757768896423 6388616074458.0342 -6388615366922.5312
5.7317657769058759 7211118959635.9395 -7211118216981.8242
5.7317737849153279 8176768456854.0957 -8176767675913.1104
5.7317817929247799 9317498680295.7656 -9317497857474.9277
5.7317898009342327 10674069599722.705 -10674068730927.191
5.7317978089436847 12299019118136.439 -12299018198674.488
5.7318058169531367 14260790305088.65 -14260789329553.266
5.7318138249625896 16649583730707.875 -16649582692828.305
5.7318218329720416 19585784663172.559 -19585783555625.902
5.7318298409814945 23232303839081.281 -23232302653250.859
