# serie phase 2 p7_w1.73_c1.05_dt2_k2 : t x1 x2 (dt2=1.3901231711593138e-05, depart t=21.510000000000002 etat bascule x1 x2 v1 v2 = 1705.0931788853222 -1684.3634474435548 49624.955635752427 -49449.576929902563)
21.599245907588429 5153929.9092631908 -5153724.1973444782
21.59925980882014 5191467.3251156248 -5191261.1862212084
21.599273710051854 5229376.752438928 -5229170.1845695954
21.599287611283565 5267662.8604353406 -5267455.8615772799
21.599301512515275 5306330.3893061681 -5306122.9574308237
21.599315413746986 5345384.1515208324 -5345176.284584756
21.5993293149787 5384829.0331120286 -5384620.7290567327
21.599343216210411 5424669.9949975815 -5424461.2517493879
21.599357117442121 5464912.0743295979 -5464702.889799485
21.599371018673832 5505560.3858715938 -5505350.7579550417
21.599384919905546 5546620.1234042272 -5546410.0499810623
21.599398821137257 5588096.5611603083 -5587886.0400945432
21.599412722368967 5629995.0552898003 -5629784.0844294755
21.599426623600682 5672321.0453554839 -5672109.6225325046
21.599440524832392 5715080.0558600333 -5714868.1788900029
21.599454426064103 5758277.6978052491 -5758065.3644873053
21.599468327295813 5801919.6702842219 -5801706.8784008659
21.599482228527528 5846011.7621071842 -5845798.5094241099
21.599496129759238 5890559.8534618961 -5890346.1377278166
21.599510030990949 5935569.9176093638 -5935355.7365558371
21.59952393222266 5981048.0226157494 -5980833.3739569979
21.599537833454374 6027000.3331213631 -6026785.2145540956
21.599551734686084 6073433.1121476088 -6073217.5213508373
21.599565635917795 6120352.7229428235 -6120136.6575776786
21.599579537149506 6167765.630867945 -6167549.0885774866
21.59959343838122 6215678.4053229848 -6215461.3837320143
21.59960733961293 6264097.7217153264 -6263880.2184301931
21.599621240844641 6313030.36347083 -6312812.3760792362
21.599635142076355 6362483.2240888402 -6362264.7501596436
21.599649043308066 6412463.3092421656 -6412244.3463251786
21.599662944539777 6462977.7389231343 -6462758.2845489215
21.599676845771487 6514033.749636882 -6513813.8013165537
21.599690747003201 6565638.6966430414 -6565418.2518680459
21.599704648234912 6617800.0562470527 -6617579.1124889636
21.599718549466623 6670525.428142325 -6670303.9828526285
21.599732450698333 6723822.5378045309 -6723600.5884144073
21.599746351930047 6777699.2389393402 -6777476.7828594446
21.599760253161758 6832163.5159849534 -6831940.5506051918
21.599774154393469 6887223.4866708107 -6887000.009360116
21.599788055625183 6942887.4046339206 -6942663.4127400192
21.599801956856894 6999163.6620942531 -6998939.1529434342
21.599815858088604 7056060.7925907457 -7055835.7634876259
21.599829759320315 7113587.4737794315 -7113361.922006716
21.599843660552029 7171752.5302952994 -7171526.4531135382
21.59985756178374 7230564.9366795411 -7230338.3313268851
21.59987146301545 7290033.820373863 -7289806.6840658123
21.599885364247161 7350168.4647836033 -7349940.7947127549
21.599899265478875 7410978.3124114685 -7410750.1057472629
21.599913166710586 7472472.9680636711 -7472244.2219521282
21.599927067942296 7534662.2021304248 -7534432.9136938816
21.599940969174011 7597555.9539427198 -7597326.1202795645
21.599954870405721 7661164.3352073934 -7660933.9533917923
21.599968771637432 7725497.6335225375 -7725266.7006041603
21.599982672869142 7790566.3159753894 -7790334.8289791299
21.599996574100857 7856381.0328249214 -7856148.9887506142
21.600010475332567 7922952.6212713504 -7922720.0170934834
21.600024376564278 7990292.1093149008 -7990058.9419823252
21.600038277795989 8058410.7197061833 -8058176.9861418149
21.600052179027703 8127319.8739907052 -8127085.5710912282
21.600066080259413 8197031.1966500282 -8196796.3212855868
21.600079981491124 8267556.5193421571 -8267321.0683560502
21.600093882722835 8338907.8852438973 -8338671.8554522619
21.600107783954549 8411097.5534979086 -8410860.9416894037
21.600121685186259 8484138.0037673581 -8483900.8067028411
21.60013558641797 8558041.9409011044 -8557804.1553133037
21.600149487649684 8632822.2997124419 -8632583.9223056249
21.600163388881395 8708492.2498744912 -8708253.2773241252
21.600177290113105 8785065.200935524 -8784825.6298879348
21.600191191344816 8862554.8074575625 -8862314.634529585
21.60020509257653 8940974.9742816295 -8940734.1960602589
21.600218993808241 9020339.861923147 -9020098.4749651738
21.600232895039952 9100663.8921012282 -9100421.8929328825
21.600246796271662 9181961.7534055579 -9181719.1385221314
21.600260697503376 9264248.4071047176 -9264005.1729701944
21.600274598735087 9347539.093100071 -9347295.2361467443
21.600288499966798 9431849.336029157 -9431604.8526572455
21.600302401198512 9517194.9515229426 -9516949.8381001931
21.600316302430222 9603592.0526213683 -9603346.3054826595
21.600330203661933 9691057.0563516468 -9690810.6717985868
21.600344104893644 9779606.6904739384 -9779359.6647744495
21.600358006125358 9869258.000399366 -9869010.3297872692
21.600371907357069 9960028.3562852629 -9959780.0369598512
21.600385808588779 10051935.460312825 -10051686.488438433
21.60039970982049 10144997.354152471 -10144747.725858042
21.600413611052204 10239232.426622303 -10238982.138000937
21.600427512283915 10334659.421545466 -10334408.468653975
21.600441413515625 10431297.445812151 -10431045.824670592
21.600455314747336 10529165.977652336 -10528913.684243551
21.60046921597905 10628284.875125492 -10628031.905394631
21.600483117210761 10728674.384833684 -10728420.734687725
21.600497018442471 10830355.150864638 -10830100.816171899
21.600510919674186 10933348.223971726 -10933093.200561363
21.600524820905896 11037675.070998028 -11037419.354659533
21.600538722137607 11143357.584551807 -11143101.171034496
21.600552623369317 11250418.092940833 -11250160.977953319
21.600566524601032 11358879.370373556 -11358621.549583219
21.600580425832742 11468764.647435229 -11468506.116467683
21.600594327064453 11580097.621847268 -11579838.376285806
21.600608228296164 11692902.469518602 -11692642.504903641
21.600622129527878 11807203.855897954 -11806943.167726466
21.600636030759588 11923026.947636429 -11922765.531361369
21.600649931991299 12040397.42456984 -12040135.275599554
21.600663833223013 12159341.492030781 -12159078.605728418
21.600677734454724 12279885.893500762 -12279622.265183659
21.600691635686434 12402057.923612963 -12401793.548552034
21.600705536918145 12525885.441516718 -12525620.314935826
21.600719438149859 12651396.884614997 -12651131.001690317
21.60073333938157 12778621.282686751 -12778354.638546122
21.600747240613281 12907588.272406248 -12907320.862128509
21.600761141844991 13038328.112272175 -13038059.9308865
21.600775043076705 13170871.697959486 -13170602.740444697
21.600788944308416 13305250.578107549 -13304980.839391423
21.600802845540127 13441496.970558699 -13441226.445517262
21.600816746771841 13579643.77906174 -13579372.462518547
21.600830648003551 13719724.610455338 -13719452.497180738
21.600844549235262 13861773.792347139 -13861500.877057534
21.600858450466973 14005826.391304707 -14005552.668661794
21.600872351698687 14151918.231574969 -14151643.696184967
21.600886252930398 14300085.914349634 -14299810.560762499
21.600900154162108 14450366.837594608 -14450090.660303231
21.600914055393819 14602799.216462187 -14602522.209901586
21.600927956625533 14757422.104305372 -14757144.262851859
21.600941857857244 14914275.414314222 -14913996.732284559
21.600955759088954 15073399.941795405 -15073120.41344595
21.600969660320665 15234837.387116462 -15234557.006642288
21.600983561552379 15398630.379337229 -15398349.140871234
21.60099746278409 15564822.50055176 -15564540.398163766
21.6010113640158 15733458.310964985 -15733175.338660805
21.601025265247515 15904583.374729127 -15904299.526449632
21.601039166479225 16078244.286565933 -16077959.556186089
21.601053067710936 16254488.699201915 -16254203.080529807
21.601066968942646 16433365.35164465 -16433078.838420488
21.601080870174361 16614924.098329253 -16614636.684224358
21.601094771406071 16799215.939165607 -16798927.617781375
21.601108672637782 16986293.050517619 -16986003.815384474
21.601122573869493 17176208.817147423 -17175918.66172374
21.601136475101207 17369017.865158323 -17368726.782829337
21.601150376332917 17564776.095972277 -17564484.080048967
21.601164277564628 17763540.721378356 -17763247.765096307
21.601178178796342 17965370.299690634 -17965076.39620889
21.601192080028053 18170324.773054928 -18170029.915454797
21.601205981259763 18378465.505946144 -18378169.687230006
21.601219882491474 18589855.324899301 -18589558.537989371
21.601233783723188 18804558.559518758 -18804260.79725584
21.601247684954899 19022641.084812339 -19022342.339954555
21.60126158618661 19244170.364898674 -19243870.630120154
21.60127548741832 19469215.498138405 -19468914.766027965
21.601289388650034 19697847.263741892 -19697545.526801672
21.601303289881745 19930138.169908233 -19929835.420552328
21.601317191113456 20166162.503552087 -20165858.734105125
21.60133109234517 20405996.381678056 -20405691.584373772
21.60134499357688 20649717.804464322 -20649411.971444082
21.601358894808591 20897406.71012013 -20897099.833431438
21.601372796040302 21149145.031584226 -21148837.10317919
21.601386697272016 21405016.755134054 -21404707.766867839
21.601400598503727 21665107.980978753 -21664797.924607981
21.601414499735437 21929506.985912204 -21929195.853093322
21.601428400967148 22198304.288105506 -22197992.070393141
21.601442302198862 22471592.714121405 -22471279.40296666
21.601456203430573 22749467.468237128 -22749153.054985859
21.601470104662283 23032026.204166073 -23031710.680057116
21.601484005893994 23319369.099271756 -23319052.455435127
21.601497907125708 23611598.931372639 -23611281.158827692
21.601511808357419 23908821.158240329 -23908502.247893874
21.601525709589129 24211143.999898095 -24210823.942542467
21.601539610820844 24518678.523831576 -24518357.310142688
21.601553512052554 24831538.733227927 -24831216.353763249
21.601567413284265 25149841.65836601 -25149518.103562515
21.601581314515975 25473707.451285485 -25473382.711457565
21.60159521574769 25803259.483867437 -25802933.549204756
21.6016091169794 26138624.449465707 -26138297.310031008
21.601623018211111 26479932.46823521 -26479604.113962073
21.601636919442821 26827317.196309604 -26826987.61700017
21.601650820674536 27180915.938987985 -27180585.124310602
21.601664721906246 27540869.768096562 -27540537.707583398
21.601678623137957 27907323.643700726 -27906990.326745324
21.601692524369671 28280426.540349793 -28280091.956204563
21.601706425601382 28660331.578046098 -28659995.715819761
21.601720326833092 29047196.158139069 -29046859.006794028
21.601734228064803 29441182.10435421 -29440843.652703878
21.601748129296517 29842455.809175987 -29842116.045882042
21.601762030528228 30251188.385816216 -30250847.299385794
21.601775931759938 30667555.826009307 -30667213.40479213
21.601789832991649 31091739.163886916 -31091395.39607235
21.601803734223363 31523924.646198396 -31523579.519812446
21.601817635455074 31964303.909155633 -31963957.412057854
21.601831536686785 32413074.162194204 -32412726.282074545
21.601845437918499 32870438.378958147 -32870089.103333727
21.601859339150209 33336605.495829269 -33336254.812041063
21.60187324038192 33811790.618339531 -33811438.513548978
21.601887141613631 34296215.235821649 -34295861.697007179
21.601901042845345 34790107.44467181 -34789752.458625287
21.601914944077055 35293702.18061354 -35293345.733936615
21.601928845308766 35807241.460376471 -35806883.539476842
21.601942746540477 36330974.633223772 -36330615.224311367
21.601956647772191 36865158.642778359 -36864797.731861383
21.601970549003902 37410058.299633227 -37409695.872514173
21.601984450235612 37965946.56524419 -37965582.607515685
21.601998351467323 38533104.847636431 -38532739.344677016
21.602012252699037 39111823.30948393 -39111456.24645371
21.602026153930748 39702401.189147063 -39702032.550983265
21.602040055162458 40305147.135286808 -40304776.906699203
21.602053956394172 40920379.555708192 -40920007.721174419
21.602067857625883 41548426.981118351 -41548053.524879105
21.602081758857594 42189628.444520928 -42189253.350575022
21.602095660089304 42844333.877012938 -42843957.129112236
21.602109561321019 43512904.520786487 -43512526.102430701
21.602123462552729 44195713.360184468 -44195333.254615828
21.60213736378444 44893145.571704477 -44892763.761902235
21.60215126501615 45605598.99389638 -45605215.462571181
21.602165166247865 46333484.618153892 -46333099.347741999
21.602179067479575 47077227.101449989 -47076840.074107334
21.602192968711286 47837265.302131712 -47836876.499727778
21.602206869943 48614052.839951664 -48613662.244063221
21.602220771174711 49408058.681581452 -49407666.2734861
21.602234672406421 50219767.752918735 -50219373.513588279
21.602248573638132 51049681.579582445 -51049285.489676066
21.602262474869846 51898318.957068875 -51897920.996926129
21.602276376101557 52766216.652127236 -52765816.801760845
21.602290277333267 53653930.13700258 -53653528.376090996
21.602304178564978 54562034.358299524 -54561630.666179314
21.602318079796692 55491124.54231552 -55490718.897973508
21.602331981028403 56441817.03880772 -56441409.420872904
21.602345882260114 57414750.205277398 -57414340.592012621
21.602359783491828 58410585.333981276 -58410173.703274675
21.602373684723538 59430007.624010041 -59429593.95336622
21.602387585955249 60473727.200921796 -60473311.467452742
21.60240148718696 61542480.18657361 -61542062.366989337
21.602415388418674 62637029.821955524 -62636609.892554425
21.602429289650384 63758167.646011174 -63757745.582670085
21.602443190882095 64906714.733614355 -64906290.511778325
21.602457092113806 66083522.99606818 -66083096.590739898
21.60247099334552 67289476.547715127 -67289047.933444053
21.602484894577231 68525493.142479032 -68525062.29335016
21.602498795808941 69792525.684390947 -69792092.574013248
21.602512697040652 71091563.816438153 -71091128.417932585
21.602526598272366 72423635.592344075 -72423197.878331304
21.602540499504077 73789809.236197099 -73789369.178784758
21.602554400735787 75191194.995163858 -75190752.565933391
21.602568301967501 76628947.090901449 -76628502.260894582
21.602582203199212 78104265.775611058 -78103818.515315786
21.602596104430923 79618399.499126717 -79617949.778462812
21.602610005662633 81172647.193852395 -81172194.98215647
21.602623906894348 82768360.684822217 -82767905.950832278
21.602637808126058 84406947.23268047 -84406489.944519952
21.602651709357769 86089872.217883974 -86089412.34304522
21.602665610589479 87818661.975054309 -87818199.480381489
21.602679511821194 89594906.787041709 -89594441.638713151
21.602693413052904 91420264.048896983 -91419796.212406918
21.602707314284615 93296461.6127325 -93295991.052872106
21.602721215516329 95225301.325213596 -95224828.006051451
21.60273511674804 97208662.770289794 -97208186.655151606
21.60274901797975 99248507.230699256 -99248028.282146826
21.602762919211461 101346881.8827984 -101346400.0626079
21.602776820443175 103505924.24032104 -103505439.50946045
21.602790721674886 105727866.86385615 -105727379.18246189
21.602804622906596 108015042.35414052 -108014551.68149324
21.602818524138307 110369888.64857601 -110369394.94307545
21.602832425370021 112794954.64192575 -112794457.86106469
21.602846326601732 115292906.15375149 -115292406.25408867
21.602860227833443 117866532.26692687 -117866029.20405896
21.602874129065153 120518752.06343554 -120518245.79196797
21.602888030296867 123252621.78580642 -123252112.25932311
21.602901931528578 126071342.45477349 -126070829.62580541
21.602915832760289 128978267.97620668 -128977751.79619914
21.602929733992003 131976913.77307184 -131976394.19235055
21.602943635223713 135070965.9811193 -135070442.94885501
21.602957536455424 138264291.25014177 -138263764.71431357
21.602971437687135 141560947.19620457 -141560417.10356155
21.602985338918849 144965193.55408216 -144964659.85010377
21.60299924015056 148481504.08316341 -148480966.71201786
21.60301314138227 152114579.28490376 -152114038.18940496
21.603027042613981 155869359.99470228 -155868815.11626479
21.603040943845695 159751041.91662842 -159750493.19522065
21.603054845077406 163765091.17550287 -163764538.54959813
21.603068746309116 167917260.96731576 -167916704.37384132
21.60308264754083 172213609.39640257 -172213048.77068639
21.603096548772541 176660518.59561041 -176659953.87132573
21.603110450004252 181264715.23452181 -181264146.343629
21.603124351235962 186033292.53055862 -186032719.40324473
21.603138252467676 190973733.8883661 -190973156.45298147
21.603152153699387 196093938.30461201 -196093356.48760408
21.603166054931098 201402247.68848461 -201401661.41432866
21.603179956162808 206907476.26240492 -206906885.45353168
21.603193857394523 212618942.2233907 -212618346.8001104
21.603207758626233 218546501.86315742 -218545901.74358043
21.603221659857944 224700586.36454928 -224699981.46450284
21.603235561089658 231092241.51347521 -231091631.74641615
21.603249462321369 237733170.58972815 -237732555.86665139
21.603263363553079 244635780.72675276 -244635160.95609531
21.60327726478479 251813233.06009942 -251812608.14763954
21.603291166016504 259279497.01769567 -259278866.86644706
21.603305067248215 267049409.14182338 -267048773.65192387
21.603318968479925 275138736.87441862 -275138095.94301319
21.603332869711636 283564247.78319418 -283563601.30431199
21.60334677094335 292343784.75791276 -292343132.62233758
21.603360672175061 301496347.76429456 -301495689.85942841
21.603374573406771 311042182.80808187 -311041519.01780128
21.603388474638482 321002878.83461577 -321002209.03912038
21.603402375870196 331401473.37201166 -331400797.44766432
21.603416277101907 342262567.81827289 -342261885.63743097
21.603430178333618 353612453.37736291 -353611764.80820024
21.603444079565332 365479248.76696652 -365478553.67328495
21.603457980797042 377893050.9550398 -377892349.19607002
21.603471882028753 390886100.33312178 -390885391.76331282
21.603485783260464 404492961.90399474 -404492246.37279063
21.603499684492178 418750724.25905389 -418750001.61065733
21.603513585723888 433699218.34046918 -433698488.41359061
21.603527486955599 449381258.23655856 -449380520.86415023
21.60354138818731 465842906.54615712 -465842161.5551303
21.603555289419024 483133767.17796773 -483133014.38889247
21.603569190650735 501307308.82822645 -501306548.05501211
21.603583091882445 520421222.8112734 -520420453.86082858
21.603596993114159 540537819.41646135 -540537042.08833158
21.60361089434587 561724467.53634548 -561723681.62232685
21.603624795577581 584054082.97230303 -584053288.25603008
21.603638696809291 607605671.58342695 -607604867.83993208
21.603652598041005 632464934.33119237 -632464121.32643521
21.603666499272716 658724942.29566014 -658724119.78602362
21.603680400504427 686486890.92825162 -686486058.66000223
21.603694301736137 715860944.19527602 -715860101.90398514
21.603708202967852 746967180.88696313 -746966328.29688585
21.603722104199562 779936657.25961089 -779935794.08301866
21.603736005431273 814912602.40474558 -814911728.3412081
21.603749906662987 852051765.35032439 -852050880.08593655
21.603763807894698 891525935.98478258 -891525039.19133091
21.603777709126408 933523665.53099048 -933522756.8650533
21.603791610358119 978252216.61094582 -978251295.71292078
21.603805511589833 1025939778.0712938 -1025938844.5643456
21.603819412821544 1076837985.8385534 -1076837039.3274734
21.603833314053254 1131224798.3679554 -1131223838.4379244
21.603847215284965 1189407783.9891434 -1189406810.2043867
21.603861116516679 1251727887.9672666 -1251726899.8695917
21.60387501774839 1318563759.7450857 -1318562756.8522878
21.6038889189801 1390336736.1648617 -1390335717.9689822
21.603902820211811 1467516595.1074517 -1467515561.0728767
21.603916721443525 1550628216.6027787 -1550627166.1641538
21.603930622675236 1640259316.2253768 -1640258248.7853212
21.603944523906947 1737069449.6230702 -1737068364.549664
21.603958425138661 1841800528.9202676 -1841799425.5442836
21.603972326370371 1955289143.687906 -1955288021.2997565
21.603986227602082 2078481043.6961966 -2078479901.5425575
21.604000128833793 2212448221.1375189 -2212447058.4175887
21.604014030065507 2358409131.0624084 -2358407946.9237533
21.604027931297217 2517752716.1657491 -2517751509.6996794
21.604041832528928 2692067063.23102 -2692065833.4674287
21.604055733760639 2883173724.1734123 -2883172470.0750031
21.604069634992353 3093168997.6462049 -3093167718.1020169
21.604083536224064 3324473806.1009493 -3324472499.9190707
21.604097437455774 3579894242.6945715 -3579892908.5939221
21.604111338687488 3862695435.5360465 -3862694072.1370745
21.604125239919199 4176692129.3979902 -4176690735.212111
21.60413914115091 4526360380.4007397 -4526358953.8183002
21.60415304238262 4916976085.9446249 -4916974625.2211409
21.604166943614334 5354787853.8872747 -5354786357.1276293
21.604180844846045 5847234127.9410439 -5847232593.081275
21.604194746077756 6403217783.0633125 -6403216207.8495255
21.604208647309466 7033455952.3271856 -7033454334.2910252
21.604222548541181 7750929180.9372425 -7750927517.3672237
21.604236449772891 8571462919.8296261 -8571461207.7374496
21.604250351004602 9514487066.7894516 -9514485302.8701992
21.604264252236316 10604037557.371305 -10604035737.956118
21.604278153468027 11870090713.920141 -11870088834.919601
21.604292054699737 13350360588.089336 -13350358644.925251
21.604305955931448 15092748915.24107 -15092746902.763653
21.604319857163162 17158727973.104128 -17158725885.490614
21.604333758394873 19628077529.569469 -19628075360.198925
21.604347659626583 22605620164.853481 -22605617906.150665
