# serie phase 2 p7_w2.80_c1.05_dt2_k2 : t x1 x2 (dt2=8.0080094523370541e-06, depart t=11.508000000000001 etat bascule x1 x2 v1 v2 = 1427.1506285726912 -1399.1466781293038 60565.745299663547 -60221.986840634767)
11.569821832972043 6509491.1653108466 -6509178.3751997389
11.569829840981495 6555599.2134647453 -6555285.7919107359
11.569837848990947 6602151.6290516127 -6601837.5731793139
11.5698458570004 6649153.8354816306 -6648839.1423952365
11.569853865009852 6696611.3363503283 -6696296.0031334152
11.569861873019304 6744529.7168320753 -6744213.7405474037
11.569869881028756 6792914.6451014355 -6792598.0227907468
11.569877889038208 6841771.8737829942 -6841454.6024668068
11.569885897047662 6891107.2414303087 -6890789.3181077102
11.569893905057114 6940926.6740346495 -6940608.0956830876
11.569901913066566 6991236.1865642015 -6990916.950139272
11.569909921076018 7042041.8845344242 -7041721.9869696535
11.56991792908547 7093349.9656102918 -7093029.4038169226
11.569925937094922 7145166.7212411407 -7144845.4921079101
11.569933945104376 7197498.5383288665 -7197176.6387217818
11.569941953113828 7250351.9009302482 -7250029.3276923643
11.56994996112328 7303733.3919941885 -7303410.1419453761
11.569957969132732 7357649.695134677 -7357325.7650713911
11.569965977142184 7412107.5964403227 -7411782.9831353687
11.569973985151638 7467113.9863212872 -7466788.6865235837
11.56998199316109 7522675.8613945087 -7522349.8718288466
11.569990001170542 7578800.3264080975 -7578473.6437748959
11.569998009179994 7635494.5962058408 -7635167.2171809012
11.570006017189446 7692765.9977327641 -7692437.9189670188
11.570014025198899 7750621.9720827015 -7750293.1902019624
11.570022033208351 7809070.0765888896 -7808740.5881935908
11.570030041217803 7868117.9869585857 -7867787.7886235248
11.570038049227255 7927773.4994527781 -7927442.5877268519
11.570046057236707 7988044.5331120612 -7987712.904517998
11.570054065246161 8048939.1320297904 -8048606.783063882
11.570062073255613 8110465.4676736407 -8110132.3948054686
11.570070081265065 8172631.8412567256 -8172298.0409288844
11.570078089274517 8235446.6861594934 -8235112.1547873085
11.570086097283969 8298918.5704036159 -8298583.3043748597
11.570094105293421 8363056.1991791539 -8362720.1948537575
11.570102113302875 8427868.4174262732 -8427531.6711360365
11.570110121312327 8493364.2124728467 -8493026.720521139
11.570118129321779 8559552.7167293038 -8559214.475390764
11.570126137331231 8626443.2104422171 -8626104.2159624547
11.570134145340683 8694045.1245079301 -8693705.3731032107
11.570142153350137 8762368.0433478039 -8762027.5312047433
11.570150161359589 8831421.7078465819 -8831080.4311218262
11.570158169369041 8901216.0183554478 -8900873.9731753524
11.570166177378493 8971761.0377614032 -8971418.2202217095
11.570174185387945 9043066.9946245942 -9042723.4007901009
11.570182193397399 9115144.286385294 -9114799.9122895207
11.570190201406851 9188003.4826422799 -9187658.3242871333
11.570198209416303 9261655.3285044432 -9261309.3818598706
11.570206217425755 9336110.7480174471 -9335764.0090210866
11.570214225435207 9411380.8476673514 -9411033.3122241851
11.57022223344466 9487476.9199631754 -9487128.5839451663
11.570230241454112 9564410.4471003711 -9564061.3063461073
11.570238249463564 9642193.1047072746 -9641843.1550215948
11.570246257473016 9720836.7656766977 -9720486.0028303247
11.570254265482468 9800353.5040848572 -9800001.9238140155
11.57026227349192 9880755.5991998371 -9880403.1972058751
11.570270281501374 9962055.5395819284 -9961702.3115309253
11.570278289510826 10044266.02727825 -10043911.968800625
11.570286297520278 10127399.982114093 -10127045.088804202
11.57029430552973 10211470.546083491 -10211114.813499227
11.570302313539182 10296491.087841617 -10296134.511503994
11.570310321548636 10382475.207301708 -10382117.78269445
11.570318329558088 10469436.740339257 -10469078.462908369
11.57032633756754 10557389.763606275 -10557030.628759619
11.570334345576992 10646348.599458562 -10645988.602565421
11.570342353586444 10736327.820998985 -10735966.957389619
11.570350361595898 10827342.257239895 -10826980.522205098
11.57035836960535 10919406.998387786 -10919044.387178427
11.570366377614802 11012537.401253533 -11012173.909080101
11.570374385624254 11106749.094791539 -11106384.716823671
11.570382393633706 11202057.985771334 -11201692.717137342
11.570390401643159 11298480.264585173 -11298114.100371564
11.570398409652611 11396032.411195267 -11395665.346446251
11.570406417662063 11494731.201224577 -11494363.230941577
11.570414425671515 11594593.712194964 -11594224.831336105
11.570422433680967 11695637.329916837 -11695267.533396443
11.570430441690419 11797879.755034348 -11797509.037722426
11.570438449699873 11901339.00973049 -11900967.366452193
11.570446457709325 12006033.444596527 -12005660.870131629
11.570454465718777 12111981.745670307 -12111608.234752659
11.570462473728229 12219202.941648122 -12218828.488965103
11.570470481737681 12327716.411274994 -12327341.01146695
11.570478489747135 12437541.89091837 -12437165.53857805
11.570486497756587 12548699.482330412 -12548322.172002388
11.570494505766039 12661209.660604116 -12660831.386784207
11.570502513775491 12775093.282328796 -12774714.039463466
11.570510521784943 12890371.593950603 -12889991.376436366
11.570518529794397 13007066.240343872 -13006685.042526672
11.570526537803849 13125199.273599327 -13124817.089773921
11.570534545813301 13244793.162035385 -13244409.986444715
11.570542553822753 13365870.79943892 -13365486.626273468
11.570550561832205 13488455.514542129 -13488070.337939266
11.570558569841658 13612571.080742335 -13612184.894785665
11.57056657785111 13738241.726071734 -13737854.524790417
11.570574585860562 13865492.143424397 -13865103.920792468
11.570582593870014 13994347.501048084 -13993958.250983762
11.570590601879466 14124833.453308543 -14124443.169673527
11.570598609888918 14256976.151734283 -14256584.828333033
11.570606617898372 14390802.256350249 -14390409.886929262
11.570614625907824 14526338.947308876 -14525945.52555595
11.570622633917276 14663613.936827302 -14663219.45637078
11.570630641926728 14802655.481439847 -14802259.935847862
11.57063864993618 14943492.394575289 -14943095.77735498
11.570646657945634 15086154.059468592 -15085756.364065323
11.570654665955086 15230670.442417281 -15230271.66221384
11.570662673964538 15377072.106392737 -15376672.23470852
11.57067068197399 15525390.225017175 -15524989.255107358
11.570678689983442 15675656.596917551 -15675254.521972256
11.570686697992896 15827903.660467792 -15827500.473611226
11.570694706002348 15982164.508931261 -15981760.203220848
11.5707027140118 16138472.906015802 -16138067.474441303
11.570710722021252 16296863.301854147 -16296456.737336759
11.570718730030704 16457370.849422647 -16456963.144814089
11.570726738040157 16620031.421412118 -16619622.569493705
11.570734746049609 16784881.627564892 -16784471.621046588
11.570742754059061 16951958.832492571 -16951547.66401203
11.570750762068513 17121301.17398968 -17120888.83611127
11.570758770077965 17292947.581858616 -17292534.067072429
11.570766778087417 17466937.79726233 -17466523.097983159
11.570774786096871 17643312.392621413 -17642896.501187734
11.570782794106323 17822112.792072929 -17821695.700745851
11.570790802115775 18003381.292508986 -18002962.99347119
11.570798810125227 18187161.085213363 -18186741.570568021
11.570806818134679 18373496.278115779 -18373075.539885446
11.570814826144133 18562431.918683626 -18562009.948809125
11.570822834153585 18754014.017471924 -18753590.807811201
11.570830842163037 18948289.572352875 -18947865.114679836
11.570838850172489 19145306.593447287 -19144880.879450627
11.570846858181941 19345114.128780629 -19344687.150062621
11.570854866191395 19547762.290688001 -19547334.038763274
11.570862874200847 19753302.282992329 -19752872.749286622
11.570870882210299 19961786.428981777 -19961355.604830664
11.570878890219751 20173268.200212978 -20172836.076860592
11.570886898229203 20387802.246167358 -20387368.814765062
11.570894906238657 20605444.424789257 -20605009.67639431
11.570902914248109 20826251.83393611 -20825815.759510305
11.570910922257561 21050282.84377072 -21049845.434178993
11.570918930267013 21277597.130128097 -21277158.376137119
11.570926938276465 21508255.708889782 -21507815.601166505
11.570934946285917 21742320.971400462 -21741879.500510667
11.57094295429537 21979856.720962498 -21979413.877369296
11.570950962304822 22220928.210445151 -22220483.984507456
11.570958970314274 22465602.18104763 -22465156.563018613
11.570966978323726 22713946.902255937 -22713499.882281445
11.570974986333178 22966032.213034898 -22965583.781151842
11.570982994342632 23221929.564298745 -23221479.710433461
11.570991002352084 23481712.062705457 -23481260.776672028
11.570999010361536 23745454.515821189 -23745001.787319753
11.571007018370988 24013233.478703618 -24012779.297318619
11.57101502638044 24285127.301954534 -24284671.657152954
11.571023034389894 24561216.181294464 -24560759.062424026
11.571031042399346 24841582.208713342 -24841123.605000664
11.571039050408798 25126309.425254609 -25125849.325803325
11.57104705841825 25415483.875491537 -25415022.269280382
11.571055066427702 25709193.663757518 -25708730.539638389
11.571063074437156 26007529.012193792 -26007064.358889747
11.571071082446608 26310582.320681524 -26310116.126784764
11.57107909045606 26618448.22872733 -26617980.482697114
11.571087098465512 26931223.679374646 -26930754.369535197
11.571095106474964 27249007.985216212 -27248537.09975455
11.571103114484416 27571902.896584943 -27571430.423548695
11.571111122493869 27900012.672005754 -27899538.59930091
11.571119130503321 28233444.150993224 -28232968.466381852
11.571127138512773 28572306.829282455 -28571829.520380363
11.571135146522225 28916712.936586548 -28916233.990860902
11.571143154531677 29266777.516976334 -29266296.921743229
11.571151162541131 29622618.511982508 -29622136.254404485
11.571159170550583 29984356.8465246 -29983872.913608108
11.571167178560035 30352116.517776359 -30351630.896369174
11.571175186569487 30726024.687080212 -30725537.363868792
11.571183194578939 31106211.775030032 -31105722.736536819
11.571191202588393 31492811.559846099 -31492320.792426772
11.571199210597845 31885961.279170889 -31885468.769011542
11.571207218607297 32285801.735420972 -32285307.468535244
11.571215226616749 32692477.404835396 -32691981.36706154
11.571223234626201 33106136.5503681 -33105638.727365982
11.571231242635655 33526931.338577166 -33526431.715825196
11.571239250645107 33955017.960671946 -33954516.523463957
11.571247258654559 34390556.757885627 -34390053.491327673
11.571255266664011 34833712.35134802 -34833207.240355104
11.571263274673463 35284653.776641928 -35284146.80593466
11.571271282682915 35743554.623234421 -35743045.777335621
11.571279290692368 36210593.178983152 -36210082.442214333
11.57128729870182 36685952.579927057 -36685439.936404854
11.571295306711272 37169820.965582035 -37169306.399214588
11.571303314720724 37662391.639967859 -37661875.134451047
11.571311322730176 38163863.23860839 -38163344.777422026
11.57131933073963 38674439.901755735 -38673919.468159668
11.571327338749082 39194331.454100937 -39193809.031131051
11.571335346758534 39723753.591246568 -39723229.161710687
11.571343354767986 40262928.073231399 -40262401.619705126
11.571351362777438 40812082.925407164 -40811554.430229589
11.571359370786892 41371452.646983773 -41370922.092253104
11.571367378796344 41941278.427577242 -41940745.795146309
11.571375386805796 42521808.372107521 -42521273.6435792
11.571383394815248 43113297.734411076 -43112760.891133606
11.5713914028247 43716009.159949332 -43715470.18301148
11.571399410834154 44330212.938018881 -44329671.80824504
11.571407418843606 44956187.263881609 -44955643.961826757
11.571415426853058 45594218.511256769 -45593673.017201282
11.57142343486251 46244601.515643738 -46244053.809588127
11.571431442871962 46907639.868959516 -46907089.930619001
11.571439450881414 47583646.22600352 -47583094.034802482
11.571447458890868 48272942.623290174 -48272388.158356458
11.57145546690032 48975860.810814135 -48975304.050973222
11.571463474909772 49692742.597344451 -49692183.521113485
11.571471482919224 50423940.209871203 -50423378.79545287
11.571479490928676 51169816.667863719 -51169252.893139958
11.571487498938129 51930746.173031949 -51930180.015557513
11.571495506947581 52707114.515321895 -52706545.952317767
11.571503514957033 53499319.495907165 -53498748.504253753
11.571511522966485 54307771.367987514 -54307197.924217738
11.571519530975937 55132893.296244919 -55132317.376537055
11.571527538985391 55975121.835850731 -55974543.416021124
11.571535546994843 56834907.431969151 -56834326.487464689
11.571543555004295 57712714.94075074 -57712131.446641162
11.571551563013747 58609024.17286738 -58608438.103837371
11.571559571023199 59524330.460691728 -59523741.791032806
11.571567579032653 60459145.250290185 -60458553.953892358
11.571575587042105 61413996.719461247 -61413402.769804463
11.571583595051557 62389430.423118211 -62388833.793263562
11.571591603061009 63386009.967389785 -63385410.629970483
11.571599611070461 64404317.71388866 -64403715.641100772
11.571607619079913 65444955.515677243 -65444350.679270133
11.571615627089367 66508545.486553922 -66507937.857820481
11.571623635098819 67595730.805369869 -67595120.355136424
11.571631643108271 68707176.557186425 -68706563.255802408
11.571639651117723 69843570.61318548 -69842954.430512786
11.571647659127175 71005624.551362336 -71005005.456764355
11.571655667136628 72194074.620148674 -72193452.58247906
11.57166367514608 73409682.74723269 -73409057.734823778
11.571671683155532 74653237.595981181 -74652609.576632068
11.571679691164984 75925555.672020808 -75924924.612985075
11.571687699174436 77227482.482674569 -77226848.350647688
11.57169570718389 78559893.752128676 -78559256.513235033
11.571703715193342 79923696.695350423 -79923056.315129921
11.571711723202794 81319831.354005411 -81319187.7973997
11.571719731212246 82749271.997786969 -82748625.229125261
11.571727739221698 84213028.594802111 -84212378.57778658
11.571735747231152 85712148.354867935 -85711495.052558661
11.571743755240604 87247717.34982866 -87247060.724628136
11.571751763250056 88820862.215248719 -88820202.228885815
11.571759771259508 90432751.938140824 -90432088.551654339
11.57176777926896 92084599.735661268 -92083932.909382924
11.571775787278412 93777665.03001675 -93776994.723553672
11.571783795287866 95513255.525192901 -95512581.697409511
11.571791803297318 97292729.391461268 -97292052.000460654
11.57179981130677 99117497.56401962 -99116816.567124292
11.571807819316222 100989026.16253039 -100988341.51626238
11.571815827325674 102908839.03878693 -102908150.69884729
11.571823835335127 104878520.46022741 -104877828.38147503
11.571831843344579 106899717.93749863 -106899022.07392837
11.571839851354031 108974145.20487086 -108973445.50959097
11.571847859363483 111103585.36288038 -111102881.7880891
11.571855867372935 113289894.19324756 -113289186.69020902
11.571863875382389 115535003.65678595 -115534292.17580523
11.571871883391841 117840925.58579175 -117840210.07618906
11.571879891401293 120209755.58318114 -120209035.99326515
11.571887899410745 122643677.14155601 -122642953.41859625
11.571895907420197 125144965.99628325 -125144238.08648157
11.571903915429651 127715994.72769183 -127715262.57615285
11.571911923439103 130359237.6285904 -130358501.17929089
11.571919931448555 133077275.8545012 -133076535.0502584
11.571927939458007 135872802.87526971 -135872057.65770856
11.571935947467459 138748630.24808788 -138747880.55760697
11.571943955476913 141707693.7335023 -141706939.50923866
11.571951963486365 144753059.77753773 -144752300.95733038
11.571959971495817 147887932.38485989 -147887168.9052119
11.571967979505269 151115660.4098123 -151114892.20585153
11.571975987514721 154439745.2942161 -154438972.29965448
11.571983995524173 157863849.28306198 -157863071.43015328
11.571992003533627 161391804.15163091 -161391021.37112677
11.572000011543079 165027620.48030013 -165026832.7014046
11.572008019552531 168775497.51606113 -168774704.6663833
11.572016027561983 172639833.66303295 -172639035.6685378
11.572024035571435 176625237.64754665 -176624434.43250391
11.572032043580888 180736540.40720451 -180735731.89413562
11.57204005159034 184978807.75728971 -184977993.86691257
11.572048059599792 189357353.89231437 -189356534.54348588
11.572056067609244 193877755.78541186 -193876930.89506808
11.572064075618696 198545868.5535191 -198545038.03661311
11.57207208362815 203367841.86201155 -203367005.6314486
11.572080091637602 208350137.44885626 -208349295.41542622
11.572088099647054 213499547.85524678 -213498699.92755392
11.572096107656506 218823216.45722392 -218822362.54161349
11.572104115665958 224328658.9011755 -224327798.90165731
11.572112123675412 230023786.0552285 -230022919.8733972
11.572120131684864 235916928.59859046 -235916056.13354233
11.572128139694316 242016863.3818171 -242015984.53006309
11.572136147703768 248332841.70345184 -248331956.35882697
11.57214415571322 254874619.66155821 -254873727.71512672
11.572152163722672 261652490.75348309 -261651592.09343937
11.572160171732126 268677320.91370296 -268676415.42526793
11.572168179741578 275960586.19744551 -275959673.76275837
11.57217618775103 283514413.33749408 -283513493.83549893
11.572184195760482 291351623.42386341 -291350696.7301904
11.572192203769934 299485778.9804343 -299484844.9672755
11.572200211779387 307931234.73955262 -307930293.27553159
11.572208219788839 316703192.4455263 -316702243.39556152
11.572216227798291 325817760.05152923 -325816803.2766909
11.572224235807743 335292015.71140844 -335291051.0687682
11.572232243817195 345144077.00894761 -345143104.35142064
11.572240251826649 355393175.91354465 -355392195.089724
11.572248259836101 366059740.00236535 -366058750.85634768
11.572256267845553 377165480.54628295 -377164482.91748536
11.572264275855005 388733488.12154949 -388732481.84451687
11.572272283864457 400788336.48017335 -400787321.38437551
11.572280291873911 413356195.4929496 -413355171.40256774
11.572288299883363 426464954.06941921 -426463920.80312073
11.572296307892815 440144354.06053901 -440143311.43124026
11.572304315902267 454426136.26369345 -454425084.07830942
11.572312323911719 469344199.77845073 -469343137.83763057
11.572320331921171 484934776.10694307 -484933704.20479101
11.572328339930625 501236619.55691922 -501235537.48069948
11.572336347940077 518291215.68982363 -518290123.21964836
11.572344355949529 536143009.76706666 -536141906.6755656
11.572352363958981 554839657.3867178 -554838543.4386884
11.572360371968433 574432299.77252197 -574431174.72455883
11.572368379977886 594975866.48605621 -594974730.08615804
11.572376387987338 616529408.68266952 -616528260.6698215
11.57238439599679 639156466.435444 -639155306.53917491
11.572392404006242 662925474.10781741 -662924302.04772854
11.572400412015694 687910208.27984393 -687909023.76510763
11.572408420025148 714190283.33884692 -714189086.06767368
11.5724164280346 741851700.53367603 -741850490.1927458
11.572424436044052 770987457.09030592 -770986233.35416186
11.572432444053504 801698222.90888023 -801696985.43928182
11.572440452062956 834093093.4219017 -834091841.8671335
11.57244846007241 868290428.42561388 -868289162.41974664
11.572456468081862 904418788.1250484 -904417507.28714788
11.572464476091314 942617979.29464841 -942616683.22792816
11.572472484100766 983040226.39367318 -983038914.68458545
11.572480492110218 1025851484.7347112 -1025850156.9519717
11.57248850011967 1071232915.4515108 -1071231571.1450498
11.572496508129124 1119382545.116523 -1119381183.8163579
11.572504516138576 1170517136.5144517 -1170515757.7294714
11.572512524148028 1224874301.3831761 -1224872904.5998316
11.57252053215748 1282714891.0233586 -1282713475.7042482
11.572528540166932 1344325706.7123711 -1344324272.2947118
11.572536548176386 1410022579.029197 -1410021124.9231694
11.572544556185838 1480153873.7421782 -1480152399.329133
11.57255256419529 1555104492.1367333 -1555102996.7672451
11.572560572204742 1635300445.8833797 -1635298928.8751314
11.572568580214194 1721214101.2907631 -1721212561.9262433
11.572576588223647 1813370205.5559037 -1813368643.0798974
11.572584596233099 1912352829.1116436 -1912351242.7284911
11.572592604242551 2018813384.3155594 -2018811773.1861598
11.572600612252003 2133479912.5513778 -2133478275.7899065
11.572608620261455 2257167870.770699 -2257166207.4410043
11.572616628270909 2390792696.3747735 -2390791005.4864159
11.572624636280361 2535384488.3262944 -2535382768.8301849
11.572632644289813 2692105215.4100885 -2692103466.1936722
11.572640652299265 2862268953.5302415 -2862267173.4121718
11.572648660308717 3047365767.4134541 -3047363955.1376901
11.572656668318169 3249089994.5495162 -3249088148.7787652
11.572664676327623 3469373868.9691339 -3469371988.2775488
11.572672684337075 3710427650.372479 -3710425733.2375078
11.572680692346527 3974787714.5577049 -3974785759.3509679
11.572688700355979 4265374433.4332113 -4265372438.4102645
11.572696708365431 4585562152.9046421 -4585560116.1934566
11.572704716374885 4939264199.6345186 -4939262119.222477
11.572712724384337 5331036661.0015068 -5331034534.7206793
11.572720732393789 5766205751.2378387 -5766203576.7482548
11.572728740403241 6251024992.2236137 -6251022766.994194
11.572736748412693 6792870325.296793 -6792868046.5835314
11.572744756422146 7400483808.9797144 -7400481473.8006134
11.572752764431598 8084280000.4889631 -8084277605.5951242
11.57276077244105 8856733828.7322273 -8856731370.5743618
11.572768780450502 9732875271.1924038 -9732872745.8818493
11.572776788459954 10730925221.234398 -10730922624.497522
11.572784796469408 11873119728.184097 -11873117055.308681
11.57279280447886 13186788038.241398 -13186785284.01322
11.572800812488312 14705776207.462822 -14705773366.09021
11.572808820497764 16472346582.590118 -16472343647.613588
11.572816828507216 18539740587.981777 -18539737552.165031
11.572824836516668 20975678299.760666 -20975675154.958126
11.572832844526122 23867199982.577625 -23867196719.572067
11.572840852535574 27327459926.29541 -27327456534.597206
11.572848860545026 31505408747.03656 -31505405214.632904
