# serie phase 2 p5_w2.27_c1.05_dt2s4_k2 : t x1 x2 (dt2=2.7996102798059688e-06, depart t=22.890000000000001 etat bascule x1 x2 v1 v2 = 38908.663240615831 -38609.854481839931 1691158.1057320507 -1685934.4746310581)
22.961782007574225 506046587.07812095 -506033326.11174697
22.961784807184504 507113852.44553816 -507100580.29896754
22.961787606794786 508184045.86145186 -508170762.5181787
22.961790406405065 509257177.21907061 -509243882.6625542
22.961793206015344 510333256.45132262 -510319950.66498739
22.961796005625626 511412293.53104061 -511398976.49827588
22.961798805235905 512494298.47114736 -512480970.17530733
22.961801604846183 513579281.32484257 -513565941.7492463
22.961804404456462 514667252.18579054 -514653901.31372172
22.961807204066744 515758221.18830884 -515744859.00301576
22.961810003677023 516852198.50755805 -516838824.99225348
22.961812803287302 517949194.35973251 -517935809.49759358
22.961815602897584 519049219.00225192 -519035822.77642012
22.961818402507863 520152282.73395431 -520138875.12753528
22.961821202118141 521258395.8952896 -521244976.89135307
22.961824001728424 522367568.86851454 -522354138.45009428
22.961826801338702 523479812.07788849 -523466370.2279821
22.961829600948981 524595135.98987031 -524581682.69143921
22.961832400559263 525713551.1133163 -525700086.34928566
22.961835200169542 526835067.99967915 -526821591.75293773
22.961837999779821 527959697.24320805 -527946209.49660808
22.961840799390099 529087449.48114979 -529073950.21750689
22.961843599000382 530218335.39395088 -530204824.59604394
22.96184639861066 531352365.70546091 -531338843.35603201
22.961849198220939 532489551.18313688 -532476017.26489127
22.961851997831221 533629902.63824874 -533616357.13385457
22.9618547974415 534773430.92608577 -534759873.81817406
22.961857597051779 535920146.94616437 -535906578.21732897
22.961860396662061 537070061.64243686 -537056481.27523422
22.96186319627234 538223186.0035013 -538209593.98045063
22.961865995882619 539379531.06281257 -539365927.36639547
22.961868795492901 540539107.89889455 -540525492.51155484
22.96187159510318 541701927.63555312 -541688300.53969693
22.961874394713458 542868001.44209111 -542854362.62008679
22.961877194323737 544037340.53352356 -544023689.96770155
22.961879993934019 545209956.17079473 -545196293.84344721
22.961882793544298 546385859.66099572 -546372185.55437684
22.961885593154577 547565062.35758388 -547551376.45390952
22.961888392764859 548747575.66060293 -548733877.94205058
22.961891192375138 549933411.01690447 -549919701.46561313
22.961893991985416 551122579.9203707 -551108858.51844072
22.961896791595699 552315093.91213822 -552301360.64163136
22.961899591205977 553510964.5808233 -553497219.42376232
22.961902390816256 554710203.56274796 -554696446.50111687
22.961905190426538 555912822.54216778 -555899053.55791152
22.961907990036817 557118833.25150049 -557105052.32652473
22.961910789647096 558328247.47155595 -558314454.58772731
22.961913589257374 559541077.03176761 -559527272.17091322
22.961916388867657 560757333.8104248 -560743516.95433235
22.961919188477935 561977029.73490667 -561963200.86532426
22.961921988088214 563200176.78191733 -563186335.88055336
22.961924787698496 564426786.97772193 -564412934.02624488
22.961927587308775 565656872.39838445 -565643007.37842298
22.961930386919054 566890445.17000687 -566876568.06314957
22.961933186529336 568127517.46896899 -568113628.25676429
22.961935986139615 569368101.52217007 -569354200.18612611
22.961938785749894 570612209.60727191 -570598296.12885654
22.961941585360176 571859854.05294287 -571845928.4135834
22.961944384970455 573111047.23910332 -573097109.42018652
22.961947184580733 574365801.59717262 -574351851.58004451
22.961949984191012 575624129.61031723 -575610167.37628293
22.961952783801294 576886043.81370044 -576872069.34402406
22.961955583411573 578151556.79473305 -578137570.0706377
22.961958383021852 579420681.193326 -579406682.19599366
22.961961182632134 580693429.70214403 -580679418.4127152
22.961963982242413 581969815.06686068 -581955791.4664346
22.961966781852691 583249850.08641481 -583235814.15604901
22.961969581462974 584533547.61326861 -584519499.33397913
22.961972381073252 585820920.55366683 -585806859.90642786
22.961975180683531 587111981.86789763 -587097908.83364141
22.961977980293813 588406744.57055473 -588392659.13017154
22.961980779904092 589705221.73080111 -589691123.86513901
22.961983579514371 591007426.47263396 -590993316.16249883
22.961986379124649 592313371.97515154 -592299249.20130682
22.961989178734932 593623071.472821 -593608936.21598768
22.96199197834521 594936538.25574791 -594922390.49660432
22.961994777955489 596253785.6699475 -596239625.38912928
22.961997577565771 597574827.11761689 -597560654.29571664
22.96200037717605 598899676.05740917 -598885490.67497659
22.962003176786329 600228346.00470912 -600214148.04225087
22.962005976396611 601560850.5319103 -601546639.96988964
22.96200877600689 602897203.26869333 -602882980.08753026
22.962011575617169 604237417.90230644 -604223182.08237743
22.962014375227451 605581508.17784715 -605567259.69948506
22.96201717483773 606929487.89854538 -606915226.7420392
22.962019974448008 608281370.9260484 -608267097.07164335
22.962022774058287 609637171.18070734 -609622884.60860467
22.962025573668569 610996902.64186525 -610982603.33222198
22.962028373278848 612360579.34814668 -612346267.28107572
22.962031172889127 613728215.39774907 -613713890.55331874
22.962033972499409 615099824.94873548 -615085487.30696976
22.962036772109688 616475422.21932936 -616461071.76020753
22.962039571719966 617855021.48821068 -617840658.1916672
22.962042371330249 619238637.09481359 -619224260.94073796
22.962045170940527 620626283.43962622 -620611894.40786302
22.962047970550806 622017974.98449183 -622003573.05484045
22.962050770161088 623413726.25291157 -623399311.40512621
22.962053569771367 624813551.83034909 -624799124.04413843
22.962056369381646 626217466.36453688 -626203025.61956394
22.962059168991924 627625484.5657841 -627611030.84166634
22.962061968602207 629037621.20728683 -629023154.48359573
22.962064768212485 630453891.12543893 -630439411.38170016
22.962067567822764 631874309.22014594 -631859816.43583894
22.962070367433046 633298890.45513952 -633284384.60969758
22.962073167043325 634727649.85829484 -634713130.93110478
22.962075966653604 636160602.5219487 -636146070.49235094
22.962078766263886 637597763.60321999 -637583218.45050836
22.962081565874165 639039148.32433212 -639024590.02775359
22.962084365484444 640484771.97293663 -640470200.51169133
22.962087165094722 641934649.90243936 -641920065.2556802
22.962089964705005 643388797.53232801 -643374199.67916083
22.962092764315283 644847230.3485018 -644832619.26798511
22.962095563925562 646309963.90360272 -646295339.57474756
22.962098363535844 647777013.81734908 -647762376.21911883
22.962101163146123 649248395.77687049 -649233744.88818073
22.962103962756402 650724125.537045 -650709461.3367635
22.962106762366684 652204218.92083836 -652189541.38778484
22.962109561976963 653688691.81964469 -653674000.93259072
22.962112361587241 655177560.19362926 -655162855.93129814
22.962115161197524 656670840.0720737 -656656122.41314006
22.962117960807802 658168547.55372262 -658153816.4768126
22.962120760418081 659670698.80713236 -659655954.29082346
22.96212356002836 661177310.0710218 -661162552.09384251
22.962126359638642 662688397.65462506 -662673626.19505489
22.962129159248921 664203977.93804657 -664189192.9745158
22.962131958859199 665724067.3726176 -665709268.88350713
22.962134758469482 667248682.48125517 -667233870.44489658
22.96213755807976 668777839.85882318 -668763014.25349832
22.962140357690039 670311556.17249525 -670296716.97643614
22.962143157300321 671849848.16211975 -671834995.35350859
22.9621459569106 673392732.64058709 -673377866.19755602
22.962148756520879 674940226.49419904 -674925346.39482987
22.962151556131161 676492346.68304002 -676477452.90536427
22.96215435574144 678049110.24135065 -678034202.76334929
22.962157155351719 679610534.27790368 -679595613.07750702
22.962159954961997 681176635.97638142 -681161701.03146899
22.96216275457228 682747432.59575629 -682732483.88415658
22.962165554182558 684322941.47067249 -684307978.97016287
22.962168353792837 685903180.01183093 -685888203.7001375
22.962171153403119 687488165.7063756 -687473175.56117296
22.962173953013398 689077916.11828256 -689062912.11719394
22.962176752623677 690672448.88875127 -690657431.00934792
22.962179552233959 692271781.73659754 -692256749.95639884
22.962182351844238 693875932.45864964 -693860886.75512302
22.962185151454516 695484918.9301461 -695469859.28070664
22.962187951064799 697098759.10513604 -697083685.48714662
22.962190750675077 698717471.0168817 -698702383.40765262
22.962193550285356 700341072.77826357 -700325971.15505242
22.962196349895635 701969582.58218741 -701954466.92219889
22.962199149505917 703603018.70199418 -703587888.98238003
22.962201949116196 705241399.49187195 -705226255.68973064
22.962204748726474 706884743.38727045 -706869585.47964728
22.962207548336757 708533068.90531802 -708517896.86920476
22.962210347947035 710186394.64524078 -710171208.45757544
22.962213147557314 711844739.2887845 -711829538.92645133
22.962215947167596 713508121.60063863 -713492907.04046786
22.962218746777875 715176560.42886329 -715161331.64763105
22.962221546388154 716850074.70531833 -716834831.67974651
22.962224345998436 718528683.44609499 -718513426.15285099
22.962227145608715 720212405.75195026 -720197134.16764688
22.962229945218994 721901260.80874348 -721885974.90993857
22.962232744829272 723595267.88787568 -723579967.65107214
22.962235544439555 725294446.34673178 -725279131.74837744
22.962238344049833 726998815.62912488 -726983486.64561224
22.962241143660112 728708395.26574361 -728693051.87340975
22.962243943270394 730423204.87460172 -730407847.04972804
22.962246742880673 732143264.16149032 -732127891.88030243
22.962249542490952 733868592.92043328 -733853206.15910077
22.962252342101234 735599211.03414488 -735583809.76878107
22.962255141711513 737335138.47449017 -737319722.68115211
22.962257941321791 739076395.30294847 -739060964.95763683
22.962260740932074 740823001.67107892 -740807556.74973762
22.962263540542352 742574977.82098949 -742559518.29950559
22.962266340152631 744332344.08580816 -744316869.94001174
22.96226913976291 746095120.89015722 -746079632.09582102
22.962271939373192 747863328.75063038 -747847825.28346992
22.962274738983471 749636988.27627254 -749621470.11194575
22.962277538593749 751416120.16906261 -751400587.28316963
22.962280338204032 753200745.22439909 -753185197.59248209
22.96228313781431 754990884.33158863 -754975321.92913187
22.962285937424589 756786558.47433734 -756770981.27676678
22.962288737034871 758587788.73124492 -758572196.71392798
22.96229153664515 760394596.27630198 -760378989.41454756
22.962294336255429 762207002.37939048 -762191380.64844847
22.962297135865711 764025028.40678668 -764009391.78184807
22.96229993547599 765848695.82166755 -765833044.27786422
22.962302735086269 767678026.1846199 -767662359.69702435
22.962305534696547 769513041.15415251 -769497359.69777775
22.962308334306829 771353762.4872117 -771338066.03701091
22.962311133917108 773200212.03969932 -773184500.57056582
22.962313933527387 775052411.76699471 -775036685.25376165
22.962316733137669 776910383.72447908 -776894642.14191949
22.962319532747948 778774150.0680635 -778758393.39088976
22.962322332358227 780643733.05471957 -780627961.2575835
22.962325131968509 782519155.04301369 -782503368.10050619
22.962327931578788 784400438.49364448 -784384636.3802954
22.962330731189066 786287605.96998346 -786271788.66026151
22.962333530799349 788180680.13861859 -788164847.60693097
22.962336330409627 790079683.76990163 -790063835.99059391
22.962339130019906 791984639.73849845 -791968776.68585443
22.962341929630185 793895571.02394283 -793879692.67218435
22.962344729240467 795812500.71119344 -795796607.03447998
22.962347528850746 797735451.99119437 -797719542.96362317
22.962350328461024 799664448.16143894 -799648523.75704455
22.962353128071307 801599512.62653697 -801583572.81929123
22.962355927681585 803540668.89878523 -803524713.66259706
22.962358727291864 805487940.59874201 -805471969.90745699
22.962361526902146 807441351.45580423 -807425365.28320456
22.962364326512425 809400925.30878878 -809384923.62859321
22.962367126122704 811366686.10651731 -811350668.89238071
22.962369925732986 813338657.90840435 -813322625.13391757
22.962372725343265 815316864.88504887 -815300816.52373862
22.962375524953544 817301331.31883001 -817285267.34415865
22.962378324563822 819292081.6045059 -819276001.98987126
22.962381124174104 821289140.24981618 -821273044.96855116
22.962383923784383 823292531.8760885 -823276420.90146101
22.962386723394662 825302281.21884823 -825286154.52406096
22.962389523004944 827318413.12843275 -827302270.6866231
22.962392322615223 829340952.57060862 -829324794.35484827
22.962395122225502 831369924.62719285 -831353750.6104877
22.962397921835784 833405354.49667811 -833389164.65196788
22.962400721446063 835447267.4948616 -835431061.79501987
22.962403521056341 837495689.05547774 -837479467.47331154
22.962406320666624 839550644.73083496 -839534407.23908484
22.962409120276902 841612160.19245613 -841595906.76379561
22.962411919887181 843680261.23172307 -843663991.83875859
22.96241471949746 845754973.76052487 -845738688.3757956
22.962417519107742 847836323.81191075 -847820022.40788817
22.962420318718021 849924337.54074597 -849908020.08983397
22.962423118328299 852019041.22437298 -852002707.69890749
22.962425917938582 854120461.26327538 -854104111.63552403
22.96242871754886 856228624.18174696 -856212258.42390907
22.962431517159139 858343556.62856424 -858327174.71277046
22.962434316769421 860465285.37766397 -860448887.27597618
22.9624371163797 862593837.32882369 -862577423.01323462
22.962439915989979 864729239.50834727 -864712808.95078039
22.962442715600261 866871519.06975472 -866855072.24206412
22.96244551521054 869020703.29447591 -869004240.16844583
22.962448314820818 871176819.59254873 -871160340.13989341
22.962451114431097 873339895.50332165 -873323399.69568527
22.962453914041379 875509958.69616079 -875493446.50511706
22.962456713651658 877687036.97116077 -877670508.3682127
22.962459513261937 879871158.25986099 -879854613.2164408
22.962462312872219 882062350.62596536 -882045789.11343431
22.962465112482498 884260642.26606715 -884244064.25571501
22.962467912092777 886466061.510378 -886449466.973423
22.962470711703059 888678636.82346189 -888662025.73105049
22.962473511313338 890898396.80497313 -890881769.12817979
22.962476310923616 893125370.19039941 -893108725.90022635
22.962479110533899 895359585.8518095 -895342924.91918647
22.962481910144177 897601072.79860532 -897584395.19438934
22.962484709754456 899849860.17827892 -899833165.87325394
22.962487509364735 902105977.27717423 -902089266.24205112
22.962490308975017 904369453.52125347 -904352725.72666967
22.962493108585296 906640318.47686851 -906623573.89338779
22.962495908195574 908918601.85153699 -908901840.44964898
22.962498707805857 911204333.49472332 -911187555.24484372
22.962501507416135 913497543.39862478 -913480748.2710948
22.962504307026414 915798261.69896209 -915781449.66404843
22.962507106636696 918106518.67577553 -918089689.70366991
22.962509906246975 920422344.75422561 -920405498.81504452
22.962512705857254 922745770.50539887 -922728907.56918371
22.962515505467536 925076826.64711952 -925059946.68383574
22.962518305077815 927415544.04476476 -927398647.02430212
22.962521104688093 929761953.7120868 -929745039.60425878
22.962523904298372 932116086.8120389 -932099155.58658278
22.962526703908654 934477974.65760744 -934461026.28418386
22.962529503518933 936847648.71264875 -936830683.16084146
22.962532303129212 939225140.59273136 -939208157.83204687
22.962535102739494 941610482.06598365 -941593482.06585109
22.962537902349773 944003705.05394733 -943986687.78371835
22.962540701960052 946404841.63243568 -946387807.06138384
22.962543501570334 948813924.03239739 -948796872.12971818
22.962546301180613 951230984.64078617 -951213915.37559676
22.962549100790891 953656056.00143552 -953638969.34277427
22.962551900401174 956089170.81593955 -956072066.73276603
22.962554700011452 958530361.94453883 -958513240.40573335
22.962557499621731 960979662.40701258 -960962523.38137591
22.96256029923201 963437105.38357615 -963419948.83982933
22.962563098842292 965902724.21578419 -965885550.12256837
22.962565898452571 968376552.40744007 -968359360.73331606
22.962568698062849 970858623.62551045 -970841414.33895862
22.962571497673132 973348971.70104623 -973331744.77046609
22.96257429728341 975847630.63010919 -975830386.02381933
22.962577096893689 978354634.57470453 -978337372.2609421
22.962579896503971 980870017.86371946 -980852737.81063998
22.96258269611425 983393814.99386811 -983376517.16954517
22.962585495724529 985926060.63064229 -985908745.00306749
22.962588295334811 988466789.60926843 -988449456.14635074
22.96259109494509 991016036.93567026 -990998685.60523617
22.962593894555368 993573837.78743839 -993556468.55723131
22.962596694165647 996140227.51480567 -996122840.35248578
22.962599493775929 998715241.64162922 -998697836.51477313
22.962602293386208 1001298915.8663782 -1001281492.7424788
22.962605092996487 1003891286.0631286 -1003873844.9095947
22.962607892606769 1006492388.2825644 -1006474929.0667202
22.962610692217048 1009102258.7529849 -1009084781.4420701
22.962613491827327 1011720933.8813187 -1011703438.4424882
22.962616291437609 1014348450.2541445 -1014330936.6544677
22.962619091047888 1016984844.6387184 -1016967312.8451792
22.962621890658166 1019630153.9840075 -1019612603.9635041
22.962624690268445 1022284415.421731 -1022266847.1410755
22.962627489878727 1024947666.2674074 -1024930079.6933254
22.962630289489006 1027619944.0214088 -1027602339.1205392
22.962633089099285 1030301286.3700219 -1030283663.1089169
22.962635888709567 1032991731.1865165 -1032974089.5316406
22.962638688319846 1035691316.53222 -1035673656.4499505
22.962641487930124 1038400080.6575999 -1038382402.114226
22.962644287540407 1041118062.0033529 -1041100364.9650756
22.962647087150685 1043845299.2015009 -1043827583.6344329
22.962649886760964 1046581831.0764949 -1046564096.9466602
22.962652686371246 1049327696.6463256 -1049309943.9196588
22.962655485981525 1052082935.123641 -1052065163.7659876
22.962658285591804 1054847585.9168724 -1054829795.8939881
22.962661085202082 1057621688.6313666 -1057603879.9089172
22.962663884812365 1060405283.0705265 -1060387455.6140875
22.962666684422643 1063198409.2369585 -1063180563.0120147
22.962669484032922 1066001107.3336279 -1065983242.3055733
22.962672283643204 1068813417.7650219 -1068795533.8991592
22.962675083253483 1071635381.13832 -1071617478.3998603
22.962677882863762 1074467038.2645724 -1074449116.6186349
22.962680682474044 1077308430.1598864 -1077290489.5714984
22.962683482084323 1080159598.0466197 -1080141638.4807158
22.962686281694602 1083020583.3545828 -1083002604.7760048
22.962689081304884 1085891427.7222488 -1085873430.0957456
22.962691880915163 1088772172.9979711 -1088754156.2881978
22.962694680525441 1091662861.2412088 -1091644825.4127271
22.96269748013572 1094563534.7237616 -1094545479.7410388
22.962700279746002 1097474235.9310114 -1097456161.7584207
22.962703079356281 1100395007.5631738 -1100376914.1649933
22.96270587896656 1103325892.5365555 -1103307779.8769686
22.962708678576842 1106266933.9848228 -1106248802.0279171
22.962711478187121 1109218175.2602766 -1109200023.9700444
22.962714277797399 1112179659.935137 -1112161489.2754741
22.962717077407682 1115151431.8028362 -1115133241.7375424
22.96271987701796 1118133534.8793197 -1118115325.372098
22.962722676628239 1121126013.4043562 -1121107784.4188123
22.962725476238521 1124128911.8428569 -1124110663.342499
22.9627282758488 1127142274.8862031 -1127124006.8344421
22.962731075459079 1130166147.453583 -1130147859.8137317
22.962733875069357 1133200574.6933372 -1133182267.4286094
22.96273667467964 1136245601.9843137 -1136227275.0578249
22.962739474289918 1139301274.9372315 -1139282928.3119979
22.962742273900197 1142367639.3960538 -1142349273.0349922
22.962745073510479 1145444741.4393694 -1145426355.3052969
22.962747873120758 1148532627.3817854 -1148514221.4374189
22.962750672731037 1151631343.7753267 -1151612917.9832828
22.962753472341319 1154740937.4108472 -1154722491.7336411
22.962756271951598 1157861455.3194497 -1157842989.7194958
22.962759071561877 1160992944.7739151 -1160974459.213526
22.962761871172159 1164135453.2901421 -1164116947.7315288
22.962764670782438 1167289028.6285954 -1167270503.0338662
22.962767470392716 1170453718.7957649 -1170435173.1269257
22.962770270002995 1173629572.0456347 -1173611006.2645884
22.962773069613277 1176816636.8811615 -1176798050.9497073
22.962775869223556 1180014962.0557621 -1179996355.9355958
22.962778668833835 1183224596.5748141 -1183205970.2275271
22.962781468444117 1186445589.6971636 -1186426943.0842433
22.962784268054396 1189677990.9366448 -1189659324.0194736
22.962787067664674 1192921850.0636091 -1192903162.8034639
22.962789867274957 1196177217.1064661 -1196158509.4645185
22.962792666885235 1199444142.3532329 -1199425414.2905486
22.962795466495514 1202722676.3530962 -1202703927.8306344
22.962798266105796 1206012869.917984 -1205994100.8965969
22.962801065716075 1209314774.1241479 -1209295984.5645812
22.962803865326354 1212628440.3137572 -1212609630.1766486
22.962806664936632 1215953920.0965021 -1215935089.3423817
22.962809464546915 1219291265.3512104 -1219272413.9405
22.962812264157193 1222640528.227473 -1222621656.120486
22.962815063767472 1226001761.1472821 -1225982868.3042226
22.962817863377754 1229375016.8066792 -1229356103.1876419
22.962820662988033 1232760348.1774166 -1232741413.7423863
22.962823462598312 1236157808.5086284 -1236138853.2174802
22.962826262208594 1239567451.3285136 -1239548475.1410115
22.962829061818873 1242989330.4460311 -1242970333.3218284
22.962831861429152 1246423499.9526062 -1246404481.8512447
22.962834661039434 1249870014.2238493 -1249850975.1047592
22.962837460649713 1253328927.9212854 -1253309867.7437847
22.962840260259991 1256800295.9940965 -1256781214.7173903
22.96284305987027 1260284173.6808763 -1260265071.2640569
22.962845859480552 1263780616.5113962 -1263761492.9134426
22.962848659090831 1267289680.3083847 -1267270535.4881618
22.96285145870111 1270811421.1893177 -1270792255.1055765
22.962854258311392 1274345895.5682228 -1274326708.1795995
22.962857057921671 1277893160.1574943 -1277873951.4225101
22.962859857531949 1281453271.969723 -1281434041.8467836
22.962862657142232 1285026288.3195374 -1285007036.7669327
22.96286545675251 1288612266.8254573 -1288592993.8013611
22.962868256362789 1292211265.411762 -1292191970.8742309
22.962871055973071 1295823342.3103697 -1295804026.2173433
22.96287385558335 1299448556.062732 -1299429218.3720324
22.962876655193629 1303086965.52174 -1303067606.1910715
22.962879454803907 1306738629.8536444 -1306719248.8405924
22.96288225441419 1310403608.539989 -1310384205.8020205
22.962885054024468 1314081961.3795583 -1314062536.8740211
22.962887853634747 1317773748.4903376 -1317754302.1744592
22.962890653245029 1321479030.3114874 -1321459562.1423757
22.962893452855308 1325197867.6053329 -1325178377.5399747
22.962896252465587 1328930321.4593651 -1328910809.4546263
22.962899052075869 1332676453.288259 -1332656919.3008842
22.962901851686148 1336436324.8359039 -1336416768.8225157
22.962904651296427 1340209998.1774473 -1340190420.0945461
22.962907450906709 1343997535.7213557 -1343977935.5253186
22.962910250516988 1347799000.211488 -1347779377.8585691
22.962913050127266 1351614454.7291851 -1351594810.1755147
22.962915849737545 1355443962.6953733 -1355424295.8969576
22.962918649347827 1359287587.8726828 -1359267898.7854033
22.962921448958106 1363145394.3675807 -1363125682.9471936
22.962924248568385 1367017446.6325204 -1366997712.8346567
22.962927048178667 1370903809.4681058 -1370884053.2482703
22.962929847788946 1374804548.0252693 -1374784769.3388402
22.962932647399224 1378719727.8074682 -1378699926.6096969
22.962935447009507 1382649414.672894 -1382629590.9189045
22.962938246619785 1386593674.8367 -1386573828.4814882
22.962941046230064 1390552574.8732421 -1390532705.8716757
22.962943845840346 1394526181.7183385 -1394506290.025156
22.962946645450625 1398514562.6715426 -1398494648.2413535
22.962949445060904 1402517785.3984349 -1402497848.1857188
22.962952244671182 1406535917.9329295 -1406515957.8920355
22.962955044281465 1410569028.6795976 -1410549045.7647443
22.962957843891743 1414617186.416008 -1414597180.5812826
22.962960643502022 1418680460.2950838 -1418660431.4944417
22.962963443112304 1422758919.847476 -1422738868.0347404
22.962966242722583 1426852634.9839561 -1426832560.1128175
22.962969042332862 1430961675.997823 -1430941578.0218387
22.962971841943144 1435086113.5673289 -1435065992.4399223
22.962974641553423 1439226018.7581227 -1439205874.4325829
22.962977441163702 1443381463.0257103 -1443361295.4551916
22.962980240773984 1447552518.2179344 -1447532327.3554561
22.962983040384263 1451739256.5774696 -1451719042.3759151
22.962985839994541 1455941750.7443376 -1455921513.1564538
22.96298863960482 1460160073.7584398 -1460139812.7368374
22.962991439215102 1464394299.0621085 -1464374014.5592606
22.962994238825381 1468644500.5026762 -1468624192.4709177
22.96299703843566 1472910752.3350639 -1472890420.7265918
22.962999838045942 1477193129.2243888 -1477172773.991261
22.963002637656221 1481491706.24859 -1481471327.3427253
22.963005437266499 1485806558.9010737 -1485786156.2742507
22.963008236876782 1490137763.0933771 -1490117336.6972342
22.96301103648706 1494485395.1578534 -1494464944.9438877
22.963013836097339 1498849531.8503742 -1498829057.7699416
22.963016635707621 1503230250.3530533 -1503209752.3573675
22.9630194353179 1507627628.2769904 -1507607106.3171225
22.963022234928179 1512041743.6650333 -1512021197.6919112
22.963025034538457 1516472674.9945619 -1516452104.9589698
22.96302783414874 1520920501.1802924 -1520899907.0328705
22.963030633759018 1525385301.5771012 -1525364683.2683449
22.963033433369297 1529867155.9828706 -1529846513.4631298
22.963036232979579 1534366144.6413546 -1534345477.8608334
22.963039032589858 1538882348.2450659 -1538861657.1538222
22.963041832200137 1543415847.9381847 -1543395132.486129
22.963044631810419 1547966725.3194885 -1547945985.4563839
22.963047431420698 1552535062.4453039 -1552514298.1207654
22.963050231030977 1557120941.8324797 -1557100152.9959738
22.963053030641259 1561724446.4613822 -1561703633.0622258
22.963055830251538 1566345659.7789123 -1566324821.7662725
22.963058629861816 1570984665.7015464 -1570963803.0244401
22.963061429472095 1575641548.6183982 -1575620661.2256908
22.963064229082377 1580316393.3943038 -1580295481.23471
22.963067028692656 1585009285.3729296 -1584988348.3950112
22.963069828302935 1589720310.3799024 -1589699348.5320685
22.963072627913217 1594449554.7259655 -1594428567.9564722
22.963075427523496 1599197105.2101562 -1599176093.4671054
22.963078227133774 1603963049.1230061 -1603942012.3543453
22.963081026744057 1608747474.2497675 -1608726412.4032891
22.963083826354335 1613550468.8736622 -1613529381.8970027
22.963086625964614 1618372121.7791562 -1618351009.6197958
22.963089425574896 1623212522.2552569 -1623191384.8605192
22.963092225185175 1628071760.0988362 -1628050597.4158866
22.963095024795454 1632949925.6179788 -1632928737.5938251
22.963097824405732 1637847109.635355 -1637825896.216846
22.963100624016015 1642763403.4916186 -1642742164.6254437
22.963103423626293 1647698899.0488307 -1647677634.6815193
22.963106223236572 1652653688.6939089 -1652632398.7718298
22.963109022846854 1657627865.3421032 -1657606549.8114638
22.963111822457133 1662621522.4404972 -1662600181.2473431
22.963114622067412 1667634753.9715362 -1667613387.0617504
22.963117421677694 1672667654.4565818 -1672646261.7758842
22.963120221287973 1677720318.9594941 -1677698900.4534407
22.963123020898252 1682792843.090239 -1682771398.7042212
22.963125820508534 1687885323.0085249 -1687863852.6877692
22.963128620118813 1692997855.427465 -1692976359.1170323
22.963131419729091 1698130537.6172693 -1698109015.262054
22.96313421933937 1703283467.4089634 -1703261918.9536924
22.963137018949652 1708456743.1981356 -1708435168.5873685
22.963139818559931 1713650463.9487138 -1713628863.1268418
22.96314261817021 1718864729.196769 -1718843102.1080141
22.963145417780492 1724099639.0543492 -1724077985.6427636
22.963148217390771 1729355294.2133427 -1729333614.4228084
22.963151017001049 1734631795.9493697 -1734610089.7235975
22.963153816611332 1739929246.1257041 -1739907513.4082332
22.96315661622161 1745247747.1972256 -1745225987.9314225
22.963159415831889 1750587402.2144022 -1750565616.3434608
22.963162215442168 1755948314.8273022 -1755926502.2942421
22.96316501505245 1761330589.2896373 -1761308750.0373037
22.963167814662729 1766734330.4628382 -1766712464.4339011
22.963170614273007 1772159643.8201594 -1772137750.957113
22.96317341388329 1777606635.4508169 -1777584715.6959789
22.963176213493568 1783075412.0641565 -1783053465.3596673
22.963179013103847 1788566080.9938552 -1788544107.2816772
22.963181812714129 1794078750.2021549 -1794056749.4240716
22.963184612324408 1799613528.2841272 -1799591500.3817427
22.963187411934687 1805170524.4719746 -1805148469.3867128
22.963190211544969 1810749848.6393616 -1810727766.3124657
22.963193011155248 1816351611.3057811 -1816329501.6783125
22.963195810765527 1821975923.6409535 -1821953786.6537914
22.963198610375805 1827622897.4692605 -1827600733.0631013
22.963201409986087 1833292645.2742128 -1833270453.3895688
22.963204209596366 1838985280.2029524 -1838963060.7801514
22.963207009206645 1844700916.0707915 -1844678669.0499759
22.963209808816927 1850439667.3657854 -1850417392.6869116
22.963212608427206 1856201649.25334 -1856179346.8561776
22.963215408037485 1861986977.5808582 -1861964647.4049892
22.963218207647767 1867795768.8824201 -1867773410.8672383
22.963221007258046 1873628140.3834991 -1873605754.4682093
22.963223806868324 1879484210.005718 -1879461796.1293349
22.963226606478607 1885364096.3716385 -1885341654.4729865
22.963229406088885 1891267918.8095911 -1891245448.8273029
22.963232205699164 1897195797.3585413 -1897173299.2310576
22.963235005309443 1903147852.772995 -1903125326.4385636
22.963237804919725 1909124206.5279417 -1909101651.9246166
22.963240604530004 1915124980.8238366 -1915102397.8894773
22.963243404140282 1921150298.5916216 -1921127687.2638922
22.963246203750565 1927200283.4977868 -1927177643.7141552
22.963249003360843 1933275059.9494715 -1933252391.6472089
22.963251802971122 1939374753.0996051 -1939352056.215785
22.963254602581404 1945499488.852088 -1945476763.3235853
22.963257402191683 1951649393.8670146 -1951626639.6305048
22.963260201801962 1957824595.5659373 -1957801812.5578954
22.963263001412244 1964025222.1371722 -1964002410.2938728
22.963265801022523 1970251402.5411475 -1970228561.7986629
22.963268600632802 1976503266.5157924 -1976480396.8099923
22.96327140024308 1982780944.5819702 -1982758045.8485212
22.963274199853362 1989084568.048955 -1989061640.2233188
22.963276999463641 1995414269.0199502 -1995391312.0373838
22.96327979907392 2001770180.3976529 -2001747194.193207
22.963282598684202 2008152435.8898616 -2008129420.3983803
22.963285398294481 2014561170.0151286 -2014538125.1712477
22.96328819790476 2020996518.1084578 -2020973443.8466051
22.963290997515042 2027458616.3270495 -2027435512.5814428
22.963293797125321 2033947601.6560874 -2033924468.3607347
22.963296596735599 2040463611.9145758 -2040440449.0032737
22.963299396345882 2047006785.7612212 -2046983593.1675541
22.96330219595616 2053577262.7003617 -2053554040.3577011
22.963304995566439 2060175183.0879452 -2060151930.9294486
22.963307795176718 2066800688.1375544 -2066777406.0961645
22.963310594787 2073453919.9264805 -2073430607.9349246
22.963313394397279 2080135021.4018471 -2080111679.3926358
22.963316194007557 2086844136.3867803 -2086820764.2922068
22.96331899361784 2093581409.5866318 -2093558007.3387709
22.963321793228118 2100346986.5952513 -2100323554.1259584
22.963324592838397 2107141013.901309 -2107117551.1422195
22.963327392448679 2113963638.8946695 -2113940145.7771974
22.963330192058958 2120815009.8728178 -2120791486.328155
22.963332991669237 2127695276.0473375 -2127671722.0064533
22.963335791279519 2134604587.550441 -2134581002.9440804
22.963338590889798 2141543095.4415531 -2141519480.2002361
22.963341390500076 2148510951.7139482 -2148487305.7679696
22.963344190110355 2155508309.3014412 -2155484632.5808682
22.963346989720637 2162535322.0851316 -2162511614.519804
22.963349789330916 2169592144.900207 -2169568406.4197359
22.963352588941195 2176678933.542799 -2176655164.0765657
22.963355388551477 2183795844.7768941 -2183772044.2540493
22.963358188161756 2190943036.3413024 -2190919204.6907649
22.963360987772035 2198120666.9566855 -2198096804.1071424
22.963363787382317 2205328896.3326383 -2205305002.2125421
22.963366586992596 2212567885.1748281 -2212543959.7123966
22.963369386602874 2219837795.1921997 -2219813838.3154159
22.963372186213157 2227138789.1042328 -2227114800.7408423
22.963374985823435 2234471030.6482606 -2234447010.7257719
22.963377785433714 2241834684.5868506 -2241810633.0325332
22.963380585043993 2249229916.7152452 -2249205833.4561291
22.963383384654275 2256656893.8688617 -2256632778.8317361
22.963386184264554 2264115783.9308572 -2264091637.0422692
22.963388983874832 2271606755.8397555 -2271582577.0260096
22.963391783485115 2279129979.597137 -2279105768.7842941
22.963394583095393 2286685626.2753921 -2286661383.3892684
22.963397382705672 2294273868.0255361 -2294249592.9917016
22.963400182315954 2301894878.0850945 -2301870570.8288722
22.963402981926233 2309548830.7860489 -2309524491.2325134
22.963405781536512 2317235901.5628533 -2317211529.6368308
22.963408581146794 2324956266.960515 -2324931862.5865812
22.963411380757073 2332710104.6427407 -2332685667.7452197
22.963414180367351 2340497593.4001527 -2340473123.9031167
22.96341697997763 2348318913.1585765 -2348294410.9858437
22.963419779587912 2356174244.9873924 -2356149710.0625267
22.963422579198191 2364063771.1079631 -2364039203.3542728
22.96342537880847 2371987674.9021244 -2371963074.2426605
22.963428178418752 2379946140.920754 -2379921507.2783103
22.963430978029031 2387939354.8924088 -2387914688.1895199
22.96343377763931 2395967503.7320347 -2395942803.8909745
22.963436577249592 2404030775.5497499 -2404006042.4925318
22.963439376859871 2412129359.6597042 -2412104593.3080783
22.963442176470149 2420263446.5890098 -2420238646.8644629
22.963444976080432 2428433228.0867519 -2428408394.9105062
22.96344777569071 2436638897.1330714 -2436614030.4260831
22.963450575300989 2444880647.9483252 -2444855747.6312833
22.963453374911268 2453158676.0023236 -2453133741.9956493
22.96345617452155 2461473178.0236468 -2461448210.2474918
22.963458974131829 2469824352.0090408 -2469799350.3832855
22.963461773742107 2478212397.232893 -2478187361.6771464
22.96346457335239 2486637514.2567897 -2486612444.6903877
22.963467372962668 2495099904.9391508 -2495074801.2811551
22.963470172572947 2503599772.444952 -2503574634.6141486
22.963472972183229 2512137321.2555251 -2512112149.170424
22.963475771793508 2520712757.1784439 -2520687550.7572765
22.963478571403787 2529326287.3574944 -2529301046.5182133
22.963481371014069 2537978120.2827301 -2537952844.9430075
22.963484170624348 2546668465.8006139 -2546643155.8778405
22.963486970234626 2555397535.1242461 -2555372190.5355296
22.963489769844905 2564165540.8436813 -2564140161.5058451
22.963492569455187 2572972696.9363332 -2572947282.7659149
22.963495369065466 2581819218.7774711 -2581793769.6907229
22.963498168675745 2590705323.1508021 -2590679839.0636873
22.963500968286027 2599631228.2591448 -2599605709.087338
22.963503767896306 2608597153.7352014 -2608571599.3940859
22.963506567506585 2617603320.6524138 -2617577731.0570817
22.963509367116867 2626649951.535923 -2626624326.6011734
22.963512166727146 2635737270.3736143 -2635711610.0139513
22.963514966337424 2644865502.6272635 -2644839806.7568955
22.963517765947707 2654034875.2437816 -2654009143.7766199
22.963520565557985 2663245616.6665497 -2663219849.5162077
22.963523365168264 2672497956.8468575 -2672472153.9266481
22.963526164778543 2681792127.2554407 -2681766288.4783759
22.963528964388825 2691128360.8941193 -2691102486.1729083
22.963531763999104 2700506892.3075371 -2700480981.5545855
22.963534563609382 2709927957.5950007 -2709902010.7224092
22.963537363219665 2719391794.4224253 -2719365811.3419876
22.963540162829943 2728898642.0343814 -2728872622.6575828
22.963542962440222 2738448741.266252 -2738422685.5042691
22.963545762050504 2748042334.5564933 -2748016242.3201914
22.963548561660783 2757679665.9589992 -2757653537.1589308
22.963551361271062 2767360981.1555843 -2767334815.7019892
22.963554160881344 2777086527.4685683 -2777060325.2713704
22.963556960491623 2786856553.8734703 -2786830314.8422771
22.963559760101901 2796671311.0118227 -2796645035.0559244
22.96356255971218 2806531051.2040896 -2806504738.2324562
22.963565359322462 2816436028.4627013 -2816409678.3839822
22.963568158932741 2826386498.505208 -2826360111.2277298
22.96357095854302 2836382718.7675476 -2836356294.1993136
22.963573758153302 2846424948.4174294 -2846398486.4661174
22.963576557763581 2856513448.3678365 -2856486948.9407969
22.96357935737386 2866648481.2906494 -2866621944.2949047
22.963582156984142 2876830311.6303926 -2876803736.9726348
22.963584956594421 2887059205.6180992 -2887032593.20469
22.963587756204699 2897335431.2853007 -2897308781.0222678
22.963590555814982 2907659258.4781404 -2907632570.2711778
22.96359335542526 2918030958.8716145 -2918004232.6260796
22.963596155035539 2928450805.9839382 -2928424041.6048508
22.963598954645818 2938919075.1910439 -2938892272.5830851
22.9636017542561 2949436043.7412043 -2949409202.8087139
22.963604553866379 2960001990.7697902 -2959975111.4167662
22.963607353476657 2970617197.3141599 -2970590279.4442558
22.96361015308694 2981281946.3286777 -2981254989.8452024
22.963612952697218 2991996522.6998744 -2991969527.5057888
22.963615752307497 3002761213.2617402 -3002734179.2596569
22.963618551917779 3013576306.8111567 -3013549233.9033375
22.963621351528058 3024442094.123467 -3024414982.211822
22.963624151138337 3035358867.9681849 -3035331716.9542708
22.963626950748619 3046326923.1248488 -3046299732.9098663
22.963629750358898 3057346556.3990169 -3057319326.88381
22.963632549969176 3068418066.638411 -3068390797.7234654
22.963635349579455 3079541754.7492018 -3079514446.3346419
22.963638149189737 3090717923.7124448 -3090690575.6980338
22.963640948800016 3101946878.600666 -3101919490.8858027
22.963643748410295 3113228926.594595 -3113201499.0783134
22.963646548020577 3124564377.000052 -3124536909.581018
22.963649347630856 3135953541.2649903 -3135926033.8415017
22.963652147241135 3147396732.9966931 -3147369185.4666767
22.963654946851417 3158894267.9791255 -3158866680.2401357
22.963657746461696 3170446464.1904492 -3170418836.1396661
22.963660546071974 3182053641.8206949 -3182025973.3549218
22.963663345682257 3193716123.2895951 -3193688414.3052583
22.963666145292535 3205434233.2645893 -3205406483.6577353
22.963668944902814 3217208298.6789832 -3217180508.3452773
22.963671744513093 3229038648.750277 -3229010817.5850015
22.963674544123375 3240925614.9986649 -3240897742.8967161
22.963677343733654 3252869531.2657065 -3252841618.1215944
22.963680143343932 3264870733.7331705 -3264842779.4410162
22.963682942954215 3276929560.9420509 -3276901565.3955846
22.963685742564493 3289046353.8117571 -3289018316.9043169
22.963688542174772 3301221455.6594844 -3301193377.2840142
22.963691341785054 3313455212.2197599 -3313427092.2688069
22.963694141395333 3325747971.6641736 -3325719810.0298867
22.963696941005612 3338100084.6212931 -3338071881.1954212
22.96369974061589 3350511904.1967621 -3350483658.8706522
22.963702540226173 3362983785.9935861 -3362955498.6581812
22.963705339836451 3375516088.1326046 -3375487758.6784415
22.96370813944673 3388109171.2731581 -3388080799.5903659
22.963710939057012 3400763398.6339474 -3400734984.6122456
22.963713738667291 3413479136.0140834 -3413450679.542779
22.96371653827757 3426256751.8143396 -3426228252.7823257
22.963719337887852 3439096617.0586028 -3439068075.3543568
22.963722137498131 3451999105.415524 -3451970520.9271059
22.96372493710841 3464964593.2203708 -3464935965.8354197
22.963727736718692 3477993459.4970851 -3477964789.102819
22.963730536328971 3491086085.9805522 -3491057372.4637642
22.963733335939249 3504242857.1390777 -3504214100.3861351
22.963736135549528 3517464160.1970758 -3517435360.0939178
22.96373893515981 3530750385.1579733 -3530721541.5901084
22.963741734770089 3544101924.8273273 -3544073037.6798315
22.963744534380368 3557519174.8361673 -3557490243.9936829
22.96374733399065 3571002533.6645494 -3570973559.011281
22.963750133600929 3584552402.6653395 -3584523384.085053
22.963752933211207 3598169186.0882263 -3598140123.4642467
22.96375573282149 3611853291.1039586 -3611824184.3191681
22.963758532431768 3625605127.8288088 -3625575976.7656436
22.963761332042047 3639425109.3492751 -3639395913.8897238
22.963764131652329 3653313651.7470207 -3653284411.7726221
22.963766931262608 3667271174.1240482 -3667241889.5158892
22.963769730872887 3681298098.6281133 -3681268769.2668266
22.963772530483165 3695394850.4783859 -3695365476.2441473
22.963775330093448 3709561857.991353 -3709532438.7638793
22.963778129703726 3723799552.6069732 -3723770088.2655201
22.963780929314005 3738108368.9150848 -3738078859.3384452
22.963783728924287 3752488744.6820607 -3752459189.7485614
22.963786528534566 3766941120.8777194 -3766911520.465219
22.963789328144845 3781465941.7025046 -3781436295.6883917
22.963792127755127 3796063654.614922 -3796033962.876112
22.963794927365406 3810734710.3592401 -3810704972.7721734
22.963797726975685 3825479562.9934583 -3825449779.4340978
22.963800526585967 3840298669.9175506 -3840268840.2613792
22.963803326196246 3855192491.901979 -3855162616.0239973
22.963806125806524 3870161493.1164865 -3870131570.8912106
22.963808925416803 3885206141.1591673 -3885176172.4606252
22.963811725027085 3900326907.0858192 -3900296891.78755
22.963814524637364 3915524265.4395895 -3915494203.4146395
22.963817324247643 3930798694.2808995 -3930768585.4018207
22.963820123857925 3946150675.2176666 -3946120519.356514
22.963822923468204 3961580693.4358234 -3961550490.4641519
22.963825723078482 3977089237.7301283 -3977058987.518991
22.963828522688765 3992676800.5352869 -3992646502.9552317
22.963831322299043 4008343877.9573731 -4008313532.8784404
22.963834121909322 4024090969.8055639 -4024060577.0972843
22.963836921519604 4039918579.6241817 -4039888139.1555738
22.963839721129883 4055827214.72505 -4055796726.3646169
22.963842520740162 4071817386.2201695 -4071786849.835896
22.96384532035044 4087889609.0547214 -4087859024.5140719
22.963848119960723 4104044402.0403943 -4104013769.2103109
22.963850919571001 4120282287.8890419 -4120251606.6359401
22.96385371918128 4136603793.2466655 -4136573063.4364324
22.963856518791562 4153009448.7277451 -4152978670.2257371
22.963859318401841 4169499788.9499054 -4169468961.620944
22.96386211801212 4186075352.5689259 -4186044476.2772961
22.963864917622402 4202736682.3141026 -4202705756.9235501
22.963867717232681 4219484325.023962 -4219453350.3976903
22.96387051684296 4236318831.6823254 -4236287807.6829925
22.963873316453242 4253240757.4547377 -4253209683.9444542
22.963876116063521 4270250661.7252626 -4270219538.565588
22.963878915673799 4287349108.133637 -4287317935.1855764
22.963881715284078 4304536664.6128139 -4304505441.7368164
22.96388451489436 4321813903.4268713 -4321782630.4828272
22.963887314504639 4339181401.2092972 -4339150078.0565338
22.963890114114918 4356639739.001668 -4356608365.4989471
22.9638929137252 4374189502.292716 -4374158078.2982321
22.963895713335479 4391831281.057786 -4391799806.4291611
22.963898512945757 4409565669.7986927 -4409534144.3929749
22.96390131255604 4427393267.5839891 -4427361691.2576504
22.963904112166318 4445314678.0896282 -4445283050.6985588
22.963906911776597 4463330509.6400375 -4463298831.0395451
22.963909711386879 4481441375.2496262 -4481409645.2944317
22.963912510997158 4499647892.6646957 -4499616111.208931
22.963915310607437 4517950684.4057913 -4517918851.3029957
22.963918110217715 4536350377.8104763 -4536318492.9135923
22.963920909827998 4554847605.076539 -4554815668.2379112
22.963923709438276 4573443003.3056498 -4573411014.3770199
22.963926509048555 4592137214.5474644 -4592105173.3799696
22.963929308658837 4610930885.8441639 -4610898792.288332
22.963932108269116 4629824669.2754698 -4629792523.1812181
22.963934907879395 4648819222.0041161 -4648787023.220747
22.963937707489677 4667915206.321764 -4667882954.6979609
22.963940507099956 4687113289.6954184 -4687080985.0792427
22.963943306710235 4706414144.8143234 -4706381787.0532122
22.963946106320517 4725818449.6373243 -4725786038.5780859
22.963948905930796 4745326887.4407234 -4745294422.9295349
22.963951705541074 4764940146.866643 -4764907628.7490473
22.963954505151353 4784658921.9718628 -4784626350.0927629
22.963957304761635 4804483912.2771797 -4804451286.4808378
22.963960104371914 4824415822.8172827 -4824383142.9473162
22.963962903982193 4844455364.1911354 -4844422630.0905113
22.963965703592475 4864603252.6128902 -4864570464.1239243
22.963968503202754 4884860209.9633331 -4884827366.9276848
22.963971302813032 4905226963.8418608 -4905194066.1005316
22.963974102423315 4925704247.6189947 -4925671295.0123215
22.963976902033593 4946292800.4894533 -4946259792.8571072
22.963979701643872 4966993367.5257778 -4966960304.7067595
22.963982501254154 4987806699.7325182 -4987773581.5651541
22.963985300864433 5008733554.1009951 -5008700380.4229355
22.963988100474712 5029774693.6646223 -5029741464.3128357
22.96399090008499 5050930887.5548153 -5050897602.3655844
22.963993699695273 5072202911.0574951 -5072169569.866416
22.963996499305551 5093591545.6701803 -5093558148.3121548
22.96399929891583 5115097579.1596785 -5115064125.4689121
22.964002098526112 5136721805.6204195 -5136688295.4304199
22.964004898136391 5158465025.5333652 -5158431458.6769342
22.96400769774667 5180328045.8255529 -5180294422.1347857
22.964010497356952 5202311679.9302855 -5202277999.2365646
22.964013296967231 5224416747.8479404 -5224383009.9819336
22.96401609657751 5246644076.2074537 -5246610280.9991093
22.964018896187792 5268994498.3284359 -5268960645.6069784
22.964021695798071 5291468854.2839527 -5291434943.8778791
22.964024495408349 5314067990.9639759 -5314034022.7010508
22.964027295018628 5336792762.139535 -5336758735.8467884
22.96403009462891 5359644028.5275316 -5359609944.0312538
22.964032894239189 5382622657.8562431 -5382588514.9819813
22.964035693849468 5405729524.9315443 -5405695323.504096
22.96403849345975 5428965511.7038374 -5428931251.5472488
22.964041293070029 5452331507.3357124 -5452297188.2732735
22.964044092680307 5475828408.2703161 -5475794030.1245565
22.96404689229059 5499457118.3004665 -5499422680.8931503
22.964049691900868 5523218548.6385193 -5523184051.7906418
22.964052491511147 5547113617.9869852 -5547079061.5187693
22.964055291121429 5571143252.609911 -5571108636.3408012
22.964058090731708 5595308386.4050236 -5595273710.1536827
22.964060890341987 5619609960.9766827 -5619575224.5609846
22.964063689952265 5644048925.7096233 -5644014128.9466534
22.964066489562548 5668626237.8434935 -5668591380.5495405
22.964069289172826 5693342862.5481882 -5693307944.5387411
22.964072088783105 5718199773.0000267 -5718164794.0897713
22.964074888393387 5743197950.4587526 -5743162910.4615631
22.964077688003666 5768338384.3453798 -5768303283.0743189
22.964080487613945 5793622072.3209038 -5793586909.5882139
22.964083287224227 5819050020.365859 -5819014795.9829617
22.964086086834506 5844623242.8607483 -5844587956.638236
22.964088886444785 5870342762.667367 -5870307414.415
22.964091686055067 5896209611.2110319 -5896174200.7377338
22.964094485665346 5922224828.5636969 -5922189355.6775494
22.964097285275624 5948389463.5279913 -5948353928.0362282
22.964100084885903 5974704573.7221966 -5974668975.431201
22.964102884496185 6001171225.6661758 -6001135564.3814745
22.964105684106464 6027790494.8682117 -6027754770.3944693
22.964108483716743 6054563465.9128485 -6054527678.0538626
22.964111283327025 6081491232.5497189 -6081455381.1084175
22.964114082937304 6108574897.7833195 -6108538982.5617523
22.964116882547582 6135815573.9638004 -6135779594.7631369
22.964119682157865 6163214382.8787966 -6163178339.4993191
22.964122481768143 6190772455.8462496 -6190736348.087348
22.964125281378422 6218490933.8082829 -6218454761.4684505
22.964128080988704 6246370967.4261484 -6246334730.3029766
22.964130880598983 6274413717.1762104 -6274377415.0663834
22.964133680209262 6302620353.4470119 -6302583986.1463003
22.96413647981954 6330992056.6374378 -6330955623.9406948
22.964139279429823 6359530017.2559929 -6359493518.9571476
22.964142079040101 6388235436.0211964 -6388198871.913249
22.96414487865038 6417109523.9631042 -6417072893.8381214
22.964147678260662 6446153502.5259838 -6446116806.1750917
22.964150477870941 6475368603.6721468 -6475331840.8855257
22.96415327748122 6504756069.9869747 -6504719240.553854
22.964156077091502 6534317154.78514 -6534280258.4937935
22.964158876701781 6564053122.2180052 -6564016158.8557434
22.96416167631206 6593965247.382268 -6593928216.7354345
22.964164475922342 6624054816.4298458 -6624017718.2838106
22.96416727553262 6654323126.6790037 -6654285960.8181572
22.964170075142899 6684771486.7267647 -6684734252.9345121
22.964172874753178 6715401216.5626011 -6715363914.621356
22.96417567436346 6746213647.6834412 -6746176277.3746195
22.964178473973739 6777210123.2099962 -6777172684.3140125
22.964181273584018 6808391998.0044136 -6808354490.3006725
22.9641840731943 6839760638.7892942 -6839723062.0561867
22.964186872804579 6871317424.2680635 -6871279778.282958
22.964189672414857 6903063745.2467499 -6903026029.7859888
22.96419247202514 6935001004.7571764 -6934963219.5960684
22.964195271635418 6967130618.1815605 -6967092763.0943737
22.964198071245697 6999454013.378602 -6999416088.1385593
22.964200870855979 7031972630.810997 -7031934635.1902704
22.964203670466258 7064687923.6744213 -7064649857.4441233
22.964206470076537 7097601358.028038 -7097563220.9582157
22.964209269686815 7130714412.9265404 -7130676204.786171
22.964212069297098 7164028580.5537243 -7163990301.1107054
22.964214868907376 7197545366.3576212 -7197507015.378767
22.964217668517655 7231266289.1872091 -7231227866.4382429
22.964220468127937 7265192881.4307423 -7265154386.6762905
22.964223267738216 7299326689.1556816 -7299288122.1592655
22.964226067348495 7333669272.2502823 -7333630632.774312
22.964228866958777 7368222204.5668554 -7368183492.3726234
22.964231666569056 7402987074.0667276 -7402948288.914402
22.964234466179335 7437965482.9668932 -7437926624.61551
22.964237265789617 7473159047.8884096 -7473120116.0958662
22.964240065399895 7508569400.006568 -7508530394.5296164
22.964242865010174 7544198185.2028093 -7544159105.7970495
22.964245664620453 7580047064.2184582 -7580007910.6383305
22.964248464230735 7616117712.8102942 -7616078484.8090706
22.964251263841014 7652411821.9079857 -7652372519.2377644
22.964254063451293 7688931097.7734022 -7688891720.1851006
22.964256863061575 7725677262.1618118 -7725637809.40516
22.964259662671854 7762652052.4849834 -7762612524.3085136
22.964262462282132 7799857221.9762783 -7799817618.1273193
22.964265261892415 7837294539.857748 -7837254860.0824184
22.964268061502693 7874965791.5091867 -7874926035.5523863
22.964270861112972 7912872778.6392403 -7912832946.2446423
22.964273660723251 7951017319.4585838 -7950977410.3686275
22.964276460333533 7989401248.8551884 -7989361262.8110723
22.964279259943812 8028026418.5716896 -8027986355.3133621
22.96428205955409 8066894697.3849287 -8066854556.6510811
22.964284859164373 8106007971.2876444 -8105967752.8157024
22.964287658774651 8145368143.6723871 -8145327847.1985044
22.96429045838493 8184977135.5176706 -8184936760.7767181
22.964293257995212 8224836885.5763817 -8224796432.3019428
22.964296057605491 8264949350.5664825 -8264908818.4908419
22.96429885721577 8305316505.3640385 -8305275894.2181759
22.964301656826052 8345940343.1986361 -8345899652.7122164
22.964304456436331 8386822875.8511677 -8386782105.7525349
22.964307256046609 8427966133.8540468 -8427925283.8702135
22.964310055656888 8469372166.6938629 -8469331236.5505018
22.96431285526717 8511043043.0165768 -8511002032.438014
22.964315654877449 8552980850.8352127 -8552939759.5444174
22.964318454487728 8595187697.7401066 -8595146525.458683
22.96432125409801 8637665711.1117649 -8637624457.5599422
22.964324053708289 8680417038.3363495 -8680375703.2329769
22.964326853318568 8723443847.0238628 -8723402430.0863972
22.96432965292885 8766748325.2289658 -8766706826.1734619
22.964332452539129 8810332681.6746082 -8810291100.2157135
22.964335252149407 8854199145.9784431 -8854157481.8293858
22.96433805175969 8898349968.8819885 -8898308221.7545662
22.964340851369968 8942787422.4827728 -8942745592.0873489
22.964343650980247 8987513800.469326 -8987471886.5148163
22.964346450590526 9032531418.3590755 -9032489420.5529404
22.964349250200808 9077842613.7392464 -9077800531.7874794
22.964352049811087 9123449746.5108166 -9123407580.117939
22.964354849421365 9169355199.1355267 -9169312948.0045738
22.964357649031648 9215561376.8859386 -9215519040.7184525
22.964360448641926 9262070708.0987492 -9262028286.5947666
22.964363248252205 9308885644.4312458 -9308843137.2892914
22.964366047862487 9356008661.1210251 -9355966068.0380974
22.964368847472766 9403442257.2489986 -9403399577.9205627
22.964371647083045 9451188956.0057793 -9451146190.1257591
22.964374446693327 9499251304.9613705 -9499208452.2221317
22.964377246303606 9547631876.3383198 -9547588936.430666
22.964380045913884 9596333267.2884254 -9596290239.9015865
22.964382845524163 9645358100.1728649 -9645314984.9944839
22.964385645134445 9694709022.8459549 -9694665819.5620785
22.964388444744724 9744388708.9426136 -9744345417.2376842
22.964391244355003 9794399858.1694221 -9794356477.726263
22.964394043965285 9844745196.5994358 -9844701727.0992432
22.964396843575564 9895427476.9708424 -9895383918.093174
22.964399643185843 9946449478.9894142 -9946405830.412178
22.964402442796125 9997814009.6348991 -9997770271.0343418
22.964405242406404 10049523903.471363 -10049480074.52206
22.964408042016682 10101582022.961561 -10101538103.336407
22.964410841626965 10153991258.785318 -10153947248.155508
22.964413641237243 10206754530.162157 -10206710428.197184
22.964416440847522 10259874785.17808 -10259830591.545717
22.964419240457801 10313355001.11655 -10313310715.482843
22.964422040068083 10367198184.793896 -10367153806.823149
22.964424839678362 10421407372.899031 -10421362902.253796
22.96442763928864 10475985632.337595 -10475941068.678659
22.964430438898923 10530936060.580719 -10530891403.567093
22.964433238509201 10586261786.018282 -10586217035.307188
22.96443603811948 10641965968.316801 -10641921123.563662
22.964438837729762 10698051798.782057 -10698006859.64048
22.964441637340041 10754522500.726576 -10754477466.848345
22.96444443695032 10811381329.84186 -10811336200.876919
22.964447236560602 10868631574.575583 -10868586350.172026
22.964450036170881 10926276556.513865 -10926231236.317921
22.964452835781159 10984319630.768585 -10984274214.424608
22.964455635391438 11042764186.36977 -11042718673.520226
22.96445843500172 11101613646.663223 -11101568036.948673
22.964461234611999 11160871469.713545 -11160825762.772636
22.964464034222278 11220541148.712502 -11220495344.181953
22.96446683383256 11280626212.392803 -11280580309.907391
22.964469633442839 11341130225.4475 -11341084224.640043
22.964472433053118 11402056788.955038 -11402010689.456388
22.9644752326634 11463409540.8099 -11463363342.248924
22.964478032273679 11525192156.159199 -11525145858.162766
22.964480831883957 11587408347.84514 -11587361950.038111
22.96448363149424 11650061866.853334 -11650015368.858541
22.964486431104518 11713156502.76729 -11713109904.20553
22.964489230714797 11776696084.229055 -11776649384.719069
22.964492030325076 11840684479.406143 -11840637678.564604
22.964494829935358 11905125596.464722 -11905078693.906219
22.964497629545637 11970023384.049305 -11969976379.386332
22.964500429155915 12035381831.769066 -12035334724.612003
22.964503228766198 12101204970.690678 -12101157760.647779
22.964506028376476 12167496873.837915 -12167449560.515291
22.964508827986755 12234261656.698183 -12234214239.699785
22.964511627597037 12301503477.736002 -12301455956.66361
22.964514427207316 12369226538.913502 -12369178913.366707
22.964517226817595 12437435086.21814 -12437387355.794329
22.964520026427877 12506133410.197643 -12506085574.491982
22.964522826038156 12575325846.502441 -12575277905.107859
22.964525625648434 12645016776.435549 -12644968728.942724
22.964528425258713 12715210627.510086 -12715162473.507427
22.964531224868995 12785911874.014557 -12785863613.08819
22.964534024479274 12857125037.585997 -12857076669.319744
22.964536824089553 12928854687.791111 -12928806211.766478
22.964539623699835 13001105442.715599 -13001056858.511755
22.964542423310114 13073881969.561638 -13073833276.755404
22.964545222920393 13147188985.253719 -13147140183.419544
22.964548022530675 13221031257.053057 -13220982345.763004
22.964550822140954 13295413603.180672 -13295364582.004402
22.964553621751232 13370340893.449167 -13370291761.95392
22.964556421361515 13445818049.903442 -13445768807.654018
22.964559220971793 13521850047.470459 -13521800694.0292
22.964562020582072 13598441914.618343 -13598392449.545118
22.964564820192351 13675598734.024677 -13675549156.876863
22.964567619802633 13753325643.254267 -13753275953.586727
22.964570419412912 13831627835.44663 -13831578032.811699
22.96457321902319 13910510560.013344 -13910460643.960806
22.964576018633473 13989979123.345263 -13989929093.422335
22.964578818243751 14070038889.529903 -14069988745.281218
22.96458161785403 14150695281.07906 -14150645022.046642
22.964584417464312 14231953779.66683 -14231903405.390081
22.964587217074591 14313819926.878344 -14313769436.894018
22.96459001668487 14396299324.969246 -14396248718.811434
22.964592816295152 14479397637.636177 -14479346914.836283
22.964595615905431 14563120590.798388 -14563069750.885113
22.964598415515709 14647473973.390633 -14647423015.889954
22.964601215125988 14732463638.167454 -14732412562.6026
22.96460401473627 14818095502.519375 -14818044308.41081
22.964606814346549 14904375549.300835 -14904324236.166235
22.964609613956828 14991309827.670279 -14991258395.024511
22.96461241356711 15078904453.942415 -15078852901.29752
22.964615213177389 15167165612.453014 -15167113939.318174
22.964618012787668 15256099556.436428 -15256047762.317959
22.96462081239795 15345712608.915943 -15345660693.317265
22.964623612008229 15436011163.607153 -15435959126.028767
22.964626411618507 15527001685.834738 -15526949525.774208
22.96462921122879 15618690713.462763 -15618638430.41469
22.964632010839068 15711084857.838766 -15711032451.294767
22.964634810449347 15804190804.751776 -15804138274.20046
22.964637610059626 15898015315.404541 -15897962660.33149
22.964640409669908 15992565227.400255 -15992512447.287992
22.964643209280187 16087847455.743969 -16087794550.071939
22.964646008890465 16183868993.85902 -16183815962.103573
22.964648808500748 16280636914.618496 -16280583756.25285
22.964651608111026 16378158371.392202 -16378105085.886429
22.964654407721305 16476440599.109449 -16476387185.930443
22.964657207331587 16575490915.337692 -16575437373.949152
22.964660006941866 16675316721.37746 -16675263051.239861
22.964662806552145 16775925503.373741 -16775871703.944305
22.964665606162427 16877324833.444159 -16877270904.176834
22.964668405772706 16979522370.824387 -16979468311.169823
22.964671205382984 17082525863.0308 -17082471672.436317
22.964674004993263 17186343147.040813 -17186288824.950382
22.964676804603545 17290982150.491135 -17290927696.345345
22.964679604213824 17396450892.894432 -17396396306.13047
22.964682403824103 17502757486.874332 -17502702766.925949
22.964685203434385 17609910139.41946 -17609855285.716946
22.964688003044664 17717917153.156902 -17717862165.127056
22.964690802654943 17826786927.645149 -17826731804.711262
22.964693602265225 17936527960.686707 -17936472702.26852
22.964696401875504 18047148849.661091 -18047093455.174782
22.964699201485782 18158658292.878323 -18158602761.736458
22.964702001096065 18271065090.953465 -18271009422.564987
22.964704800706343 18384378148.202641 -18384322341.972836
22.964707600316622 18498606474.06031 -18498550529.39077
22.964710399926901 18613759184.519009 -18613703100.80761
22.964713199537183 18729845503.591454 -18729789280.232319
22.964715999147462 18846874764.795387 -18846818401.178867
22.96471879875774 18964856412.661724 -18964799908.174358
22.964721598368023 19083800004.266319 -19083743358.29081
22.964724397978301 19203715210.785507 -19203658422.700684
22.96472719758858 19324611819.07634 -19324554888.25713
22.964729997198862 19446499733.281914 -19446442659.0993
22.964732796809141 19569388976.462273 -19569331758.283283
22.96473559641942 19693289692.250618 -19693232329.438274
22.964738396029702 19818212146.535667 -19818154638.448959
22.964741195639981 19944166729.171432 -19944109075.165283
22.964743995250259 20071163955.713562 -20071106155.138794
22.964746794860538 20199214469.183762 -20199156521.387062
22.96474959447082 20328329041.862431 -20328270946.186325
22.964752394081099 20458518577.109688 -20458460332.89249
22.964755193691378 20589794111.215801 -20589735717.791595
22.96475799330166 20722166815.281525 -20722108271.980118
22.964760792911939 20855647997.128239 -20855589303.275135
22.964763592522218 20990249103.239105 -20990190258.155457
22.9647663921325 21125981720.731945 -21125922723.734524
22.964769191742779 21262857579.363857 -21262798429.765022
22.964771991353057 21400888553.568153 -21400829250.675804
22.96477479096334 21540086664.524704 -21540027207.642246
22.964777590573618 21680464082.263924 -21680404470.690235
22.964780390183897 21822033127.805073 -21821973360.834457
22.964783189794176 21964806275.329548 -21964746352.251705
22.964785989404458 22108796154.389954 -22108736074.489937
22.964788789014737 22254015552.155113 -22253955314.713287
22.964791588625015 22400477415.692039 -22400417019.984043
22.964794388235298 22548194854.28595 -22548134299.582653
22.964797187845576 22697181141.798214 -22697120427.365681
22.964799987455855 22847449719.063412 -22847388844.162857
22.964802787066137 22999014196.326092 -22998953160.213833
22.964805586676416 23151888355.718475 -23151827157.645905
22.964808386286695 23306086153.778751 -23306024792.992279
22.964811185896973 23461621724.011814 -23461560199.752834
22.964813985507256 23618509379.492661 -23618447690.997505
22.964816785117534 23776763615.513309 -23776701762.013203
22.964819584727813 23936399112.274307 -23936337092.995323
22.964822384338095 24097430737.621452 -24097368551.784462
22.964825183948374 24259873549.82893 -24259811196.64957
22.964827983558653 24423742800.429146 -24423680279.117767
22.964830783168935 24589053937.089901 -24588991246.851517
22.964833582779214 24755822606.541157 -24755759746.575397
22.964836382389493 24924064657.551605 -24924001627.052677
22.964839181999775 25093796143.955292 -25093732942.111923
22.964841981610054 25265033327.730125 -25264969953.725517
22.964844781220332 25437792682.129196 -25437729135.14098
22.964847580830611 25612090894.865658 -25612027174.065842
22.964850380440893 25787944871.351921 -25787880975.906837
22.964853180051172 25965371737.995068 -25965307667.065327
22.964855979661451 26144388845.548706 -26144324598.289139
22.964858779271733 26325013772.52301 -26324949348.082623
22.964861578882012 26507264328.653812 -26507199726.175735
22.96486437849229 26691158558.4314 -26691093777.052826
22.964867178102573 26876714744.690941 -26876649783.543079
22.964869977712851 27063951412.26543 -27063886270.473454
22.96487277732313 27252887331.702267 -27252822008.38525
22.964875576933412 27443541523.045002 -27443476017.315872
22.964878376543691 27635933259.6814 -27635867570.646877
22.96488117615397 27830082072.258915 -27830016199.019455
22.964883975764248 28026007752.669109 -28025941694.318851
22.964886775374531 28223730358.102478 -28223664113.729179
22.964889574984809 28423270215.175213 -28423203783.860199
22.964892374595088 28624647924.128597 -28624581304.946697
22.96489517420537 28827884363.102703 -28827817555.122192
22.964897973815649 29033000692.486679 -29032933694.769215
22.964900773425928 29240018359.346279 -29239951170.946846
22.96490357303621 29448959101.93063 -29448891721.897472
22.964906372646489 29659844954.25935 -29659777381.633911
22.964909172256768 29872698250.792591 -29872630484.609451
22.96491197186705 30087541631.184582 -30087473670.47139
22.964914771477329 30304398045.122883 -30304329888.900299
22.964917571087607 30523290757.255306 -30523222404.536926
22.964920370697886 30744243352.205418 -30744174801.997719
22.964923170308168 30967279739.679554 -30967210990.981815
22.964925969918447 31192424159.666683 -31192355211.470932
22.964928769528726 31419701187.732246 -31419632039.02317
22.964931569139008 31649135740.409489 -31649066390.164387
22.964934368749287 31880753080.689362 -31880683527.878063
22.964937168359565 32114578823.610237 -32114509067.19503
22.964939967969848 32350638941.951328 -32350568980.886887
22.964942767580126 32588959772.030708 -32588889605.26403
22.964945567190405 32829568019.609932 -32829497646.080254
22.964948366800687 33072490765.907959 -33072420184.546684
22.964951166410966 33317755473.727501 -33317684683.45813
22.964953966021245 33565389993.693638 -33565318993.431683
22.964956765631523 33815422570.609646 -33815351359.262558
22.964959565241806 34067881849.932106 -34067810426.399204
22.964962364852084 34322796884.365536 -34322725247.537914
22.964965164462363 34580197140.581474 -34580125289.341934
22.964967964072645 34840112506.064156 -34840040439.287125
22.964970763682924 35102573296.08416 -35102501012.63559
22.964973563293203 35367610260.804626 -35367537759.541939
22.964976362903485 35635254592.521629 -35635181872.293617
22.964979162513764 35905537933.041634 -35905464992.688377
22.964981962124043 36178492381.199059 -36178419219.551842
22.964984761734325 36454150500.517075 -36454077116.398293
22.964987561344604 36732545327.015198 -36732471719.238281
22.964990360954882 37013710377.166039 -37013636544.535347
22.964993160565161 37297679656.004463 -37297605597.315208
22.964995960175443 37584487665.392464 -37584413379.430618
22.964998759785722 37874169412.44313 -37874094897.985321
22.965001559396001 38166760418.109161 -38166685673.922592
22.965004359006283 38462296725.936127 -38462221750.778481
22.965007158616562 38760814910.984489 -38760739703.603821
22.96500995822684 39062352088.927055 -39062276648.061707
22.965012757837123 39366945925.32312 -39366870249.701622
22.965015557447401 39674634645.073563 -39674558733.414528
22.96501835705768 39985457042.06147 -39985380893.073502
22.965021156667962 40299452488.981148 -40299376101.362724
22.965023956278241 40616660947.360703 -40616584319.800087
22.96502675588852 40937122977.784836 -40937046108.959953
22.965029555498798 41260879750.317131 -41260802638.895493
22.965032355109081 41587973055.1297 -41587895699.768272
22.965035154719359 41918445313.34304 -41918367712.688141
22.965037954329638 42252339588.08297 -42252261740.770157
22.96504075393992 42589699595.758408 -42589621500.412376
22.965043553550199 42930569717.563988 -42930491372.798454
22.965046353160478 43274995011.213211 -43274916415.630791
22.96504915277076 43623021222.90799 -43622942375.10009
22.965051952381039 43974694799.54966 -43974615698.096359
22.965054751991318 44330062901.195953 -44329983544.665878
22.9650575516016 44689173413.77179 -44689093800.722008
22.965060351211878 45052074962.036125 -45051995091.012009
22.965063150822157 45418816922.814369 -45418736792.34948
22.965065950432436 45789449438.499542 -45789369047.115509
22.965068750042718 46164023430.829475 -46163942777.035858
22.965071549652997 46542590614.947533 -46542509697.241699
22.965074349263276 46925203513.751587 -46925122330.618584
22.965077148873558 47311915472.538559 -47311834022.450981
22.965079948483837 47702780673.951027 -47702698955.368874
22.965082748094115 48097854153.235634 -48097772164.606186
22.965085547704398 48497191813.815788 -48497109553.573471
22.965088347314676 48900850443.189011 -48900767909.755249
22.965091146924955 49308887729.155579 -49308804920.938652
22.965093946535237 49721362276.388008 -49721279191.782928
22.965096746145516 50138333623.345451 -50138250260.733795
22.965099545755795 50559862259.544258 -50559778617.294022
22.965102345366073 50986009643.19545 -50985925719.660919
22.965105144976356 51416838219.212982 -51416754012.734573
22.965107944586634 51852411437.601883 -51852326946.505989
22.965110744196913 52292793772.236244 -52292708994.835068
22.965113543807195 52738050740.040306 -52737965674.631729
22.965116343417474 53188248920.577988 -53188163565.445396
22.965119143027753 53643455976.05806 -53643370329.470184
22.965121942638035 54103740671.772461 -54103654731.983208
22.965124742248314 54569172896.973816 -54569086662.222122
22.965127541858593 55039823686.202248 -55039737154.711891
22.965130341468875 55515765241.071701 -55515678411.05114
22.965133141079153 55997070952.531128 -55996983822.173332
22.965135940689432 56483815423.607376 -56483727991.089653
22.965138740299711 56976074492.644119 -56975986756.12793
22.965141539909993 57473925257.047707 -57473837214.678482
22.965144339520272 57977446097.555649 -57977357747.462624
22.965147139130551 58486716703.036339 -58486628043.332352
22.965149938740833 59001818095.835793 -59001729124.617104
22.965152738351112 59522832657.682838 -59522743373.028946
22.96515553796139 60049844156.167664 -60049754556.141106
22.965158337571673 60582937771.80751 -60582847854.453674
22.965161137181951 61122200125.715515 -61122109889.062431
22.96516393679223 61667719307.888107 -61667628749.946251
22.965166736402512 62219584906.123466 -62219494024.885559
22.965169536012791 62777888035.589417 -62777796829.030228
22.96517233562307 63342721369.055122 -63342629835.131233
22.965175135233348 63914179167.805389 -63914087304.454994
22.965177934843631 64492357313.257782 -64492265118.40049
22.965180734453909 65077353339.289413 -65077260810.826004
22.965183534064188 65669266465.303276 -65669173601.115486
22.96518633367447 66268197630.050621 -66268104428.000916
22.965189133284749 66874249526.223923 -66874155984.155281
22.965191932895028 67487526635.841911 -67487432751.577583
22.96519473250531 68108135266.448769 -68108041037.792038
22.965197532115589 68736183588.149796 -68736089012.883759
22.965200331725867 69371781671.49855 -69371686747.385849
22.96520313133615 70015041526.264938 -70014946251.047516
22.965205930946428 70666077141.10968 -70665981512.50856
22.965208730556707 71325004524.17749 -71324908539.892487
22.965211530166986 71991941744.642426 -71991845402.351929
22.965214329777268 72667008975.222137 -72666912272.582809
22.965217129387547 73350328535.694412 -73350231470.340958
22.965219928997826 74042024937.437866 -74041927506.982727
22.965222728608108 74742224929.032135 -74742127131.065247
22.965225528218387 75451057542.938187 -75450959375.026688
22.965228327828665 76168654143.280609 -76168555602.968582
22.965231127438948 76895148474.7742 -76895049559.582352
22.965233927049226 77630676712.820374 -77630577420.245773
22.965236726659505 78375377514.805099 -78375277842.320892
22.965239526269787 79129392072.628174 -79129292017.683228
22.965242325880066 79892864166.503784 -79892763726.522446
22.965245125490345 80665940220.061584 -80665839392.443344
22.965247925100623 81448769356.781448 -81448668138.900635
22.965250724710906 82241503457.803574 -82241401847.009033
22.965253524321184 83044297221.151398 -83044195214.766174
22.965256323931463 83857308222.400284 -83857205817.721298
22.965259123541745 84680696976.834549 -84680594171.132233
22.965261923152024 85514627003.140289 -85514523793.658295
22.965264722762303 86359264888.671051 -86359161272.62587
22.965267522372585 87214780356.322647 -87214676330.903305
22.965270321982864 88081346333.072189 -88081241895.43985
22.965273121593142 88959139020.224442 -88959034167.512054
22.965275921203425 89848337965.417419 -89848232694.72937
22.965278720813703 90749126136.430939 -90749020444.842667
22.965281520423982 91661689996.849503 -91661583881.40712
22.965284320034261 92586219583.631622 -92586113041.351547
22.965287119644543 93522908586.645859 -93522801614.51442
22.965289919254822 94471954430.21637 -94471847025.189377
22.965292718865101 95433558356.758026 -95433450515.760422
22.965295518475383 96407925512.534256 -96407817232.459686
22.965298318085662 97395265035.606003 -97395156313.316376
22.96530111769594 98395790146.053482 -98395680978.378601
22.965303917306223 99409718238.512299 -99409608622.249374
22.965306716916501 100437270977.09976 -100437160909.013
22.96530951652678 101478674392.81644 -101478563869.63661
22.965312316137062 102534158983.4644 -102534048001.88838
22.965315115747341 103603959816.17406 -103603848372.86436
22.96531791535762 104688316632.61583 -104688204724.20013
22.965320714967898 105787473956.98112 -105787361580.05183
22.965323514578181 106901681206.79955 -106901568357.91328
22.965326314188459 108031192806.67299 -108031079482.35008
22.965329113798738 109176268305.04755 -109176154501.77158
22.96533191340902 110337172494.07864 -110337058208.29593
22.965334713019299 111514175532.68111 -111514060760.80017
22.965337512629578 112707553072.87306 -112707437811.26413
22.96534031223986 113917586389.52536 -113917470634.51979
22.965343111850139 115144562513.59499 -115144446261.48476
22.965345911460417 116388774368.96642 -116388657616.00356
22.965348711070696 117650520912.99881 -117650403655.39487
22.965351510680978 118930107280.88307 -118929989514.80852
22.965354310291257 120227844933.94696 -120227726655.53061
22.965357109901536 121544051812.01855 -121543933017.34698
22.965359909511818 122879052489.97456 -122878933175.09151
22.965362709122097 124233178338.59605 -124233058499.50179
22.965365508732376 125606767689.87271 -125606647322.52344
22.965368308342658 127000166006.89513 -127000045107.20233
22.965371107952937 128413726058.46922 -128413604622.29906
22.965373907563215 129847808098.60991 -129847686121.78249
22.965376707173498 131302780051.05225 -131302657529.34102
22.965379506783776 132779017698.96681 -132778894628.09787
22.965382306394055 134276904880.01067 -134276781255.66205
22.965385106004334 135796833686.90279 -135796709504.70377
22.965387905614616 137339204673.69644 -137339079929.22681
22.965390705224895 138904427067.93024 -138904301756.71957
22.965393504835173 140492918988.85535 -140492793106.38232
22.965396304445456 142105107671.88599 -142104981213.57755
22.965399104055734 143741429699.5347 -143741302660.76529
22.965401903666013 145402331239.04681 -145402203615.13766
22.965404703276295 147088268286.86661 -147088140073.08484
22.965407502886574 148799706920.24915 -148799578111.80701
22.965410302496853 150537123556.22391 -150536994148.27795
22.965413102107135 152301005218.12299 -152300875205.77325
22.965415901717414 154091849809.93018 -154091719188.21921
22.965418701327692 155910166398.75995 -155910035162.67206
22.965421500937971 157756475505.7056 -157756343650.16586
22.965424300548253 159631309405.30362 -159631176925.17706
22.965427100158532 161535212433.90857 -161535079323.99918
22.965429899768811 163468741307.31546 -163468607562.36523
22.965432699379093 165432465447.93405 -165432331062.62207
22.965435498989372 167426967321.81729 -167426832290.7587
22.965438298599651 169452842785.87894 -169452707103.62396
22.965441098209933 171510701445.65283 -171510565106.68576
22.965443897820212 173601167023.96875 -173601030022.70688
22.96544669743049 175724877740.87115 -175724740071.66376
22.965449497040773 177882486705.22528 -177882348362.35248
22.965452296651051 180074662318.3696 -180074523296.04129
22.96545509626133 182302088690.27631 -182301948982.63101
22.965457895871609 184565466068.63281 -184565325669.73657
22.965460695481891 186865511281.27267 -186865370185.11786
22.96546349509217 189202958192.41431 -189202816392.9184
22.965466294702448 191578558173.24933 -191578415664.25372
22.965469094312731 193993080587.40579 -193992937362.67459
22.965471893923009 196447313291.66956 -196447169344.88824
22.965474693533288 198942063152.64722 -198941918477.42139
22.96547749314357 201478156579.92767 -201478011169.78171
22.965480292753849 204056440076.26471 -204056293924.64047
22.965483092364128 206677780805.42465 -206677633905.68002
22.96548589197441 209343067178.36478 -209342919523.77237
22.965488691584689 212053209458.3678 -212053061042.11346
22.965491491194967 214809140385.80435 -214808991200.98569
22.965494290805246 217611815823.349 -217611665862.97394
22.965497090415528 220462215422.2666 -220462064679.2518
22.965499890025807 223361343310.62143 -223361191777.7908
22.965502689636086 226310228804.21783 -226310076474.3009
22.965505489246368 229309927141.04611 -229309774006.67645
22.965508288856647 232361520240.21371 -232361366293.92722
22.965511088466926 235466117486.21115 -235465962720.44437
22.965513888077208 238624856539.47903 -238624700946.5675
22.965516687687487 241838904174.26627 -241838747746.44269
22.965519487297765 245109457144.80496 -245109299874.19739
22.965522286908048 248437743080.91751 -248437584959.54758
22.965525086518326 251825021414.13193 -251824862433.9129
22.965527886128605 255272584335.48917 -255272424488.22406
22.965530685738884 258781757786.29459 -258781597063.67419
22.965533485349166 262353902483.05945 -262353740876.66037
22.965536284959445 265990414977.84494 -265990252479.12744
22.965539084569723 269692728755.6561 -269692565355.96213
22.965541884180006 273462315370.13303 -273462151060.68399
22.965544683790284 277300685619.05035 -277300520390.94495
22.965547483400563 281209390761.28589 -281209224605.49792
22.965550283010845 285190023776.79181 -285189856684.16779
22.965553082621124 289244220671.50183 -289244052632.75873
22.965555882231403 293373661828.57562 -293373492834.29846
22.965558681841685 297580073408.28906 -297579903448.92841
22.965561481451964 301865228798.17505 -301865057864.04456
22.965564281062242 306230950115.68329 -306230778196.95715
22.965567080672521 310679109765.36835 -310678936852.07861
22.965569880282803 315211632052.89539 -315211458134.92932
22.965572679893082 319830494858.15338 -319830319925.25073
22.965575479503361 324537731369.95203 -324537555411.70221
22.965578279113643 329335431884.71655 -329335254890.55573
22.965581078723922 334225745672.14764 -334225567631.35577
22.965583878334201 339210882910.33136 -339210703812.0293
22.965586677944483 344293116693.29877 -344292936526.44501
22.965589477554762 349474785114.20007 -349474603867.58777
22.96559227716504 354758293427.14825 -354758111089.40179
22.965595076775323 360146116291.23407 -360145932850.80591
22.965597876385601 365640800100.05994 -365640615545.22717
22.96560067599588 371244965400.46985 -371244779719.33069
22.965603475606159 376961309404.50159 -376961122584.97186
22.965606275216441 382792608598.42908 -382792420628.23846
22.96560907482672 388741721453.24554 -388741532319.93402
22.965611874436998 394811591240.74847 -394811400931.66229
22.965614674047281 401005248960.22083 -401005057462.50867
22.965617473657559 407325816380.44812 -407325623681.05707
22.965620273267838 413776509202.17133 -413776315287.84271
22.96562307287812 420360640346.30774 -420360445203.57294
22.965625872488399 427081623373.5683 -427081426988.74426
22.965628672098678 433942976041.586 -433942778400.77106
22.96563147170896 440948324005.43274 -440948125094.50177
22.965634271319239 448101404668.10913 -448101204472.70905
22.965637070929517 455406071188.22961 -455405869693.77441
22.965639870539796 462866296651.56201 -462866093843.22803
22.965642670150078 470486178414.43219 -470485974277.15283
22.965645469760357 478269942626.71088 -478269737145.17151
22.965648269370636 486221948942.9364 -486221742101.56903
22.965651068980918 494346695430.0918 -494346487213.06964
22.965653868591197 502648823681.27917 -502648614072.51093
22.965656668201476 511133124145.31885 -511132913128.44299
22.965659467811758 519804541682.50323 -519804329240.88202
22.965662267422037 528668181357.11743 -528667967473.83093
22.965665067032315 537729314478.16089 -537729099136.00055
22.965667866642598 546993384900.16077 -546993168081.62311
22.965670666252876 556466015596.91821 -556465797284.19824
22.965673465863155 566153015521.16455 -566152795696.14893
22.965676265473434 576060386764.41162 -576060165408.67163
22.965679065083716 586194332031.51416 -586194109126.29858
22.965681864693995 596561262445.97876 -596561037972.20654
22.965684664304273 607167805702.15405 -607167579640.40674
22.965687463914556 618020814581.29102 -618020586911.80493
22.965690263524834 629127375850.50598 -629127146553.16394
22.965693063135113 640494819563.69019 -640494588618.01355
22.965695862745395 652130728785.60266 -652130496170.74292
22.965698662355674 664042949758.64929 -664042715453.37903
22.965701461965953 676239602537.1095 -676239366519.8136
22.965704261576235 688729092112.32935 -688728854360.99561
22.965707061186514 701520120054.64294 -701519880546.85266
22.965709860796792 714621696698.67249 -714621455411.59058
22.965712660407071 728043153900.90674 -728042910811.27161
22.965715460017353 741794158399.46387 -741793913483.57703
22.965718259627632 755884725808.1571 -755884479041.87256
22.965721059237911 770325235279.21338 -770324986637.92639
22.965723858848193 785126444870.13611 -785126194328.77197
22.965726658458472 800299507652.02637 -800299255185.02844
22.965729458068751 815855988602.224 -815855734183.54175
22.965732257679033 831807882322.40479 -831807625925.4812
22.965735057289312 848167631627.79187 -848167373225.55078
22.96573785689959 864948147055.68335 -864947886620.51611
22.965740656509873 882162827343.60327 -882162564847.35498
22.965743456120151 899825580932.93323 -899825316346.88855
22.96574625573043 917950848555.97314 -917950581850.8418
22.965749055340709 936553626967.60413 -936553358113.50574
22.965751854950991 955649493886.01965 -955649222852.46851
22.96575465456127 975254634212.37756 -975254360968.26624
22.965757454171548 995385867602.99756 -995385592116.58032
22.965760253781831 1016060677474.9766 -1016060399713.8525
22.965763053392109 1037297241525.7655 -1037296961456.8607
22.965765853002388 1059114463858.3433 -1059114181447.8925
22.96576865261267 1081532008805.5408 -1081531724019.0685
22.965771452222949 1104570336555.939 -1104570049358.24
22.965774251833228 1128250740689.8538 -1128250451044.9729
22.96577705144351 1152595387739.1079 -1152595095610.3193
22.965779851053789 1177627358894.3003 -1177627064244.0854
22.965782650664067 1203370693991.9297 -1203370396781.9553
22.965785450274346 1229850437920.9829 -1229850138112.0776
22.965788249884628 1257092689599.7002 -1257092387151.8308
22.965791049494907 1285124653682.814 -1285124348555.0603
22.965793849105186 1313974695169.3772 -1313974387319.9067
22.965796648715468 1343672397097.7615 -1343672086483.8025
22.965799448325747 1374248621520.2329 -1374248308098.0469
22.965802247936026 1405735573972.1997 -1405735257697.0527
22.965805047546308 1438166871659.2708 -1438166552485.4043
22.965807847156587 1471577615603.9163 -1471577293484.5156
22.965810646766865 1506004467010.3123 -1506004141897.4753
22.965813446377147 1541485728132.0823 -1541485399976.7861
22.965816245987426 1578061427930.5002 -1578061096682.5674
22.965819045597705 1615773412850.676 -1615773078458.738
22.965821845207984 1654665443061.71 -1654665105473.1704
22.965824644818266 1694783294532.8616 -1694782953693.8584
22.965827444428545 1736174867340.6538 -1736174523196.019
22.965830244038823 1778890300631.3047 -1778889953124.5227
22.965833043649106 1822982094712.5933 -1822981743785.7581
22.965835843259384 1868505240766.6416 -1868504886360.4119
22.965838642869663 1915517358720.3982 -1915517000773.9507
22.965841442479945 1964078843852.1382 -1964078482303.1194
22.965844242090224 2014253022763.6011 -2014252657548.0764
22.965847041700503 2066106319385.4253 -2066105950437.8271
22.965849841310785 2119708431753.7239 -2119708059006.7961
22.965852640921064 2175132520340.3574 -2175132143725.0994
22.965855440531342 2232455408793.4131 -2232455028239.0195
22.965858240141621 2291757798000.6479 -2291757413434.4482
22.965861039751903 2353124494483.2104 -2353124105830.603
22.965863839362182 2416644654198.7661 -2416644261383.1519
22.965866638972461 2482412042940.0088 -2482411645882.7202
22.965869438582743 2550525314602.9639 -2550524913223.1934
22.965872238193022 2621088308676.9756 -2621087902891.6978
22.965875037803301 2694210368486.002 -2694209958209.894
22.965877837413583 2770006681823.0298 -2770006266968.3887
22.965880637023862 2848598645753.5996 -2848598226230.2549
22.96588343663414 2930114257489.29 -2930113833204.5132
22.965886236244419 3014688533471.6304 -3014688104330.0386
22.965889035854701 3102463958964.3071 -3102463524867.7651
22.96589183546498 3193590970664.123 -3193590531511.6377
22.965894635075259 3288228475038.7124 -3288228030726.3232
22.965897434685541 3386544405442.0459 -3386543955862.7124
22.96590023429582 3488716321224.6025 -3488715866268.0835
22.965903033906098 3594932052437.2627 -3594931591989.9902
22.965905833516381 3705390394072.7168 -3705389928017.666
22.965908633126659 3820301854101.7134 -3820301382318.2627
22.965911432736938 3939889460061.6748 -3939888982425.4624
22.96591423234722 4064389629352.7212 -4064389145735.4912
22.965917031957499 4194053108960.4614 -4194052619229.9053
22.965919831567778 4329145990823.0889 -4329145494842.6768
22.965922631178056 4469950809746.2236 -4469950307375.0283
22.965925430788339 4616767731470.124 -4616767222562.6338
22.965928230398617 4769915839271.9893 -4769915323677.9121
22.965931030008896 4929734528314.0771 -4929734005878.1357
22.965933829619178 5096585018001.9336 -5096584488563.6475
22.965936629229457 5270851993534.6465 -5270851456928.1045
22.965939428839736 5452945389213.54 -5452944845267.1562
22.965942228450018 5643302327438.7861 -5643301775975.0459
22.965945028060297 5842389228717.0146 -5842388669552.207
22.965947827670576 6050704109670.6211 -6050703542614.5537
22.965950627280858 6268779088081.1865 -6268778512936.8838
22.965953426891137 6497183116125.9131 -6497182532689.3008
22.965956226501415 6736524965301.2422 -6736524373360.8096
22.965959026111694 6987456489244.1299 -6987455888580.5742
22.965961825721976 7250676193800.251 -7250675584186.0986
22.965964625332255 7526933147181.8213 -7526932528381.0303
22.965967424942534 7817031266782.6816 -7817030638550.2148
22.965970224552816 8121834023776.3555 -8121833385857.7314
22.965973024163095 8442269611730.3086 -8442268963861.1221
22.965975823773373 8779336631114.1758 -8779335973019.5889
22.965978623383656 9134110347895.1953 -9134109679289.3945
22.965981422993934 9507749592139.8848 -9507748912725.5059
22.965984222604213 9901504370962.6973 -9901503680430.2129
22.965987022214495 10316724279229.297 -10316723577256.357
22.965989821824774 10754867802936.564 -10754867089187.303
