# serie phase 2 p4_w2.80_c1.05_dt2s4_k2 : t x1 x2 (dt2=2.3356694235983073e-06, depart t=366.81 etat bascule x1 x2 v1 v2 = -2228622.3475803784 2217490.6446688669 -133965750.79608843 133630473.2089569)
366.87264265394089 -224885452384.65036 224881908473.05362
366.87264498961031 -225451430186.83008 225447881818.45593
366.87264732527973 -226019189641.72348 226015636808.15945
366.87264966094915 -226588737483.78214 226585180176.59457
366.87265199661857 -227160080477.17441 227156518687.90839
366.87265433228799 -227733225415.93542 227729659136.11465
366.87265666795741 -228308179124.11786 228304608345.24475
366.87265900362684 -228884948455.94373 228881373169.49918
366.87266133929626 -229463540295.95673 229459960493.40015
366.87266367496568 -230043961559.17578 230040377231.94498
366.8726660106351 -230626219191.24924 230622630330.76035
366.87266834630452 -231210320168.61002 231206726766.25748
366.87267068197394 -231796271498.63168 231792673545.78812
366.87267301764336 -232384080219.78534 232380477707.80148
366.87267535331284 -232973753401.79742 232970146322.00214
366.87267768898226 -233565298145.80853 233561686489.50864
366.87268002465169 -234158721584.53293 234155105343.01315
366.87268236032111 -234754030882.41919 234750410046.94214
366.87268469599053 -235351233235.81158 235347607797.61768
366.87268703165995 -235950335873.11255 235946705823.41989
366.87268936732937 -236551346054.94589 236547711384.95023
366.87269170299879 -237154271074.32114 237150631775.1958
366.87269403866821 -237759118256.79871 237755474319.69452
366.87269637433764 -238365894960.65604 238362246376.70126
366.87269871000706 -238974608577.05469 238970955337.35498
366.87270104567648 -239585266530.20844 239581608625.84668
366.8727033813459 -240197876277.55222 240194213699.58853
366.87270571701532 -240812445309.9122 240808778049.38385
366.87270805268474 -241428981151.67679 241425309199.59808
366.87271038835416 -242047491360.96851 242043814708.33078
366.87271272402359 -242667983529.81705 242664302167.58856
366.87271505969301 -243290465284.33316 243286779203.45898
366.87271739536243 -243914944284.88358 243911253476.28558
366.87271973103185 -244541428226.26709 244537732680.84387
366.87272206670127 -245169924837.89148 245166224546.51819
366.87272440237069 -245800441883.95151 245796736837.47989
366.87272673804011 -246432987163.60797 246429277352.86624
366.87272907370954 -247067568511.16785 247063853926.9606
366.87273140937896 -247704193796.26532 247700474429.37347
366.87273374504838 -248342870924.04404 248339146765.22476
366.87273608071786 -248983607835.34033 248979878875.32697
366.87273841638728 -249626412506.86746 249622678736.36945
366.8727407520567 -250271292951.40106 250267554361.10382
366.87274308772612 -250918257217.96552 250914513798.53043
366.87274542339554 -251567313392.02158 251563565134.08588
366.87274775906496 -252218469595.65488 252214716489.83157
366.87275009473439 -252871733987.76575 252867976024.64359
366.87275243040381 -253527114764.26004 253523351934.40335
366.87275476607323 -254184620158.241 254180852452.1897
366.87275710174265 -254844258440.20236 254840485848.4718
366.87275943741207 -255506037918.22256 255502260431.30347
366.87276177308149 -256169966938.16006 256166184546.51849
366.87276410875091 -256836053883.84982 256832266577.92706
366.87276644442034 -257504307177.30093 257500514947.51337
366.87276878008976 -258174735278.89536 258170938115.63449
366.87277111575918 -258847346687.58792 258843544581.22021
366.8727734514286 -259522149941.10739 259518342881.97421
366.87277578709802 -260199153616.15878 260195341594.57632
366.87277812276744 -260878366328.62689 260874549334.88608
366.87278045843686 -261559796733.78091 261555974758.14731
366.87278279410629 -262243453526.48035 262239626559.19412
366.87278512977571 -262929345441.38211 262925513472.6579
366.87278746544513 -263617481253.1488 263613644273.17566
366.87278980111455 -264307869776.65833 264304027775.59964
366.87279213678397 -265000519867.21463 264996672835.20801
366.87279447245339 -265695440420.75967 265691588347.91687
366.87279680812287 -266392640374.08679 266388783250.49365
366.87279914379229 -267092128705.05518 267088266520.77155
366.87280147946171 -267793914432.80573 267790047177.8653
366.87280381513114 -268498006617.97803 268494134282.38834
366.87280615080056 -269204414362.92883 269200536936.67114
366.87280848646998 -269913146811.95169 269909264284.9809
366.8728108221394 -270624213151.49786 270620325513.74246
366.87281315780882 -271337622610.39862 271333729851.76053
366.87281549347824 -272053384460.08881 272049486570.4433
366.87281782914766 -272771508014.83176 272767604984.02747
366.87282016481709 -273492002631.94562 273488094449.80432
366.87282250048651 -274214877712.03088 274210964368.3475
366.87282483615593 -274940142699.1994 274936224183.74188
366.87282717182535 -275667807081.30469 275663883383.81384
366.87282950749477 -276397880390.17358 276393951500.36316
366.87283184316419 -277130372201.83936 277126438109.39581
366.87283417883361 -277865292136.77618 277861352831.3587
366.87283651450304 -278602649860.13501 278598705331.37531
366.87283885017246 -279342455081.98071 279338505319.48303
366.87284118584188 -280084717557.53088 280080762550.87183
366.8728435215113 -280829447087.39587 280825486826.12433
366.87284585718072 -281576653517.82043 281572687991.45758
366.87284819285014 -282326346740.92676 282322375938.96582
366.87285052851956 -283078536694.95868 283074560606.86493
366.87285286418899 -283833233364.52789 283829251979.73853
366.87285519985841 -284590446780.86127 284586460088.78528
366.87285753552788 -285350187022.04968 285346195012.06787
366.87285987119731 -286112464213.29852 286108466874.76331
366.87286220686673 -286877288527.17957 286873285849.41498
366.87286454253615 -287644670183.88428 287640662156.18573
366.87286687820557 -288414619451.4787 288410606063.11304
366.87286921387499 -289187146646.1601 289183127886.36536
366.87287154954441 -289962262132.51483 289958237990.50031
366.87287388521383 -290739976323.77814 290735946788.72412
366.87287622088326 -291520299682.09503 291516264743.15289
366.87287855655268 -292303242718.78314 292299202365.07507
366.8728808922221 -293088815994.59686 293084770215.21582
366.87288322789152 -293877030119.99347 293872978904.00317
366.87288556356094 -294667895755.40063 294663839091.83533
366.87288789923036 -295461423611.48535 295457361489.34973
366.87289023489978 -296257624449.42487 296253556857.69415
366.87289257056921 -297056509081.17914 297052436008.79871
366.87289490623863 -297858088369.76471 297854009805.65021
366.87289724190805 -298662373229.5307 298658289162.56781
366.87289957757747 -299469374626.43591 299465285045.48035
366.87290191324689 -300279103578.32825 300275008472.20557
366.87290424891631 -301091571155.22516 301087470512.73077
366.87290658458573 -301906788479.59656 301902682289.49548
366.87290892025516 -302724766726.64862 302720654977.67554
366.87291125592458 -303545517124.61005 303541399805.46906
366.872913591594 -304369050955.01959 304364928054.38416
366.87291592726342 -305195379553.01562 305191251059.5285
366.8729182629329 -306024514307.62744 306020380209.90057
366.87292059860232 -306856466662.06805 306852326948.68243
366.87292293427174 -307691248114.02917 307687102773.53473
366.87292526994116 -308528870215.97778 308524719236.89331
366.87292760561058 -309369344575.45459 309365187946.26758
366.87292994128001 -310212682855.37421 310208520564.54089
366.87293227694943 -311058896774.32739 311054728810.27246
366.87293461261885 -311907998106.88483 311903824458.0014
366.87293694828827 -312759998683.9032 312755819338.55267
366.87293928395769 -313614910392.83264 313610725339.34473
366.87294161962711 -314472745178.02661 314468554404.69904
366.87294395529653 -315333515041.05316 315329318536.15167
366.87294629096596 -316197232041.00848 316193029792.76672
366.87294862663538 -317063908294.83215 317059700291.45154
366.8729509623048 -317933555977.62463 317929342207.27417
366.87295329797422 -318806187322.96637 318801967773.78265
366.87295563364364 -319681814623.23914 319677589283.32629
366.87295796931306 -320560450229.94934 320556219087.37872
366.87296030498248 -321442106554.05298 321437869596.86316
366.87296264065191 -322326796066.28302 322322553282.47968
366.87296497632133 -323214531297.47882 323210282675.03467
366.87296731199075 -324105324838.9173 324101070365.77185
366.87296964766017 -324999189342.6463 324994929006.70581
366.87297198332959 -325896137521.82007 325891871310.95758
366.87297431899901 -326796182151.03687 326791910053.0918
366.87297665466843 -327699336066.67847 327695058069.45679
366.87297899033791 -328605612167.25189 328601328258.52582
366.87298132600733 -329515023413.73328 329510733581.24115
366.87298366167676 -330427582829.91382 330423287061.36011
366.87298599734618 -331343303502.74817 331339001785.80322
366.8729883330156 -332262198582.70459 332257890905.00464
366.87299066868502 -333184281284.11761 333179967633.26459
366.87299300435444 -334109564885.54266 334105245249.10413
366.87299534002386 -335038062730.11298 335033737095.62195
366.87299767569328 -335969788225.8988 335965456580.85364
366.87300001136271 -336904754846.26886 336900417178.13312
366.87300234703213 -337842976130.25403 337838632426.45642
366.87300468270155 -338784465682.91327 338780115930.84753
366.87300701837097 -339729237175.70203 339724881362.72675
366.87300935404039 -340677304346.84253 340672942460.28101
366.87301168970981 -341628681001.6969 341624313028.8371
366.87301402537923 -342583381013.14246 342579006941.23676
366.87301636104866 -343541418321.94922 343537038138.21442
366.87301869671808 -344502806937.16003 344498420628.77722
366.8730210323875 -345467560936.47284 345463168490.58722
366.87302336805692 -346435694466.62561 346431295870.34631
366.87302570372634 -347407221743.78333 347402816984.18353
366.87302803939576 -348382157053.92786 348377746118.04437
366.87303037506518 -349360514753.24988 349356097628.08313
366.87303271073461 -350342309268.54364 350337885941.0575
366.87303504640403 -351327555097.60419 351323125554.72595
366.87303738207345 -352316266809.62689 352311831038.24707
366.87303971774287 -353308459045.60956 353304017032.58185
366.87304205341235 -354304146518.75726 354299698250.89825
366.87304438908177 -355303344014.8894 355298889478.97858
366.87304672475119 -356306066392.84967 356301605575.62915
366.87304906042061 -357312328584.91852 357307861473.09308
366.87305139609003 -358322145597.22839 358317672177.46527
366.87305373175946 -359335532510.18127 359331052769.10999
366.87305606742888 -360352504478.86914 360348018403.08142
366.8730584030983 -361373076733.49701 361368584309.54663
366.87306073876772 -362397264579.80865 362392765794.2113
366.87306307443714 -363425083399.51514 363420578238.74823
366.87306541010656 -364456548650.72614 364452037101.22882
366.87306774577598 -365491675868.38385 365487157916.55676
366.87307008144541 -366530480664.69977 366525956296.90491
366.87307241711483 -367572978729.59406 367568447932.15466
366.87307475278425 -368619185831.13812 368614648590.3385
366.87307708845367 -369669117815.99976 369664574118.08527
366.87307942412309 -370722790609.89105 370718240441.06781
366.87308175979251 -371780220218.01947 371775663564.45428
366.87308409546193 -372841422725.54169 372836859573.36188
366.87308643113136 -373906414298.0202 373901844633.31354
366.87308876680078 -374975211181.88312 374970634990.69763
366.8730911024702 -376047829704.88672 376043246973.23053
366.87309343813962 -377124286276.58112 377119696990.42236
366.87309577380904 -378204597388.77887 378200001534.04547
366.87309810947846 -379288779616.02655 379284177178.60614
366.87310044514788 -380376849616.07953 380372240581.81927
366.87310278081736 -381468824130.3797 381464208485.08618
366.87310511648678 -382564719984.53625 382560097713.97528
366.8731074521562 -383664554088.80969 383659925178.70624
366.87310978782563 -384768343438.59894 384763707874.6369
366.87311212349505 -385876105114.9314 385871462882.75342
366.87311445916447 -386987856284.95654 386983207370.16406
366.87311679483389 -388103614202.44263 388098958590.59546
366.87311913050331 -389223396208.27625 389218733884.8927
366.87312146617273 -390347219730.9657 390342550681.52222
366.87312380184215 -391475102287.14709 391470426497.07819
366.87312613751158 -392607061482.09418 392602378936.7923
366.873128473181 -393743115010.23132 393738425695.04669
366.87313080885042 -394883280655.64966 394878584555.89008
366.87313314451984 -396027576292.62683 396022873393.55762
366.87313548018926 -397176019886.15015 397171310172.99384
366.87313781585868 -398328629492.44293 398323912950.37927
366.8731401515281 -399485423259.49451 399480699873.66022
366.87314248719753 -400646419427.59369 400641689183.08228
366.87314482286695 -401811636329.86548 401806899211.72717
366.87314715853637 -402981092392.81158 402976348386.05316
366.87314949420579 -404154806136.85443 404150055226.43896
366.87315182987521 -405332796176.88434 405328038347.7312
366.87315416554463 -406515081222.81091 406510316459.79547
366.87315650121405 -407701680080.11761 407696908368.07104
366.87315883688348 -408892611650.42017 408887832974.12946
366.8731611725529 -410087894932.02875 410083109276.23645
366.87316350822238 -411287549020.51355 411282756369.91754
366.8731658438918 -412491593109.27417 412486793448.52765
366.87316817956122 -413700046490.11304 413695239803.82422
366.87317051523064 -414912928553.81232 414908114826.54431
366.87317285090006 -416130258790.71466 416125438006.98541
366.87317518656948 -417352056791.30792 417347228935.58984
366.8731775222389 -418578342246.81354 418573507303.53351
366.87317985790833 -419809134949.77917 419804292903.3183
366.87318219357775 -421044454794.6748 421039605629.36829
366.87318452924717 -422284321778.49304 422279465478.62994
366.87318686491659 -423528756001.35345 423523892551.17657
366.87318920058601 -424777777667.11078 424772907050.81653
366.87319153625543 -426031407083.96735 426026529285.70551
366.87319387192485 -427289664665.08923 427284779668.96283
366.87319620759428 -428552570929.22693 428547678719.29199
366.8731985432637 -429820146501.33978 429815247061.60516
366.87320087893312 -431092412113.22491 431087505427.65228
366.87320321460254 -432369388604.15021 432364474656.65375
366.87320555027196 -433651096921.49121 433646175695.93744
366.87320788594138 -434937558121.37274 434932629601.58032
366.8732102216108 -436228793369.31445 436223857539.05402
366.87321255728023 -437524823940.88104 437519880783.87512
366.87321489294965 -438825671222.33661 438820720722.25928
366.87321722861907 -440131356711.30334 440126398851.78021
366.87321956428849 -441441902017.4248 441436936782.03271
366.87322189995791 -442757328863.03351 442752356235.30042
366.87322423562739 -444077659083.82294 444072679047.22778
366.87322657129681 -445402914629.52411 445397927167.49652
366.87322890696623 -446733117564.58667 446728122660.50677
366.87323124263565 -448068290068.86469 448063287706.06305
366.87323357830508 -449408454438.30719 449403444600.06445
366.8732359139745 -450753633085.65302 450748615755.19995
366.87323824964392 -452103848541.13062 452098823701.64771
366.87324058531334 -453459123453.16211 453454091087.77948
366.87324292098276 -454819480589.07281 454814440680.87
366.87324525665218 -456184942835.80505 456179895367.81085
366.8732475923216 -457555533200.6369 457550478155.82916
366.87324992799103 -458931274811.90601 458926212173.21136
366.87325226366045 -460312190919.73785 460307120670.03174
366.87325459932987 -461698304896.77942 461693227018.88568
366.87325693499929 -463089640238.93744 463084554715.62811
366.87325927066871 -464486220566.12201 464481127380.11737
366.87326160633813 -465888069622.99518 465882968756.96326
366.87326394200755 -467295211279.72424 467290102716.28082
366.87326627767698 -468707669532.74078 468702553254.44916
366.8732686133464 -470125468505.50433 470120344494.87506
366.87327094901582 -471548632449.27148 471543500688.76221
366.87327328468524 -472977185743.87024 472972046215.8855
366.87327562035466 -474411152898.47968 474406005585.37073
366.87327795602408 -475850558552.41492 475845403436.47949
366.8732802916935 -477295427475.9173 477290264539.39941
366.87328262736293 -478745784570.95007 478740613796.03986
366.8732849630324 -480201654871.99963 480196476240.83313
366.87328729870183 -481663063546.88202 481657877041.54083
366.87328963437125 -483130035897.55505 483124841500.06635
366.87329197004067 -484602597360.93634 484597395053.27246
366.87329430571009 -486080773509.72638 486075563273.80481
366.87329664137951 -487564590053.23761 487559371870.92065
366.87329897704893 -489054072838.22906 489048846691.32361
366.87330131271835 -490549247849.74677 490544013720.00415
366.87330364838778 -492050141211.97003 492044899081.08582
366.8733059840572 -493556779189.0636 493551529038.67731
366.87330831972662 -495069188186.0354 495063929997.73041
366.87331065539604 -496587394749.60046 496582128504.90369
366.87331299106546 -498111425569.05054 498106151249.43219
366.87331532673488 -499641307477.13 499636025064.00348
366.8733176624043 -501177067450.91779 501171776925.6394
366.87331999807373 -502718732612.71533 502713433956.58405
366.87332233374315 -504266330230.94067 504261023425.19794
366.87332466941257 -505819887721.02887 505814572746.8584
366.87332700508199 -507379432646.3385 507374109484.86603
366.87332934075141 -508944992719.06464 508939661351.35773
366.87333167642083 -510516595801.1579 510511256208.22571
366.87333401209025 -512094269905.25024 512088922068.04321
366.87333634775968 -513678043195.58655 513672687094.99634
366.8733386834291 -515267943988.96368 515262579605.82281
366.87334101909852 -516864000755.67523 516858628070.75684
366.87334335476794 -518466242120.46338 518460861114.48114
366.87334569043736 -520074696863.47723 520069307517.08496
366.87334802610684 -521689393921.23761 521683996215.02911
366.87335036177626 -523310362387.60901 523304956302.11792
366.87335269744568 -524937631514.77808 524932217030.47742
366.8733550331151 -526571230714.23889 526565807811.54108
366.87335736878453 -528211189557.78546 528205758217.04193
366.87335970445395 -529857537778.5108 529852097980.01172
366.87336204012337 -531510305271.81329 531504856995.78748
366.87336437579279 -533169522096.41003 533164065323.0246
366.87336671146221 -534835218475.3573 534829753184.71741
366.87336904713163 -536507424797.07806 536501950969.22681
366.87337138280105 -538186171616.39716 538180689231.31519
366.87337371847048 -539871489655.58319 539865998693.18854
366.8733760541399 -541563409805.39807 541557910245.54584
366.87337838980932 -543261963126.15411 543256454948.63623
366.87338072547874 -544967180848.77838 544961664033.32349
366.87338306114816 -546679094375.88452 546673568902.15765
366.87338539681758 -548397735282.85229 548392201130.45453
366.873387732487 -550123135318.91455 550117592467.38293
366.87339006815643 -551855326408.2522 551849774837.05933
366.87339240382585 -553594340651.09668 553588780339.65039
366.87339473949527 -555340210324.8407 555334641252.48413
366.87339707516469 -557092967885.15649 557087390031.16748
366.87339941083411 -558852645967.12183 558847059310.71289
366.87340174650353 -560619277386.35474 560613681906.67273
366.87340408217295 -562392895140.15552 562387290816.28137
366.87340641784238 -564173532408.65747 564167919219.60583
366.87340875351185 -565961222555.98523 565955600480.70459
366.87341108918127 -567755999131.422 567750368148.79382
366.8734134248507 -569557895870.58423 569552255959.42322
366.87341576052012 -571366946696.60632 571361297835.65979
366.87341809618954 -573183185721.33179 573177527889.27966
366.87342043185896 -575006647246.51465 575000980421.96899
366.87342276752838 -576837365765.02832 576831689926.53333
366.8734251031978 -578675375962.08398 578669691088.11536
366.87342743886722 -580520712716.45654 580515018785.42151
366.87342977453665 -582373411101.7207 582367708091.95752
366.87343211020607 -584233506387.49512 584227794277.27307
366.87343444587549 -586101034040.69592 586095312808.21472
366.87343678154491 -587976029726.79895 587970299350.18872
366.87343911721433 -589858529311.11133 589852789768.43213
366.87344145288375 -591748568860.052 591742820129.2937
366.87344378855317 -593646184642.44165 593640426701.52368
366.8734461242226 -595551413130.80176 595545645957.57263
366.87344845989202 -597464291002.66321 597458514574.90039
366.87345079556144 -599384855141.88416 599379069437.2937
366.87345313123086 -601313142639.97766 601307347636.19397
366.87345546690028 -603249190797.44934 603243386472.03491
366.8734578025697 -605193037125.14355 605187223455.58862
366.87346013823912 -607144719345.60046 607138896309.32275
366.87346247390855 -609104275394.422 609098442968.76636
366.87346480957797 -611071743421.6488 611065901583.88696
366.87346714524739 -613047161793.14661 613041310520.47681
366.87346948091687 -615030569092.00293 615024708361.5498
366.87347181658629 -617022004119.93372 617016133908.74792
366.87347415225571 -619021505898.70007 619015626183.75781
366.87347648792513 -621029113671.53552 621023224429.73865
366.87347882359455 -623044866904.58398 623038968112.75916
366.87348115926397 -625068805288.34753 625062896923.24622
366.8734834949334 -627100968739.146 627095050777.44434
366.87348583060282 -629141397400.58618 629135469818.8844
366.87348816627224 -631190131645.04187 631184194419.86401
366.87349050194166 -633247212075.1449 633241265182.93848
366.87349283761108 -635312679525.28772 635306722942.42371
366.8734951732805 -637386575063.13647 637380608765.90869
366.87349750894992 -639468939991.15454 639462963955.7793
366.87349984461935 -641559815848.13855 641553830050.75464
366.87350218028877 -643659244410.76514 643653248827.43311
366.87350451595819 -645767267695.14893 645761262301.8512
366.87350685162761 -647883927958.41248 647877912731.05273
366.87350918729703 -650009267700.26721 650003242614.67004
366.87351152296645 -652143329664.6062 652137294696.51697
366.87351385863587 -654286156841.10938 654280111966.19385
366.8735161943053 -656437792466.85999 656431737660.7041
366.87351852997472 -658598280027.97266 658592215266.08191
366.87352086564414 -660767663261.23364 660761588519.03296
366.87352320131356 -662945986155.75439 662939901408.58765
366.87352553698298 -665133292954.63635 665127198177.76624
366.8735278726524 -667329628156.64844 667323523325.25598
366.87353020832188 -669535036517.91687 669528921607.10107
366.8735325439913 -671749563053.62756 671743438038.4054
366.87353487966072 -673973253039.74133 673967117895.047
366.87353721533015 -676206152014.72144 676200006715.40601
366.87353955099957 -678448305781.27454 678442150302.10596
366.87354188666899 -680699760408.1051 680693594723.76746
366.87354422233841 -682960562231.68201 682954386316.77551
366.87354655800783 -685230757858.0188 685224571687.05933
366.87354889367725 -687510394164.4668 687504197711.8855
366.87355122934667 -689799518301.52185 689793311541.66479
366.8735535650161 -692098177694.64514 692091960601.77283
366.87355590068552 -694406420046.09729 694400192594.38464
366.87355823635494 -696724293336.78638 696718055500.32214
366.87356057202436 -699051845828.12952 699045597580.91589
366.87356290769378 -701389126063.92834 701382867379.88086
366.8735652433632 -703736182872.2594 703729913725.20618
366.87356757903262 -706093065367.37756 706086785731.0592
366.87356991470205 -708459822951.63501 708453532799.70422
366.87357225037147 -710836505317.41431 710830204623.4353
366.87357458604089 -713223162449.07581 713216851186.52429
366.87357692171031 -715619844624.92041 715613522767.18311
366.87357925737973 -718026602419.16577 718020269939.53979
366.87358159304915 -720443486703.93896 720437143575.63159
366.87358392871857 -722870548651.28394 722864194847.41235
366.873586264388 -725307839735.18408 725301475228.7749
366.87358860005742 -727755411733.59949 727749036497.58838
366.8735909357269 -730213316730.52051 730206930737.75183
366.87359327139632 -732681607118.03662 732675210341.26306
366.87359560706574 -735160335598.4209 735153928010.30298
366.87359794273516 -737649555186.23059 737643136759.3363
366.87360027840458 -740149319210.42395 740142889917.22827
366.873602614074 -742659681316.49329 742653241129.37817
366.87360494974342 -745180695468.61377 745174244359.86731
366.87360728541285 -747712415951.80847 747705953893.62488
366.87360962108227 -750254897374.13074 750248424338.60974
366.87361195675169 -752808194668.8623 752801710628.00867
366.87361429242111 -755372363096.72913 755365868022.45227
366.87361662809053 -757947458248.13416 757940952112.24792
366.87361896375995 -760533536045.40698 760527018819.62915
366.87362129942937 -763130652745.07056 763124124401.02234
366.8736236350988 -765738864940.12598 765732325449.33167
366.87362597076822 -768358229562.35413 768351678896.24072
366.87362830643764 -770988803884.63586 770982242014.53271
366.87363064210706 -773630645523.28906 773624072420.42725
366.87363297777648 -776283812440.42419 776277228075.93628
366.8736353134459 -778948362946.31885 778941767291.23828
366.87363764911532 -781624355701.80896 781617748727.06982
366.87363998478475 -784311849720.70081 784305231397.13733
366.87364232045417 -787010904372.19971 787004274670.5459
366.87364465612359 -789721579383.35791 789714938274.24695
366.87364699179301 -792443934841.54211 792437282295.5061
366.87364932746243 -795178031196.91992 795171367184.3894
366.87365166313191 -797923929264.96545 797917253756.26892
366.87365399880133 -800681690228.98376 800675003194.34729
366.87365633447075 -803451375642.65625 803444677052.20288
366.87365867014017 -806233047432.60522 806226337256.35486
366.87366100580959 -809026767900.97876 809020046108.84729
366.87366334147902 -811832599728.05469 811825866289.85388
366.87366567714844 -814650605974.86646 814643860860.30334
366.87366801281786 -817480850085.84839 817474093264.52478
366.87367034848728 -820323395891.50208 820316627332.91431
366.8736726841567 -823178307611.08411 823171527284.62231
366.87367501982612 -826045649855.31384 826038857730.26184
366.87367735549554 -828925487629.10266 828918683674.63708
366.87367969116497 -831817886334.30518 831811070519.49524
366.87368202683439 -834722911772.49158 834716084066.29858
366.87368436250381 -837640630147.7428 837633790519.01965
366.87368669817323 -840571108069.46594 840564256486.95667
366.87368903384265 -843514412555.2334 843507548987.57263
366.87369136951207 -846470611033.64355 846463735449.35608
366.87369370518149 -849439771347.20471 849432883714.70508
366.87369604085092 -852421961755.24133 852415062042.83337
366.87369837652034 -855417250936.82288 855410339112.6991
366.87370071218976 -858425707993.71594 858418784025.95691
366.87370304785918 -861447402453.3606 861440466309.93481
366.8737053835286 -864482404271.87048 864475455920.63367
366.87370771919802 -867530783837.05457 867523823245.74915
366.87371005486744 -870592611971.46521 870585639107.71985
366.87371239053687 -873667959935.4696 873660974766.79871
366.87371472620634 -876756899430.34583 876749901924.14917
366.87371706187577 -879859502601.40332 879852492724.96521
366.87371939754519 -882975842041.12781 882968819761.61694
366.87372173321461 -886105990792.35229 886098956076.82104
366.87372406888403 -889250022351.45276 889242975166.83667
366.87372640455345 -892408010671.56909 892400950984.6864
366.87372874022287 -895580030165.85291 895572957943.40405
366.87373107589229 -898766155710.73999 898759070919.30701
366.87373341156172 -901966462649.25 901959365255.29602
366.87373574723114 -905181026794.31213 905173916764.18091
366.87373808290056 -908409924432.11743 908402801732.03284
366.87374041856998 -911653232325.49841 911646096921.56372
366.8737427542394 -914911027717.33521 914903879575.53259
366.87374508990882 -918183388333.99023 918176227420.18042
366.87374742557824 -921470392388.7699 921463218668.69153
366.87374976124767 -924772118585.41357 924764932024.68262
366.87375209691709 -928088646121.61157 928081446685.7207
366.87375443258651 -931420054692.55127 931412842346.86951
366.87375676825593 -934766424494.49194 934759199204.26404
366.87375910392535 -938127836228.36804 938120597958.71387
366.87376143959477 -941504371103.42212 941497119819.33606
366.87376377526419 -944896110840.86719 944888846507.21753
366.87376611093362 -948303137677.57959 948295860259.10815
366.87376844660304 -951725534369.82117 951718243831.1427
366.87377078227246 -955163384196.99072 955156080502.59229
366.87377311794188 -958616770965.40649 958609454079.64673
366.87377545361136 -962085779012.12 962078448899.22876
366.87377778928078 -965570493208.76147 965563149832.83923
366.8737801249502 -969070998965.41528 969063642290.4325
366.87378246061962 -972587382234.52722 972580012224.32361
366.87378479628904 -976119729514.84473 976112346133.12878
366.87378713195847 -979668127855.38867 979660731065.73718
366.87378946762789 -983232664859.45776 983225254625.31506
366.87379180329731 -986813428688.66589 986806004973.34326
366.87379413896673 -990410508067.0127 990403070833.68787
366.87379647463615 -994023992284.98645 994016541496.70288
366.87379881030557 -997653971203.70178 997646506823.36816
366.87380114597499 -1001300535259.0713 1001293057249.4608
366.87380348164442 -1004963775466.011 1004956283789.7607
366.87380581731384 -1008643783422.6815 1008636278042.292
366.87380815298326 -1012340651314.7627 1012333132192.597
366.87381048865268 -1016054471919.7643 1016046939018.0476
366.8738128243221 -1019785338611.373 1019777791892.192
366.87381515999152 -1023533345363.8344 1023525784789.1364
366.87381749566094 -1027298586756.3707 1027291012287.9633
366.87381983133037 -1031081157977.6372 1031073569577.1873
366.87382216699979 -1034881154830.2133 1034873552459.2467
366.87382450266921 -1038698673735.1326 1038691057355.0336
366.87382683833863 -1042533811736.4496 1042526181308.4597
366.87382917400805 -1046386666505.8445 1046379021991.0624
366.87383150967747 -1050257336347.2666 1050249677706.647
366.87383384534689 -1054145920201.6161 1054138247395.9692
366.87383618101637 -1058052517651.4653 1058044830641.4565
366.87383851668579 -1061977228925.8193 1061969527671.9681
366.87384085235522 -1065920154904.9154 1065912439367.5947
366.87384318802464 -1069881397125.064 1069873667264.4996
366.87384552369406 -1073861057783.5298 1073853313559.8
366.87384785936348 -1077859239743.453 1077851481116.4873
366.8738501950329 -1081876046538.8119 1081868273468.3906
366.87385253070232 -1085911582379.4283 1085903794825.1821
366.87385486637174 -1089965952156.0135 1089958150077.4222
366.87385720204117 -1094039261445.2577 1094031444801.6499
366.87385953771059 -1098131616514.9622 1098123785265.5145
366.87386187338001 -1102243124329.2146 1102235278432.9512
366.87386420904943 -1106373892553.6069 1106366031969.3982
366.87386654471885 -1110524029560.4993 1110516154247.0615
366.87386888038827 -1114693644434.3267 1114685754350.2212
366.87387121605769 -1118882846976.9521 1118874942080.5852
366.87387355172712 -1123091747713.0642 1123083827962.6853
366.87387588739654 -1127320457895.6179 1127312523249.3193
366.87387822306596 -1131569089511.3276 1131561139927.0442
366.87388055873538 -1135837755286.2021 1135829790721.71
366.8738828944048 -1140126568691.1265 1140118589104.0427
366.87388523007422 -1144435643947.4927 1144427649295.2742
366.87388756574364 -1148765096032.8774 1148757086272.8206
366.87388990141307 -1153115040686.769 1153107015776.0081
366.87389223708249 -1157485594416.3425 1157477554311.8499
366.87389457275191 -1161876874502.2881 1161868819160.8728
366.87389690842139 -1166288999004.6824 1166280928382.9897
366.87389924409081 -1170722086768.9153 1170714000823.426
366.87390157976023 -1175176257431.6648 1175168156118.6941
366.87390391542965 -1179651631426.9233 1179643514702.6204
366.87390625109907 -1184148329992.0774 1184140197812.4241
366.87390858676849 -1188666475174.0369 1188658327494.8474
366.87391092243791 -1193206189835.4204 1193198026612.3406
366.87391325810734 -1197767597660.791 1197759418849.2971
366.87391559377676 -1202350823162.946 1202342628718.3442
366.87391792944618 -1206955991689.2612 1206947781566.6865
366.8739202651156 -1211583229428.0908 1211575003582.5061
366.87392260078502 -1216232663415.2229 1216224421801.4189
366.87392493645444 -1220904421540.3894 1220896164112.9832
366.87392727212386 -1225598632553.8318 1225590359267.2661
366.87392960779329 -1230315426072.9241 1230307136881.4666
366.87393194346271 -1235054932588.854 1235046627446.5959
366.87393427913213 -1239817283473.3633 1239808962334.2195
366.87393661480155 -1244602610985.5447 1244594273803.2522
366.87393895047097 -1249411048278.6973 1249402695006.8145
366.87394128614039 -1254242729407.2429 1254234359999.1489
366.87394362180981 -1259097789333.7031 1259089403742.5967
366.87394595747924 -1263976363935.7349 1263967962114.6333
366.87394829314866 -1268878590013.2305 1268870171914.9692
366.87395062881808 -1273804605295.48 1273796170872.7119
366.8739529644875 -1278754548448.3914 1278746097653.5852
366.87395530015692 -1283728559081.7764 1283720091867.2161
366.8739576358264 -1288726777756.7034 1288718294074.4875
366.87395997149582 -1293749345992.9106 1293740845794.9512
366.87396230716524 -1298796406276.2859 1298787889514.3074
366.87396464283466 -1303868102066.4128 1303859568691.9514
366.87396697850409 -1308964577804.1826 1308956027768.5852
366.87396931417351 -1314085978919.4724 1314077412173.8958
366.87397164984293 -1319232451838.8928 1319223868334.3027
366.87397398551235 -1324404143993.6025 1324395543680.7725
366.87397632118177 -1329601203827.1919 1329592586656.7026
366.87397865685119 -1334823780803.6357 1334815146725.874
366.87398099252061 -1340072025415.3174 1340063374380.4751
366.87398332819004 -1345346089191.125 1345337421149.1982
366.87398566385946 -1350646124704.6165 1350637439605.4043
366.87398799952888 -1355972285582.2585 1355963583375.3625
366.8739903351983 -1361324726511.7419 1361316007146.5647
366.87399267086772 -1366703603250.3645 1366694866676.1091
366.87399500653714 -1372109072633.4937 1372100318799.1624
366.87399734220656 -1377541292583.1025 1377532521437.4958
366.87399967787599 -1383000422116.3823 1382991633608.0984
366.87400201354541 -1388486621354.4312 1388477815431.864
366.87400434921483 -1394000051531.0193 1393991228142.3584
366.87400668488425 -1399540875001.4375 1399532034094.6667
366.87400902055367 -1405109255251.4187 1405100396774.3149
366.87401135622309 -1410705356906.1436 1410696480806.2759
366.87401369189251 -1416329345739.3269 1416320451964.0559
366.87401602756194 -1421981388682.3835 1421972477178.8596
366.87401836323136 -1427661653833.6758 1427652724548.8386
366.87402069890084 -1433370310467.8486 1433361363348.4258
366.87402303457026 -1439107529045.2441 1439098564037.7505
366.87402537023968 -1444873481221.4041 1444864498272.1401
366.8740277059091 -1450668339856.6541 1450659338911.7051
366.87403004157852 -1456492279025.7803 1456483260031.0156
366.87403237724794 -1462345474027.7908 1462336436928.8623
366.87403471291736 -1468228101395.7627 1468219046138.1035
366.87403704858679 -1474140338906.7839 1474131265435.6082
366.87403938425621 -1480082365591.981 1480073273852.2817
366.87404171992563 -1486054361746.6382 1486045251683.1873
366.87404405559505 -1492056508940.4092 1492047380497.7554
366.87404639126447 -1498088990027.6213 1498079843150.0894
366.87404872693389 -1504151989157.6748 1504142823789.3643
366.87405106260331 -1510245691785.5369 1510236507870.3213
366.87405339827274 -1516370284682.3308 1516361082163.8562
366.87405573394216 -1522525955946.0205 1522516734767.7046
366.87405806961158 -1528712895012.1938 1528703655117.2246
366.874060405281 -1534931292664.9448 1534922033996.2793
366.87406274095042 -1541181341047.8547 1541172063548.2178
366.87406507661984 -1547463233675.0762 1547453937286.9595
366.87406741228926 -1553777165442.5178 1553767850108.1785
366.87406974795869 -1560123332639.1338 1560113998300.5935
366.87407208362811 -1566501932958.313 1566492579557.3567
366.87407441929753 -1572913165509.3735 1572903792987.5483
366.87407675496695 -1579357230829.1653 1579347839127.7788
366.87407909063637 -1585834330893.7783 1585824919953.8977
366.87408142630585 -1592344669130.3601 1592335238892.8108
366.87408376197527 -1598888450429.0427 1598879000834.4075
366.87408609764469 -1605465881154.9792 1605456412143.5964
366.87408843331411 -1612077169160.4907 1612067680672.4531
366.87409076898354 -1618722523797.3301 1618713015772.4841
366.87409310465296 -1625402155929.0554 1625392628306.9993
366.87409544032238 -1632116277943.5188 1632106730663.6018
366.8740977759918 -1638865103765.4729 1638855536766.7935
366.87410011166122 -1645648848869.2935 1645639262090.6982
366.87410244733064 -1652467730291.8228 1652458123671.9053
366.87410478300006 -1659321966645.3313 1659312340122.4307
366.87410711866949 -1666211778130.6011 1666202131642.8008
366.87410945433891 -1673137386550.1304 1673127720035.2568
366.87411179000833 -1680099015321.4597 1680089328717.0806
366.87411412567775 -1687096889490.6292 1687087182734.0522
366.87411646134717 -1694131235745.76 1694121508774.0325
366.87411879701659 -1701202282430.7607 1701192535180.667
366.87412113268601 -1708310259559.1628 1708300491967.2234
366.87412346835544 -1715455398828.0874 1715445610830.5576
366.87412580402486 -1722637933632.3447 1722628125165.2134
366.87412813969428 -1729858099078.6643 1729848270077.6523
366.8741304753637 -1737116132000.0596 1737106282400.6184
366.87413281103312 -1744412270970.3279 1744402400707.6379
366.87413514670254 -1751746756318.6924 1751736865327.6619
366.87413748237196 -1759119830144.5781 1759109918359.8416
366.87413981804139 -1766531736332.5295 1766521803688.4465
366.87414215371086 -1773982720567.2686 1773972766997.9219
366.87414448938028 -1781473030348.8955 1781463055788.0898
366.87414682504971 -1789002915008.2388 1788992919389.4998
366.87414916071913 -1796572625722.3442 1796562608978.9163
366.87415149638855 -1804182415530.1147 1804172377594.9597
366.87415383205797 -1811832539348.1018 1811822480153.8975
366.87415616772739 -1819523253986.4463 1819513173465.5852
366.87415850339681 -1827254818164.9717 1827244716249.5593
366.87416083906623 -1835027492529.428 1835017369151.2815
366.87416317473566 -1842841539667.8953 1842831394758.5415
366.87416551040508 -1850697224127.3418 1850687057618.0161
366.8741678460745 -1858594812430.345 1858584624251.9897
366.87417018174392 -1866534573091.9695 1866524363175.2322
366.87417251741334 -1874516776636.8093 1874506544912.0413
366.87417485308276 -1882541695616.1946 1882531442013.4492
366.87417718875218 -1890609604625.5625 1890599329074.5938
366.87417952442161 -1898720780321.9954 1898710482752.2563
366.87418186009103 -1906875501441.9312 1906865181782.572
366.87418419576045 -1915074048819.0442 1915063706998.9109
366.87418653142987 -1923316705402.2976 1923306341349.9304
366.87418886709929 -1931603756274.1707 1931593369917.802
366.87419120276871 -1939935488669.064 1939925079936.6169
366.87419353843813 -1948312191991.887 1948301760810.9741
366.87419587410756 -1956734157836.821 1956723704134.7422
366.87419820977698 -1965201680006.2668 1965191203710.0073
366.8742005454464 -1973715054529.9771 1973704555566.2068
366.87420288111588 -1982274579684.3745 1982264057979.4453
366.8742052167853 -1990880556012.0588 1990870011492.0032
366.87420755245472 -1999533286341.5063 1999522718932.0356
366.87420988812414 -2008233075806.9631 2008222485433.4658
366.87421222379356 -2016980231868.5291 2016969618456.0691
366.87421455946298 -2025775064332.4419 2025764427805.7566
366.87421689513241 -2034617885371.561 2034607225655.0598
366.87421923080183 -2043509009546.0503 2043498326563.8125
366.87422156647125 -2052448753824.2629 2052438047500.0361
366.87422390214067 -2061437437603.8396 2061426707861.0376
366.87422623781009 -2070475382733.0085 2070464629494.7102
366.87422857347951 -2079562913532.0957 2079552136721.0422
366.87423090914893 -2088700356815.248 2088689556353.8418
366.87423324481836 -2097888041912.3752 2097877217722.6775
366.87423558048778 -2107126300691.3054 2107115452695.0344
366.8742379161572 -2116415467580.1638 2116404595698.6934
366.87424025182662 -2125755879589.9722 2125744983744.3293
366.87424258749604 -2135147876337.4688 2135136956448.332
366.87424492316546 -2144591800068.1611 2144580856055.8586
366.87424725883488 -2154087995679.606 2154077027464.1135
366.87424959450431 -2163636810744.9219 2163625818245.8608
366.87425193017373 -2173238595536.5344 2173227578673.1699
366.87425426584315 -2182893703050.1619 2182882661741.4006
366.87425660151257 -2192602489029.0408 2192591423193.4294
366.87425893718199 -2202365311988.3931 2202354221544.1157
366.87426127285141 -2212182533240.1367 2212171418105.0132
366.87426360852089 -2222054516917.8501 2222043377009.334
366.87426594419031 -2231981630001.9814 2231970465237.1582
366.87426827985973 -2241964242345.3164 2241953052640.9004
366.87427061552916 -2252002726698.7002 2251991511971.0342
366.87427295119858 -2262097458737.0176 2262086218902.0688
366.874275286868 -2272248817085.4351 2272237552058.7944
366.87427762253742 -2282457183345.916 2282445893042.7959
366.87427995820684 -2292722942123.9937 2292711626459.2256
366.87428229387626 -2303046481055.8184 2303035139943.8506
366.87428462954568 -2313428190835.481 2313416824190.3765
366.87428696521511 -2323868465242.6167 2323857072978.0513
366.87428930088453 -2334367701170.2808 2334356283199.5405
366.87429163655395 -2344926298653.1128 2344914854889.0923
366.87429397222337 -2355544660895.791 2355533191250.9897
366.87429630789279 -2366223194301.7759 2366211698688.2983
366.87429864356221 -2376962308502.3496 2376950786831.9014
366.87430097923163 -2387762416385.9434 2387750868569.8296
366.87430331490106 -2398623934127.7656 2398612360076.8877
366.87430565057048 -2409547281219.7427 2409535680844.5977
366.8743079862399 -2420532880500.7646 2420521253711.4414
366.87431032190932 -2431581158187.2295 2431569504893.4072
366.87431265757874 -2442692543903.9224 2442680864014.8677
366.87431499324816 -2453867470715.1934 2453855764139.7583
366.87431732891758 -2465106375156.4712 2465094641803.0908
366.87431966458701 -2476409697266.0962 2476397937042.7866
366.87432200025643 -2487777880617.4717 2487766093431.8267
366.87432433592591 -2499211372351.5674 2499199558110.7573
366.87432667159533 -2510710623209.7378 2510698781820.5059
366.87432900726475 -2522276087566.894 2522264218935.5542
366.87433134293417 -2533908223465.0293 2533896327497.4639
366.87433367860359 -2545607492647.0732 2545595569248.731
366.87433601427301 -2557374360591.1108 2557362409667.0034
366.87433834994243 -2569209296544.9482 2569197317999.6484
366.87434068561186 -2581112773561.0518 2581100767298.6914
366.87434302128128 -2593085268531.835 2593073234456.1011
366.8743453569507 -2605127262225.3198 2605115200239.4526
366.87434769262012 -2617239239321.1855 2617227149327.9761
366.87435002828954 -2629421688447.1802 2629409570348.9673
366.87435236395896 -2641675102215.915 2641662955914.5835
366.87435469962838 -2653999977262.0493 2653987802659.0264
366.87435703529781 -2666396814279.8633 2666384611276.1157
366.87435937096723 -2678866118061.2319 2678853886557.2651
366.87436170663665 -2691408397533.9917 2691396137429.8447
366.87436404230607 -2704024165800.7139 2704011876995.9585
366.87436637797549 -2716713940177.8872 2716701622571.624
366.87436871364491 -2729478242235.5146 2729465895726.3706
366.87437104931433 -2742317597837.1372 2742305222323.2637
366.87437338498376 -2755232537180.2637 2755220132559.3325
366.87437572065318 -2768223594837.2402 2768211161006.4409
366.8743780563226 -2781291309796.5688 2781278846652.6064
366.87438039199202 -2794436225504.645 2794423732943.7373
366.87438272766144 -2807658889907.9404 2807646367825.814
366.87438506333086 -2820959855495.6421 2820947303787.5308
366.87438739900034 -2834339679342.748 2834327097903.3892
366.87438973466976 -2847798923153.6143 2847786311877.2456
366.87439207033918 -2861338153305.9756 2861325512086.3335
366.87439440600861 -2874957940895.436 2874945269625.7505
366.87439674167803 -2888658861780.4336 2888646160353.4272
366.87439907734745 -2902441496627.6963 2902428764935.5806
366.87440141301687 -2916306430958.1758 2916293668892.647
366.87440374868629 -2930254255193.479 2930241462645.7168
366.87440608435571 -2944285564702.8047 2944272741563.4683
366.87440842002513 -2958400959850.376 2958388106009.6006
366.87441075569456 -2972601046043.3975 2972588161390.7915
366.87441309136398 -2986886433780.5303 2986873518205.1729
366.8744154270334 -3001257738700.8823 3001244792091.3193
366.87441776270282 -3015715581633.5283 3015702603877.7695
366.87442009837224 -3030260588647.5708 3030247579633.0859
366.87442243404166 -3044893391102.7563 3044880350716.4727
366.87442476971108 -3059614625700.6343 3059601553828.9331
366.87442710538051 -3074424934536.2676 3074411831064.981
366.87442944104993 -3089324965150.5176 3089311829964.9248
366.87443177671935 -3104315370582.8838 3104302203567.708
366.87443411238877 -3119396809424.9336 3119383610464.3394
366.87443644805819 -3134569945874.3174 3134556714851.9058
366.87443878372761 -3149835449789.3623 3149822186588.168
366.87444111939703 -3165193996744.2905 3165180701246.7788
366.87444345506646 -3180646268085.0293 3180632940173.0928
366.87444579073588 -3196192950985.6182 3196179590540.5723
366.87444812640535 -3211834738505.2646 3211821345407.8452
366.87445046207478 -3227572329646.0146 3227558903776.3735
366.8744527977442 -3243406429411.061 3243392970648.7632
366.87445513341362 -3259337748863.6968 3259324257087.7158
366.87445746908304 -3275367005186.9233 3275353480275.6387
366.87445980475246 -3291494921743.7178 3291481363574.9106
366.87446214042188 -3307722228137.9683 3307708636588.8184
366.8744644760913 -3324049660276.0884 3324036035223.1694
366.87446681176073 -3340477960429.3081 3340464301748.5845
366.87446914743015 -3357007877296.6758 3356994184863.4995
366.87447148309957 -3373640166068.7383 3373626439757.8438
366.87447381876899 -3390375588491.9526 3390361828177.4541
366.87447615443841 -3407214912933.8188 3407201118489.2065
366.87447849010783 -3424158914448.7153 3424145085746.8501
366.87448082577725 -3441208374844.4932 3441194511757.6045
366.87448316144668 -3458364082749.8232 3458350185149.5039
366.8744854971161 -3475626833682.2769 3475612901439.4795
366.87448783278552 -3492997430117.1958 3492983463102.229
366.87449016845494 -3510476681557.3218 3510462679639.8467
366.87449250412436 -3528065404603.2085 3528051367652.2329
366.87449483979378 -3545764423024.4419 3545750350908.3174
366.8744971754632 -3563574567831.6729 3563560460418.0913
366.87449951113263 -3581496677349.4346 3581482534505.4229
366.87450184680205 -3599531597289.7993 3599517418881.7153
366.87450418247147 -3617680180826.8872 3617665966720.4165
366.87450651814089 -3635943288672.2021 3635929038732.3521
366.87450885381037 -3654321789150.8281 3654307503241.9258
366.87451118947979 -3672816558278.4937 3672802236264.1792
366.87451352514921 -3691428479839.5195 3691414121582.7437
366.87451586081863 -3710158445465.6587 3710144050828.6777
366.87451819648805 -3729007354715.8145 3728992923560.1855
366.87452053215748 -3747976115156.6982 3747961647343.2749
366.8745228678269 -3767065642444.4062 3767051137833.3345
366.87452520349632 -3786276860406.9272 3786262318857.6406
366.87452753916574 -3805610701127.5981 3805596122498.8135
366.87452987483516 -3825068105029.5186 3825053489179.2314
366.87453221050458 -3844650020960.9399 3844635367746.4194
366.874534546174 -3864357406281.6343 3864342715559.4189
366.87453688184343 -3884191226950.2661 3884176498576.1597
366.87453921751285 -3904152457612.7759 3904137691441.8413
366.87454155318227 -3924242081691.7798 3924227277578.3354
366.87454388885169 -3944461091477.0186 3944446249274.6333
366.87454622452111 -3964810488216.8428 3964795607778.3306
366.87454856019053 -3985291282210.7686 3985276363388.1846
366.87455089585995 -4005904492903.1104 4005889535547.7451
366.87455323152938 -4026651148977.6973 4026636152940.0723
366.8745555671988 -4047532288453.7026 4047517253583.5649
366.87455790286822 -4068548958782.6035 4068533884928.9214
366.87456023853764 -4089702216946.2505 4089687103957.208
366.87456257420706 -4110993129556.0908 4110977977279.0825
366.87456490987648 -4132422772953.5737 4132407581235.1997
366.8745672455459 -4153992233311.7163 4153977001997.7773
366.87456958121538 -4175702606737.8721 4175687335673.3638
366.8745719168848 -4197554999377.7075 4197539688406.8149
366.87457425255423 -4219550527520.4116 4219535176486.5054
366.87457658822365 -4241690317705.1387 4241674926450.7681
366.87457892389307 -4263975506828.7021 4263960075195.5903
366.87458125956249 -4286407242254.562 4286391770083.6006
366.87458359523191 -4308986681923.0952 4308971169054.3384
366.87458593090133 -4331714994463.1782 4331699440735.8384
366.87458826657075 -4354593359305.0845 4354577764557.5254
366.87459060224018 -4377622966794.7354 4377607330864.4673
366.8745929379096 -4400805018309.3145 4400789341032.9883
366.87459527357902 -4424140726374.2471 4424125007587.6494
366.87459760924844 -4447631314781.5762 4447615554319.6211
366.87459994491786 -4471278018709.7891 4471262216406.5166
366.87460228058728 -4495082084845.042 4495066240533.6074
366.8746046162567 -4519044771503.8516 4519028885016.5234
366.87460695192613 -4543167348757.251 4543151419925.4023
366.87460928759555 -4567451098556.4668 4567435127210.5723
366.87461162326497 -4591897314860.0869 4591881300829.7139
366.87461395893439 -4616507303762.748 4616491246876.5508
366.87461629460381 -4641282383625.4355 4641266283711.1514
366.87461863027323 -4666223885207.2988 4666207742091.7402
366.87462096594265 -4691333151799.0732 4691316965308.1221
366.87462330161208 -4716611539358.1406 4716595309316.7422
366.8746256372815 -4742060416645.1895 4742044142877.3457
366.87462797295092 -4767681165362.5732 4767664847691.3359
366.8746303086204 -4793475180294.3711 4793458818541.8359
366.87463264428982 -4819443869448.1074 4819427463435.4082
366.87463497995924 -4845588654198.2178 4845572203745.5195
366.87463731562866 -4871910969431.2822 4871894474357.7734
366.87463965129808 -4898412263693.0166 4898395723816.9043
366.8746419869675 -4925093999337.0889 4925077414475.5908
366.87464432263693 -4951957652675.7373 4951941022645.0752
366.87464665830635 -4979004714132.2793 4978988038747.6729
366.87464899397577 -5006236688395.4463 5006219967471.1064
366.87465132964519 -5033655094575.6387 5033638327924.7598
366.87465366531461 -5061261466363.1162 5061244653797.8701
366.87465600098403 -5089057352188.125 5089040493519.6523
366.87465833665345 -5117044315383.0469 5117027410421.4512
366.87466067232288 -5145223934346.543 5145206982900.8848
366.8746630079923 -5173597802709.6924 5173580804587.9795
366.87466534366172 -5202167529504.207 5202150484513.3887
366.87466767933114 -5230934739332.8047 5230917647278.7637
366.87467001500056 -5259901072541.6631 5259883933229.21
366.87467235066998 -5289068185394.9863 5289050998627.8496
366.8746746863394 -5318437750251.7852 5318420515832.6055
366.87467702200883 -5348011455744.8955 5347994173475.2178
366.87467935767825 -5377791006962.1953 5377773676642.46
366.87468169334767 -5407778125630.1357 5407760747059.6729
366.87468402901709 -5437974550299.5576 5437957123276.5781
366.87468636468651 -5468382036533.8125 5468364560855.4014
366.87468870035593 -5499002357099.3027 5498984832561.4092
366.87469103602535 -5529837302158.3984 5529819728555.8291
366.87469337169483 -5560888679464.8438 5560871056591.2559
366.87469570736425 -5592158314561.5527 5592140642209.4434
366.87469804303367 -5623648050980.958 5623630328941.6582
366.8747003787031 -5655359750447.9072 5655341978511.5723
366.87470271437252 -5687295293085.125 5687277471040.7285
366.87470505004194 -5719456577621.29 5719438705256.6123
366.87470738571136 -5751845521601.7383 5751827598703.3604
366.87470972138078 -5784464061601.917 5784446087955.2109
366.8747120570502 -5817314153443.5322 5817296128832.6533
366.87471439271962 -5850397772413.4199 5850379696621.2969
366.87471672838905 -5883716913485.29 5883698786293.6172
366.87471906405847 -5917273591544.3145 5917255412733.5439
366.87472139972789 -5951069841614.5244 5951051610963.8555
366.87472373539731 -5985107719089.2002 5985089436376.5713
366.87472607106673 -6019389299964.2061 6019370964966.2852
366.87472840673615 -6053916681074.3584 6053898293566.5342
366.87473074240557 -6088691980332.8262 6088673540089.1992
366.874733078075 -6123717336973.6523 6123698843767.0254
366.87473541374442 -6158994911797.3867 6158976365399.2559
366.87473774941384 -6194526887419.9121 6194508287600.4561
366.87474008508326 -6230315468524.5713 6230296815052.6445
366.87474242075268 -6266362882117.4922 6266344174760.6123
366.8747447564221 -6302671377786.2549 6302652616310.5957
366.87474709209152 -6339243227961.9814 6339224412132.3613
366.87474942776095 -6376080728184.7803 6376061857764.6523
366.87475176343037 -6413186197372.7559 6413167272124.1992
366.87475409909985 -6450561978094.4971 6450542997778.207
366.87475643476927 -6488210436845.1201 6488191401220.3965
366.87475877043869 -6526133964325.9561 6526114873150.6934
366.87476110610811 -6564334975727.9863 6564315828758.665
366.87476344177753 -6602815911018.9375 6602796708010.6113
366.87476577744695 -6641579235234.1924 6641559975940.4795
366.87476811311637 -6680627438771.6016 6680608122944.6748
366.8747704487858 -6719963037690.0977 6719943665080.6709
366.87477278445522 -6759588574012.3418 6759569144369.6621
366.87477512012464 -6799506616031.4053 6799487129103.2412
366.87477745579406 -6839719758621.4756 6839700214154.1064
366.87477979146348 -6880230623552.7168 6880211021290.9219
366.8747821271329 -6921041859810.335 6921022199497.3809
366.87478446280232 -6962156143917.9131 6962136425295.543
366.87478679847175 -7003576180265.1445 7003556403073.5684
366.87478913414117 -7045304701439.8633 7045284865417.7451
366.87479146981059 -7087344468564.5498 7087324573448.998
366.87479380548001 -7129698271637.3691 7129678317163.9219
366.87479614114943 -7172368929877.79 7172348915780.4043
366.87479847681885 -7215359292076.9434 7215339218087.9854
366.87480081248827 -7258672236952.6318 7258652102802.8623
366.8748031481577 -7302310673509.1602 7302290478927.7256
366.87480548382712 -7346277541402.0273 7346257286116.4443
366.87480781949654 -7390575811307.5908 7390555495043.7363
366.87481015516596 -7435208485297.7363 7435188107779.833
366.87481249083538 -7480178597219.6553 7480158158170.2617
366.87481482650486 -7525489213080.792 7525468712220.7881
366.87481716217428 -7571143431439.085 7571122868487.6592
366.8748194978437 -7617144383798.4902 7617123758473.1279
366.87482183351312 -7663495235009.9395 7663474547026.4102
366.87482416918255 -7710199183677.8047 7710178432750.1475
366.87482650485197 -7757259462571.918 7757238648412.4297
366.87482884052139 -7804679339045.2754 7804658461364.4971
366.87483117619081 -7852462115457.4824 7852441173964.1855
366.87483351186023 -7900611129604.0508 7900590124005.2236
366.87483584752965 -7949129755151.6562 7949108685152.4902
366.87483818319907 -7998021402079.3965 7998000267383.2734
366.8748405188685 -8047289517126.1416 8047268317434.6172
366.87484285453792 -8096937584244.1289 8096916319256.9219
366.87484519020734 -8146969125058.8682 8146947794473.8438
366.87484752587676 -8197387699335.4102 8197366302848.5674
366.87484986154618 -8248196905451.1543 8248175442756.6104
366.8748521972156 -8299400380875.2275 8299378851665.2041
366.87485453288502 -8351001802654.6104 8350980206619.418
366.87485686855445 -8403004887907.042 8402983224735.0664
366.87485920422387 -8455413394320.8584 8455391663698.5449
366.87486153989329 -8508231120661.8105 8508209322273.6475
366.87486387556271 -8561461907287.0967 8561440040815.6025
366.87486621123213 -8615109636666.6113 8615087701792.3184
366.87486854690155 -8669178233911.5273 8669156230312.9658
366.87487088257097 -8723671667310.3477 8723649594664.0303
366.8748732182404 -8778593948872.6025 8778571806853.0088
366.87487555390987 -8833949134880.2305 8833926923159.7891
366.8748778895793 -8889741326446.7988 8889719044695.875
366.87488022524872 -8945974670084.6797 8945952317971.5566
366.87488256091814 -9002653358280.2773 9002630935471.1387
366.87488489658756 -9059781630077.5371 9059759136236.4512
366.87488723225698 -9117363771669.7793 9117341206458.6836
366.8748895679264 -9175404116999.9863 9175381480078.6699
366.87489190359582 -9233907048369.6758 9233884339395.7617
366.87489423926525 -9292876997056.5898 9292854215685.5176
366.87489657493467 -9352318443941.2617 9352295589826.2715
366.87489891060409 -9412235920142.5547 9412212992934.666
366.87490124627351 -9472634007662.459 9472611007010.459
366.87490358194293 -9533517340040.1504 9533494265590.5703
366.87490591761235 -9594890603015.5215 9594867454412.6211
366.87490825328177 -9656758535202.4316 9656735312088.1816
366.8749105889512 -9719125928771.6348 9719102630785.6973
366.87491292462062 -9781997630143.584 9781974256923.291
366.87491526029004 -9845378540691.5293 9845355091871.8691
366.87491759595946 -9909273617454.8301 9909250092668.4258
366.87491993162888 -9973687873862.6738 9973664272739.7637
366.8749222672983 -10038626380468.367 10038602702636.787
366.87492460296772 -10104094265694.291 10104070510779.453
366.87492693863715 -10170096716587.906 10170072884212.781
366.87492927430657 -10236638979588.963 10236615069374.057
366.87493160997599 -10303726361308.037 10303702372871.371
366.87493394564541 -10371364229316.553 10371340162273.646
366.87493628131489 -10439558012948.428 10439533866912.277
366.87493861698431 -10508313204113.561 10508288978694.619
366.87494095265373 -10577635358123.346 10577611052929.498
366.87494328832315 -10647530094528.615 10647505709165.16
366.87494562399257 -10718003097970.104 10717978632039.732
366.87494795966199 -10789060119041.43 10789035572144.205
366.87495029533142 -10860706975164.936 10860682346898.266
366.87495263100084 -10932949551480.865 10932924841439.486
366.87495496667026 -11005793801749.803 11005769009525.756
366.87495730233968 -11079245749268.475 11079220874451.082
366.8749596380091 -11153311487799.504 11153286529975.346
366.87496197367852 -11227997182515.244 11227972141268.139
366.87496430934794 -11303309070955.617 11303283945866.596
366.87496664501737 -11379253464000.496 11379228254647.779
366.87496898068679 -11455836746856.988 11455811452815.961
366.87497131635621 -11533065380061.658 11533040000904.852
366.87497365202563 -11610945900497.682 11610920435794.742
366.87497598769505 -11689484922427.738 11689459371745.406
366.87497832336447 -11768689138542.775 11768663501444.863
366.87498065903389 -11848565321026.389 11848539597073.75
366.87498299470332 -11929120322635.832 11929094511386.34
366.87498533037274 -12010361077799.646 12010335178808.172
366.87498766604216 -12092294603731.682 12092268616550.062
366.87499000171158 -12174928001562.582 12174901925739.596
366.874992337381 -12258268457488.721 12258242292570.064
366.87499467305042 -12342323243938.779 12342296989467.039
366.8749970087199 -12427099720758.35 12427073376272.977
366.87499934438932 -12512605336412.934 12512578901450.213
366.87500168005874 -12598847629209.496 12598821103302.523
366.87500401572817 -12685834228537.145 12685807611215.799
366.87500635139759 -12773572856126.885 12773546146917.797
366.87500868706701 -12862071327331.221 12862044525757.748
366.87501102273643 -12951337552423.791 12951310658005.99
366.87501335840585 -13041379537918.994 13041352550173.592
366.87501569407527 -13132205387912.523 13132178306352.881
366.87501802974469 -13223823305443.072 13223796129579.168
366.87502036541412 -13316241593875.307 13316214323213.695
366.87502270108354 -13409468658304.551 13409441292348.342
366.87502503675296 -13503513006983.779 13503485545232.602
366.87502737242238 -13598383252773.043 13598355694723.018
366.8750297080918 -13694088114611.922 13694060459755.629
366.87503204376122 -13790636419015.35 13790608666841.799
366.87503437943064 -13888037101593.092 13888009251587.688
366.87503671510007 -13986299208593.602 13986271260238.117
366.87503905076949 -14085431898472.428 14085403851244.969
366.87504138643891 -14185444443485.518 14185416296860.488
366.87504372210833 -14286346231308.25 14286317984756.326
366.87504605777775 -14388146766680.371 14388118419668.463
366.87504839344717 -14490855673077.033 14490827225068.25
366.87505072911659 -14594482694407.131 14594454144860.75
366.87505306478602 -14699037696739.041 14699009045110.473
366.87505540045544 -14804530670054.061 14804501915794.816
366.87505773612486 -14910971730027.947 14910942872585.6
366.87506007179434 -15018371119841.695 15018342158659.846
366.87506240746376 -15126739212021.689 15126710146539.93
366.87506474313318 -15236086510309.76 15236057339963.643
366.8750670788026 -15346423651563.582 15346394375784.574
366.87506941447202 -15457761407688.178 15457732025903.633
366.87507175014144 -15570110687599.027 15570081199232.143
366.87507408581087 -15683482539217.285 15683452943687.066
366.87507642148029 -15797888151497.812 15797858448219.035
366.87507875714971 -15913338856490.307 15913309044873.477
366.87508109281913 -16029846131434.816 16029816210886.131
366.87508342848855 -16147421600891.674 16147391570812.984
366.87508576415797 -16266077038906.426 16266046898695.195
366.87508809982739 -16385824371210.754 16385794120260.018
366.87509043549682 -16506675677460.098 16506645315158.424
366.87509277116624 -16628643193508.258 16628612719239.705
366.87509510683566 -16751739313719.764 16751708726863.838
366.87509744250508 -16875976593321.219 16875945893252.832
366.8750997781745 -17001367750791.871 17001336936881.303
366.87510211384392 -17127925670293.908 17127894741906.754
366.87510444951334 -17255663404143.953 17255632360641.09
366.87510678518277 -17384594175325.756 17384563016063.293
366.87510912085219 -17514731380045.234 17514700104374.471
366.87511145652161 -17646088590328.859 17646057197596.238
366.87511379219103 -17778679556665.73 17778648046212.793
366.87511612786045 -17912518210694.375 17912486581857.715
366.87511846352987 -18047618667935.469 18047586920046.684
366.87512079919935 -18183995230571.02 18183963362956.664
366.87512313486877 -18321662390270.75 18321630402252.293
366.87512547053819 -18460634831066.629 18460602721960.402
366.87512780620762 -18600927432276.477 18600895201393.629
366.87513014187704 -18742555271477.664 18742522918124.105
366.87513247754646 -18885533627531.887 18885501151008.242
366.87513481321588 -19029877983662.309 19029845383263.867
366.8751371488853 -19175604030583.457 19175571305600.125
366.87513948455472 -19322727669685.211 19322694819401.457
366.87514182022414 -19471265016271.324 19471232039966.125
366.87514415589357 -19621232402854.836 19621199299801.625
366.87514649156299 -19772646382510.344 19772613151976.961
366.87514882723241 -19925523732284.523 19925490373533.156
366.87515116290183 -20079881456666.695 20079847968953.828
366.87515349857125 -20235736791119.234 20235703173695.59
366.87515583424067 -20393107205669.953 20393073457780.438
366.87515816991009 -20552010408567.984 20551976529451.637
366.87516050557952 -20712464350002.773 20712430338892.699
366.87516284124894 -20874487225889.68 20874453082012.996
366.87516517691836 -21038097481721.898 21038063204299.684
366.87516751258778 -21203313816490.199 21203279404737.422
366.8751698482572 -21370155186671.945 21370120639797.406
366.87517218392662 -21538640810291.621 21538606127497.898
366.87517451959604 -21708790171053.422 21708755351536.805
366.87517685526547 -21880623022546.961 21880588065497.391
366.87517919093489 -22054159392528.082 22054124297129.086
366.87518152660436 -22229419587276.355 22229384352704.992
366.87518386227379 -22406424196030.488 22406388821457.27
366.87518619794321 -22585194095503.465 22585158580092.301
366.87518853361263 -22765750454479.301 22765714797387.43
366.87519086928205 -22948114738491.941 22948078938869.863
366.87519320495147 -23132308714589.312 23132272771580.723
366.87519554062089 -23318354456183.125 23318318368924.844
366.87519787629031 -23506274347986.922 23506238115608.832
366.87520021195974 -23696091091043.539 23696054712668.512
366.87520254762916 -23887827707843.844 23887791182587.66
366.87520488329858 -24081507547539.688 24081470874510.98
366.875207218968 -24277154291251.758 24277117469551.93
366.87520955463742 -24474791957474.285 24474754986197.441
366.87521189030684 -24674444907579.398 24674407785812.266
366.87521422597626 -24876137851422.707 24876100578244.562
366.87521656164569 -25079895853051.922 25079858427534.52
366.87521889731511 -25285744336521.125 25285706757728.613
366.87522123298453 -25493709091812.363 25493671358801.207
366.87522356865395 -25703816280867.527 25703778392686.438
366.87522590432337 -25916092443732.047 25916054399421.887
366.87522823999279 -26130564504812.664 26130526303406.383
366.87523057566221 -26347259779252.746 26347221419775.285
366.87523291133164 -26566205979425.762 26566167460893.98
366.87523524700106 -26787431221551.074 26787392542973.66
366.87523758267048 -27010964032433.836 27010925192811.219
366.8752399183399 -27236833356331.957 27236794354656.227
366.87524225400938 -27465068561952.641 27465029397207.461
366.8752445896788 -27695699449580.422 27695660120740.938
366.87524692534822 -27928756258340.418 27928716764373.172
366.87524926101764 -28164269673599.379 28164230013462.211
366.87525159668706 -28402270834507.668 28402231007149.637
366.87525393235649 -28642791341684.75 28642751346046.027
366.87525626802591 -28885863265051.703 28885823100063.488
366.87525860369533 -29131519151813.441 29131478816397.863
366.87526093936475 -29379792034593.973 29379751527663.996
366.87526327503417 -29630715439727.715 29630674760187.039
366.87526561070359 -29884323395710.477 29884282542453.434
366.87526794637301 -30140650441814.582 30140609413726.043
366.87527028204244 -30399731636869.586 30399690432824.859
366.87527261771186 -30661602568213.348 30661561187078.07
366.87527495338128 -30926299360817.219 30926257801447.258
366.8752772890507 -31193858686588.5 31193816947829.848
366.87527962472012 -31464317773854.637 31464275854543.301
366.87528196038954 -31737714417032.266 31737672315994.16
366.87528429605896 -32014086986486.516 32014044702537.352
366.87528663172839 -32293474438583.984 32293431970529.164
366.87528896739781 -32575916325942.629 32575873672577.125
366.87529130306723 -32861452807884.246 32861409967992.492
366.87529363873665 -33150124661094.258 33150081633450.031
366.87529597440607 -33441973290492.305 33441930073858.613
366.87529831007549 -33737040740317.973 33736997333446.934
366.87530064574491 -34035369705437.656 34035326107070.379
366.87530298141439 -34337003542875.91 34336959751742.371
366.87530531708381 -34641986283578.016 34641942298396.938
366.87530765275324 -34950362644408.199 34950318463886.918
366.87530998842266 -35262178040389.18 35262133663223.531
366.87531232409208 -35577478597187.117 35577434022061.297
366.8753146597615 -35896311163848.734 35896266389435.172
366.87531699543092 -36218723325796.062 36218678350755.289
366.87531933110034 -36544763418084.594 36544718241065.109
366.87532166676976 -36874480538929.164 36874435158567.312
366.87532400243919 -37207924563505.664 37207878978425.477
366.87532633810861 -37545146158035.016 37545100366848.086
366.87532867377803 -37886196794153.141 37886150795458.477
366.87533100944745 -38231128763577.477 38231082555961.359
366.87533334511687 -38579995193074.07 38579948775109.906
366.87533568078629 -38932850059732.922 38932803429981.109
366.87533801645571 -39289748206555.453 39289701363563.219
366.87534035212514 -39650745358367.844 39650698300669.086
366.87534268779456 -40015898138064.109 40015850864179.266
366.87534502346398 -40385264083185.055 40385216591620.938
366.8753473591334 -40758901662841.219 40758853952090.859
366.87534969480282 -41136870294990.055 41136822363532.539
366.87535203047224 -41519230364074.625 41519182210374.938
366.87535436614166 -41906043239032.75 41905994861541.609
366.87535670181109 -42297371291682.375 42297322688836.062
366.87535903748051 -42693277915495.766 42693229085715.953
366.87536137314993 -43093827544770.969 43093778486464.562
366.87536370881935 -43499085674208.484 43499036385767.438
366.87536604448883 -43909118878901.617 43909069358702.773
366.87536838015825 -44323994834752.578 44323945081157.469
366.87537071582767 -44743782339322.555 44743732350677.234
366.87537305149709 -45168551333129.891 45168501107764.75
366.87537538716651 -45598372921401.688 45598322457631.266
366.87537772283594 -46033319396293.07 46033268692415.867
366.87538005850536 -46473464259585.383 46473413313883.672
366.87538239417478 -46918882245871.859 46918831056611.484
366.8753847298442 -47369649346246.125 47369597911676.32
366.87538706551362 -47825842832502.734 47825791150855.898
366.87538940118304 -48287541281864.859 48287489351356.375
366.87539173685246 -48754824602251.883 48754772421079.906
366.87539407252189 -49227774058093.492 49227721624438.742
366.87539640819131 -49706472296711.125 49706419608736.672
366.87539874386073 -50191003375279.539 50190950431130.586
366.87540107953015 -50681452788379.555 50681399586183.227
366.87540341519957 -51177907496159.305 51177854034024.43
366.87540575086899 -51680455953116.547 51680402229133.422
366.87540808653841 -52189188137517.93 52189134149758.102
366.87541042220784 -52704195581472.078 52704141327988.117
366.87541275787726 -53225571401670.578 53225516880495.828
366.87541509354668 -53753410330819.094 53753355539967.445
366.8754174292161 -54287808749768.984 54287753687234.633
366.87541976488552 -54828864720367.055 54828809384124.25
366.87542210055494 -55376678019049.414 55376622407052.219
366.87542443622436 -55931350171187.305 55931294281369.344
366.87542677189384 -56492984486210.5 56492928316484.695
366.87542910756326 -57061686093526.953 57061629641785.273
366.87543144323269 -57637561979258.32 57637505243371.516
366.87543377890211 -58220721023808.5 58220664001625.82
366.87543611457153 -58811274040293.758 58811216729642.703
366.87543845024095 -59409333813852.336 59409276212538.367
366.87544078591037 -60015015141850.156 60014957247656.414
366.87544312157979 -60628434875017.812 60628376685704.836
366.87544545724921 -61249711959532.672 61249653472838.117
366.87544779291864 -61878967480073.836 61878908693712.172
366.87545012858806 -62516324703875.367 62516265615537.578
366.87545246425748 -63161909125803.195 63161849733156.492
366.8754547999269 -63815848514480.422 63815788815167.914
366.87545713559632 -64478272959492.734 64478212951133.133
366.87545947126574 -65149314919698.945 65149254599886.25
366.87546180693516 -65829109272673.992 65829048638977.156
366.87546414260459 -66517793365314.016 66517732415276.625
366.87546647827401 -67215507065640.422 67215445796780.367
366.87546881394343 -67922392815827.016 67922331225636.156
366.87547114961285 -68638595686484.141 68638533772427.945
366.87547348528227 -69364263432237.109 69364201191754.336
366.87547582095169 -70099546548627.859 70099483979130.18
366.87547815662111 -70844598330378.953 70844535429250.609
366.87548049229054 -71599574931049.391 71599511695646.812
366.87548282795996 -72364635424131.438 72364571851782.875
366.87548516362938 -73139941865626.281 73139877953631.453
366.87548749929886 -73925659358116.484 73925595103746.172
366.87548983496828 -74721956116399.078 74721891516894.75
366.8754921706377 -75529003534710.828 75528938587284.234
366.87549450630712 -76346976255597.266 76346910957430.031
366.87549684197654 -77176052240459.188 77175986588702.422
366.87549917764596 -78016412841836.016 78016346833609.906
366.87550151331538 -78868242877444.703 78868176509838.062
366.87550384898481 -79731730706065.859 79731663976135.703
366.87550618465423 -80607068305297.172 80607001210068.328
366.87550852032365 -81494451351221.484 81494383887686.094
366.87551085599307 -82394079300062.344 82394011465179.438
366.87551319166249 -83306155471876.656 83306087262571.688
366.87551552733191 -84230887136339.953 84230818549504.359
366.87551786300133 -85168485600669.453 85168416633160.141
366.87552019867076 -86119166299760.656 86119096948399.562
366.87552253434018 -87083148888593.453 87083079150167.031
366.8755248700096 -88060657336977.453 88060587208236.203
366.87552720567902 -89051920026683.781 89051849504341.719
366.87552954134844 -90057169851048.734 90057098931782.875
366.87553187701786 -91076644317125.094 91076572997574.953
366.87553421268728 -92110585650432.609 92110513927199.641
366.87553654835671 -93159240902399.969 93159168772047.062
366.87553888402613 -94222862060563.188 94222789519614.109
366.87554121969555 -95301706161588.391 95301633206527.203
366.87554355536497 -96396035407230.375 96395962034500.891
366.87554589103439 -97506117283295.438 97506043489300.625
366.87554822670387 -98632224681692.312 98632150462793.734
366.87555056237329 -99774636025659.203 99774561378176.375
366.87555289804271 -100933635398278.12 100933560318487.95
366.87555523371213 -102109512674346.41 102109437158482.55
366.87555756938156 -103302563655708.45 103302487699960.67
366.87555990505098 -104513090210169.97 104513013810683.52
366.8755622407204 -105741400414081.98 105741323566956.95
366.87556457638982 -106987808698701.81 106987731399992.45
366.87556691205924 -108252636000440.16 108252558246154.2
366.87556924772866 -109536209915136.36 109536131701234.36
366.87557158339808 -110838864856444.88 110838786178839.45
366.87557391906751 -112160942218490.47 112160863073045.67
366.87557625473693 -113502790542879.55 113502710925410.08
366.87557859040635 -114864765690229.81 114864685596500.3
366.87558092607577 -116247231016347.97 116247150442072.22
366.87558326174519 -117650557553188.16 117650476494028.39
366.87558559741461 -119075124194751.03 119075042646317.11
366.87558793308403 -120521317888046.78 120521235845895.39
366.87559026875346 -121989533829305.92 121989451288939.8
366.87559260442288 -123480175665570.22 123480092622437.3
366.8755949400923 -124993655701863 124993572151355.59
366.87559727576172 -126530395114078.88 126530311051532.83
366.87559961143114 -128090824167777.88 128090739588471.69
366.87560194710056 -129675382443070.88 129675297342224.81
366.87560428276998 -131284519065785.06 131284433438560.27
366.87560661843941 -132918692945108.5 132918606786606.08
366.87560895410888 -134578373017892.39 134578286323152.45
366.87561128977831 -136264038499859.59 136263951263860.33
366.87561362544773 -137976179143909.09 137976091361565.77
366.87561596111715 -139715295505757.17 139715207171921.19
366.87561829678657 -141481899217113.25 141481810326571.12
366.87562063245599 -143276513266643.19 143276423814115.47
366.87562296812541 -145099672289014.03 145099582269154.34
366.87562530379483 -146951922862234.62 146951832269628.53
366.87562763946426 -148833823813528.53 148833732642692.5
366.87562997513368 -150745946534092.06 150745854779472.31
366.8756323108031 -152688875302936.53 152688782958907.94
366.87563464647252 -154663207620196.38 154663114681061.34
366.87563698214194 -156669554550130.06 156669461010117.28
366.87563931781136 -158708541074180.91 158708446927444.22
366.87564165348078 -160780806454424.5 160780711695041.69
366.87564398915021 -162887004607673.81 162886909229645.28
366.87564632481963 -165027804490700.28 165027708487947.88
366.87564866048905 -167203890496889.09 167203793863254.75
366.87565099615847 -169415962864655.94 169415865593900.41
366.87565333182789 -171664738098109.19 171664640183910.69
366.87565566749731 -173950949400276.31 173950850836229.09
366.87565800316673 -176275347119385.84 176275247898998.88
366.87566033883616 -178638699208616.09 178638599325311.62
366.87566267450558 -181041791699719.22 181041691146831.31
366.875665010175 -183485429191058.47 183485327961831.5
366.87566734584442 -185970435350481.06 185970333438068.22
366.8756696815139 -188497653433633.66 188497550831095.41
366.87567201718332 -191067946818118.88 191067843518421.34
366.87567435285274 -193682199554158.72 193682095550172.16
366.87567668852216 -196341316932210.91 196341212216708
366.87567902419158 -199046226068172.56 199046120633826.78
366.87568135986101 -201797876506830.75 201797770346214.62
366.87568369553043 -204597240844119.81 204597133949703.19
366.87568603119985 -207445315368881.97 207445207733030.22
366.87568836686927 -210343120724793.34 210343012339765.59
366.87569070253869 -213291702593166.19 213291593451113.41
366.87569303820811 -216292132397367.81 216292022490330.94
366.87569537387753 -219345508029607.5 219345397349515.53
366.87569770954696 -222452954600870.94 222452843139538.91
366.87570004521638 -225615625214879.06 225615512964006.06
366.8757023808858 -228834701766874.47 228834588718041.59
366.87570471655522 -232111395768129 232111281912797.19
366.87570705222464 -235446949197132.78 235446834526640.72
366.87570938789406 -238842635378405.81 238842519883967.69
366.87571172356348 -242299759889940.47 242299643562643.78
366.87571405923291 -245819661500263.59 245819544331066.84
366.87571639490233 -249403713136270.34 249403595116000.66
366.87571873057175 -253053322882917 253053204002267.81
366.87572106624117 -256769935015907.62 256769815265436.12
366.87572340191059 -260555031068679.06 260554910438803.78
366.87572573758001 -264410130934940.81 264410009415939.03
366.87572807324943 -268336794008003.34 268336671590008.47
366.87573040891886 -272336620358302.22 272336497031301.16
366.87573274458833 -276411251950601.62 276411127704432.03
366.87573508025775 -280562373902257.16 280562248726604.59
366.87573741592718 -284791715784253.06 284791589668648.25
366.8757397515966 -289101052966482.56 289100925900298.31
366.87574208726602 -293492208008990.62 293492079981439
366.87574442293544 -297967052101061.38 297966923101190.62
366.87574675860486 -302527506549655.5 302527376566346.81
366.87574909427428 -307175544319365.44 307175413341329.88
366.8757514299437 -311913191625900.38 311913059641675.5
366.87575376561313 -316742529585065.12 316742396583011.75
366.87575610128255 -321665695919341.81 321665561887640.5
366.87575843695197 -326684886724418.06 326684751651065.69
366.87576077262139 -331802358298087.44 331802222170893.62
366.87576310829081 -337020429033588 337020291840171.38
366.87576544396023 -342341481380358.44 342341343108142.94
366.87576777962965 -347767963874735.81 347767824510946.75
366.87577011529908 -353302393243390.31 353302252775050.5
366.8757724509685 -358947356582459.81 358947214996385.56
366.87577478663792 -364705513615145 364705370897942
366.87577712230734 -370579599031218.06 370579455169277.12
366.87577945797676 -376572424911536.5 376572279891029.25
366.87578179364618 -382686883241149.31 382686737048023.69
366.8757841293156 -388925948514839.62 388925801134815.44
366.87578646498503 -395292680438430.38 395292531856994.62
366.87578880065445 -401790226730006.88 401790076932409
366.87579113632387 -408421826025071 408421674996317.94
366.87579347199335 -415190810890206.06 415190658615057.31
366.87579580766277 -422100610949434.19 422100457412396.62
366.87579814333219 -429154756128301.38 429154601313624
366.87580047900161 -436356880020499.38 436356723912168
366.87580281467103 -443710723381871.5 443710565963603.19
366.87580515034045 -451220137757579.12 451219979012816.56
366.87580748600988 -458889089247892.44 458888929159797.94
366.8758098216793 -466721662418840.5 466721500970290.38
366.87581215734872 -474722064363574.62 474721901537152.81
366.87581449301814 -482894628920940.75 482894464698932.69
366.87581682868756 -491243821058181.06 491243655422567.12
366.87581916435698 -499774241425013.56 499774074357462.69
366.8758215000264 -508490631086386.38 508490462568249.06
366.87582383569583 -517397876441581.06 517397706453882.56
366.87582617136525 -526501014338423 526500842861856.25
366.87582850703467 -535805237390336.69 535805064405254.88
366.87583084270409 -545315899505903.06 545315724992312.19
366.87583317837351 -555038521640629.56 555038345578180.75
366.87583551404293 -564978797779930.75 564978620147912.25
366.87583784971235 -575142601164648.88 575142421941978.12
366.87584018538178 -585535990769143 585535809934358
366.8758425210512 -596165218044987 596165035576238
366.87584485672062 -607036733940506.75 607036549815547.38
366.87584719239004 -618157196209909.75 618157010406087.88
366.87584952805946 -629533477024962.62 629533289519211.12
366.87585186372888 -641172670903748.5 641172481672575.75
366.87585419939836 -653082102970226.25 653081911989706.38
366.87585653506778 -665269337560484.12 665269144806246.75
366.8758588707372 -677742187192486.62 677741992639706.62
366.87586120640663 -690508721916091.62 690508525539478.5
366.87586354207605 -703577279060215.38 703577080834002.12
366.87586587774547 -716956473398160.88 716956273296092.75
366.87586821341489 -730655207749556.62 730655005744879.75
366.87587054908431 -744682684040310.62 744682480105759.75
366.87587288475373 -759048414842869.88 759048208950656.5
366.87587522042315 -773762235419188.75 773762027540988.25
366.87587755609258 -788834316291279.62 788834106398218.25
366.875879891762 -804275176365967 804274964428608.62
366.87588222743142 -820095696640527 820095482628859.12
366.87588456310084 -836307134517958 836306918401377.88
366.87588689877026 -852921138761969 852920920509268.88
366.87588923443968 -869949765123834.5 869949544703186.75
366.8758915701091 -887405492673988.62 887405270052930.12
366.87589390577853 -905301240875386.25 905301016020802.5
366.87589624144795 -923650387435192.25 923650160313300.75
366.87589857711737 -942466786975315.62 942466557551649.25
366.87590091278679 -961764790562939.38 961764558802328.88
366.87590324845621 -981559266144379 981559032010935
366.87590558412563 -1001865619930762.8 1001865383387857.2
366.87590791979505 -1022699818784236.2 1022699579794483.4
366.87591025546448 -1044078413657066.8 1044078172182303.1
366.8759125911339 -1066018564139266.2 1066018320140530.9
366.87591492680338 -1088538064172191.6 1088537817609704.6
366.8759172624728 -1111655368991526.8 1111655119824667.9
366.87591959814222 -1135389623365003.8 1135389371552290
366.87592193381164 -1159760691193248.5 1159760436692311.2
366.87592426948106 -1184789186547713 1184788929315274.2
366.87592660515048 -1210496506222851.5 1210496246214699.2
366.8759289408199 -1236904863886632 1236904601057595
366.87593127648933 -1264037325917840.5 1264037060221762
366.87593361215875 -1291917849020468.8 1291917580410179.2
366.87593594782817 -1320571319715603.2 1320571048142893
366.87593828349759 -1350023595816046.2 1350023321231636
366.87594061916701 -1380301549992933 1380301272346444.8
366.87594295483643 -1411433115552897.8 1411432834792823.5
366.87594529050585 -1443447334549257 1443447050622926.8
366.87594762617528 -1476374408366838.2 1476374121220387.5
366.8759499618447 -1510245750916554.5 1510245460494890
366.87595229751412 -1545094044588790.5 1545093750835555.2
366.87595463318354 -1580953299128965.5 1580953001986501.8
366.87595696885296 -1617858913607427.2 1617858613016739
366.87595930452238 -1655847741664327.2 1655847437565041.5
366.8759616401918 -1694958160219350 1694957852549676
366.87596397586123 -1735230141855268.2 1735229830551955.5
366.87596631153065 -1776705331093265.8 1776705016091561
366.87596864720007 -1819427124796971.5 1819426806030574
366.87597098286949 -1863440756950265 1863440434351279.5
366.87597331853891 -1908793388077005 1908793061575893.8
366.87597565420839 -1955534199589230.5 1955533869114763.5
366.87597798987781 -2003714493364484 2003714158843686.8
366.87598032554723 -2053387796874234.2 2053387458232334.2
366.87598266121665 -2104609974221833.5 2104609631382204.8
366.87598499688607 -2157439343439691.5 2157438996323796.2
366.8759873325555 -2211936800459059 2211936448986388
366.87598966822492 -2268165950172682 2268165594260692.5
366.87599200389434 -2326193245033150.5 2326192884597201
366.87599433956376 -2386088131690454.5 2386087766643738
366.87599667523318 -2447923206174077.5 2447922836427552
366.8759990109026 -2511774378182317 2511774003644633
366.87600134657202 -2577721045073330 2577720665650755.5
366.87600368224145 -2645846276200317 2645845891796658.5
366.87600601791087 -2716237008282346.5 2716236618798868
366.87600835358029 -2788984252562886.5 2788983857898225.5
366.87601068924971 -2864183314515930 2864182914566009
366.87601302491913 -2941934026974610.5 2941933621632546
366.87601536058855 -3022340997597991.5 3022340586753998.5
366.87601769625797 -3105513871651547 3105513455192839
366.8760200319274 -3191567611189658 3191567189000345
366.87602236759682 -3280622791756247.5 3280622363717228.5
366.87602470326624 -3372805917829653.5 3372805483818503.5
366.87602703893566 -3468249758368366 3468249318259220
366.87602937460508 -3567093703862424 3567093257525855
366.8760317102745 -3669484146438340.5 3669483693741232.5
366.87603404594392 -3775574884714956.5 3775574425520373
366.87603638161335 -3885527555157768.5 3885527089324813
366.87603871728282 -3999512091912669 3999511619296342.5
366.87604105295225 -4117707217204531 4117706737655580
366.87604338862167 -4240300964593374 4240300477958134
366.87604572429109 -4367491237563403 4367490743683634.5
366.87604805996051 -4499486406052457.5 4499485904765175
366.87605039562993 -4636505943865669 4636505435002960
366.87605273129935 -4778781110112373 4778780593501212
366.87605506696877 -4926555678046777 4926555153508829
366.8760574026382 -5080086714978800 5080086182330214
366.87605973830762 -5239645417341132 5239644876392328
366.87606207397704 -5405518005208834 5405517455764277
366.87606440964646 -5578006681054817 5578006122912782
366.87606674531588 -5757430657851696 5757430090804020
366.8760690809853 -5944127262223595 5944126686055419
366.87607141665472 -6138453118733602 6138452533223100
366.87607375232415 -6340785421935289 6340784826853382
366.87607608799357 -6551523303608844 6551522698718902
366.87607842366299 -6771089303055680 6771088688113208
366.87608075933241 -6999930949183108 6999930323935417
366.87608309500183 -7238522463930042 7238521828115902
366.87608543067125 -7487366597426881 7487365950776157
366.87608776634067 -7746996606341179 7746995948574449
366.8760901020101 -8017978387930103 8017977718758256
366.87609243767952 -8300912783428175 8300912102551987
366.87609477334894 -8596438065934222 8596437373043908
366.87609710901836 -8905232629456735 8905231924231481
366.87609944468784 -9228017897220806 9228017179328272
366.87610178035726 -9565561469295390 9565560738391192
366.87610411602668 -9918680531540478 9918679787267632
366.8761064516961 -10288245550330472 10288244792318816
366.87610878736552 -10675184280098176 10675183507963754
366.87611112303495 -11080486112955784 11080485326300198
366.87611345870437 -11505206803573396 11505206001983122
366.87611579437379 -11950473605319592 11950472788365254
366.87611813004321 -12417490858044108 12417490025279712
366.87612046571263 -12907546071822638 12907545222784758
366.87612280138205 -13422016556422686 13422015690629606
366.87612513705147 -13962376651195664 13962375768146466
366.8761274727209 -14530205616433270 14530204715606868
366.87612980839032 -15127196254068752 15127195334922866
366.87613214405974 -15755164333581380 15755163395551450
366.87613447972916 -16416058907251144 16416057949749170
366.87613681539858 -17111973609219822 17111972631633136
366.876139151068 -17845159044021962 17845158045711922
366.87614148673742 -18618036381762908 18618035362063504
366.87614382240685 -19433212292744452 19433211250960832
366.87614615807627 -20293495369137880 20293494304544756
366.87614849374569 -21201914200591428 21201913112431408
366.87615082941511 -22161737290969532 22161736178451316
366.87615316508453 -23176495025970472 23176493888266932
366.87615550075395 -24250003930662404 24250002766908536
366.87615783642337 -25386393483460636 25386392292751368
366.87616017209285 -26590135790570768 26590134571958608
366.87616250776227 -27866078464361552 27866077216854076
366.8761648434317 -29219481093373484 29219479815930636
366.87616717910112 -30656055746638696 30656054438169904
366.87616951477054 -32182012013334868 32182010672695936
366.87617185043996 -33804107148982868 33804105774972640
366.87617418610938 -35529701979678824 35529700571035592
