# serie phase 2 p4_w2.80_c1.05_dt2_k2 : t x1 x2 (dt2=9.3426776943932292e-06, depart t=366.81 etat bascule x1 x2 v1 v2 = -2228622.3475803784 2217490.6446688669 -133965750.79608843 133630473.2089569)
366.87278279410634 -262237108129.29874 262233281206.62888
366.87279213678403 -264994132836.97705 264990285849.8996
366.87280147946171 -267787484496.68231 267783617286.98764
366.8728108221394 -270617739014.17761 270613851421.9884
366.87282016481714 -273485482975.15692 273481574838.90607
366.87282950749483 -276391313872.19464 276387385028.60284
366.87283885017251 -279335840337.13599 279331890621.18909
366.8728481928502 -282319682379.07196 282315711623.9978
366.87285753552788 -285343471628.04926 285339479665.29425
366.87286687820557 -288407851584.6684 288403838243.87354
366.87287622088331 -291513477875.73059 291509442984.7074
366.872885563561 -294661018516.09497 294656961900.80072
366.87289490623868 -297851154176.91284 297847075661.42566
366.87290424891637 -301084578460.41504 301080477866.90845
366.87291359159406 -304361998181.42786 304357875330.14478
366.87292293427174 -307684133655.80457 307679988365.03125
366.87293227694943 -311051718995.95966 311047551081.99884
366.87294161962717 -314465502413.69971 314461311690.84363
366.87295096230486 -317926246530.55444 317922032811.05713
366.87296030498254 -321434728695.80963 321430491789.85889
366.87296964766023 -324991741312.46198 324987481028.15094
366.87297899033791 -328598092171.31219 328593808314.61029
366.8729883330156 -332254604793.4209 332250297168.14447
366.87299767569334 -335962118781.16187 335957787188.94415
366.87300701837103 -339721490178.11554 339717134418.37622
366.87301636104871 -343533591838.04846 343529211707.96271
366.8730257037264 -347399313803.23566 347394909097.7027
366.87303504640408 -351319563692.38855 351315134203.99957
366.87304438908177 -355295267098.45776 355290812617.46338
366.87305373175946 -359327367996.5979 359322888310.87512
366.8730630744372 -363416829162.57526 363412324057.59375
366.87307241711488 -367564632601.91931 367560101860.70715
366.87308175979257 -371771779990.13104 371767223393.23993
366.87309110247026 -376039293124.25537 376034710449.72522
366.87310044514794 -380368214386.15161 380363605409.4743
366.87310978782563 -384759607217.80011 384754971711.88312
366.87311913050337 -389214556608.99036 389209894344.1192
366.87312847318105 -393734169597.74951 393729480341.54999
366.87313781585874 -398319575783.88641 398314859301.28589
366.87314715853643 -402971927856.02832 402967183909.21649
366.87315650121411 -407692402132.55115 407687630480.94006
366.8731658438918 -412482199116.80627 412477399516.98962
366.87317518656948 -417342544067.07111 417337716272.78296
366.87318452924723 -422274687581.64899 422269831343.7215
366.87319387192491 -427279906199.57727 427275021265.89789
366.8732032146026 -432359503017.40454 432354589132.87238
366.87321255728028 -437514808322.51318 437509865228.99469
366.87322189995797 -442747180243.48242 442742207679.76605
366.87323124263565 -448058005418.00305 448053003119.75336
366.87324058531334 -453448699678.87543 453443667378.58612
366.87324992799108 -458920708758.6308 458915646185.57715
366.87325927066877 -464475509013.34607 464470415893.53625
366.87326861334645 -470114608166.22791 470109484222.35376
366.87327795602414 -475839546071.57153 475834391022.95795
366.87328729870183 -481651895499.71509 481646709062.26904
366.87329664137951 -487553262943.63538 487548044829.79358
366.87330598405725 -493545289447.84393 493540039366.51971
366.87331532673494 -499629651460.2782 499624369116.80737
366.87332466941263 -505808061707.89465 505802746803.98047
366.87333401209031 -512082270096.6955 512076922330.35236
366.873343354768 -518454064636.95801 518448683702.45435
366.87335269744568 -524925272394.4458 524919857982.24585
366.87336204012337 -531497760468.41565 531492312265.11993
366.87337138280111 -538173436997.26318 538167954685.54828
366.8733807254788 -544954252192.68066 544948735451.23743
366.87339006815648 -551842199403.22302 551836647906.69385
366.87339941083417 -558839316208.21472 558833729627.12964
366.87340875351185 -565947685542.96313 565942063543.67456
366.87341809618954 -573169436856.28333 573163779100.89954
366.87342743886728 -580506747301.35535 580501053447.67297
366.87343678154497 -587961842961.00208 587956112662.43713
366.87344612422265 -595537000108.47253 595531233013.98999
366.87345546690034 -603234546504.89478 603228742258.93677
366.87346480957802 -611056862734.59119 611051020977.00415
366.87347415225571 -619006383579.47607 619000503945.43616
366.8734834949334 -627085599433.80847 627079681553.74561
366.87349283761114 -635297057760.63232 635291101260.15271
366.87350218028882 -643643364591.27368 643637369091.08093
366.87351152296651 -652127186069.2998 652121151185.11438
366.8735208656442 -660751250040.42114 660745175382.89832
366.87353020832188 -669518347689.85608 669512232864.5022
366.87353955099957 -678431335228.73755 678425179835.82446
366.87354889367731 -687493135631.21729 687486939265.69556
366.873558236355 -696706740423.92761 696700502675.33728
366.87356757903268 -706075211529.59595 706068931981.9762
366.87357692171037 -715601683166.62964 715595361398.42615
366.87358626438805 -725289363806.552 725282999390.52283
366.87359560706574 -735141538191.26758 735135130694.38672
366.87360494974342 -745161569412.18994 745155118395.54919
366.87361429242117 -755352901053.35559 755346406072.06433
366.87362363509885 -765719059400.70142 765712520003.7843
366.87363297777654 -776263655719.80383 776257071450.09631
366.87364232045422 -786990388604.43567 786983758998.47766
366.87365166313191 -797903046398.39307 797896370986.32007
366.87366100580959 -809005509693.14417 808998787998.57629
366.87367034848734 -820301753903.94214 820294985443.87073
366.87367969116502 -831795851927.16064 831789036211.83276
366.87368903384271 -843491976881.69946 843485113414.49951
366.87369837652039 -855394404937.42285 855387493214.7522
366.87370771919808 -867507518233.7218 867500557744.87549
366.87371706187577 -879835807891.38074 879828798118.42163
366.87372640455345 -892383877121.11182 892376817538.74219
366.87373574723119 -905156444432.1897 905149334507.61987
366.87374508990888 -918158346944.79626 918151186137.61084
366.87375443258657 -931394543809.78955 931387331571.8103
366.87376377526425 -944870119739.79285 944862855514.93896
366.87377311794194 -958590288655.65479 958582971879.79968
366.87378246061962 -972560397452.48328 972553027553.30884
366.87379180329737 -986785929889.62402 986778506286.47119
366.87380114597505 -1001272510609.1172 1001265032712.8337
366.87381048865274 -1016025909287.3739 1016018376500.1583
366.87381983133042 -1031052044924.9998 1031044456640.2419
366.87382917400811 -1046356990279.8931 1046349345882.0115
366.87383851668579 -1061946976448.9807 1061939275313.256
366.87384785936348 -1077828397604.0977 1077820639096.5026
366.87385720204122 -1094007815887.8141 1093999999364.8391
366.87386654471891 -1110491966475.26 1110484091283.7358
366.87387588739659 -1127287762808.1846 1127279828285.1001
366.87388523007428 -1144402302007.8042 1144394307480.1204
366.87389457275196 -1161842870473.2639 1161834815257.7231
366.87390391542965 -1179616949672.8032 1179608833075.7351
366.87391325810734 -1197732222135.0312 1197724043452.1531
366.87392260078508 -1216196577648.009 1216188336164.2227
366.87393194346276 -1235018119674.1753 1235009814663.3582
366.87394128614045 -1254205171989.4924 1254196802714.2847
366.87395062881814 -1273766285555.5793 1273757851267.1655
366.87395997149582 -1293710245633.9541 1293701745571.8394
366.87396931417351 -1314046079151.8708 1314037512543.6528
366.87397865685125 -1334783062329.7397 1334774428390.8748
366.87398799952894 -1355930728580.3674 1355922026513.9304
366.87399734220662 -1377498876690.9656 1377490105687.4053
366.87400668488431 -1399497579299.1289 1399488738536.0166
366.87401602756199 -1421937191674.6099 1421928280316.3826
366.87402537023968 -1444828360819.1431 1444819378016.8398
366.87403471291736 -1468182034897.283 1468172979788.2759
366.87404405559511 -1492009473011.5325 1492000344719.25
366.87405339827279 -1516322255335.8926 1516313052969.5371
366.87406274095048 -1541132293622.478 1541123016276.7356
366.87407208362816 -1566451842096.4905 1566442488851.2341
366.87408142630585 -1592293508755.6206 1592284078675.6062
366.87409076898354 -1618670267090.5808 1618660759225.1353
366.87410011166128 -1645595468244.2881 1645585881626.99
366.87410945433896 -1673082853627.9897 1673073187276.3418
366.87411879701665 -1701146568013.543 1701136820928.6365
366.87412813969434 -1729801173121.8877 1729791344288.0581
366.87413748237202 -1759061661728.6624 1759051750113.1367
366.87414682504971 -1788943472309.0088 1788933476861.5439
366.87415616772739 -1819462504244.4399 1819452423896.9514
366.87416551040513 -1850635133615.9495 1850624967282.1311
366.87417485308282 -1882478229608.5283 1882467976183.4624
366.87418419576051 -1915009171553.4624 1914998829913.2188
366.87419353843819 -1948245866636.165 1948235435637.3904
366.87420288111588 -1982206768298.5654 1982196246778.0627
366.87421222379356 -2016910895366.304 2016900282140.5991
366.87422156647131 -2052377851932.7412 2052367145797.6396
366.87423090914899 -2088627848033.1912 2088617047763.3228
366.87424025182668 -2125681721144.3127 2125670825492.6638
366.87424959450436 -2163560958545.511 2163549966242.9443
366.87425893718205 -2202287720580.915 2202276630335.6772
366.87426827985973 -2241884864862.4292 2241873675359.6445
366.87427762253742 -2282375971456.3169 2282364681357.4678
366.87428696521516 -2323785369097.8672 2323773977040.2603
366.87429630789285 -2366138162481.1489 2366126667077.3667
366.87430565057053 -2409460260672.7817 2409448660510.1196
366.87431499324822 -2453778406701.8589 2453766700341.7466
366.87432433592591 -2499120208379.8652 2499108394357.2715
366.87433367860359 -2545514170407.8179 2545502247230.6396
366.87434302128133 -2592989727830.9609 2592977693979.3945
366.87435236395902 -2641577280903.8726 2641565134829.7686
366.87436170663671 -2691308231432.2959 2691295971558.4956
366.87437104931439 -2742215020661.4746 2742202645381.126
366.87438039199208 -2794331168784.8281 2794318676460.6851
366.87438973466976 -2847691316150.0894 2847678705113.7886
366.87439907734745 -2902331266244.2266 2902318534795.5454
366.87440842002519 -2958288030543.1001 2958275176949.1924
366.87441776270288 -3015599875316.0029 3015586897810.6123
366.87442710538056 -3074306370480.4346 3074293267263.0854
366.87443644805825 -3134448440607.0732 3134435209842.2388
366.87444579073593 -3196068418180.7397 3196055057996.9844
366.87445513341362 -3259210099228.8965 3259196607717.9932
366.87446447609136 -3323918801435.0107 3323905176651.0327
366.87447381876905 -3390241424860.8901 3390227664819.2744
366.87448316144673 -3458226515408.7061 3458212618085.2915
366.87449250412442 -3527924331160.8291 3527910294490.8618
366.8745018468021 -3599386911743.0469 3599372733620.1597
366.87451118947979 -3672668150864.9878 3672653829140.144
366.87452053215748 -3747823872200.5361 3747809404680.9463
366.87452987483522 -3824911908779.9756 3824897293227.9761
366.8745392175129 -3903992186075.0806 3903977420206.981
366.87454856019059 -3985126808969.3779 3985111890454.2715
366.87455790286828 -4068380152816.1123 4068365079274.6489
366.87456724554596 -4153818958798.7427 4153803727801.8643
366.87457658822365 -4241512433821.02 4241497042888.6548
366.87458593090133 -4331532355167.061 4331516801766.7778
366.87459527357908 -4423953180185.8203 4423937461731.4404
366.87460461625676 -4518852161268.9111 4518836275119.0713
366.87461395893445 -4616309466408.1943 4616293409864.8721
366.87462330161213 -4716408305634.7803 4716392075941.7627
366.87463264428982 -4819235063659.46 4819218658000.7676
366.8746419869675 -4924879439056.4209 4924862854554.6797
366.87465132964525 -5033434590348.3135 5033417824063.0703
366.87466067232293 -5144997289377.1826 5144980338303.1709
366.87467001500062 -5259668082365.7373 5259650943431.0762
366.8746793576783 -5377551459100.7393 5377534129165.082
366.87468870035599 -5498756030695.7822 5498738506548.3955
366.87469804303367 -5623394716419.8789 5623376994777.6621
366.87470738571136 -5751584940107.8301 5751567017613.2617
366.8747167283891 -5883448836702.0244 5883430709921.0449
366.87472607106679 -6019113469509.9775 6019095134929.793
366.87473541374447 -6158711058797.9775 6158692512824.791
366.87474475642216 -6302379222383.2334 6302360461339.8975
366.87475409909985 -6450261228927.3867 6450242249050.9717
366.87476344177753 -6602506264680.4775 6602487062119.7559
366.87477278445527 -6759269714474.8711 6759250285287.7129
366.87478212713296 -6920713457819.2529 6920693797969.9268
366.87479146981065 -7087006180999.4824 7086986286355.8623
366.87480081248833 -7258323706154.4268 7258303572485.0947
366.87481015516602 -7434849338358.4766 7434828961329.7227
366.8748194978437 -7616774231812.0664 7616753606984.7803
366.87482884052139 -7804297776316.0107 7804276899142.459
366.87483818319913 -7997628005285.5703 7997606871106.0488
366.87484752587682 -8196982026647.5879 8196960630686.959
366.8748568685545 -8402586478054.6836 8402564815418.7754
366.87486621123219 -8614678007951.9863 8614656073623.8643
366.87487555390987 -8833503784136.6016 8833481572972.6914
366.87488489658756 -9059322031567.0371 9059299538293.1094
366.8748942392653 -9292402601303.4688 9292379820510.457
366.87490358194299 -9533027572593.9648 9533004498733.6309
366.87491292462067 -9781491890271.4844 9781468517651.916
366.87492226729836 -10038104039769.135 10038080362550.062
366.87493160997604 -10303186762242.244 10303162774430.178
366.87494095265373 -10577077812459.266 10577053507902.434
366.87495029533142 -10860130762326.656 10860106134709.748
366.87495963800916 -11152715853118.564 11152690895957.258
366.87496898068684 -11455220899715.17 11455195606350.441
366.87497832336453 -11768052250397.592 11768026613989.793
366.87498766604222 -12091635806020.033 12091609819542.723
366.8749970087199 -12426418102669.34 12426391758902.865
366.87500635139759 -12772867462236.598 12772840753761.406
366.87501569407533 -13131475215664.438 13131448134854.111
366.87502503675302 -13502757004011.021 13502729543025.016
366.8750343794307 -13887254162868.432 13887226313644.506
366.87504372210839 -14285535196108.105 14285506950354.436
366.87505306478607 -14698197345409.32 14698168694596.264
366.87506240746376 -15125868262536.762 15125839197888.273
366.87507175014144 -15569207791887.234 15569178304371.902
366.87508109281919 -16028909871455.812 16028879951777.5
366.87509043549687 -16505704561024.855 16505674199612.936
366.87509977817456 -17000360207095.693 17000329394094.836
366.87510912085224 -17513685754900.615 17513654480160.125
366.87511846352993 -18046533218673.934 18046501471736.602
366.87512780620762 -18599800322304.984 18599768092395.426
366.87513714888536 -19174433323543.422 19174400599555.891
366.87514649156304 -19771430036031.246 19771396806516.871
366.87515583424073 -20391843064686.035 20391809317839.465
366.87516517691841 -21036783271306.453 21036748994951.875
366.8751745195961 -21707423488740.277 21707388670316.766
366.87518386227379 -22405002503587.57 22404967130133.75
366.87519320495147 -23130829329176.379 23130793387314.324
366.87520254762921 -23886287792524.109 23886251268442.488
366.8752118903069 -24672841461112.203 24672804340548.574
366.87522123298459 -25492038937695.332 25492001205917.582
366.87523057566227 -26345519553933.965 26345481195720.809
366.87523991833996 -27235019496509.855 27234980496130.363
366.87524926101764 -28162378402571.32 28162338743763.414
366.87525860369533 -29129546464731.453 29129506130679.289
366.87526794637307 -30138592089795.605 30138551063105.809
366.87527728905076 -31191710159583.922 31191668422260.578
366.87528663172844 -32291230946863.316 32291188480281.641
366.87529597440613 -33439629744664.734 33439586529543.375
366.87530531708381 -34639537272974.75 34639493289346.59
366.8753146597615 -35893750933127.805 35893706160309.203
366.87532400243924 -37205246987355.953 37205201403914.312
366.87533334511693 -38577193748769.688 38577147332489.25
366.87534268779461 -40012965875736.055 40012918603581.789
366.8753520304723 -41516159874442.961 41516111722522.461
366.87536137314999 -43090610924117.117 43090561867640.328
366.87537071582767 -44740411151467.727 44740361164704.391
366.87538005850536 -46469929494451.336 46469878550685.992
366.8753894011831 -48283833310427.297 48283781381911.672
366.87539874386079 -50187111900528.188 50187058958430.797
366.87540808653847 -52185102140985.648 52185048155338.422
366.87541742921616 -54283516433173.492 54283461372815.203
366.87542677189384 -56488473207807.008 56488417040323.32
366.87543611457153 -58806530245194.062 58806472936853.859
366.87544545724927 -61244721103537.852 61244662619225.727
366.87545479992696 -63810594980759.195 63810535283903.68
366.87546414260464 -66512260373010.039 66512199425507.344
366.87547348528233 -69358432936250.531 69358370698383.453
366.87548282796001 -72358488005179.266 72358424435530.891
366.8754921706377 -75522518278461 75522453333822.75
366.87550151331538 -78861397241469.797 78861330876743.531
366.87551085599313 -82386848967481.344 82386781135574.938
366.87552019867081 -86111525017799.562 86111455669515.438
366.8755295413485 -90049089252813.719 90049018336729.859
366.87553888402618 -94214311468154.188 94214238930496.969
366.87554822670387 -98623170888559.375 98623096673067.625
366.87555756938156 -103292970685703.17 103292894733482.62
366.8755669120593 -108242464840443.5 108242387089810.92
366.87557625473698 -113491998846192.08 113491919232508.2
366.87558559741467 -119063665951655.95 119063584407146.28
366.87559494009236 -124981480873144.22 124981397326706.59
366.87560428277004 -131271573174212.55 131271487551210.36
366.87561362544773 -137962402818304.56 137962315040344.41
366.87562296812541 -145085000755403.19 145084910740095.47
366.87563231080316 -152673237815249.78 152673145475950.78
366.87564165348084 -160764125656455.19 160764030901988.91
366.87565099615853 -169398154074566.25 169398056808924.19
366.87566033883621 -178619669615821.5 178619569737838.12
366.8756696815139 -188477301193803.66 188477198596805.47
366.87567902419158 -199024439284216.59 199024333855642.09
366.87568836686933 -210319776296319.09 210319667917306.91
366.87569770954701 -222427916922646.22 222427805467588.03
366.8757070522247 -235420068685044.62 235419954021099.62
366.87571639490238 -249374824557072.53 249374706543639.28
366.87572573758007 -264379051506125.19 264378929994266.47
366.87573508025775 -280528901128842.81 280528775960658.59
366.87574442293544 -297930961307519 297930832315462
366.87575376561318 -316703571092277.25 316703438098404.62
366.87576310829087 -336978324926478.31 336978187741632.88
366.87577245096855 -358901796998843.69 358901655421756.19
366.87578179364624 -382637522105588 382637375921892.06
366.87579113632393 -408368276128012.06 408368125109161.25
366.87580047900161 -436298707332674.56 436298551234750.12
366.87580982167935 -466658379504372.81 466658218066769.25
366.87581916435704 -499705299793589.69 499705132737562.88
366.87582850703473 -535730018595654.19 535729845622715.5
366.87583784971241 -575060406409430.5 575060227199567.12
366.8758471923901 -618067234179777.62 618067048389476.75
366.87585653506778 -665170710152257.75 665170517412309.25
366.87586587774547 -716848158911621 716847958824668.5
366.87587522042321 -773643068726812.62 773642860864619.88
366.8758845631009 -836175783570577.62 836175567470969.12
366.87589390577858 -905156178776606.12 905155953940037
366.87590324845627 -981398737836895.88 981398503722597.25
366.87591259113395 -1065840546546170.1 1065840302567807.2
366.87592193381164 -1159562845384245 1159562590905015
366.87593127648933 -1263816939394770.8 1263816673721853.5
366.87594061916707 -1380055466846910.8 1380055189225171
366.87594996184475 -1509970286947464.5 1509969996552284.5
366.87595930452244 -1655538580691168 1655538276620268.8
366.87596864720012 -1819079191551020 1819078872815099
366.87597798987781 -2003321796705700 2003321462217679.8
366.8759873325555 -2211492239256330.5 2211491887818975
366.87599667523324 -2447418327561000 2447417957852599.5
366.87600601791092 -2715661704710585.5 2715661315268349
366.87601536058861 -3021683125220919 3021682714421634.5
366.8760247032663 -3372050813032844.5 3372050379070270.5
366.87603404594398 -3774704747383028.5 3774704288241350
366.87604338862167 -4239294065318884.5 4239293578741411.5
366.87605273129935 -4777610764090939 4777610247543025
366.8760620739771 -5404151233775861 5404150684400750
366.87607141665478 -6136848888918038 6136848303484024
366.87608075933247 -6998037836840794 6998037211677624
366.87609010201015 -8015731447280768 8015730778202651
366.87609944468784 -9225334422653182 9225333704864986
366.87610878736552 -10671958006868460 10671957234850660
366.87611813004327 -12413583931692506 12413583099059042
366.87612747272095 -14525437330307358 14525436429628668
366.87613681539864 -17106104385036760 17106103407617594
366.87614615807632 -20286203631396456 20286202566994416
366.87615550075401 -24240852159172684 24240850995638172
366.8761648434317 -29207865080624120 29207863803434852
366.87617418610938 -35514773466792632 35514772058444860
