# serie phase 2 sous seuil p5_w1.73_c0.95_seuil : t x1 x2 (dt2=1.3901231711628271e-05)
399.99443950731535 -1.2745706994815085 0.065002221000645746
399.99445340854709 -1.2745694736927422 0.065017812318190635
399.99446730977877 -1.2745682476472955 0.065033403587754376
399.99448121101051 -1.274567021345169 0.06504899480932852
399.99449511224219 -1.2745657947863633 0.065064585982904627
399.99450901347393 -1.2745645679708795 0.06508017710847426
399.99452291470561 -1.2745633408987183 0.065095768186028982
399.99453681593735 -1.2745621135698806 0.065111359215560355
399.99455071716903 -1.2745608859843671 0.065126950197059941
399.99456461840077 -1.2745596581421788 0.065142541130519288
399.99457851963246 -1.2745584300433164 0.065158132015929959
399.99459242086419 -1.2745572016877806 0.065173722853283517
399.99460632209588 -1.2745559730755724 0.065189313642571523
399.99462022332762 -1.2745547442066927 0.065204904383785539
399.9946341245593 -1.274553515081142 0.065220495076917115
399.99464802579104 -1.2745522856989213 0.065236085721957812
399.99466192702272 -1.2745510560600313 0.065251676318899207
399.99467582825446 -1.274549826164473 0.065267266867732848
399.99468972948614 -1.2745485960122471 0.065282857368450284
399.99470363071788 -1.2745473656033544 0.06529844782104309
399.99471753194956 -1.2745461349377956 0.065314038225502816
399.9947314331813 -1.2745449040155716 0.065329628581821036
399.99474533441298 -1.2745436728366835 0.065345218889989301
399.99475923564472 -1.2745424414011317 0.065360809149999172
399.9947731368764 -1.2745412097089173 0.065376399361842211
399.99478703810814 -1.274539977760041 0.065391989525509966
399.99480093933983 -1.2745387455545036 0.065407579640994015
399.99481484057156 -1.274537513092306 0.065423169708285905
399.99482874180325 -1.274536280373449 0.065438759727377199
399.99484264303499 -1.2745350473979333 0.065454349698259459
399.99485654426672 -1.2745338141657598 0.065469939620924247
399.99487044549841 -1.2745325806769294 0.065485529495363112
399.99488434673015 -1.2745313469314428 0.06550111932156763
399.99489824796183 -1.2745301129293007 0.065516709099529349
399.99491214919357 -1.2745288786705042 0.065532298829239832
399.99492605042525 -1.2745276441550539 0.065547888510690641
399.99493995165699 -1.2745264093829507 0.065563478143873338
399.99495385288867 -1.2745251743541954 0.065579067728779486
399.99496775412041 -1.2745239390687888 0.065594657265400633
399.99498165535209 -1.2745227035267317 0.065610246753728355
399.99499555658383 -1.274521467728025 0.0656258361937542
399.99500945781551 -1.2745202316726694 0.065641425585469731
399.99502335904725 -1.2745189953606657 0.065657014928866511
399.99503726027893 -1.2745177587920149 0.065672604223936087
399.99505116151067 -1.2745165219667176 0.065688193470670037
399.99506506274236 -1.2745152848847747 0.065703782669059921
399.99507896397409 -1.2745140475461871 0.065719371819097289
399.99509286520578 -1.2745128099509555 0.065734960920773702
399.99510676643752 -1.2745115720990807 0.065750549974080724
399.9951206676692 -1.2745103339905637 0.065766138979009917
399.99513456890094 -1.274509095625405 0.065781727935552828
399.99514847013262 -1.2745078570036059 0.065797316843701034
399.99516237136436 -1.2745066181251667 0.065812905703446084
399.99517627259604 -1.2745053789900886 0.065828494514779554
399.99519017382778 -1.2745041395983723 0.065844083277692991
399.99520407505946 -1.2745028999500185 0.065859671992177959
399.9952179762912 -1.2745016600450281 0.06587526065822602
399.99523187752288 -1.2745004198834018 0.065890849275828722
399.99524577875462 -1.2744991794651406 0.065906437844977642
399.99525967998636 -1.2744979387902451 0.065922026365664327
399.99527358121804 -1.2744966978587164 0.06593761483788034
399.99528748244978 -1.2744954566705551 0.065953203261617258
399.99530138368146 -1.2744942152257621 0.065968791636866628
399.9953152849132 -1.2744929735243382 0.065984379963619999
399.99532918614489 -1.2744917315662843 0.065999968241868948
399.99534308737663 -1.2744904893516009 0.066015556471605036
399.99535698860831 -1.2744892468802893 0.066031144652819812
399.99537088984005 -1.2744880041523501 0.066046732785504852
399.99538479107173 -1.2744867611677839 0.066062320869651706
399.99539869230347 -1.2744855179265917 0.066077908905251934
399.99541259353515 -1.2744842744287743 0.066093496892297099
399.99542649476689 -1.2744830306743327 0.06610908483077875
399.99544039599857 -1.2744817866632674 0.066124672720688463
399.99545429723031 -1.2744805423955794 0.0661402605620178
399.99546819846199 -1.2744792978712696 0.066155848354758309
399.99548209969373 -1.2744780530903386 0.066171436098901554
399.99549600092541 -1.2744768080527873 0.066187023794439109
399.99550990215715 -1.2744755627586164 0.066202611441362524
399.99552380338883 -1.274474317207827 0.066218199039663347
399.99553770462057 -1.2744730714004198 0.066233786589333155
399.99555160585226 -1.2744718253363954 0.066249374090363508
399.995565507084 -1.2744705790157549 0.066264961542745957
399.99557940831568 -1.274469332438499 0.066280548946472076
399.99559330954742 -1.2744680856046284 0.066296136301533415
399.9956072107791 -1.2744668385141442 0.066311723607921536
399.99562111201084 -1.2744655911670471 0.066327310865628
399.99563501324258 -1.2744643435633378 0.066342898074644371
399.99564891447426 -1.2744630957030172 0.066358485234962211
399.995662815706 -1.274461847586086 0.066374072346573082
399.99567671693768 -1.2744605992125453 0.066389659409468532
399.99569061816942 -1.2744593505823956 0.066405246423640138
399.9957045194011 -1.274458101695638 0.066420833389079448
399.99571842063284 -1.274456852552273 0.066436420305778024
399.99573232186452 -1.2744556031523018 0.066452007173727443
399.99574622309626 -1.2744543534957249 0.066467593992919252
399.99576012432794 -1.2744531035825433 0.066483180763345015
399.99577402555968 -1.2744518534127576 0.06649876748499628
399.99578792679137 -1.2744506029863689 0.066514354157864622
399.9958018280231 -1.2744493523033777 0.066529940781941604
399.99581572925479 -1.2744481013637852 0.066545527357218776
399.99582963048653 -1.2744468501675918 0.066561113883687698
399.99584353171821 -1.2744455987147987 0.066576700361339947
399.99585743294995 -1.2744443470054065 0.066592286790167071
399.99587133418163 -1.2744430950394161 0.066607873170160634
399.99588523541337 -1.2744418428168283 0.066623459501312196
399.99589913664505 -1.2744405903376439 0.066639045783613321
399.99591303787679 -1.2744393376018637 0.066654632017055557
399.99592693910847 -1.2744380846094885 0.06667021820163048
399.99594084034021 -1.2744368313605192 0.066685804337329652
399.99595474157189 -1.2744355778549565 0.066701390424144621
399.99596864280363 -1.2744343240928013 0.066716976462066951
399.99598254403531 -1.2744330700740545 0.066732562451088218
399.99599644526705 -1.2744318157987167 0.066748148391199968
399.99601034649874 -1.2744305612667888 0.066763734282393766
399.99602424773047 -1.2744293064782717 0.066779320124661173
399.99603814896221 -1.2744280514331663 0.066794905917993752
399.9960520501939 -1.2744267961314732 0.066810491662383051
399.99606595142563 -1.2744255405731935 0.066826077357820646
399.99607985265732 -1.2744242847583276 0.066841663004298099
399.99609375388906 -1.2744230286868765 0.066857248601806959
399.99610765512074 -1.2744217723588411 0.066872834150338803
399.99612155635248 -1.2744205157742223 0.066888419649885178
399.99613545758416 -1.2744192589330208 0.066904005100437647
399.9961493588159 -1.2744180018352373 0.066919590501987772
399.99616326004758 -1.2744167444808729 0.066935175854527115
399.99617716127932 -1.2744154868699282 0.066950761158047239
399.996191062511 -1.2744142290024041 0.066966346412539707
399.99620496374274 -1.2744129708783014 0.066981931617996079
399.99621886497442 -1.2744117124976209 0.06699751677440792
399.99623276620616 -1.2744104538603633 0.067013101881766776
399.99624666743784 -1.2744091949665297 0.067028686940064225
399.99626056866958 -1.2744079358161207 0.067044271949291814
399.99627446990127 -1.2744066764091371 0.067059856909441121
399.99628837113301 -1.2744054167455798 0.067075441820503692
399.99630227236469 -1.2744041568254498 0.067091026682471092
399.99631617359643 -1.2744028966487477 0.067106611495334881
399.99633007482811 -1.2744016362154744 0.067122196259086622
399.99634397605985 -1.2744003755256306 0.067137780973717878
399.99635787729153 -1.2743991145792171 0.067153365639220211
399.99637177852327 -1.2743978533762348 0.067168950255585183
399.99638567975495 -1.2743965919166846 0.067184534822804357
399.99639958098669 -1.2743953302005673 0.06720011934086928
399.99641348221837 -1.2743940682278836 0.067215703809771529
399.99642738345011 -1.2743928059986345 0.067231288229502667
399.99644128468185 -1.2743915435128206 0.067246872600054242
399.99645518591353 -1.2743902807704428 0.067262456921417815
399.99646908714527 -1.274389017771502 0.067278041193584964
399.99648298837695 -1.2743877545159989 0.067293625416547237
399.99649688960869 -1.2743864910039344 0.067309209590296196
399.99651079084038 -1.2743852272353093 0.067324793714823403
399.99652469207211 -1.2743839632101246 0.06734037779012042
399.9965385933038 -1.2743826989283809 0.067355961816178811
399.99655249453554 -1.274381434390079 0.067371545792990137
399.99656639576722 -1.2743801695952197 0.06738712972054596
399.99658029699896 -1.2743789045438039 0.067402713598837843
399.99659419823064 -1.2743776392358324 0.067418297427857349
399.99660809946238 -1.2743763736713061 0.067433881207596025
399.99662200069406 -1.2743751078502257 0.067449464938045448
399.9966359019258 -1.2743738417725921 0.067465048619197179
399.99664980315748 -1.2743725754384061 0.067480632251042769
399.99666370438922 -1.2743713088476685 0.067496215833573792
399.9966776056209 -1.2743700420003801 0.067511799366781797
399.99669150685264 -1.2743687748965418 0.067527382850658346
399.99670540808432 -1.2743675075361542 0.067542966285195016
399.99671930931606 -1.2743662399192184 0.067558549670383355
399.99673321054775 -1.2743649720457351 0.067574133006214926
399.99674711177948 -1.2743637039157052 0.06758971629268129
399.99676101301117 -1.2743624355291294 0.06760529952977401
399.99677491424291 -1.2743611668860086 0.067620882717484648
399.99678881547459 -1.2743598979863435 0.067636465855804767
399.99680271670633 -1.274358628830135 0.067652048944725929
399.99681661793801 -1.2743573594173838 0.067667631984239696
399.99683051916975 -1.274356089748091 0.06768321497433763
399.99684442040149 -1.2743548198222572 0.067698797915011294
399.99685832163317 -1.2743535496398832 0.067714380806252236
399.99687222286491 -1.2743522792009701 0.067729963648052033
399.99688612409659 -1.2743510085055183 0.067745546440402246
399.99690002532833 -1.2743497375535289 0.067761129183294425
399.99691392656001 -1.2743484663450027 0.067776711876720144
399.99692782779175 -1.2743471948799405 0.067792294520670954
399.99694172902343 -1.2743459231583432 0.067807877115138429
399.99695563025517 -1.2743446511802115 0.067823459660114119
399.99696953148685 -1.2743433789455461 0.067839042155589599
399.99698343271859 -1.2743421064543479 0.067854624601556418
399.99699733395028 -1.2743408337066178 0.067870206998006138
399.99701123518201 -1.2743395607023567 0.067885789344930336
399.9970251364137 -1.2743382874415652 0.06790137164232056
399.99703903764544 -1.2743370139242443 0.067916953890168372
399.99705293887712 -1.2743357401503947 0.067932536088465334
399.99706684010886 -1.2743344661200173 0.067948118237203009
399.99708074134054 -1.2743331918331131 0.067963700336372973
399.99709464257228 -1.2743319172896825 0.067979282385966774
399.99710854380396 -1.2743306424897267 0.067994864385975975
399.9971224450357 -1.2743293674332463 0.068010446336392139
399.99713634626738 -1.2743280921202422 0.068026028237206826
399.99715024749912 -1.2743268165507151 0.0680416100884116
399.9971641487308 -1.2743255407246661 0.068057191889998023
399.99717804996254 -1.2743242646420958 0.068072773641957643
399.99719195119422 -1.2743229883030049 0.068088355344282037
399.99720585242596 -1.2743217117073946 0.068103936996962766
399.99721975365765 -1.2743204348552655 0.068119518599991394
399.99723365488938 -1.2743191577466182 0.068135100153359482
399.99724755612112 -1.2743178803814539 0.068150681657058593
399.99726145735281 -1.2743166027597732 0.068166263111080275
399.99727535858455 -1.2743153248815771 0.068181844515416104
399.99728925981623 -1.2743140467468661 0.068197425870057643
399.99730316104797 -1.2743127683556412 0.068213007174996454
399.99731706227965 -1.2743114897079033 0.068228588430224085
399.99733096351139 -1.2743102108036533 0.068244169635732113
399.99734486474307 -1.2743089316428917 0.0682597507915121
399.99735876597481 -1.2743076522256196 0.068275331897555594
399.99737266720649 -1.2743063725518378 0.068290912953854171
399.99738656843823 -1.2743050926215469 0.068306493960399381
399.99740046966991 -1.2743038124347479 0.068322074917182798
399.99741437090165 -1.2743025319914416 0.068337655824195986
399.99742827213333 -1.274301251291629 0.068353236681430493
399.99744217336507 -1.2742999703353106 0.068368817488877895
399.99745607459676 -1.2742986891224874 0.06838439824652974
399.99746997582849 -1.2742974076531601 0.068399978954377605
399.99748387706018 -1.2742961259273298 0.068415559612413038
399.99749777829192 -1.274294843944997 0.068431140220627615
399.9975116795236 -1.2742935617061626 0.068446720779012885
399.99752558075534 -1.2742922792108275 0.068462301287560423
399.99753948198702 -1.2742909964589926 0.068477881746261779
399.99755338321876 -1.2742897134506583 0.068493462155108528
399.99756728445044 -1.2742884301858259 0.068509042514092219
399.99758118568218 -1.2742871466644961 0.068524622823204429
399.99759508691386 -1.2742858628866696 0.068540203082436704
399.9976089881456 -1.2742845788523471 0.068555783291780623
399.99762288937734 -1.2742832945615299 0.068571363451227732
399.99763679060902 -1.2742820100142185 0.068586943560769609
399.99765069184076 -1.2742807252104136 0.068602523620397801
399.99766459307244 -1.2742794401501163 0.068618103630103885
399.99767849430418 -1.2742781548333273 0.06863368358987941
399.99769239553586 -1.2742768692600472 0.068649263499715951
399.9977062967676 -1.2742755834302772 0.068664843359605057
399.99772019799929 -1.274274297344018 0.068680423169538304
399.99773409923102 -1.2742730110012703 0.068696002929507255
399.99774800046271 -1.274271724402035 0.068711582639503457
399.99776190169445 -1.274270437546313 0.068727162299518488
399.99777580292613 -1.274269150434105 0.068742741909543895
399.99778970415787 -1.2742678630654118 0.068758321469571254
399.99780360538955 -1.2742665754402345 0.068773900979592115
399.99781750662129 -1.2742652875585736 0.068789480439598052
399.99783140785297 -1.2742639994204301 0.06880505984958063
399.99784530908471 -1.2742627110258047 0.068820639209531395
399.99785921031639 -1.2742614223746982 0.068836218519441925
399.99787311154813 -1.2742601334671115 0.068851797779303767
399.99788701277981 -1.2742588443030456 0.068867376989108497
399.99790091401155 -1.274257554882501 0.068882956148847679
399.99791481524323 -1.2742562652054787 0.068898535258512875
399.99792871647497 -1.2742549752719796 0.068914114318095632
399.99794261770666 -1.2742536850820043 0.068929693327587527
399.99795651893839 -1.2742523946355537 0.068945272286980122
399.99797042017008 -1.2742511039326287 0.06896085119626498
399.99798432140182 -1.27424981297323 0.068976430055433649
399.9979982226335 -1.2742485217573585 0.068992008864477705
399.99801212386524 -1.274247230285015 0.069007587623388711
399.99802602509698 -1.2742459385562004 0.069023166332158228
399.99803992632866 -1.2742446465709154 0.06903874499077782
399.9980538275604 -1.2742433543291609 0.069054323599239048
399.99806772879208 -1.2742420618309378 0.069069902157533475
399.99808163002382 -1.2742407690762467 0.069085480665652663
399.9980955312555 -1.2742394760650888 0.069101059123588174
399.99810943248724 -1.2742381827974645 0.069116637531331571
399.99812333371892 -1.2742368892733749 0.069132215888874415
399.99813723495066 -1.2742355954928206 0.06914779419620827
399.99815113618234 -1.2742343014558026 0.069163372453324698
399.99816503741408 -1.2742330071623218 0.06917895066021526
399.99817893864576 -1.2742317126123788 0.069194528816871534
399.9981928398775 -1.2742304178059745 0.069210106923285067
399.99820674110919 -1.2742291227431097 0.069225684979447422
399.99822064234093 -1.2742278274237853 0.069241262985350174
399.99823454357261 -1.2742265318480022 0.069256840940984873
399.99824844480435 -1.2742252360157609 0.069272418846343081
399.99826234603603 -1.2742239399270625 0.069287996701416374
399.99827624726777 -1.2742226435819077 0.0693035745061963
399.99829014849945 -1.2742213469802974 0.069319152260674435
399.99830404973119 -1.2742200501222325 0.069334729964842329
399.99831795096287 -1.2742187530077136 0.069350307618691556
399.99833185219461 -1.2742174556367418 0.06936588522221368
399.99834575342629 -1.2742161580093176 0.069381462775400249
399.99835965465803 -1.2742148601254422 0.069397040278242839
399.99837355588971 -1.274213561985116 0.069412617730733012
399.99838745712145 -1.2742122635883402 0.06942819513286233
399.99840135835314 -1.2742109649351154 0.069443772484622357
399.99841525958487 -1.2742096660254425 0.069459349786004654
399.99842916081661 -1.2742083668593223 0.069474927037000783
399.9984430620483 -1.2742070674367556 0.069490504237602307
399.99845696328003 -1.2742057677577432 0.069506081387800789
399.99847086451172 -1.2742044678222861 0.06952165848758779
399.99848476574346 -1.2742031676303851 0.069537235536954872
399.99849866697514 -1.2742018671820408 0.069552812535893599
399.99851256820688 -1.274200566477254 0.069568389484395546
399.99852646943856 -1.2741992655160259 0.069583966382452261
399.9985403706703 -1.274197964298357 0.069599543230055308
399.99855427190198 -1.2741966628242483 0.069615120027196262
399.99856817313372 -1.2741953610937005 0.069630696773866671
399.9985820743654 -1.2741940591067145 0.069646273470058112
399.99859597559714 -1.2741927568632909 0.069661850115762147
399.99860987682882 -1.274191454363431 0.069677426710970325
399.99862377806056 -1.2741901516071352 0.069693003255674221
399.99863767929224 -1.2741888485944044 0.069708579749865399
399.99865158052398 -1.2741875453252396 0.069724156193535419
399.99866548175567 -1.2741862417996415 0.069739732586675846
399.9986793829874 -1.2741849380176109 0.06975530892927824
399.99869328421909 -1.2741836339791486 0.069770885221334164
399.99870718545083 -1.2741823296842554 0.069786461462835181
399.99872108668251 -1.2741810251329322 0.069802037653772867
399.99873498791425 -1.2741797203251799 0.069817613794138769
399.99874888914593 -1.2741784152609994 0.069833189883924451
399.99876279037767 -1.2741771099403914 0.069848765923121489
399.99877669160935 -1.2741758043633564 0.069864341911721431
399.99879059284109 -1.2741744985298957 0.069879917849715853
399.99880449407277 -1.2741731924400099 0.069895493737096318
399.99881839530451 -1.2741718860936999 0.069911069573854373
399.99883229653625 -1.2741705794909666 0.069926645359981596
399.99884619776793 -1.2741692726318106 0.069942221095469548
399.99886009899967 -1.2741679655162328 0.069957796780309792
399.99887400023135 -1.2741666581442341 0.06997337241449389
399.99888790146309 -1.2741653505158155 0.069988947998013404
399.99890180269477 -1.2741640426309775 0.070004523530859911
399.99891570392651 -1.2741627344897211 0.070020099013024958
399.9989296051582 -1.2741614260920469 0.070035674444500109
399.99894350638994 -1.274160117437956 0.07005124982527694
399.99895740762162 -1.2741588085274491 0.070066825155346998
399.99897130885336 -1.2741574993605271 0.070082400434701861
399.99898521008504 -1.2741561899371907 0.07009797566333309
399.99899911131678 -1.2741548802574407 0.070113550841232247
399.99901301254846 -1.2741535703212781 0.070129125968390882
399.9990269137802 -1.2741522601287036 0.07014470104480057
399.99904081501188 -1.2741509496797181 0.070160276070452873
399.99905471624362 -1.2741496389743223 0.070175851045339369
399.9990686174753 -1.2741483280125172 0.070191425969451604
399.99908251870704 -1.2741470167943036 0.070207000842781142
399.99909641993872 -1.2741457053196823 0.070222575665319559
399.99911032117046 -1.2741443935886541 0.070238150437058403
399.99912422240214 -1.2741430816012196 0.07025372515798925
399.99913812363388 -1.27414176935738 0.070269299828103662
399.99915202486557 -1.274140456857136 0.070284874447393189
399.99916592609731 -1.2741391441004883 0.070300449015849406
399.99917982732899 -1.2741378310874378 0.070316023533463876
399.99919372856073 -1.2741365178179853 0.07033159800022816
399.99920762979247 -1.2741352042921317 0.070347172416133835
399.99922153102415 -1.2741338905098778 0.07036274678117245
399.99923543225589 -1.2741325764712244 0.070378321095335566
399.99924933348757 -1.2741312621761725 0.070393895358614761
399.99926323471931 -1.2741299476247225 0.070409469571001596
399.99927713595099 -1.2741286328168757 0.070425043732487619
399.99929103718273 -1.2741273177526327 0.070440617843064407
399.99930493841441 -1.2741260024319943 0.070456191902723522
399.99931883964615 -1.2741246868549614 0.070471765911456527
399.99933274087783 -1.2741233710215347 0.070487339869254984
399.99934664210957 -1.2741220549317152 0.070502913776110468
399.99936054334125 -1.2741207385855036 0.070518487632014529
399.99937444457299 -1.2741194219829008 0.070534061436958728
399.99938834580468 -1.2741181051239077 0.070549635190934643
399.99940224703641 -1.2741167880085249 0.070565208893933834
399.9994161482681 -1.2741154706367535 0.070580782545947865
399.99943004949984 -1.274114153008594 0.070596356146968284
399.99944395073152 -1.2741128351240474 0.070611929696986667
399.99945785196326 -1.2741115169831145 0.07062750319599459
399.99947175319494 -1.2741101985857963 0.070643076643983602
399.99948565442668 -1.2741088799320934 0.070658650040945264
399.99949955565836 -1.2741075610220067 0.070674223386871154
399.9995134568901 -1.2741062418555371 0.07068979668175282
399.99952735812178 -1.2741049224326852 0.070705369925581837
399.99954125935352 -1.274103602753452 0.070720943118349769
399.9995551605852 -1.2741022828178383 0.070736516260048177
399.99956906181694 -1.274100962625845 0.070752089350668623
399.99958296304862 -1.2740996421774728 0.070767662390202671
399.99959686428036 -1.2740983214727226 0.070783235378641896
399.9996107655121 -1.2740970005115952 0.070798808315977846
399.99962466674378 -1.2740956792940914 0.070814381202202098
399.99963856797552 -1.2740943578202122 0.070829954037306214
399.99965246920721 -1.2740930360899583 0.070845526821281757
399.99966637043894 -1.2740917141033303 0.070861099554120288
399.99968027167063 -1.2740903918603295 0.070876672235813371
399.99969417290237 -1.2740890693609563 0.070892244866352566
399.99970807413405 -1.2740877466052118 0.070907817445729437
399.99972197536579 -1.2740864235930967 0.070923389973935561
399.99973587659747 -1.2740851003246116 0.070938962450962498
399.99974977782921 -1.2740837767997577 0.070954534876801797
399.99976367906089 -1.2740824530185357 0.070970107251445036
399.99977758029263 -1.2740811289809464 0.070985679574883775
399.99979148152431 -1.2740798046869908 0.071001251847109592
399.99980538275605 -1.2740784801366694 0.071016824068114034
399.99981928398773 -1.2740771553299832 0.071032396237888665
399.99983318521947 -1.2740758302669331 0.071047968356425059
399.99984708645115 -1.2740745049475197 0.07106354042371478
399.99986098768289 -1.2740731793717441 0.07107911243974939
399.99987488891458 -1.2740718535396072 0.07109468440452045
399.99988879014631 -1.2740705274511095 0.071110256318019524
399.999902691378 -1.274069201106252 0.071125828180238174
399.99991659260974 -1.2740678745050353 0.071141399991167975
399.99993049384142 -1.2740665476474606 0.071156971750800477
399.99994439507316 -1.2740652205335286 0.071172543459127255
399.99995829630484 -1.27406389316324 0.071188115116139872
399.99997219753658 -1.2740625655365956 0.07120368672182989
399.99998609876826 -1.2740612376535965 0.071219258276188871
400 -1.2740599095142433 0.071234829779208392
