# serie phase 2 p5_w2.27_c1.20_dt2_k2 : t x1 x2 (dt2=1.1198441119223875e-05, depart t=11.388 etat bascule x1 x2 v1 v2 = 39134.313482382669 -38834.743946464958 1704821.6722389129 -1699575.6259041994)
11.459670023163033 517144063.67165357 -517130687.13191789
11.459681221604152 521553536.89393252 -521540114.84749275
11.459692420045272 526012012.36294621 -525998544.53818655
11.45970361848639 530520162.03580058 -530506648.15878326
11.45971481692751 535078668.83989793 -535065108.63433737
11.459726015368629 539688226.88085246 -539674620.06808901
11.459737213809749 544349541.65489423 -544335887.95386755
11.459748412250867 549063330.26587093 -549049629.39309323
11.459759610691988 553830321.64696145 -553816573.31649005
11.459770809133106 558651256.78721213 -558637460.7106216
11.459782007574226 563526888.96301758 -563513044.84937179
11.459793206015345 568457983.97466528 -568444091.53048897
11.459804404456465 573445320.3880682 -573431379.31731796
11.459815602897583 578489689.78181195 -578475699.78584695
11.459826801338702 583591896.99965119 -583577857.77720356
11.459837999779822 588752760.4085902 -588738671.65573478
11.45984919822094 593973112.16268134 -593958973.5728054
11.45986039666206 599253798.4726851 -599239609.73645699
11.459871595103179 604595679.88174307 -604581440.6870811
11.459882793544299 609999631.54721141 -609985341.57925177
11.459893991985417 615466543.52880561 -615452202.46987021
11.459905190426538 620997321.08322191 -620982928.61278546
11.459916388867656 626592884.96539283 -626578440.7600497
11.459927587308776 632254171.73654962 -632239675.46998
11.459938785749895 637982134.07925916 -637967585.42219484
11.459949984191013 643777741.11961877 -643763139.73980856
11.459961182632133 649641978.75678837 -649627324.31896245
11.459972381073252 655575850.00004542 -655561142.1658802
11.459983579514372 661580375.31355846 -661565613.74163985
11.45999477795549 667656592.96907663 -667641777.31486356
11.46000597639661 673805559.4067415 -673790689.32252824
11.460017174837729 680028349.60422587 -680013424.73910439
11.460028373278849 686326057.45442593 -686311077.45424747
11.460039571719967 692699796.151914 -692684760.6592499
11.460050770161088 699150698.5883925 -699135607.2424947
11.460061968602206 705679917.75738204 -705664770.19414294
11.460073167043326 712288627.16838181 -712273423.02029324
11.460084365484445 718978021.27075529 -718962760.16686749
11.460095563925563 725749315.88759589 -725733997.45347512
11.460106762366683 732603748.65983534 -732588372.51752138
11.460117960807802 739542579.50087333 -739527145.26883626
11.460129159248922 746567091.06199777 -746551598.35509396
11.46014035769004 753678589.20888901 -753663037.63831651
11.46015155613116 760878403.50950432 -760862792.6827575
11.460162754572279 768167887.73364902 -768152217.25447249
11.460173953013399 775548420.36454761 -775532689.8328898
11.460185151454517 783021405.12273836 -783005614.13470387
11.460196349895638 790588271.50262153 -790572419.65042305
11.460207548336756 798250475.32201135 -798234562.19392061
11.460218746777874 806009499.28504372 -805993524.46534216
11.460229945218995 813866853.55879796 -813850816.6277262
11.460241143660113 821824076.36401439 -821807976.89772081
11.460252342101233 829882734.58029544 -829866572.15078437
11.460263540542352 838044424.36618352 -838028198.54126227
11.460274738983472 846310771.79453301 -846294482.13775837
11.46028593742459 854683433.50359643 -854667079.57422006
11.46029713586571 863164097.36425817 -863147678.71717131
11.460308334306829 871754483.16387355 -871737999.34955072
11.460319532747949 880456343.30717015 -880439793.87161207
11.460330731189067 889271463.53469312 -889254848.01936841
11.460341929630188 898201663.65928853 -898184981.60107517
11.460353128071306 907248798.32113361 -907232049.25225854
11.460364326512424 916414757.76183438 -916397941.20981276
11.460375524953545 925701468.61813951 -925684584.10571289
11.460386723394663 935110894.73582029 -935093941.7808938
11.460397921835783 944645038.00429559 -944628016.119874
11.460409120276902 954305939.21259201 -954288847.90671456
11.460420318718022 964095678.92726314 -964078517.70293772
11.46043151715914 974016378.39289534 -973999146.74803138
11.46044271560026 984070200.45584393 -984052897.88318419
11.460453914041379 994259350.51188171 -994241976.49893284
11.460465112482499 1004586077.4784617 -1004568631.5074239
11.460476310923617 1015052674.7922975 -1015035156.3399928
11.460487509364736 1025661481.4330074 -1025643889.9708067
11.460498707805856 1036414882.973596 -1036397217.9673455
11.460509906246974 1047315312.6585501 -1047297573.5684953
11.460521104688095 1058365252.510376 -1058347438.7910854
11.460532303129213 1069567234.4654195 -1069549345.565707
11.460543501570333 1080923841.5398288 -1080905876.9026742
11.460554700011452 1092437709.0265672 -1092419668.089036
11.460565898452572 1104111525.7244051 -1104093407.9175661
11.46057709689369 1115948035.1998541 -1115929839.9486964
11.46058829533481 1127950037.0830336 -1127931763.8063817
11.460599493775929 1140120388.3984847 -1140102036.5089128
11.460610692217049 1152462004.9320016 -1152443573.8357453
11.460621890658167 1164977862.6345751 -1164959351.7314427
11.460633089099286 1177670999.0645783 -1177652407.7478595
11.460644287540406 1190544514.8693578 -1190525842.525732
11.460655485981524 1203601575.3074558 -1203582821.3168979
11.460666684422645 1216845411.8126988 -1216826575.5483832
11.460677882863763 1230279323.6014676 -1230260404.4296715
11.460689081304883 1243906679.3244689 -1243887676.6044731
11.460700279746002 1257730918.7643895 -1257711831.8483777
11.460711478187122 1271755554.5808902 -1271736382.8138463
11.46072267662824 1285984174.104404 -1285964916.824008
11.46073387506936 1300420441.1802688 -1300401097.7167902
11.460745073510479 1315068098.0647993 -1315048667.7409892
11.460756271951597 1329930967.3749344 -1329911449.5059156
11.460767470392717 1345012954.093148 -1344993347.9863024
11.460778668833836 1360318047.6293995 -1360298352.5842545
11.460789867274956 1375850323.9419436 -1375830539.2500553
11.460801065716074 1391613947.7188921 -1391594072.6637278
11.460812264157195 1407613174.6224747 -1407593208.4792917
11.460823462598313 1423852353.5980291 -1423832295.6337523
11.460834661039433 1440335929.2498143 -1440315778.7229111
11.460845859480552 1457068444.2858276 -1457048200.4461811
11.460857057921672 1474054542.0338724 -1474034204.1226506
11.46086825636279 1491298969.0312111 -1491278536.2807364
11.46087945480391 1508806577.6902294 -1508786049.3238425
11.460890653245029 1526582329.0426078 -1526561704.2745321
11.460901851686147 1544631295.5646002 -1544610573.5998008
11.460913050127267 1562958664.0861259 -1562937844.1201682
11.460924248568386 1581569738.7864645 -1581548820.0053692
11.460935447009506 1600469944.2794287 -1600448925.8595235
11.460946645450624 1619664828.7910678 -1619643709.8988371
11.460957843891745 1639160067.4329789 -1639138847.2249103
11.460969042332863 1658961465.5744772 -1658940143.1969049
11.460980240773983 1679074962.3169849 -1679053536.905931
11.460991439215102 1699506634.0740895 -1699485104.7551005
11.461002637656222 1720262698.2609236 -1720241064.148905
11.46101383609734 1741349517.0966263 -1741327777.2956738
11.461025034538459 1762773601.5237348 -1762751755.1269624
11.461036232979579 1784541615.2485731 -1784519661.3379366
11.461047431420697 1806660378.9068313 -1806638316.5529499
11.461058629861817 1829136874.3587315 -1829114702.6207044
11.461069828302936 1851978249.1182754 -1851955967.0434964
11.461081026744056 1875191820.9212754 -1875169427.5452421
11.461092225185174 1898785082.4370573 -1898762576.7831774
11.461103423626295 1922765706.1289749 -1922743087.208369
11.461114622067413 1947141549.2689252 -1947118816.0802243
11.461125820508533 1971920659.1114168 -1971897810.6405571
11.461137018949652 1997111278.232888 -1997088313.4529004
11.461148217390772 2022721850.0421727 -2022698767.9129689
11.46115941583189 2048761024.4683239 -2048737823.9364772
11.461170614273009 2075237663.8322182 -2075214343.8307405
11.461181812714129 2102160848.9085829 -2102137408.3566968
11.461193011155247 2129539885.1854162 -2129516322.9883227
11.461204209596367 2157384309.3279963 -2157360624.376637
11.461215408037486 2185703895.8550339 -2185680087.0258493
11.461226606478606 2214508664.0347548 -2214484730.1894364
11.461237804919724 2243808885.0090995 -2243784824.9943366
11.461249003360845 2273615089.1545448 -2273590901.8017669
11.461260201801963 2303938073.6883149 -2303913757.8134284
11.461271400243083 2334788910.5292411 -2334764464.9323597
11.461282598684202 2366178954.4228024 -2366154377.8879728
11.46129379712532 2398119851.3403845 -2398095142.6353049
11.46130499556644 2430623547.1631403 -2430598705.0388741
11.461316194007559 2463702296.6612787 -2463677319.8519607
11.461327392448679 2497368672.7801504 -2497343560.0026879
11.461338590889797 2531635576.2448158 -2531610326.1985826
11.461349789330917 2566516245.4954672 -2566490856.8619905
11.461360987772036 2602024266.9664841 -2601998738.4091249
11.461372186213156 2638173585.7225051 -2638147915.8861313
11.461383384654274 2674978516.4654536 -2674952703.9761062
11.461394583095394 2712453754.9270482 -2712427798.3916001
11.461405781536513 2750614389.6620464 -2750588287.6678529
11.461416979977633 2789475914.257987 -2789449665.372529
11.461428178418752 2829054239.9780412 -2829027842.74856
11.46143937685987 2869365708.8542271 -2869339161.8073511
11.46145057530099 2910427107.2490597 -2910400408.8904228
11.461461773742109 2952255679.9044461 -2952228828.7182975
11.461472972183229 2994869144.4974852 -2994842138.9462886
11.461484170624347 3038285706.7238731 -3038258545.2478991
11.461495369065467 3082524075.9303608 -3082496756.9472675
11.461506567506586 3127603481.3186836 -3127576003.2230902
11.461517765947706 3173543688.7445188 -3173516049.9075661
11.461528964388824 3220365018.1360693 -3220337216.9049721
11.461540162829944 3268088361.5579906 -3268060396.255578
11.461551361271063 3316735201.9474835 -3316707070.8717308
11.461562559712181 3366327632.5507574 -3366299333.9743032
11.461573758153301 3416888377.0893159 -3416859909.2589707
11.46158495659442 3468440810.6868596 -3468412171.823101
11.46159615503554 3521008981.5891476 -3520980169.8856044
11.461607353476658 3574617633.710566 -3574588647.3334885
11.461618551917779 3629292230.0427642 -3629263067.1304822
11.461629750358897 3685058976.9626207 -3685029635.62499
11.461640948800017 3741944849.4781775 -3741915327.7960091
11.461652147241136 3799977617.4533639 -3799947913.4778414
11.461663345682256 3859185872.854393 -3859155984.6064763
11.461674544123374 3919599058.062387 -3919568983.5321989
11.461685742564494 3981247495.2992425 -3981217232.4454427
11.461696941005613 4044162417.2160082 -4044131963.965148
11.461708139446731 4108375998.6954179 -4108345352.9412823
11.461719337887851 4173921389.9229312 -4173890549.5258613
11.46173053632897 4240832750.783083 -4240801713.569283
11.46174173477009 4309145286.6409931 -4309114050.4018192
11.461752933211208 4378895285.5717936 -4378863848.0630226
11.461764131652329 4450120157.103981 -4450088516.045064
11.461775330093447 4522858472.5458174 -4522826625.6191092
11.461786528534567 4597150006.9677696 -4597117951.8177423
11.461797726975686 4673035782.9173632 -4673003517.1497965
11.461808925416806 4750558115.9470692 -4750525637.1282206
11.461820123857924 4829760662.0397415 -4829727967.6954937
11.461831322299043 4910688467.0206156 -4910655554.6356001
11.461842520740163 4993388018.0497637 -4993354885.0664644
11.461853719181281 5077907297.2933187 -5077873941.1111479
11.461864917622401 5164295837.8773031 -5164262255.8516531
11.46187611606352 5252604782.233695 -5252570971.6749659
11.46188731450464 5342886942.953536 -5342852901.1261358
11.461898512945758 5435196866.2680597 -5435162590.3893747
11.461909711386879 5529590898.2861214 -5529556385.5254612
11.461920909827997 5626127254.1227493 -5626092501.6002617
11.461932108269117 5724866090.0605564 -5724831094.8461103
11.461943306710236 5825869578.8939075 -5825834338.0059462
11.461954505151356 5929201988.6140318 -5929166499.0183945
11.461965703592474 6034929764.6018105 -6034894023.2105188
11.461976902033593 6143121615.5037565 -6143085619.1737671
11.461988100474713 6253848602.9780884 -6253812348.5100088
11.461999298915831 6367184235.5066843 -6367147719.6434536
11.462010497356951 6483204566.4804115 -6483167785.9059401
11.46202169579807 6601988296.7771931 -6601951248.1149654
11.46203289423919 6723616882.0643082 -6723579561.8759441
11.462044092680308 6848174645.0702314 -6848137049.8540039
11.462055291121429 6975748893.084938 -6975711019.2742462
11.462066489562547 7106430040.9632502 -7106391884.9250507
11.462077688003667 7240311739.92136 -7240273297.9545469
11.462088886444786 7377491012.4336462 -7377452280.7673845
11.462100084885904 7518068393.555665 -7518029368.3476734
11.462111283327024 7662148079.017765 -7662108756.3525467
11.462122481768143 7809838080.4548597 -7809798456.341877
11.462133680209263 7961250388.1595812 -7961210458.531374
11.462144878650381 8116501141.7703238 -8116460902.4805746
11.462156077091501 8275710809.3289328 -8275670256.150465
11.46216727553262 8439004375.1705732 -8438963503.7932882
11.46217847397374 8606511537.1377811 -8606470343.1665325
11.462189672414858 8778366913.6388283 -8778325392.5912266
11.462200870855979 8954710261.1047211 -8954668408.4088726
11.462212069297097 9135686702.4318962 -9135644513.4240608
11.462223267738217 9321446967.0378742 -9321404436.9600544
11.462234466179336 9512147643.1945934 -9512104767.1920395
11.462245664620454 9707951443.3464985 -9707908216.4651413
11.462256863061574 9909027483.1669426 -9908983900.3507309
11.462268061502693 10115551575.15354 -10115507631.241695
11.462279259943813 10327706537.618134 -10327662227.342314
11.462290458384931 10545682519.979645 -10545637837.961012
11.462301656826051 10769677345.328869 -10769632286.075054
11.46231285526717 10999896871.300444 -10999851429.202414
11.46232405370829 11236555370.355623 -11236509539.684439
11.462335252149408 11479875930.648918 -11479829705.55238
11.462346450590529 11730090878.738752 -11730044253.237932
11.462357649031647 11987442225.481361 -11987395193.467009
11.462368847472765 12252182136.542332 -12252134691.77116
11.462380045913886 12524573429.059589 -12524525565.150425
11.462391244355004 12804890096.093304 -12804841806.523102
11.462402442796124 13093417860.618071 -13093369138.717787
11.462413641237243 13390454760.93471 -13390405599.885023
11.462424839678363 13696311769.509018 -13696262162.335899
11.462436038119481 14011313447.391262 -14011263386.961378
11.462447236560601 14335798636.522627 -14335748115.538578
11.46245843500172 14670121192.403229 -14670070203.398613
11.46246963344284 15014650759.7743 -15014599295.108583
11.462480831883958 15369773594.164553 -15369721646.017759
11.462492030325079 15735893432.357803 -15735840992.724991
11.462503228766197 16113432415.07081 -16113379475.756348
11.462514427207315 16502832065.372135 -16502778617.983751
11.462525625648436 16904554326.641081 -16904500362.583685
11.462536824089554 17319082664.155323 -17319028174.624592
11.462548022530674 17746923234.707993 -17746868210.683693
11.462559220971793 18188606128.995045 -18188550561.234108
11.462570419412913 18644686691.877552 -18644630570.90686
11.462581617854031 19115746926.032665 -19115690242.141548
11.462592816295151 19602396984.937355 -19602339728.169792
11.46260401473627 20105276761.598003 -20105218921.744503
11.46261521317739 20625057579.958351 -20624999146.547493
11.462626411618508 21162443996.476643 -21162384958.766281
11.462637610059627 21718175719.968056 -21718116066.936142
11.462648808500747 22293029658.481861 -22292969378.816891
11.462660006941865 22887822102.702934 -22887761184.793987
11.462671205382986 23503411056.15276 -23503349488.079117
11.462682403824104 24140698723.337536 -24140636492.857841
11.462693602265224 24800634167.935085 -24800571262.476048
11.462704800706343 25484216154.138512 -25484152560.783104
11.462715999147463 26192496185.410057 -26192431890.885201
11.462727197588581 26926581756.140903 -26926516746.804607
11.462738396029701 27687639833.049965 -27687574094.877876
11.46274959447082 28476900584.674095 -28476834103.245457
11.46276079291194 29295661378.911678 -29295594139.39463
11.462771991353058 30145291070.39315 -30145223057.529373
11.462783189794177 31027234601.40126 -31027165799.489883
11.462794388235297 31943017942.271496 -31942948335.152275
11.462805586676415 32894253399.568569 -32894182970.604256
11.462816785117536 33882645322.972439 -33882574055.030312
11.462827983558654 34909996244.727852 -34909924120.160362
11.462839181999774 35978213488.718094 -35978140489.342575
11.462850380440893 37089316289.760406 -37089242396.837776
11.462861578882013 38245443467.656998 -38245368661.869431
11.462872777323131 39448861704.859413 -39448785966.28688
11.462883975764251 40701974481.451622 -40701897789.547256
11.46289517420537 42007331726.462143 -42007254060.026352
11.462906372646488 43367640250.428734 -43367561587.581978
11.462917571087608 44785775030.790237 -44785695348.944427
11.462928769528727 46264791428.890701 -46264710704.719048
11.462939967969847 47807938425.630646 -47807856635.035957
11.462951166410965 49418672971.876877 -49418590089.958145
11.462962364852086 51100675559.822075 -51100591560.839279
11.462973563293204 52857867132.805725 -52857781990.142693
11.462984761734324 54694427463.846237 -54694341149.971481
11.462995960175443 56614815147.252792 -56614727633.678162
11.463007158616563 58623789363.54493 -58623700620.781937
11.463018357057681 60726433595.776985 -60726343593.290665
11.463029555498801 62928181495.328285 -62928090201.488388
11.46304075393992 65234845117.724571 -65234752499.753937
11.463051952381038 67652645774.46801 -67652551798.387909
11.463063150822158 70188247775.301025 -70188152405.873276
11.463074349263277 72848795367.643372 -72848698568.308929
11.463085547704397 75641953216.500992 -75641854949.314896
11.463096746145515 78575950809.236206 -78575851034.798492
11.463107944586636 81659631216.249222 -81659529893.631516
11.463119143027754 84902504692.140076 -84902401778.807632
11.463130341468874 88314807661.907303 -88314703113.636063
11.463141539909993 91907567705.353088 -91907461476.141403
11.463152738351113 95692675231.328079 -95692567273.302689
11.463163936792231 99682962622.895569 -99682852886.211395
11.46317513523335 103892291736.36807 -103892180169.10133
11.46318633367447 108335650754.56239 -108335537302.59645
11.463197532115588 113029261528.81639 -113029146135.71983
11.463208730556708 117990698698.64546 -117990581305.54169
11.463219928997827 123239022055.88831 -123238902601.31602
11.463231127438947 128794923824.2906 -128794802244.05432
11.463242325880065 134680892763.13625 -134680768990.146
11.463253524321185 140921397277.42108 -140921271241.52048
11.463264722762304 147543090034.09653 -147542961661.87799
11.463275921203424 154575036954.3736 -154574906168.97977
11.463287119644542 162048973880.90665 -162048840601.81656
11.463298318085663 169999594721.01923 -169999458863.81802
11.463309516526781 178464875454.4635 -178464736930.59409
11.4633207149679 187486439078.82672 -187486297795.32147
11.46333191340902 197109967376.87869 -197109823236.06967
11.463343111850138 207385666337.633 -207385519236.8382
11.463354310291258 218368793184.99026 -218368643016.17374
11.463365508732377 230120254295.01016 -230120100944.41339
11.463376707173497 242707284855.50201 -242707128203.24344
11.463387905614615 256204222992.47382 -256204062912.11343
11.463399104055735 270693393316.94223 -270693229675.00732
11.463410302496854 286266117511.75024 -286265950167.21826
11.463421500937974 303023872776.60461 -303023701580.33844
11.463432699379092 321079622789.6051 -321079447583.73529
11.463443897820211 340559350484.46179 -340559171101.71021
11.463455096261331 361603827544.0564 -361603643806.99384
11.463466294702449 384370662330.50525 -384370474050.73584
11.46347749314357 409036676261.44379 -409036483238.70715
11.463488691584688 435800668782.20905 -435800470803.39032
11.463499890025808 464886643524.85358 -464886440362.88953
11.463511088466927 496547583562.15381 -496547374974.82257
11.463522286908047 531069882596.31708 -531069668324.89551
11.463533485349165 568778562431.38953 -568778342199.16125
11.463544683790285 610043436391.73157 -610043209902.32605
11.463555882231404 655286414991.82019 -655286181927.35791
11.463567080672524 704990196347.12671 -704989956366.14478
11.463578279113642 759708642116.89185 -759708394852.01831
11.463589477554761 820079213744.53394 -820078958799.87207
11.463600675995881 886837938362.99365 -886837675311.17419
11.463611874436999 960837495031.83313 -960837223410.68237
11.46362307287812 1043069168535.2395 -1043068887844.0023
11.463634271319238 1134689621273.3872 -1134689330968.4326
11.463645469760358 1237053699438.7129 -1237053398928.6362
11.463656668201477 1351754838853.2932 -1351754527493.3103
11.463667866642597 1480675098295.8628 -1480674775381.3723
11.463679065083715 1626047464709.2117 -1626047129468.3748
11.463690263524835 1790533903164.146 -1790533554749.2998
11.463701461965954 1977323746042.0317 -1977323383519.7126
11.463712660407072 2190258548167.2864 -2190258170506.5854
11.463723858848192 2433991645634.3618 -2433991251693.2744
11.463735057289311 2714193591765.3237 -2714193180274.666
11.463746255730431 3037818767999.9424 -3037818337544.3037
11.463757454171549 3413454323125.5942 -3413453872120.6514
11.46376865261267 3851781001076.5161 -3851780527741.8579
11.463779851053788 4366187634698.3877 -4366187137024.7485
11.463791049494908 4973599067472.0654 -4973598543181.5527
11.463802247936027 5695604105343.125 -5695603551840.583
11.463813446377147 6560010756784.2832 -6560010171097.3467
11.463824644818265 7603018599775.9619 -7603017978480.5361
11.463835843259385 8872296110700.7129 -8872295449827.4707
11.463847041700504 10431407148061.928 -10431406442977.791
11.463858240141622 12366285434364.449 -12366284679620.695
