# serie phase 2 sous seuil p4_w2.80_c0.95_seuil : t x1 x2 (dt2=8.0080094522827491e-06)
399.99679679621909 6.2367279494905379 -0.21511826945260479
399.99680480422853 6.2366899550992994 -0.21514308021599671
399.99681281223798 6.2366519604104633 -0.21516789097357203
399.99682082024742 6.236613965424028 -0.21519270172531507
399.99682882825692 6.2365759701399934 -0.21521751247121018
399.99683683626637 6.2365379745583587 -0.21524232321124168
399.99684484427581 6.2364999786791229 -0.21526713394539387
399.99685285228526 6.2364619825022851 -0.21529194467365109
399.9968608602947 6.2364239860278454 -0.21531675539599765
399.99686886830415 6.236385989255802 -0.21534156611241789
399.99687687631359 6.2363479921861549 -0.21536637682289614
399.99688488432304 6.2363099948189031 -0.21539118752741671
399.99689289233254 6.2362719971540459 -0.21541599822596391
399.99690090034198 6.2362339991915823 -0.2154408089185221
399.99690890835143 6.2361960009315114 -0.21546561960507557
399.99691691636087 6.2361580023738323 -0.21549043028560866
399.99692492437032 6.2361200035185451 -0.21551524096010569
399.99693293237976 6.236082004365648 -0.215540051628551
399.99694094038921 6.2360440049151409 -0.21556486229092889
399.99694894839865 6.236006005167023 -0.2155896729472237
399.99695695640816 6.2359680051212933 -0.21561448359741975
399.9969649644176 6.2359300047779511 -0.21563929424150136
399.99697297242705 6.2358920041369954 -0.21566410487945287
399.99698098043649 6.2358540031984262 -0.21568891551125857
399.99698898844593 6.2358160019622417 -0.21571372613690282
399.99699699645538 6.235778000428442 -0.21573853675636992
399.99700500446482 6.2357399985970261 -0.21576334736964423
399.99701301247433 6.2357019964679932 -0.21578815797671005
399.99702102048377 6.2356639940413423 -0.21581296857755169
399.99702902849322 6.2356259913170726 -0.21583777917215352
399.99703703650266 6.2355879882951832 -0.21586258976049982
399.99704504451211 6.2355499849756741 -0.21588740034257495
399.99705305252155 6.2355119813585445 -0.21591221091836318
399.997061060531 6.2354739774437924 -0.21593702148784891
399.99706906854044 6.235435973231418 -0.21596183205101641
399.99707707654994 6.2353979687214203 -0.21598664260785003
399.99708508455939 6.2353599639137993 -0.21601145315833409
399.99709309256883 6.2353219588085533 -0.21603626370245291
399.99710110057828 6.2352839534056823 -0.2160610742401908
399.99710910858772 6.2352459477051845 -0.21608588477153212
399.99711711659717 6.2352079417070598 -0.21611069529646118
399.99712512460661 6.2351699354113075 -0.2161355058149623
399.99713313261606 6.2351319288179265 -0.21616031632701982
399.99714114062556 6.2350939219269161 -0.21618512683261804
399.997149148635 6.2350559147382763 -0.21620993733174132
399.99715715664445 6.2350179072520051 -0.21623474782437396
399.99716516465389 6.2349798994681027 -0.21625955831050031
399.99717317266334 6.2349418913865682 -0.21628436879010465
399.99718118067278 6.2349038830074006 -0.21630917926317136
399.99718918868223 6.2348658743305991 -0.21633398972968473
399.99719719669167 6.2348278653561628 -0.21635880018962911
399.99720520470117 6.2347898560840909 -0.21638361064298881
399.99721321271062 6.2347518465143832 -0.21640842108974814
399.99722122072006 6.234713836647038 -0.21643323152989147
399.99722922872951 6.2346758264820554 -0.2164580419634031
399.99723723673895 6.2346378160194345 -0.21648285239026735
399.9972452447484 6.2345998052591742 -0.21650766281046857
399.99725325275784 6.2345617942012739 -0.21653247322399105
399.99726126076735 6.2345237828457334 -0.21655728363081914
399.99726926877679 6.234485771192551 -0.21658209403093717
399.99727727678624 6.2344477592417267 -0.21660690442432948
399.99728528479568 6.2344097469932587 -0.21663171481098037
399.99729329280513 6.234371734447147 -0.21665652519087417
399.99730130081457 6.2343337216033907 -0.21668133556399521
399.99730930882401 6.2342957084619899 -0.21670614593032783
399.99731731683346 6.2342576950229427 -0.21673095628985634
399.99732532484296 6.2342196812862483 -0.21675576664256507
399.99733333285241 6.2341816672519066 -0.21678057698843836
399.99734134086185 6.2341436529199168 -0.21680538732746052
399.9973493488713 6.234105638290278 -0.21683019765961586
399.99735735688074 6.2340676233629893 -0.21685500798488874
399.99736536489019 6.2340296081380497 -0.2168798183032635
399.99737337289963 6.2339915926154585 -0.21690462861472443
399.99738138090908 6.2339535767952157 -0.21692943891925587
399.99738938891858 6.2339155606773193 -0.21695424921684214
399.99739739692802 6.2338775442617695 -0.2169790595074676
399.99740540493747 6.2338395275485654 -0.21700386979111655
399.99741341294691 6.233801510537706 -0.21702868006777332
399.99742142095636 6.2337634932291905 -0.21705349033742224
399.9974294289658 6.2337254756230189 -0.21707830060004765
399.99743743697525 6.2336874577191894 -0.21710311085563386
399.99744544498475 6.233649439517702 -0.21712792110416521
399.99745345299419 6.2336114210185558 -0.21715273134562602
399.99746146100364 6.2335734022217499 -0.2171775415800006
399.99746946901308 6.2335353831272835 -0.21720235180727332
399.99747747702253 6.2334973637351556 -0.21722716202742848
399.99748548503197 6.2334593440453654 -0.2172519722404504
399.99749349304142 6.2334213240579128 -0.21727678244632342
399.99750150105086 6.2333833037727961 -0.21730159264503188
399.99750950906036 6.2333452831900154 -0.2173264028365601
399.99751751706981 6.2333072623095696 -0.21735121302089241
399.99752552507925 6.2332692411314579 -0.21737602319801314
399.9975335330887 6.2332312196556794 -0.21740083336790661
399.99754154109814 6.2331931978822341 -0.21742564353055716
399.99754954910759 6.2331551758111203 -0.21745045368594909
399.99755755711703 6.233117153442338 -0.21747526383406676
399.99756556512648 6.2330791307758862 -0.21750007397489449
399.99757357313598 6.233041107811764 -0.21752488410841658
399.99758158114543 6.2330030845499707 -0.2175496942346174
399.99758958915487 6.2329650609905052 -0.21757450435348125
399.99759759716432 6.2329270371333667 -0.21759931446499248
399.99760560517376 6.2328890129785552 -0.21762412456913541
399.9976136131832 6.232850988526069 -0.21764893466589438
399.99762162119265 6.232812963775908 -0.2176737447552537
399.99762962920215 6.2327749387280713 -0.21769855483719772
399.9976376372116 6.2327369133825581 -0.21772336491171074
399.99764564522104 6.2326988877393683 -0.2177481749787771
399.99765365323049 6.2326608617985002 -0.21777298503838116
399.99766166123993 6.2326228355599529 -0.21779779509050723
399.99766966924938 6.2325848090237264 -0.21782260513513962
399.99767767725882 6.2325467821898197 -0.21784741517226269
399.99768568526827 6.2325087550582321 -0.21787222520186075
399.99769369327777 6.2324707276289626 -0.21789703522391812
399.99770170128721 6.2324326999020103 -0.21792184523841915
399.99770970929666 6.2323946718773753 -0.21794665524534815
399.9977177173061 6.2323566435550557 -0.21797146524468947
399.99772572531555 6.2323186149350516 -0.21799627523642742
399.99773373332499 6.232280586017362 -0.21802108522054636
399.99774174133444 6.2322425568019861 -0.2180458951970306
399.99774974934388 6.232204527288923 -0.21807070516586446
399.99775775735338 6.2321664974781719 -0.21809551512703229
399.99776576536283 6.2321284673697326 -0.2181203250805184
399.99777377337227 6.2320904369636034 -0.21814513502630714
399.99778178138172 6.2320524062597844 -0.21816994496438283
399.99778978939116 6.2320143752582746 -0.21819475489472981
399.99779779740061 6.2319763439590732 -0.2182195648173324
399.99780580541005 6.2319383123621792 -0.21824437473217492
399.99781381341955 6.2319002804675927 -0.21826918463924172
399.997821821429 6.2318622482753119 -0.21829399453851711
399.99782982943844 6.2318242157853367 -0.21831880442998544
399.99783783744789 6.2317861829976655 -0.21834361431363103
399.99784584545733 6.2317481499122982 -0.21836842418943822
399.99785385346678 6.2317101165292339 -0.21839323405739133
399.99786186147622 6.2316720828484726 -0.21841804391747471
399.99786986948567 6.2316340488700126 -0.21844285376967268
399.99787787749517 6.2315960145938538 -0.21846766361396955
399.99788588550462 6.2315579800199945 -0.21849247345034967
399.99789389351406 6.2315199451484347 -0.21851728327879735
399.99790190152351 6.2314819099791734 -0.21854209309929695
399.99790990953295 6.2314438745122098 -0.21856690291183281
399.9979179175424 6.2314058387475431 -0.21859171271638922
399.99792592555184 6.2313678026851731 -0.21861652251295055
399.99793393356128 6.2313297663250982 -0.2186413323015011
399.99794194157079 6.2312917296673183 -0.21866614208202523
399.99794994958023 6.2312536927118325 -0.21869095185450724
399.99795795758968 6.23121565545864 -0.2187157616189315
399.99796596559912 6.2311776179077398 -0.2187405713752823
399.99797397360857 6.2311395800591312 -0.21876538112354399
399.99798198161801 6.231101541912814 -0.21879019086370091
399.99798998962746 6.2310635034687865 -0.21881500059573739
399.99799799763696 6.2310254647270487 -0.21883981031963776
399.9980060056464 6.2309874256875997 -0.21886462003538634
399.99801401365585 6.2309493863504386 -0.21888942974296746
399.99802202166529 6.2309113467155646 -0.21891423944236546
399.99803002967474 6.2308733067829776 -0.21893904913356468
399.99803803768418 6.2308352665526758 -0.21896385881654945
399.99804604569363 6.2307972260246594 -0.21898866849130411
399.99805405370307 6.2307591851989272 -0.21901347815781297
399.99806206171257 6.2307211440754777 -0.21903828781606036
399.99807006972202 6.2306831026543117 -0.21906309746603062
399.99807807773146 6.2306450609354274 -0.21908790710770809
399.99808608574091 6.2306070189188238 -0.2191127167410771
399.99809409375035 6.2305689766045012 -0.21913752636612199
399.9981021017598 6.2305309339924575 -0.21916233598282708
399.99811010976924 6.2304928910826929 -0.21918714559117669
399.99811811777869 6.2304548478752064 -0.21921195519115516
399.99812612578819 6.2304168043699972 -0.21923676478274684
399.99813413379763 6.2303787605670653 -0.21926157436593605
399.99814214180708 6.2303407164664089 -0.21928638394070712
399.99815014981652 6.2303026720680279 -0.21931119350704439
399.99815815782597 6.2302646273719207 -0.2193360030649322
399.99816616583541 6.2302265823780871 -0.21936081261435486
399.99817417384486 6.2301885370865264 -0.21938562215529672
399.9981821818543 6.2301504914972385 -0.21941043168774213
399.99819018986381 6.2301124456102217 -0.2194352412116754
399.99819819787325 6.2300743994254759 -0.21946005072708086
399.9982062058827 6.2300363529429994 -0.21948486023394284
399.99821421389214 6.2299983061627922 -0.2195096697322457
399.99822222190159 6.2299602590848533 -0.21953447922197375
399.99823022991103 6.2299222117091819 -0.21955928870311131
399.99823823792048 6.2298841640357772 -0.21958409817564273
399.99824624592998 6.229846116064639 -0.21960890763955235
399.99825425393942 6.2298080677957657 -0.21963371709482449
399.99826226194887 6.2297700192291572 -0.21965852654144349
399.99827026995831 6.2297319703648126 -0.21968333597939371
399.99827827796776 6.2296939212027311 -0.21970814540865946
399.9982862859772 6.2296558717429118 -0.21973295482922506
399.99829429398665 6.2296178219853537 -0.21975776424107485
399.99830230199609 6.229579771930057 -0.21978257364419318
399.99831031000559 6.2295417215770206 -0.21980738303856437
399.99831831801504 6.2295036709262428 -0.21983219242417276
399.99832632602448 6.2294656199777236 -0.21985700180100268
399.99833433403393 6.2294275687314622 -0.21988181116903846
399.99834234204337 6.2293895171874585 -0.21990662052826446
399.99835035005282 6.2293514653457107 -0.21993142987866499
399.99835835806226 6.2293134132062189 -0.21995623922022436
399.99836636607171 6.2292753607689813 -0.21998104855292697
399.99837437408121 6.2292373080339978 -0.22000585787675708
399.99838238209065 6.2291992550012676 -0.22003066719169909
399.9983903901001 6.2291612016707898 -0.2200554764977373
399.99839839810954 6.2291231480425644 -0.22008028579485603
399.99840640611899 6.2290850941165896 -0.22010509508303963
399.99841441412843 6.2290470398928655 -0.22012990436227245
399.99842242213788 6.2290089853713901 -0.22015471363253883
399.99843043014738 6.2289709305521637 -0.22017952289382309
399.99843843815682 6.2289328754351851 -0.22020433214610954
399.99844644616627 6.2288948200204546 -0.22022914138938254
399.99845445417571 6.2288567643079702 -0.22025395062362643
399.99846246218516 6.228818708297732 -0.22027875984882553
399.9984704701946 6.2287806519897382 -0.22030356906496418
399.99847847820405 6.2287425953839888 -0.22032837827202673
399.99848648621349 6.2287045384804829 -0.22035318746999749
399.998494494223 6.2286664812792196 -0.22037799665886082
399.99850250223244 6.228628423780199 -0.22040280583860103
399.99851051024189 6.2285903659834192 -0.22042761500920247
399.99851851825133 6.2285523078888803 -0.22045242417064947
399.99852652626078 6.2285142494965804 -0.22047723332292637
399.99853453427022 6.2284761908065196 -0.22050204246601751
399.99854254227967 6.228438131818697 -0.22052685159990723
399.99855055028911 6.2284000725331126 -0.22055166072457985
399.99855855829861 6.2283620129497645 -0.22057646984001972
399.99856656630806 6.2283239530686529 -0.22060127894621115
399.9985745743175 6.228285892889776 -0.22062608804313849
399.99858258232695 6.2282478324131336 -0.22065089713078609
399.99859059033639 6.228209771638725 -0.22067570620913826
399.99859859834584 6.2281717105665493 -0.22070051527817935
399.99860660635528 6.2281336491966064 -0.22072532433789371
399.99861461436478 6.2280955875288946 -0.22075013338826566
399.99862262237423 6.2280575255634139 -0.22077494242927953
399.99863063038367 6.2280194633001633 -0.22079975146091968
399.99863863839312 6.2279814007391421 -0.22082456048317042
399.99864664640256 6.2279433378803493 -0.22084936949601611
399.99865465441201 6.227905274723784 -0.22087417849944105
399.99866266242145 6.2278672112694453 -0.22089898749342962
399.9986706704309 6.2278291475173333 -0.22092379647796612
399.9986786784404 6.227791083467447 -0.22094860545303491
399.99868668644984 6.2277530191197856 -0.22097341441862031
399.99869469445929 6.2277149544743482 -0.22099822337470668
399.99870270246873 6.2276768895311339 -0.22102303232127832
399.99871071047818 6.2276388242901417 -0.22104784125831961
399.99871871848762 6.2276007587513718 -0.22107265018581485
399.99872672649707 6.2275626929148222 -0.22109745910374839
399.99873473450651 6.2275246267804931 -0.22112226801210458
399.99874274251601 6.2274865603483835 -0.22114707691086774
399.99875075052546 6.2274484936184926 -0.2211718858000222
399.9987587585349 6.2274104265908203 -0.22119669467955233
399.99876676654435 6.2273723592653649 -0.22122150354944245
399.99877477455379 6.2273342916421264 -0.22124631240967688
399.99878278256324 6.2272962237211029 -0.22127112126023996
399.99879079057268 6.2272581555022946 -0.22129593010111603
399.99879879858213 6.2272200869857004 -0.22132073893228946
399.99880680659163 6.2271820181713204 -0.22134554775374454
399.99881481460108 6.2271439490591529 -0.22137035656546566
399.99882282261052 6.2271058796491978 -0.22139516536743711
399.99883083061997 6.2270678099414534 -0.22141997415964326
399.99883883862941 6.2270297399359196 -0.22144478294206843
399.99884684663886 6.2269916696325955 -0.22146959171469696
399.9988548546483 6.2269535990314804 -0.22149440047751318
399.9988628626578 6.2269155281325741 -0.22151920923050145
399.99887087066725 6.2268774569358749 -0.22154401797364609
399.99887887867669 6.2268393854413828 -0.22156882670693143
399.99888688668614 6.2268013136490969 -0.22159363543034183
399.99889489469558 6.2267632415590164 -0.22161844414386161
399.99890290270503 6.2267251691711403 -0.22164325284747513
399.99891091071447 6.2266870964854677 -0.22166806154116669
399.99891891872392 6.2266490235019987 -0.22169287022492065
399.99892692673342 6.2266109502207314 -0.22171767889872135
399.99893493474286 6.2265728766416659 -0.22174248756255313
399.99894294275231 6.2265348027648013 -0.22176729621640034
399.99895095076175 6.2264967285901367 -0.22179210486024731
399.9989589587712 6.2264586541176712 -0.22181691349407837
399.99896696678064 6.2264205793474048 -0.22184172211787784
399.99897497479009 6.2263825042793357 -0.2218665307316301
399.99898298279953 6.226344428913464 -0.22189133933531946
399.99899099080903 6.2263063532497886 -0.22191614792893027
399.99899899881848 6.2262682772883089 -0.22194095651244689
399.99900700682792 6.2262302010290238 -0.22196576508585361
399.99901501483737 6.2261921244719334 -0.2219905736491348
399.99902302284681 6.2261540476170358 -0.22201538220227479
399.99903103085626 6.2261159704643312 -0.22204019074525794
399.9990390388657 6.2260778930138185 -0.22206499927806855
399.99904704687521 6.226039815265497 -0.22208980780069099
399.99905505488465 6.2260017372193657 -0.22211461631310958
399.99906306289409 6.2259636588754237 -0.22213942481530868
399.99907107090354 6.225925580233671 -0.22216423330727261
399.99907907891298 6.225887501294106 -0.22218904178898571
399.99908708692243 6.2258494220567284 -0.22221385026043233
399.99909509493187 6.2258113425215376 -0.22223865872159682
399.99910310294132 6.2257732626885325 -0.22226346717246348
399.99911111095082 6.2257351825577123 -0.2222882756130167
399.99911911896027 6.225697102129077 -0.22231308404324079
399.99912712696971 6.2256590214026248 -0.22233789246312008
399.99913513497916 6.2256209403783558 -0.22236270087263893
399.9991431429886 6.225582859056269 -0.22238750927178166
399.99915115099805 6.2255447774363635 -0.22241231766053265
399.99915915900749 6.2255066955186384 -0.22243712603887619
399.99916716701694 6.2254686133030939 -0.22246193440679665
399.99917517502644 6.225430530789728 -0.22248674276427838
399.99918318303588 6.2253924479785407 -0.22251155111130569
399.99919119104533 6.2253543648695313 -0.22253635944786293
399.99919919905477 6.2253162814626988 -0.22256116777393445
399.99920720706422 6.2252781977580423 -0.22258597608950459
399.99921521507366 6.2252401137555617 -0.22261078439455767
399.99922322308311 6.2252020294552555 -0.22263559268907804
399.99923123109261 6.2251639448571234 -0.22266040097305004
399.99923923910205 6.2251258599611647 -0.22268520924645802
399.9992472471115 6.2250877747673785 -0.22271001750928632
399.99925525512094 6.2250496892757639 -0.22273482576151929
399.99926326313039 6.2250116034863199 -0.22275963400314125
399.99927127113983 6.2249735173990466 -0.22278444223413654
399.99927927914928 6.2249354310139422 -0.22280925045448952
399.99928728715872 6.2248973443310067 -0.22283405866418451
399.99929529516822 6.2248592573502393 -0.22285886686320586
399.99930330317767 6.2248211700716389 -0.22288367505153792
399.99931131118711 6.2247830824952057 -0.22290848322916501
399.99931931919656 6.2247449946209379 -0.22293329139607149
399.999327327206 6.2247069064488354 -0.22295809955224169
399.99933533521545 6.2246688179788974 -0.22298290769765997
399.99934334322489 6.2246307292111229 -0.22300771583231063
399.99935135123434 6.2245926401455112 -0.22303252395617806
399.99935935924384 6.2245545507820612 -0.22305733206924658
399.99936736725329 6.2245164611207731 -0.22308214017150052
399.99937537526273 6.2244783711616449 -0.22310694826292424
399.99938338327217 6.2244402809046768 -0.22313175634350207
399.99939139128162 6.2244021903498679 -0.22315656441321835
399.99939939929106 6.2243640994972171 -0.22318137247205744
399.99940740730051 6.2243260083467238 -0.22320618052000366
399.99941541531001 6.2242879168983878 -0.22323098855704135
399.99942342331946 6.2242498251522074 -0.22325579658315486
399.9994314313289 6.2242117331081825 -0.22328060459832855
399.99943943933835 6.2241736407663124 -0.22330541260254674
399.99944744734779 6.2241355481265961 -0.22333022059579377
399.99945545535724 6.2240974551890327 -0.223355028578054
399.99946346336668 6.2240593619536222 -0.22337983654931176
399.99947147137613 6.2240212684203629 -0.22340464450955139
399.99947947938563 6.2239831745892547 -0.22342945245875723
399.99948748739507 6.2239450804602967 -0.22345426039691363
399.99949549540452 6.2239069860334881 -0.22347906832400494
399.99950350341396 6.223868891308828 -0.22350387624001547
399.99951151142341 6.2238307962863164 -0.2235286841449296
399.99951951943285 6.2237927009659515 -0.22355349203873165
399.9995275274423 6.2237546053477333 -0.22357829992140596
399.99953553545174 6.2237165094316609 -0.22360310779293691
399.99954354346124 6.2236784132177334 -0.22362791565330881
399.99955155147069 6.22364031670595 -0.22365272350250601
399.99955955948013 6.2236022198963106 -0.22367753134051283
399.99956756748958 6.2235641227888134 -0.22370233916731364
399.99957557549902 6.2235260253834586 -0.22372714698289278
399.99958358350847 6.2234879276802451 -0.22375195478723459
399.99959159151791 6.223449829679172 -0.22377676258032342
399.99959959952741 6.2234117313802386 -0.2238015703621436
399.99960760753686 6.2233736327834448 -0.22382637813267947
399.9996156155463 6.2233355338887888 -0.22385118589191538
399.99962362355575 6.2232974346962706 -0.22387599363983568
399.99963163156519 6.2232593352058894 -0.22390080137642471
399.99963963957464 6.2232212354176442 -0.22392560910166681
399.99964764758408 6.2231831353315341 -0.22395041681554634
399.99965565559353 6.2231450349475583 -0.22397522451804761
399.99966366360303 6.2231069342657168 -0.22400003220915499
399.99967167161248 6.2230688332860087 -0.2240248398888528
399.99967967962192 6.223030732008433 -0.22404964755712542
399.99968768763136 6.222992630432989 -0.22407445521395716
399.99969569564081 6.2229545285596757 -0.22409926285933238
399.99970370365025 6.2229164263884922 -0.22412407049323541
399.9997117116597 6.2228783239194385 -0.2241488781156506
399.99971971966914 6.2228402211525129 -0.22417368572656229
399.99972772767865 6.2228021180877153 -0.22419849332595485
399.99973573568809 6.2227640147250449 -0.2242233009138126
399.99974374369754 6.2227259110645017 -0.22424810849011989
399.99975175170698 6.2226878071060838 -0.22427291605486108
399.99975975971643 6.2226497028497905 -0.2242977236080205
399.99976776772587 6.2226115982956216 -0.22432253114958248
399.99977577573532 6.2225734934435764 -0.22434733867953138
399.99978378374476 6.2225353882936538 -0.22437214619785154
399.99979179175426 6.2224972828458531 -0.22439695370452731
399.99979979976371 6.2224591771001743 -0.22442176119954302
399.99980780777315 6.2224210710566155 -0.22444656868288304
399.9998158157826 6.2223829647151767 -0.22447137615453169
399.99982382379204 6.2223448580758571 -0.22449618361447332
399.99983183180149 6.2223067511386558 -0.2245209910626923
399.99983983981093 6.2222686439035719 -0.22454579849917294
399.99984784782043 6.2222305363706054 -0.2245706059238996
399.99985585582988 6.2221924285397545 -0.22459541333685662
399.99986386383932 6.2221543204110192 -0.22462022073802834
399.99987187184877 6.2221162119843987 -0.22464502812739912
399.99987987985821 6.222078103259892 -0.22466983550495331
399.99988788786766 6.2220399942374982 -0.22469464287067525
399.9998958958771 6.2220018849172165 -0.22471945022454928
399.99990390388655 6.2219637752990469 -0.22474425756655975
399.99991191189605 6.2219256653829884 -0.22476906489669099
399.99991991990549 6.2218875551690402 -0.22479387221492736
399.99992792791494 6.2218494446572015 -0.22481867952125317
399.99993593592438 6.2218113338474712 -0.2248434868156528
399.99994394393383 6.2217732227398486 -0.2248682940981106
399.99995195194327 6.2217351113343335 -0.2248931013686109
399.99995995995272 6.2216969996309253 -0.22491790862713806
399.99996796796216 6.2216588876296228 -0.22494271587367642
399.99997597597167 6.2216207753304253 -0.22496752310821033
399.99998398398111 6.2215826627333319 -0.22499233033072413
399.99999199199056 6.2215445498383417 -0.22501713754120217
400 6.2215064366454547 -0.2250419447396288
