# serie phase 2 p4_w1.73_c1.05_dt2_k4 : t x1 x2 (dt2=0.00025022217080867653, depart t=120.396 etat bascule x1 x2 v1 v2 = -94394.17925814951 93163.682403619343 -1871245.3214918231 1858960.2617675383)
120.396 -94394.17925814951 93163.682403619343
120.39625022217081 -94863.870376297098 93630.293743942704
120.39650044434161 -95336.504297427411 94099.836281478463
120.39675066651243 -95812.103216528951 94572.332152819959
120.39700088868324 -96290.6895242834 95047.803689886001
120.39725111085404 -96772.285809040914 95526.27342189326
120.39750133302485 -97256.914858817807 96007.764077351196
120.39775155519567 -97744.599663316971 96492.298586079647
120.39800177736647 -98235.363415971369 96979.900081249463
120.39825199953728 -98729.229516010848 97470.591901446445
120.39850222170809 -99226.221570552545 97964.397592758818
120.39875244387889 -99726.3633967153 98461.340910888714
120.39900266604971 -100229.67902375817 98961.445823287751
120.39925288822052 -100736.1926952436 99464.736511317198
120.39950311039132 -101245.92887122539 99971.237372432908
120.39975333256213 -101758.91223046182 100480.97302239547
120.40000355473293 -102275.16767265432 100993.96829750574
120.40025377690375 -102794.72032071192 101510.24825686619
120.40050399907456 -103317.5955230418 102029.83818466845
120.40075422124536 -103843.81885586648 102552.76359250718
120.40100444341617 -104373.41612556764 103079.05022172084
120.40125466558699 -104906.41337105726 103608.72404575959
120.4015048877578 -105442.83686617624 104141.81127258061
120.4017551099286 -105982.71312212084 104678.3383470714
120.40200533209941 -106526.06888989746 105218.33195350113
120.40225555427021 -107072.93116280595 105761.81901800069
120.40250577644103 -107623.32717895192 106308.82671107167
120.40275599861184 -108177.28442378838 106859.38245012455
120.40300622078264 -108734.83063268718 107413.51390204678
120.40325644295345 -109295.99379354046 107971.24898580073
120.40350666512425 -109860.80214939272 108532.61587505235
120.40375688729507 -110429.28420110374 109097.6430008305
120.40400710946588 -111001.46871004283 109666.3590542177
120.40425733163669 -111577.38470081479 110238.79298907252
120.40450755380749 -112157.06146401803 110814.97402478408
120.40475777597831 -112740.52855903527 111394.9316490591
120.40500799814912 -113327.81581685717 111978.69562074187
120.40525822031992 -113918.95334293944 112566.29597266762
120.40550844249073 -114513.97152009376 113157.76301454978
120.40575866466153 -115112.90101141312 113753.12733590142
120.40600888683235 -115715.77276323174 114352.41980899144
120.40625910900316 -116322.61800812038 114955.67159183606
120.40650933117396 -116933.46826791727 115562.91413122577
120.40675955334477 -117548.3553567952 116174.17916578858
120.40700977551558 -118167.31138436531 116789.49872908978
120.4072599976864 -118790.36875881787 117408.90515276884
120.4075102198572 -119417.56019010085 118032.43106971384
120.40776044202801 -120048.91869313653 118660.10941727407
120.40801066419881 -120684.47759107673 119291.97344051117
120.40826088636963 -121324.27051859727 119928.05669548936
120.40851110854044 -121968.331425232 120568.39305260537
120.40876133071124 -122616.69457874709 121213.01669995853
120.40901155288205 -123269.39456855612 121861.96214676151
120.40926177505285 -123926.46630917635 122515.26422679234
120.40951199722367 -124587.94504372694 123172.95810188829
120.40976221939448 -125253.86634746952 123835.07926548204
120.41001244156529 -125924.26613139176 124501.66354618085
120.41026266373609 -126599.18064583452 125172.74711138924
120.4105128859069 -127278.64648416318 125848.36647097576
120.41076310807772 -127962.70058648362 126528.5584809845
120.41101333024852 -128651.38024340372 127213.36034739194
120.41126355241933 -129344.72309984064 127902.80962990964
120.41151377459013 -130042.76715887495 128596.9442458336
120.41176399676095 -130745.55078565171 129295.80247394076
120.41201421893176 -131453.11271132968 129999.42295843329
120.41226444110256 -132165.49203707895 130707.84471293149
120.41251466327337 -132882.72823812772 131421.10712451566
120.41276488544418 -133604.86116785911 132139.24995781807
120.413015107615 -134331.93106195831 132862.3133591651
120.4132653297858 -135063.97854261126 133590.33786077084
120.41351555195661 -135801.04462275497 134323.36438498259
120.41376577412741 -136543.17071038074 135061.43424857873
120.41401599629823 -137290.39861289077 135804.58916712028
120.41426621846904 -138042.77054150868 136552.8712593563
120.41451644063984 -138800.32911574523 137306.32305168422
120.41476666281065 -139563.11736791948 138064.98748266572
120.41501688498145 -140331.1787477363 138828.90790759909
120.41526710715227 -141104.5571269214 139598.12810314854
120.41551732932308 -141883.29680391392 140372.69227203159
120.41576755149389 -142667.44250861826 141152.6450477652
120.41601777366469 -143457.03940721511 141938.0314994714
120.4162679958355 -144252.13310703327 142728.89713674341
120.41651821800632 -145052.7696614826 143525.28791457289
120.41676844017712 -145858.99557504916 144327.25023833945
120.41701866234793 -146670.85780835338 145134.83096886289
120.41726888451873 -147488.40378327211 145948.07742751963
120.41751910668955 -148311.68138812561 146767.03740142353
120.41776932886036 -149140.73898293008 147591.75914867266
120.41801955103116 -149975.62540471696 148422.29140366253
120.41826977320197 -150816.38997291983 149258.68338246687
120.41851999537278 -151663.08249482975 150100.98478828694
120.4187702175436 -152515.75327112025 150949.24581697019
120.4190204397144 -153374.45310144278 151803.51716259957
120.41927066188521 -154239.23329009357 152663.85002315402
120.41952088405601 -155110.14565175324 153530.29610624167
120.41977110622682 -155987.24251729963 154402.9076349063
120.42002132839764 -156870.57673969559 155281.73735350856
120.42027155056844 -157760.20169995222 156166.83853368266
120.42052177273925 -158656.17131316892 157058.26498036974
120.42077199491006 -159558.54003465126 157956.0710379291
120.42102221708087 -160467.36286610793 158860.31159632833
120.42127243925168 -161382.69536192765 159771.04209741339
120.42152266142249 -162304.59363553743 160688.31854125997
120.42177288359329 -163233.11436584318 161612.19749260711
120.4220231057641 -164168.3148037541 162542.73608737448
120.42227332793492 -165110.25277879159 163479.9920392643
120.42252355010572 -166058.98670578457 164424.02364644935
120.42277377227653 -167014.57559165184 165374.8897983481
120.42302399444733 -167977.07904227308 166332.64998248839
120.42327421661814 -168946.55726944972 167297.36429146089
120.42352443878896 -169923.07109795697 168269.0934299636
120.42377466095977 -170906.68197268833 169247.89872193878
120.42402488313057 -171897.45196589385 170233.84211780364
120.42427510530138 -172895.44378451383 171226.98620177619
120.4245253274722 -173900.7207776088 172227.39419929762
120.424775549643 -174913.34694388782 173235.12998455251
120.42502577181381 -175933.38693933602 174250.25808808854
120.42527599398461 -176960.90608494321 175272.84370453699
120.42552621615542 -177995.97037453478 176302.95270043556
120.42577643832624 -179038.64648270656 177340.65162215498
120.42602666049704 -180089.00177286519 178386.0077039311
120.42627688266785 -181147.10430537543 179439.08887600384
120.42652710483866 -182213.02284581604 180499.96377286452
120.42677732700948 -183286.82687334594 181568.70174161359
120.42702754918028 -184368.58658918217 182645.37285042988
120.42727777135109 -185458.37292519139 183730.0478971533
120.42752799352189 -186556.25755259651 184822.79841798279
120.4277782156927 -187662.31289080033 185923.69669629086
120.42802843786352 -188776.61211632771 187032.81577155695
120.42827866003432 -189899.22917188835 188150.22944842099
120.42852888220513 -191030.23877556171 189276.01230585907
120.42877910437593 -192169.716430106 190410.23970648329
120.42902932654674 -193317.73843239318 191552.98780596719
120.42927954871756 -194474.38188297176 192704.33356259915
120.42952977088837 -195639.72469575936 193864.3547469654
120.42977999305917 -196813.84560786703 195033.12995176454
120.43003021522998 -197996.82418955729 196210.73860175585
120.4302804374008 -199188.74085433793 197397.26096384315
120.4305306595716 -200389.67686919353 198592.77815729639
120.43078088174241 -201599.71436495701 199797.37216411298
120.43103110391321 -202818.93634682312 201011.12583952112
120.43128132608402 -204047.42670500619 202234.12292262723
120.43153154825484 -205285.2702255442 203466.44804720956
120.43178177042564 -206532.55260125155 204708.18675266037
120.43203199259645 -207789.36044282271 205959.42549507902
120.43228221476726 -209055.7812900891 207220.25165851795
120.43253243693806 -210331.90362343154 208490.75356638434
120.43278265910888 -211617.81687535069 209771.02049299947
120.43303288127969 -212913.61144219784 211061.14267531844
120.43328310345049 -214219.37869606868 212361.21132481261
120.4335333256213 -215535.21099686238 213671.31863951738
120.43378354779212 -216861.20170450865 214991.55781624769
120.43403376996292 -218197.44519136532 216322.02306298411
120.43428399213373 -219544.03685478924 217662.80961143182
120.43453421430453 -220901.07312988295 219014.0137297555
120.43478443647534 -222268.65150242008 220375.73273549275
120.43503465864616 -223646.87052195208 221748.0650086487
120.43528488081697 -225035.82981509937 223131.11000497476
120.43553510298777 -226435.63009902943 224524.96826943447
120.43578532515858 -227846.37319512511 225929.7414498592
120.43603554732938 -229268.16204284603 227345.53231079681
120.4362857695002 -230701.10071378585 228772.44474755635
120.43653599167101 -232145.29442592902 230210.58380045151
120.43678621384181 -233600.84955810959 231660.05566924662
120.43703643601262 -235067.87366467572 233120.96772780782
120.43728665818344 -236546.47549036288 234593.42853896282
120.43753688035424 -238036.76498537912 236077.54786957274
120.43778710252505 -239538.85332070585 237573.43670581907
120.43803732469586 -241052.85290361734 239081.20726870949
120.43828754686666 -242578.87739342276 240600.97302980581
120.43853776903748 -244117.04171743404 242132.84872717768
120.43878799120829 -245667.46208716312 243676.95038158563
120.43903821337909 -247230.25601475258 245233.39531289713
120.4392884355499 -248805.54232964304 246802.30215673943
120.4395386577207 -250393.44119548131 248383.7908813929
120.43978887989152 -251994.07412727317 249977.98280492876
120.44003910206233 -253607.56400878457 251585.00061259538
120.44028932423313 -255234.03511019546 253204.9683744566
120.44053954640394 -256873.61310601022 254838.0115632868
120.44078976857476 -258526.42509322881 256484.25707272626
120.44103999074557 -260192.59960978283 258143.83323570169
120.44129021291637 -261872.26665324109 259816.86984311551
120.44154043508718 -263565.55769978859 261503.49816280877
120.44179065725798 -265272.60572348384 263203.8509588021
120.4420408794288 -266993.5452157986 264918.06251081894
120.44229110159961 -268728.51220544521 266646.26863409602
120.44254132377041 -270477.64427849551 268388.60669948545
120.44279154594122 -272241.08059879701 270145.21565385361
120.44304176811204 -274018.96192869003 271916.23604078119
120.44329199028284 -275811.43065003213 273701.81002156995
120.44354221245365 -277618.63078553375 275502.08139656065
120.44379243462446 -279440.70802041068 277317.19562676759
120.44404265679526 -281277.80972435878 279147.29985583527
120.44429287896608 -283130.08497385576 280992.54293232167
120.44454310113689 -284997.68457479595 282853.07543231465
120.44479332330769 -286880.76108546322 284729.04968238593
120.4450435454785 -288779.46883984801 286620.6197828892
120.4452937676493 -290693.96397131379 288527.94163160742
120.44554398982012 -292624.40443661925 290451.17294775549
120.44579421199093 -294570.95004030195 292390.47329634416
120.44604443416173 -296533.7624594291 294346.00411291118
120.44629465633254 -298513.00526872242 296317.92872862576
120.44654487850336 -300508.84396606282 298306.41239577305
120.44679510067417 -302521.4459983813 300311.62231362431
120.44704532284497 -304550.98078794288 302333.72765470005
120.44729554501578 -306597.61975902977 304372.89959143224
120.44754576718658 -308661.53636503109 306429.31132323242
120.4477959893574 -310742.90611594549 308503.13810397295
120.44804621152821 -312841.90660630399 310594.55726988788
120.44829643369901 -314958.71754352021 312703.74826790101
120.44854665586982 -317093.52077667491 314830.89268438832
120.44879687804062 -319246.5003257427 316976.17427438183
120.44904710021144 -321417.84241126839 319139.77899122291
120.44929732238225 -323607.73548450012 321321.89501667261
120.44954754455306 -325816.37025798828 323522.7127914867
120.44979776672386 -328043.93973665667 325742.42504646338
120.45004798889468 -330290.63924935547 327981.22683397215
120.45029821106549 -332556.66648090351 330239.31555997167
120.45054843323629 -334842.22150462848 332516.89101652533
120.4507986554071 -337147.5068154136 334814.15541482321
120.4510488775779 -339472.72736325976 337131.31341871887
120.45129909974872 -341818.09058737213 339468.57217879035
120.45154932191953 -344183.80645077967 341826.14136693405
120.45179954409033 -346570.0874754978 344204.23321150109
120.45204976626114 -348977.14877824299 346603.06253298564
120.45229998843195 -351405.20810670935 349022.84678027441
120.45255021060277 -353854.48587641667 351463.80606746784
120.45280043277357 -356325.20520814025 353926.16321128234
120.45305065494438 -358817.59196593257 356410.14376904437
120.45330087711518 -361331.87479574746 358915.97607728618
120.453551099286 -363868.28516467696 361443.89129095443
120.45380132145681 -366427.0574008121 363994.12342324213
120.45405154362761 -369008.42873373855 366566.90938605496
120.45430176579842 -371612.63933567808 369162.4890311234
120.45455198796923 -374239.93236328784 371781.10519177187
120.45480221014004 -376890.55400012876 374423.00372535706
120.45505243231085 -379564.75349981501 377088.43355638668
120.45530265448166 -382262.78322985698 379777.64672033122
120.45555287665246 -384984.89871620992 382490.89840814139
120.45580309882328 -387731.35868854076 385228.44701148302
120.45605332099409 -390502.42512622644 387990.55416870321
120.45630354316489 -393298.36330509669 390777.4848115404
120.4565537653357 -396119.44184493431 393589.50721259171
120.4568039875065 -398965.9327577473 396426.89303355158
120.45705420967732 -401838.11149682634 399289.91737423529
120.45730443184813 -404736.25700660178 402178.85882240179
120.45755465401894 -407660.65177331504 405093.99950439035
120.45780487618974 -410611.58187651896 408035.62513658556
120.45805509836055 -413589.3370414222 411004.02507772628
120.45830532053137 -416594.21069209307 413999.49238207331
120.45855554270217 -419626.50000553869 417022.32385345199
120.45880576487298 -422686.50596667535 420072.82010018564
120.45905598704378 -425774.53342420643 423151.28559093585
120.4593062092146 -428890.89114742453 426258.02871146682
120.45955643138541 -432035.89188395493 429393.36182235018
120.45980665355621 -435209.8524184578 432557.60131762834
120.46005687572702 -438413.09363230655 435751.06768445345
120.46030709789783 -441645.94056426082 438974.08556372026
120.46055732006865 -444908.72247215227 442226.9838117116
120.46080754223945 -448201.7728956021 445510.09556277475
120.46105776441026 -451525.42971978948 448823.75829304842
120.46130798658106 -454880.03524029057 452168.31388525962
120.46155820875187 -458265.9362290079 455544.10869461054
120.46180843092269 -461683.48400121107 458951.49361577572
120.46205865309349 -465133.03448370867 462390.8241510308
120.4623088752643 -468614.94828417397 465862.46047953324
120.4625590974351 -472129.59076164477 469366.76752777759
120.46280931960592 -475677.33209822053 472904.11504124716
120.46305954177673 -479258.54737197899 476474.87765728432
120.46330976394754 -482873.61663113534 480079.43497920322
120.46355998611834 -486522.92496946792 483718.1716516678
120.46381020828915 -490206.86260303389 487391.47743735975
120.46406043045997 -493925.82494820002 491099.74729496066
120.46431065263077 -497680.2127010132 494843.38145847328
120.46456087480158 -501470.43191793689 498622.78551790793
120.46481109697238 -505296.89409797901 502438.37050135992
120.46506131914319 -509160.01626623835 506290.55295850482
120.46531154131401 -513060.22105889698 510179.75504553859
120.46556176348481 -516997.93680968584 514106.40461159084
120.46581198565562 -520973.59763785254 518070.93528663908
120.46606220782643 -524987.64353766025 522073.78657095373
120.46631242999725 -529040.52046944748 526115.40392610279
120.46656265216805 -533132.68045227847 530196.23886754701
120.46681287433886 -537264.58165821619 534316.74905885628
120.46706309650966 -541436.68850824831 538477.39840757882
120.46731331868047 -545649.4717698996 542678.65716279543
120.46756354085129 -549903.40865656291 546921.00201439206
120.46781376302209 -554198.98292858282 551204.91619408387
120.4680639851929 -558536.68499612634 555530.88957822579
120.4683142073637 -562917.01202387596 559899.4187924444
120.46856442953451 -567340.46803758049 564311.00731812662
120.46881465170533 -571807.56403250096 568766.16560080333
120.46906487387614 -576318.81808378873 573265.41116046347
120.46931509604694 -580874.75545883481 577809.26870383869
120.46956531821775 -585475.90873162833 582398.27023869671
120.46981554038857 -590122.81789916521 587032.95519018348
120.47006576255937 -594816.03049994807 591713.87051925587
120.47031598473018 -599556.10173461807 596441.57084324514
120.47056620690098 -604343.5945887625 601216.61855859577
120.47081642907179 -609179.07995794155 606039.58396582154
120.47106665124261 -614063.13677497848 610911.04539672483
120.47131687341341 -618996.35213955911 615831.58934392408
120.47156709558422 -623979.32145018748 620801.81059273623
120.47181731775503 -629012.64853854501 625822.31235546176
120.47206753992585 -634096.94580630236 630893.70640812116
120.47231776209665 -639232.83436443296 636016.6132296921
120.47256798426746 -644420.94417508016 641191.66214389959
120.47281820643826 -649661.91419602977 646419.49146360985
120.47306842860907 -654956.39252784092 651700.74863788113
120.47331865077989 -660305.03656369005 657036.09040172759
120.47356887295069 -665708.51314198354 662426.18292864983
120.4738190951215 -671167.4987017964 667871.70198599028
120.4740693172923 -676682.67944119452 673373.33309317136
120.47431953946311 -682254.75147850078 678931.77168287593
120.47456976163393 -687884.42101656541 684547.72326523124
120.47481998380474 -693572.4045101034 690221.90359505801
120.47507020597554 -699319.42883616232 695955.0388422492
120.47532042814635 -705126.2314677859 701747.86576534284
120.47557065031717 -710993.56065094017 707601.13188835653
120.47582087248797 -716922.17558477039 713515.59568095079
120.47607109465878 -722912.84660525864 719492.02674199233
120.47632131682958 -728966.35537235276 725531.20598658698
120.47657153900039 -735083.49506064143 731633.92583665729
120.47682176117121 -741265.07055364805 737800.99041513761
120.47707198334201 -747511.89864182181 744033.21574386489
120.47732220551282 -753824.80822430295 750331.42994524213
120.47757242768363 -760204.64051454305 756696.47344775544
120.47782264985443 -766652.24924986227 763129.19919542631
120.47807287202525 -773168.50090502691 769630.47286128288
120.47832309419606 -779754.27490993415 776201.173064937
120.47857331636686 -786410.46387149114 782842.19159435318
120.47882353853767 -793137.97379977861 789554.4336319014
120.47907376070849 -799937.72433859156 796338.81798478472
120.47932398287929 -806810.64900045074 803196.27731993608
120.4795742050501 -813757.69540618139 810127.7584034811
120.4798244272209 -820779.82552915928 817134.22234486567
120.48007464939171 -827878.01594432397 824216.64484574937
120.48032487156253 -835053.25808206305 831376.01645376813
120.48057509373334 -842306.55848707457 838613.34282127302
120.48082531590414 -849638.93908231484 845929.64496915287
120.48107553807495 -857051.43743814435 853325.95955585246
120.48132576024575 -864545.10704678437 860803.33915169991
120.48157598241657 -872121.01760220178 868362.85251866071
120.48182620458738 -879780.25528554211 876005.58489563677
120.48207642675818 -887523.92305623193 883732.63828943367
120.48232664892899 -895353.14094887685 891545.13177152153
120.48257687109981 -903269.04637608409 899444.20178071782
120.48282709327061 -911272.79443734023 907431.00243192294
120.48307731544142 -919365.55823407928 915506.70583104505
120.48332753761223 -927548.5291910799 923672.50239625073
120.48357775978303 -935822.91738433251 931929.60118568363
120.48382798195385 -944189.95187552192 940279.23023179616
120.48407820412466 -952650.88105327368 948722.63688244298
120.48432842629546 -961206.97298131697 957261.08814888797
120.48457864846627 -969859.51575371937 965895.8710608813
120.48482887063709 -978609.81785735453 974628.29302896652
120.48507909280789 -987459.20854176616 983459.68221418106
120.4853293149787 -996409.03819659585 992391.38790531899
120.4855795371495 -1005460.6787367485 1001424.7809039277
120.48582975932031 -1014615.5239954704 1010561.2539172153
120.48607998149113 -1023874.990125522 1019802.2219590493
120.48633020366194 -1033240.5160086311 1029149.1227592339
120.48658042583274 -1042713.5636734156 1038603.4171812529
120.48683064800355 -1052295.6187219725 1048166.5896486766
120.48708087017435 -1061988.1907653324 1057840.1485804312
120.48733109234517 -1071792.813867985 1067625.6268351362
120.48758131451598 -1081711.0470016855 1077524.5821647192
120.48783153668678 -1091744.4745087577 1087538.5976775261
120.48808175885759 -1101894.7065751175 1097669.2823111448
120.48833198102841 -1112163.3797132403 1107918.2713151737
120.48858220319921 -1122552.1572553064 1118287.2267441629
120.48883242537002 -1133062.7298567656 1128777.8379609711
120.48908264754083 -1143696.8160105632 1139391.8221507804
120.48933286971163 -1154456.1625722791 1150130.9248460229
120.48958309188245 -1165342.5452964406 1160996.920462474
120.48983331405326 -1176357.7693842705 1171991.6128467799
120.49008353622406 -1187503.6700431441 1183116.835835689
120.49033375839487 -1198782.113058032 1194374.4538272677
120.49058398056567 -1210194.9953752181 1205766.3623643839
120.49083420273649 -1221744.2456985821 1217294.488730754
120.4910844249073 -1233431.8250987513 1228960.7925598542
120.49133464707811 -1245259.7276354295 1240767.2664570045
120.49158486924891 -1257229.9809932197 1252715.9366349438
120.49183509141973 -1269344.6471312691 1264808.8635632212
120.49208531359054 -1281605.8229470684 1277048.1426317384
120.49233553576134 -1294015.6409547497 1289435.9048287873
120.49258575793215 -1306576.2699782376 1301974.3174339337
120.49283598010295 -1319289.9158596119 1314665.5847261113
120.49308620227377 -1332158.8221830586 1327511.948707296
120.49333642444458 -1345185.2710147861 1340515.689842144
120.49358664661538 -1358371.5836593038 1353679.1278139849
120.49383686878619 -1371720.1214324622 1367004.6222975729
120.494087090957 -1385233.2864516701 1380494.5737490098
120.49433731312782 -1398913.5224437146 1394151.4242132651
120.49458753529862 -1412763.3155706187 1407977.6581497295
120.49483775746943 -1426785.1952739877 1421975.8032762508
120.49508797964023 -1440981.7351383027 1436148.4314321128
120.49533820181105 -1455355.5537736367 1450498.1594604303
120.49558842398186 -1469909.3157182808 1465027.6501104482
120.49583864615266 -1484645.7323617772 1479739.6129602434
120.49608886832347 -1499567.5628888768 1494636.805360344
120.49633909049427 -1514677.6152449483 1509722.0333987942
120.49658931266509 -1529978.7471233811 1524998.1528882077
120.4968395348359 -1545473.8669755412 1540468.0703753664
120.49708975700671 -1561165.9350438537 1556134.7441739414
120.49733997917751 -1577057.9644186008 1572001.185420922
120.49759020134832 -1593153.0221190448 1588070.4591573619
120.49784042351914 -1609454.2301994951 1604345.6854340653
120.49809064568994 -1625964.7668809653 1620830.0404428532
120.49834086786075 -1642687.8677090756 1637526.7576740712
120.49859109003155 -1659626.8267388819 1654439.1291010147
120.49884131220237 -1676784.9977473277 1671570.5063919695
120.49909153437318 -1694165.7954740359 1688924.3021505864
120.49934175654398 -1711772.6968911793 1706503.9911853252
120.49959197871479 -1729609.2425031883 1724313.1118087298
120.4998422008856 -1747679.0376770778 1742355.267167313
120.50009242305642 -1765985.7540041956 1760634.1266028557
120.50034264522722 -1784533.1306942198 1779153.4270459472
120.50059286739803 -1803324.9760022571 1797916.9744426159
120.50084308956883 -1822365.168689915 1816928.6452149278
120.50109331173965 -1841657.6595212519 1836192.3877564534
120.50134353391046 -1861206.4727945307 1855712.223963527
120.50159375608126 -1881015.707910731 1875492.2508032594
120.50184397825207 -1901089.5409798038 1895536.6419192802
120.50209420042287 -1921432.226465679 1915849.6492762247
120.50234442259369 -1942048.0988710679 1936435.6048440065
120.5025946447645 -1962941.5744631337 1957298.9223229473
120.50284486693531 -1984117.1530411346 1978444.0989108693
120.50309508910611 -2005579.4197471754 1999875.717113286
120.50334531127692 -2027333.0469212411 2021598.4465978639
120.50359553344774 -2049382.7960017167 2043617.0460943608
120.50384575561854 -2071733.5194726395 2065936.3653412822
120.50409597778935 -2094390.1628589588 2088561.3470805387
120.50434619996015 -2117357.766771127 2111497.0291014193
120.50459642213097 -2140641.4690003786 2134748.5463352408
120.50484664430178 -2164246.5066660973 2158321.1330020763
120.50509686647258 -2188178.2184167132 2182220.1248109983
120.50534708864339 -2212442.0466856202 2206450.9612153308
120.5055973108142 -2237043.5400036415 2231019.1877244366
120.50584753298502 -2261988.3553696279 2255930.4582736227
120.50609775515582 -2287282.260680811 2281190.5376537889
120.50634797732663 -2312931.1372245955 2306805.304002502
120.50659819949743 -2338940.9822335187 2332780.7513582199
120.50684842166824 -2365317.9115051604 2359122.9922794555
120.50709864383906 -2392068.1620888449 2385838.2605307149
120.50734886600986 -2419198.0950410315 2412932.9138371111
120.50759908818067 -2446714.1982513517 2440413.4367096075
120.50784931035147 -2474623.0893413089 2468286.4433429097
120.50809953252229 -2502931.5186377256 2496558.6805880857
120.5083497546931 -2531646.3722230825 2525237.0310020656
120.50859997686391 -2560774.6750649693 2554328.515976232
120.50885019903471 -2590323.5942269303 2583840.2989463904
120.50910042120552 -2620300.4421630651 2613779.6886864761
120.50935064337634 -2650712.6800988186 2644154.1426884332
120.50960086554714 -2681567.9215004751 2674971.2706307764
120.50985108771795 -2712873.9356359458 2706238.8379384317
120.51010130988875 -2744638.651229531 2737964.7694365284
120.51035153205956 -2776870.1602134202 2770157.1531009106
120.51060175423038 -2809576.7215787796 2802824.2439082148
120.51085197640118 -2842766.7653293782 2835974.4677884695
120.51110219857199 -2876448.8965407936 2869616.4256832455
120.5113524207428 -2910631.8995283376 2903758.8977125115
120.51160264291362 -2945324.7421269487 2938410.8474534308
120.51185286508442 -2980536.5800864035 2973581.4263344533
120.51210308725523 -3016276.7615853101 3009279.9781481684
120.51235330942603 -3052554.8318674597 3045516.04368649
120.51260353159684 -3089380.5380042335 3082299.3655018746
120.51285375376766 -3126763.8337868871 3119639.8927983879
120.51310397593846 -3164714.884752654 3157547.78645657
120.51335419810927 -3203244.0733487559 3196033.4241961753
120.51360442028007 -3242362.0042385277 3235107.4058810053
120.51385464245089 -3282079.5097540263 3274780.5589701929
120.5141048646217 -3322407.6554996213 3315063.9441204439
120.51435508679251 -3363357.7461112323 3355968.8609438934
120.51460530896331 -3404941.3311760309 3397506.8539263988
120.51485553113412 -3447170.21131759 3439689.7185112485
120.51510575330494 -3490056.4444516329 3482529.5073534395
120.51535597547574 -3533612.3522177152 3526038.5367498556
120.51560619764655 -3577850.5265923552 3570229.3932508617
120.51585641981735 -3622783.8366893148 3615114.940459013
120.51610664198816 -3668425.4357529376 3660708.3260207912
120.51635686415898 -3714788.7683506534 3707022.9888174655
120.51660708632978 -3761887.5777709698 3754072.6663614097
120.51685730850059 -3809735.9136334956 3801871.4024044103
120.5171075306714 -3858348.1397177703 3850433.5547647458
120.51735775284222 -3907738.9420179119 3899773.8033800414
120.51760797501302 -3957923.3370303456 3949907.1585931671
120.51785819718383 -4008916.6802821271 4000848.9696786888
120.51810841935463 -4060734.6751076528 4052614.9336176626
120.51835864152544 -4113393.3816818167 4105221.1041288334
120.51860886369626 -4166909.2263179668 4158683.9009645898
120.51885908586706 -4221299.0110393194 4213020.1194803277
120.51910930803787 -4276579.9234327888 4268246.9404861871
120.51935953020867 -4332769.54679453 4324381.9403904499
120.51960975237948 -4389885.8705768138 4381443.1016442217
120.5198599745503 -4447947.3011462213 4439448.8234973848
120.52011019672111 -4506972.6728634909 4498417.9330761461
120.52036041889191 -4566981.2594957426 4558369.6967929173
120.52061064106272 -4627992.7859722003 4619323.8320996305
120.52086086323354 -4690027.4404949313 4681300.519596016
120.52111108540434 -4753105.8870165572 4744320.4155048011
120.52136130757515 -4817249.2780973408 4808404.6645262148
120.52161152974595 -4882479.2681544973 4873574.9130846635
120.52186175191676 -4948818.0271170801 4939853.3229809152
120.52211197408758 -5016288.2545002783 5007262.585463631
120.52236219625838 -5084913.1939134868 5075825.9357346073
120.52261241842919 -5154716.6480170628 5145567.1679026308
120.5228626406 -5225722.9939432302 5216510.6504014144
120.5231128627708 -5297957.1991971973 5288681.3418876771
120.52336308494162 -5371444.8380551636 5362104.8076360337
120.52361330711243 -5446212.1084765224 5436807.2364480104
120.52386352928323 -5522285.8495482411 5512815.4580931561
120.52411375145404 -5599693.5594800916 5590156.9613009244
120.52436397362486 -5678463.4141701236 5668859.9123227224
120.52461419579566 -5758624.2863605367 5748953.1740842611
120.52486441796647 -5840205.7654048745 5830466.3259491548
120.52511464013728 -5923238.1776683116 5913429.6841155151
120.52536486230808 -6007752.607583629 5997874.3226681435
120.5256150844789 -6093780.919386385 6083832.0953098275
120.52586530664971 -6181355.7795537142 6171335.6577961631
120.52611552882051 -6270510.6799721485 6260418.4910993017
120.52636575099132 -6361279.961860883 6351114.9253270393
120.52661597316212 -6453698.8404779462 6443460.1644247053
120.52686619533294 -6547803.4306378551 6537490.3116884222
120.52711641750375 -6643630.773070476 6633242.3961194642
120.52736663967455 -6741218.8616520148 6730754.3996506268
120.52761686184536 -6840606.6715403218 6830065.285276792
120.52786708401618 -6941834.1882479992 6931215.0261231763
120.52811730618699 -7044942.4376881756 7034244.6354861166
120.52836752835779 -7149973.5172292413 7139196.1978826886
120.5286177505286 -7256970.6277963268 7246112.9011469344
120.5288679726994 -7365978.1070588781 7355039.0696120504
120.52911819487022 -7477041.4637453165 7466020.198419516
120.52936841704103 -7590207.4131274661 7579102.988997844
120.52961863921183 -7705523.9137192303 7694335.3857554318
120.52986886138264 -7823040.2052358631 7811766.6140338518
120.53011908355346 -7942806.8478621282 7931447.219369866
120.53036930572426 -8064875.7628796911 8053429.1081165122
120.53061952789507 -8189300.2747062165 8177765.5894757267
120.53086975006588 -8316135.1544008935 8304511.418997217
120.53111997223668 -8445436.664693445 8433722.8436006401
120.5313701944075 -8577262.6065961272 8565457.6481805835
120.53162041657831 -8711672.3676608 8699775.2038564254
120.53187063874911 -8848726.9719458278 8836736.517931832
120.53212086091992 -8988489.1317603998 8976404.2856314592
120.53237108309072 -9131023.3012567945 9118842.9436853975
120.53262130526154 -9276395.731944209 9264118.7258349601
120.53287152743235 -9424674.5302010141 9412299.720336685
120.53312174960315 -9575929.7168657035 9563455.9295447692
120.53337197177396 -9730233.2889903262 9717659.3316557836
120.53362219394478 -9887659.2838439848 9874983.9447031803
120.53387241611559 -10048283.845257828 10035505.892893059
120.53412263828639 -10212185.292407138 10199303.475376748
120.5343728604572 -10379444.191130368 10366457.237560075
120.534623082628 -10550143.427889543 10537050.045053719
120.53487330479882 -10724368.286481157 10711167.160373768
120.53512352696963 -10902206.527611706 10888896.322506612
120.53537374914043 -11083748.471457202 11070327.829457516
120.53562397131124 -11269087.083331522 11255554.623907691
120.53587419348204 -11458318.062594216 11444672.382110516
120.53612441565286 -11651539.934934448 11637779.606163533
120.53637463782367 -11848854.148174137 11834977.719799306
120.53662485999448 -12050365.171740027 12036371.16784483
120.53687508216528 -12256180.599961502 12242067.519506313
120.5371253043361 -12466411.259358313 12452177.575643485
120.53737552650691 -12681171.320090195 12666815.480205392
120.53762574867771 -12900578.411748566 12886098.836007847
120.53787597084852 -13124753.743679043 13110148.825041274
120.53812619301932 -13353822.230032668 13339090.333506815
120.53837641519014 -13587912.619753206 13573052.081788046
120.53862663736095 -13827157.631717984 13812166.759575754
120.53887685953175 -14071694.095260274 14056571.166373761
120.53912708170256 -14321663.096312417 14306406.357624983
120.53937730387337 -14577210.129420592 14561817.796708599
120.53962752604419 -14838485.255894534 14822955.513071612
120.53987774821499 -15105643.268368548 15089974.266771151
120.5401279703858 -15378843.862063901 15363033.719717547
120.5403781925566 -15658251.813057218 15642298.613922812
120.54062841472742 -15944037.163874753 15927938.95707435
120.54087863689823 -16236375.416748611 16220130.215769967
120.54112885906903 -16535447.734887971 16519053.5167672
120.54137908123984 -16841441.152136374 16824895.85661801
120.54162930341064 -17154548.79140513 17137850.320078839
120.54187952558146 -17474970.09229292 17458116.30770614
120.54212974775227 -17802911.048322853 17785899.773068544
120.54237996992308 -18138584.45425066 18121413.470029354
120.54263019209388 -18482210.163921267 18464877.210576572
120.54288041426469 -18834015.359176069 18816518.133702748
120.54313063643551 -19194234.830339652 19176570.985863354
120.54338085860631 -19563111.268842597 19545278.413570307
120.54363108077712 -19940895.572566718 19922891.268706918
120.54388130294792 -20327847.164530233 20309668.927181769
120.54413152511874 -20724234.325563639 20705879.621572219
120.54438174728955 -21130334.541662075 21111800.788443301
120.54463196946035 -21546434.866737127 21527719.431064907
120.54488219163116 -21972832.301530428 21953932.498289574
120.54513241380197 -22409834.189493079 22390747.280394852
120.54538263597279 -22857758.63047919 22838481.822738506
120.54563285814359 -23316934.913148675 23297465.358121611
120.5458830803144 -23787703.967024211 23768038.758804452
120.5461333024852 -24270418.835200004 24250555.009172734
120.54638352465602 -24765445.168756012 24745379.700107764
120.54663374682683 -25273161.743990663 25252891.546173558
120.54688396899763 -25793961.003648311 25773482.926797032
120.54713419116844 -26328249.623384595 26307560.452684406
120.54738441333924 -26876449.104784168 26855545.558788188
120.54763463551006 -27438996.396320965 27417875.125214852
120.54788485768087 -28016344.543731559 27995002.127543692
120.54813507985168 -28608963.371357903 28587396.318113025
120.54838530202248 -29217340.196106672 29195544.939920925
120.54863552419329 -29841980.57576938 29819953.474884529
120.54888574636411 -30483409.093550578 30461146.428305175
120.54913596853491 -31142170.180761281 31119668.151496369
120.54938619070572 -31818828.979751758 31796083.704648647
120.54963641287652 -32513972.249282513 32490979.762130048
120.54988663504734 -33228209.314665139 33204965.562553756
120.55013685721815 -33962173.065146506 33938673.906086266
120.55038707938895 -34716521.001160786 34692762.201620452
120.55063730155976 -35491936.334235191 35467913.56659925
120.55088752373057 -36289129.142507389 36264837.982447848
120.55113774590139 -37108837.584996447 37084273.508756027
120.55138796807219 -37951829.17796544 37926987.559548676
120.551638190243 -38818902.136923753 38793778.245192297
120.5518884124138 -39710886.788041338 39685475.783709727
120.55213863458461 -40628647.052987099 40602943.985514864
120.55238885675543 -41573082.011460066 41547081.815836087
120.55263907892623 -42545127.545956716 42518825.039371364
120.55288930109704 -43545758.073611692 43519147.952012241
120.55313952326784 -44575988.370264038 44549065.204788439
120.55338974543866 -45636875.492238358 45609633.725522444
120.55363996760947 -46729520.801692016 46701954.744044788
120.55389018978028 -47855072.101766959 47827175.927208461
120.55414041195108 -49014725.888200849 48986493.630356796
120.55439063412189 -50209729.724498451 50181155.272345625
120.55464085629271 -51441384.748243392 51412461.841699302
120.55489107846351 -52711048.316645049 52681770.541995272
120.55514130063432 -54020136.799968518 53990497.585124671
120.55539152280512 -55370128.532089956 55340121.141670935
120.55564174497593 -56762566.928059064 56732184.458287805
120.55589196714675 -58199063.77923838 58168299.152646065
120.55614218931755 -59681302.73732961 59650148.697258703
120.55639241148836 -61211042.999394678 61179492.104291931
120.55664263365917 -62790123.206838422 62758167.824328333
120.55689285582999 -64420465.572245926 64388097.872974753
120.55714307800079 -66104080.248966448 66071292.200206414
120.5573933001716 -67843069.959413499 67809853.318416104
120.5576435223424 -69639634.899213731 69605981.206300765
120.55789374451321 -71496077.935593992 71461978.506973892
120.55814396668403 -73414810.119752869 73380256.040049806
120.55839418885483 -75398356.534431517 75363338.648913562
120.55864441102564 -77449362.499484897 77413871.40597713
120.55889463319645 -79570600.159973234 79534626.20044072
120.55914485536726 -81764975.483152971 81728508.734937847
120.55939507753807 -84035535.692761853 83998565.959457755
120.55964529970888 -86385477.171176493 86347993.973122746
120.55989552187968 -88818153.862389714 88780146.426766649
120.56014574405049 -91337086.211325005 91298543.46183072
120.56039596622131 -93945970.677795708 93906881.223883554
120.56064618839211 -96648689.866448417 96609041.99210313
120.56089641056292 -99449323.317324713 99409104.969354138
120.56114663273372 -102352159.00525869 102311357.78107633
120.56139685490453 -105361705.60022773 105320308.73510018
120.56164707707535 -108482705.54502037 108440699.89875218
120.56189729924616 -111720149.01121143 111677521.0542381
120.56214752141696 -115079288.79947853 115036024.59833673
120.56239774358777 -118565656.25579675 118521741.45793906
120.56264796575859 -122185078.28105448 122140498.09897383
120.56289818792939 -125943695.51819462 125898434.71282153
120.5631484101002 -129847981.80815589 129802024.67148946
120.563398632271 -133904765.01373303 133858095.35066387
120.56364885444181 -138121249.3190583 138073850.42833951
120.56389907661263 -142505039.12180936 142456893.77612832
120.56414929878343 -147064164.6455521 147015255.07065326
120.56439952095424 -151807109.41092941 151757417.26373497
120.56464974312505 -156742839.71680957 156692346.06248131
120.56489996529585 -161880836.29613262 161829521.5840148
120.56515018746667 -167231128.32616812 167178972.3645471
120.56540040963748 -172804329.98936898 172751311.91898116
120.56565063180828 -178611679.7991398 178557778.06535491
120.56590085397909 -184665082.92481509 184610275.24841681
120.56615107614991 -190977156.77216721 190921420.11864799
120.56640129832071 -197561280.10006836 197504590.64734945
120.56665152049152 -204431645.98077092 204373979.0852527
120.56690174266232 -211603318.94093391 211544649.10177478
120.56715196483313 -219092296.65333694 219032597.47485188
120.56740218700395 -226915576.58555463 226854820.73761728
120.56765240917476 -235091228.05211961 235029387.22844285
120.56790263134556 -243638470.16134745 243575515.03550848
120.56815285351637 -252577756.19756329 252513656.37663019
120.56840307568717 -261930865.03453594 261865589.01014119
120.56865329785799 -271721000.23716736 271654515.33386308
120.5689035200288 -281972897.57666194 281905169.89737898
120.5691537421996 -292712941.76036561 292643936.12878513
120.56940396437041 -303969293.26219231 303898973.16182405
120.56965418654123 -315772026.23415875 315700353.74390429
120.56990440871203 -328153278.58527112 328080214.3112334
120.57015463088284 -341147415.43229282 341072918.43557405
120.57040485305365 -354791207.25940281 354715234.97961283
120.57065507522445 -369124024.27228624 369046532.4464609
120.57090529739527 -384188048.59891647 384108991.17552191
120.57115551956608 -400028506.17662269 399947835.22429383
120.57140574173688 -416693920.37579054 416611585.98642427
120.57165596390769 -434236389.64791214 434152339.83370334
120.57190618607851 -452711891.75335872 452626072.33733284
120.57215640824931 -472180617.42643988 472092971.92599756
120.57240663042012 -492707336.67692024 492617806.17986816
120.57265685259092 -514361801.3137973 514270324.34629351
120.57290707476173 -537219187.71531487 537125700.10110641
120.57315729693255 -561360584.36643219 561265019.07670796
120.57340751910336 -586873529.2499938 586775816.24311411
120.57365774127416 -613852602.82080317 613752668.87110114
120.57390796344497 -642400083.02442133 642297851.53919673
120.57415818561577 -672626669.65855157 672522060.48229516
120.57440840778659 -704652286.33033025 704545215.53512836
120.5746586299574 -738606969.35636735 738497349.01733327
120.5749088521282 -774631854.20589471 774519592.1603657
120.57515907429901 -812880271.52657259 812765271.11568546
120.57540929646983 -853518966.44745696 853401126.23857975
120.57565951864063 -896729456.75994849 896608670.24829245
120.57590974081144 -942709547.77698684 942585703.06455481
120.57615996298225 -991675024.21290445 991548003.66274059
120.57641018515305 -1043861542.3697329 1043731222.2332288
120.57666040732387 -1099526749.3298764 1099392999.3446522
120.57691062949468 -1158952659.8226566 1158815342.7782693
120.57716085166548 -1222448326.0518205 1222307297.3202569
120.57741107383629 -1290352841.1601968 1290207948.1877747
120.57766129600709 -1363038723.3073759 1362889805.0642991
120.57791151817791 -1440915734.7153537 1440762621.098748
120.57816174034872 -1524435198.6989942 1524277709.8847704
120.57841196251952 -1614094887.8878822 1613932833.6262362
120.57866218469033 -1710444568.8600812 1710277747.7088268
120.57891240686115 -1814092302.6054385 1813920501.0946782
120.57916262903196 -1925711617.0531404 1925534608.7739921
120.57941285120276 -2046049687.8665793 2045867232.4757793
120.57966307337357 -2175936687.4784493 2175748529.6096301
120.57991329554437 -2316296490.7070527 2316102358.7783256
120.58016351771519 -2468158959.2400274 2467958564.1461625
120.580413739886 -2632674068.0018487 2632467101.6778064
120.5806639620568 -2811128185.4310079 2810914319.2718153
120.58091418422761 -3004962878.8350253 3004741761.9549522
120.58116440639841 -3215796687.5761991 3215567944.887836
120.58141462856923 -3445450393.7555127 3445213623.8466334
120.58166485074004 -3695976425.9249711 3695731198.7079048
120.58191507291085 -3969693160.7288551 3969439014.8334103
120.58216529508165 -4269225046.0129228 4268961485.8896184
120.58241551725247 -4597549664.158165 4597276156.8535118
120.58266573942328 -4958053095.505949 4957769067.0656271
120.58291596159408 -5354595240.6663713 5354300072.1152306
120.58316618376489 -5791587132.5659266 5791280155.40557
120.58341640593569 -6274082734.0759468 6273763225.2309713
120.58366662810651 -6807888300.6477098 6807555476.7802095
120.58391685027732 -7399693123.0413351 7399346134.1395674
120.58416707244812 -8057226396.8481979 8056864318.9789696
120.58441729461893 -8789446150.8991451 8789067977.9938297
120.58466751678974 -9606767682.4328918 9606372316.9533405
120.58491773896056 -10521340895.199083 10520927137.501087
120.58516796113136 -11547388454.426294 11546954990.603546
120.58541818330217 -12701619944.558697 12701165332.50782
120.58566840547297 -14003741492.885103 14003264146.280472
120.58591862764379 -15477085947.907209 15476584117.710405
120.5861688498146 -17149396148.48877 17148867901.538578
120.5864190719854 -19053803744.946358 19053246939.077026
120.58666929415621 -21230059354.762554 21229471609.775333
120.58691951632701 -23726087849.33152 23725466512.990234
120.58716973849783 -26599967118.24506 26599309226.271427
120.58741996066864 -29922462392.942741 29921764621.738861
120.58767018283945 -33780294973.86219 33779553584.369595
120.58792040501025 -38280389623.718491 38279600394.41275
120.58817062718107 -43555437302.410034 43554595448.896568
120.58842084935188 -49771241819.020004 49770341896.99778
120.58867107152268 -57136509310.466209 57135545097.902672
120.58892129369349 -65916017333.244751 65914981686.374207
120.58917151586429 -76448511114.682632 76447395790.783554
120.58942173803511 -89171289820.002258 89170085257.655838
120.58967196020592 -104654380624.19157 104653075668.62682
120.58992218237672 -123648640836.24245 123647222393.06499
120.59017240454753 -147154390737.52939 147152843332.06259
120.59042262671834 -176520791878.72455 176519097089.52472
120.59067284888916 -213592064571.72485 213590200294.27072
120.59092307105996 -260926409241.09302 260924348719.14575
