# serie phase 2 p4_w2.80_c1.05_dt2_k4 : t x1 x2 (dt2=0.00016816819849907813, depart t=366.74400000000003 etat bascule x1 x2 v1 v2 = -143240.7450219139 140437.12371750452 -4280182.712705587 4237928.0321545564)
366.74400000000003 -143240.7450219139 140437.12371750452
366.74416816819854 -143962.81726933565 141152.0765050817
366.74433633639705 -144689.47601391096 141871.58856492388
366.74450450459551 -145420.75634067087 142595.69484308202
366.74467267279402 -146156.69364847988 143324.43059855263
366.74484084099254 -146897.32365324991 144057.83140648485
366.74500900919105 -147642.68239119131 144795.93316142468
366.74517717738951 -148392.80622210147 145538.77208059648
366.74534534558802 -149147.73183269135 146286.38470722275
366.74551351378653 -149907.49623995076 147038.80791388213
366.74568168198505 -150672.13679455244 147796.07890590644
366.7458498501835 -151441.69118429584 148558.23522481727
366.74601801838202 -152216.19743759089 149325.31475180245
366.74618618658053 -152995.69392698226 150097.35571123305
366.74635435477904 -153780.21937271487 150874.39667422144
366.7465225229775 -154569.81284634085 151656.47656222084
366.74669069117601 -155364.51377436877 152443.63465066702
366.74685885937453 -156164.36194195558 153235.91057266257
366.74702702757304 -156969.39749664176 154033.34432270448
366.7471951957715 -157779.66095213033 154835.97626045538
366.74736336397001 -158595.19319211025 155643.84711455915
366.74753153216852 -159416.03547412483 156456.99798650143
366.74769970036704 -160242.22943348571 157275.47035451571
366.74786786856549 -161073.81708723298 158099.30607753538
366.74803603676401 -161910.84083814209 158928.54739919255
366.74820420496252 -162753.3434787782 159763.23695186424
366.74837237316103 -163601.36819559848 160603.4177607664
366.74854054135949 -164454.95857310304 161449.13324809665
366.748708709558 -165314.15859803522 162300.42723722605
366.74887687775652 -166179.01266363182 163157.34395694087
366.74904504595503 -167049.56557392384 164019.92804573482
366.74921321415349 -167925.8625480886 164888.22455615253
366.749381382352 -168807.94922485374 165762.27895918486
366.74954955055051 -169695.8716669539 166642.13714871669
366.74971771874903 -170589.67636564071 167527.84544602816
366.74988588694748 -171489.41024524689 168419.45060434978
366.75005405514599 -172395.12066780502 169316.9998134721
366.75022222334451 -173306.85543772194 170220.54070441108
366.75039039154302 -174224.66280650932 171130.12135412937
366.75055855974148 -175148.59147757126 172045.79029031462
366.75072672793999 -176078.69061104959 172967.59649621547
366.7508948961385 -177015.00982872784 173895.589415536
366.75106306433702 -177957.59921899438 174829.8189573893
366.75123123253547 -178906.50934186584 175770.33550131126
366.75139940073399 -179861.79123407134 176717.18990233506
366.7515675689325 -180823.49641419854 177670.43349612737
366.75173573713101 -181791.67688790231 178630.11810418713
366.75190390532947 -182766.38515317679 179596.29603910752
366.75207207352798 -183747.67420569167 180569.02010990228
366.7522402417265 -184735.59754419394 181548.34362739703
366.75240840992501 -185730.20917597532 182534.32040968654
366.75257657812347 -186731.56362240692 183527.00478765898
366.75274474632198 -187739.71592454161 184526.45161058777
366.75291291452049 -188754.72164878537 185532.71625179224
366.75308108271901 -189776.63689263814 186545.85461436791
366.75324925091746 -190805.51829050551 187565.92313698735
366.75341741911598 -191841.42301958214 188592.97879977251
366.75358558731449 -192884.40880580762 189627.07913023978
366.753753755513 -193934.5339298961 190668.28220931845
366.75392192371146 -194991.85723344059 191716.6466774437
366.75409009190997 -196056.43812509283 192772.2317407252
366.75425826010849 -197128.33658682008 193835.09717719239
366.754426428307 -198207.61318023945 194905.30334311738
366.75459459650546 -199294.32905303134 195982.91117941658
366.75476276470397 -200388.54594543262 197067.98221813212
366.75493093290248 -201490.32619681105 198160.57858899448
366.755099101101 -202599.73275232175 199260.76302606685
366.75526726929945 -203716.82916964719 200368.59887447295
366.75543543749797 -204841.67962582136 201484.15009720912
366.75560360569648 -205974.34892413998 202607.48128204199
366.75577177389499 -207114.90250115737 203738.65764849295
366.75593994209345 -208263.40643377142 204877.74505491051
366.75610811029196 -209419.92744639798 206024.81000563188
366.75627627849047 -210584.53291823564 207179.91965823501
366.75644444668899 -211757.29089062256 208343.14183088238
366.75661261488744 -212938.27007448635 209514.54500975774
366.75678078308596 -214127.53985788839 210694.19835659719
366.75694895128447 -215325.17031366393 211882.17171631596
366.75711711948298 -216531.23220715934 213078.53562473212
366.75728528768144 -217745.79700406792 214283.36131638873
366.75745345587995 -218968.93687836552 215496.72073247578
366.75762162407847 -220200.72472034759 216718.68652885317
366.75778979227698 -221441.23414476885 217949.33208417651
366.75795796047544 -222690.5394990874 219188.73150812689
366.75812612867395 -223948.71587181435 220436.95964974628
366.75829429687246 -225215.83910097071 221694.09210587994
366.75846246507098 -226491.98578265312 222960.20522972749
366.75863063326943 -227777.23327970982 224235.37613950411
366.75879880146795 -229071.65973052848 225519.68272721354
366.75896696966646 -230375.34405793765 226813.20366753437
366.75913513786497 -231688.36597822313 228116.01842682125
366.75930330606343 -233010.80601026135 229428.20727222293
366.75947147426194 -234342.74548477112 230749.85128091843
366.75963964246046 -235684.26655368545 232081.03234947321
366.75980781065897 -237035.45219964546 233421.83320331728
366.75997597885743 -238396.3862456179 234772.33740634663
366.76014414705594 -239767.1533646381 236132.62937065016
366.76031231525445 -241147.83908968026 237502.79436636352
366.76048048345297 -242538.52982365689 238882.91853165216
366.76064865165142 -243939.31284954926 240273.08888282505
366.76081681984994 -245350.27634067077 241673.39332458124
366.76098498804845 -246771.50937106521 243083.92066039116
366.76115315624696 -248203.10192604188 244504.76060301458
366.76132132444542 -249645.14491284962 245936.0037851572
366.76148949264393 -251097.73017149151 247377.74177026795
366.76165766084245 -252560.95048568287 248830.06706347919
366.76182582904096 -254034.89959395403 250293.07312269163
366.76199399723941 -255519.67220090044 251766.85436980639
366.76216216543793 -257015.36398858216 253251.50620210613
366.76233033363644 -258522.0716280748 254747.12500378778
366.76249850183495 -260039.89279117453 256253.80815764857
366.76266667003341 -261568.92616225887 257771.65405692832
366.76283483823192 -263109.27145030617 259300.76211730973
366.76300300643044 -264661.02940107585 260841.23278907931
366.76317117462895 -266224.30180945143 262393.16756945127
366.76333934282741 -267799.19153194979 263956.66901505686
366.76350751102592 -269385.80249939795 265531.84075460146
366.76367567922443 -270984.23972978076 267118.78750169225
366.76384384742295 -272594.60934126156 268717.61506783852
366.7640120156214 -274217.01856537856 270328.43037562777
366.76418018381992 -275851.57576041995 271951.34147207986
366.76434835201843 -277498.39042497944 273586.45754218206
366.76451652021694 -279157.57321169623 275233.88892260753
366.7646846884154 -280829.23594118113 276893.74711562024
366.76485285661391 -282513.49161613215 278566.14480316907
366.76502102481243 -284210.45443564246 280251.19586117397
366.76518919301094 -285920.23980970337 281949.01537400676
366.7653573612094 -287642.96437390556 283659.71964917029
366.76552552940791 -289378.74600434123 285383.42623217806
366.76569369760642 -291127.70383271074 287120.25392163807
366.76586186580494 -292889.95826163638 288870.32278454356
366.76603003400339 -294665.63098018651 290633.75417177426
366.76619820220191 -296454.84497961367 292410.67073381064
366.76636637040042 -298257.72456930962 294201.19643666537
366.76653453859893 -300074.39539298037 296005.45657803456
366.76670270679739 -301904.98444504529 297823.57780367235
366.7668708749959 -303749.62008726312 299655.68812399259
366.76703904319442 -305608.4320655886 301501.91693090077
366.76720721139293 -307481.55152726348 303362.39501485985
366.76737537959139 -309369.11103814514 305237.2545821938
366.7675435477899 -311271.24460027681 307126.62927263201
366.76771171598841 -313188.08766970306 309030.65417709912
366.76787988418693 -315119.77717453416 310949.46585575322
366.76804805238538 -317066.45153326361 312883.20235627686
366.76821622058389 -319028.25067334232 314832.00323242479
366.76838438878241 -321005.31605001388 316796.0095628319
366.76855255698092 -322997.79066541448 318775.36397008627
366.76872072517938 -325005.81908794236 320770.21064007061
366.76888889337789 -327029.54747190012 322780.695341577
366.7690570615764 -329069.12357741501 324806.96544619888
366.76922522977492 -331124.69679064094 326849.1699485046
366.76939339797337 -333196.41814424709 328907.4594864971
366.76956156617189 -335284.4403381974 330981.98636236449
366.7697297343704 -337388.9177608256 333072.9045635254
366.76989790256891 -339510.00651021034 335180.36978397454
366.77006607076737 -341647.86441585561 337304.53944593284
366.77023423896588 -343802.65106068063 339445.572721807
366.7704024071644 -345974.52780332469 341603.6305564635
366.77057057536291 -348163.65780077182 343778.87568982219
366.77073874356137 -350370.20603130001 345971.47267977404
366.77090691175988 -352594.3393177609 348181.58792542893
366.77107507995839 -354836.22635119443 350409.3896906983
366.77124324815691 -357096.03771478456 352655.0481282181
366.77141141635536 -359373.94590816082 354918.73530361766
366.77157958455388 -361670.12537205202 357200.62522013998
366.77174775275239 -363984.75251329696 359500.8938436188
366.7719159209509 -366318.00573021872 361819.71912781888
366.77208408914936 -368670.0654383676 364157.28104014474
366.77225225734787 -371041.11409663962 366513.76158772391
366.77242042554639 -373431.3362337756 368889.34484387125
366.7725885937449 -375840.91847524792 371284.21697493986
366.77275676194336 -378270.04957054072 373698.56626756547
366.77292493014187 -380718.92042083025 376132.58315631014
366.77309309834038 -383187.72410707152 378586.4602517123
366.7732612665389 -385676.65591849852 381060.39236874954
366.77342943473735 -388185.91338154406 383554.576555721
366.77359760293587 -390715.6962891866 386069.21212355595
366.77376577113438 -393266.20673073106 388604.50067555602
366.77393393933289 -395837.64912203036 391160.64613757789
366.77410210753135 -398430.23023615545 393737.8547886638
366.77427027572986 -401044.15923452104 396336.33529212733
366.77443844392837 -403679.64769847435 398956.298727102
366.77460661212689 -406336.90966135479 401597.95862056001
366.77477478032534 -409016.16164103255 404261.53097980935
366.77494294852386 -411717.6226729335 406947.23432547739
366.77511111672237 -414441.51434355916 409655.28972498805
366.77527928492088 -417188.06082450936 412385.92082654225
366.77544745311934 -419957.48890701664 415139.35389360855
366.77561562131785 -422750.02803700027 417915.81783993385
366.77578378951637 -425565.91035064927 420715.54426508181
366.77595195771488 -428405.3707105426 423538.76749050862
366.77612012591334 -431268.64674231637 426385.72459618439
366.77628829411185 -434155.9788718865 429256.65545777045
366.77645646231036 -437067.61036323669 432151.80278436065
366.77662463050888 -440003.78735678107 435071.41215679719
366.77679279870733 -442964.75890831137 438015.73206657032
366.77696096690585 -445950.7770285384 440985.01395531156
366.77712913510436 -448962.09672323789 443979.51225489134
366.77729730330287 -451998.97603401134 446999.48442813009
366.77746547150133 -455061.67607967183 450045.19101013476
366.77763363969984 -458150.46109826583 453116.89565026999
366.77780180789836 -461265.59848974179 456214.86515477573
366.77796997609687 -464407.35885927657 459339.36953004223
366.77813814429533 -467576.01606127108 462490.68202655314
366.77830631249384 -470771.84724402631 465669.07918350911
366.77847448069235 -473995.1328951121 468874.84087414289
366.77864264889087 -477246.15688744007 472108.25035173795
366.77881081708932 -480525.20652605279 475369.59429636324
366.77897898528784 -483832.57259564224 478659.16286233597
366.77914715348635 -487168.54940880957 481977.24972642527
366.77931532168486 -490533.43485507922 485324.1521368096
366.77948348988332 -493927.5304506807 488700.17096280103
366.77965165808183 -497351.14138911129 492105.61074534972
366.77981982628035 -500804.57659249305 495540.77974834217
366.77998799447886 -504288.14876373869 499005.99001070723
366.78015616267732 -507802.17443953967 502501.55739934399
366.78032433087583 -511346.97404419153 506027.80166288611
366.78049249907434 -514922.87194427091 509585.04648631695
366.78066066727285 -518530.1965041795 513173.61954645085
366.78082883547131 -522169.28014256991 516793.85256829573
366.78099700366982 -525840.45938966924 520446.08138231235
366.78116517186834 -529544.0749455163 524130.64598258678
366.78133334006685 -533280.47173912823 527847.89058593137
366.78150150826531 -537049.99898861418 531598.1636919314
366.78166967646382 -540853.01026225125 535381.81814395415
366.78183784466233 -544689.86354054138 539199.21119113709
366.78200601286085 -548560.92127926578 543050.70455137361
366.7821741810593 -552466.55047355499 546936.66447531304
366.78234234925782 -556407.12272299326 550857.46181139385
366.78251051745633 -560383.01429777476 554813.47207192879
366.78267868565484 -564394.60620593198 558805.07550026011
366.7828468538533 -568442.28426165425 562832.65713900479
366.78301502205181 -572526.43915471679 566896.60689940921
366.78318319025033 -576647.46652104077 570997.31963183335
366.78335135844884 -580805.76701440383 575135.1951973855
366.7835195266473 -585001.74637932249 579310.63854072732
366.78368769484581 -589235.81552512862 583524.05976407148
366.78385586304432 -593508.39060125977 587775.87420239323
366.78402403124284 -597819.89307378768 592066.50249987817
366.78419219944129 -602170.74980320584 596396.37068762875
366.78436036763981 -606561.3931235004 600765.91026265291
366.78452853583832 -610992.26092252741 605175.5582681573
366.78469670403683 -615463.7967237205 609625.75737517118
366.78486487223529 -619976.44976915361 614116.95596552291
366.7850330404338 -624530.67510398373 618649.6082161963
366.78520120863232 -629126.93366229907 623224.17418509093
366.78536937683083 -633765.6923543989 627841.11989821307
366.78553754502929 -638447.4241555318 632500.91743832349
366.7857057132278 -643172.60819611861 637204.04503506946
366.78587388142631 -647941.72985348874 641950.98715662863
366.78604204962483 -652755.28084515792 646742.23460289254
366.78621021782328 -657613.75932367519 651578.28460021934
366.78637838602179 -662517.66997307015 656459.64089778461
366.78654655422031 -667467.52410692931 661386.81386555999
366.78671472241882 -672463.83976813231 666360.3205939515
366.78688289061728 -677507.14183028019 671380.68499512703
366.78705105881579 -682597.96210084658 676448.43790606631
366.7872192270143 -687736.83942608465 681564.1171933657
366.78738739521282 -692924.31979772379 686728.2678598304
366.78755556341127 -698160.95646148908 691941.44215288875
366.78772373160979 -703447.31002747884 697204.19967486267
366.7878918998083 -708783.94858243526 702517.10749513039
366.78806006800681 -714171.4478039447 707880.74026421714
366.78822823620527 -719610.39107660425 713295.68032985018
366.78839640440378 -725101.36961019225 718762.51785501721
366.7885645726023 -730644.98255988152 724281.85093806498
366.78873274080081 -736241.83714853448 729854.28573487874
366.78890090899927 -741892.54879111971 735480.43658318231
366.78906907719778 -747597.74122129253 741160.92612899886
366.78923724539629 -753358.04662017908 746896.38545531547
366.78940541359481 -759174.10574740951 752687.4542129935
366.78957358179326 -765046.56807444105 758534.7807539684
366.78974174999178 -770976.09192021773 764439.02226678398
366.78990991819029 -776963.34458921175 770400.84491450666
366.7900780863888 -783009.002511892 776420.92397506512
366.79024625458726 -789113.75138766889 782499.94398406451
366.79041442278577 -795278.2863303629 788638.59888012276
366.79058259098429 -801503.31201624719 794837.59215277887
366.7907507591828 -807789.54283471406 801097.63699302345
366.79091892738126 -814137.70304161846 807419.45644650387
366.79108709557977 -820548.52691534988 813803.78356945701
366.79125526377828 -827022.75891568803 820251.36158742255
366.7914234319768 -833561.15384549671 826762.94405679347
366.79159160017525 -840164.47701531288 833339.29502925917
366.79175976837377 -846833.50441088818 839981.18921919947
366.79192793657228 -853569.02286374243 846689.41217408807
366.79209610477079 -860371.83022478863 853464.7604479657
366.79226427296925 -867242.73554109212 860308.04177804524
366.79243244116776 -874182.55923582555 867220.07526451035
366.79260060936627 -881192.13329148514 874201.69155357371
366.79276877756479 -888272.30143643392 881253.73302385898
366.79293694576324 -895423.91933483793 888377.05397617479
366.79310511396176 -902647.85478006606 895572.52082674881
366.79327328216027 -909944.98789162247 902841.01230399276
366.79344145035878 -917316.21131568355 910183.41964886978
366.79360961855724 -924762.43042931391 917600.64681893727
366.79377778675575 -932284.56354843487 925093.61069614149
366.79394595495427 -939883.54213962401 932663.2412984391
366.79411412315278 -947560.31103582296 940310.4819953253
366.79428229135124 -955315.82865603443 948036.28972734872
366.79445045954975 -963151.06722909061 955841.63522969419
366.79461862774826 -971067.0130215768 963727.50325991889
366.79478679594678 -979064.66656999593 971694.89282992657
366.79495496414523 -987145.04291726265 979744.81744226813
366.79512313234375 -995309.17185361544 987878.30533085822
366.79529130054226 -1003558.0981620408 996096.39970619988
366.79545946874077 -1011892.8818683013 1004400.1590052113
366.79562763693923 -1020314.5984956652 1012790.6571457507
366.79579580513774 -1028824.3393244358 1021268.9837859378
366.79596397333626 -1037423.2116563803 1029836.2445883721
366.79613214153477 -1046112.339084163 1038493.561489352
366.79630030973323 -1054892.861765886 1047242.0729731992
366.79646847793174 -1063765.9367048475 1056082.9343517958
366.79663664613025 -1072732.7380346262 1065017.3180494464
366.79680481432877 -1081794.4573096065 1074046.4138931751
366.79697298252722 -1090952.3038010574 1083171.4294085756
366.79714115072574 -1100207.5047988873 1092393.5901213321
366.79730931892425 -1109561.3059191925 1101714.1398645304
366.79747748712276 -1119014.9714177239 1111134.3410918843
366.79764565532122 -1128569.7845094004 1120655.4751970051
366.79781382351973 -1138227.0476939969 1130278.8428388413
366.79798199171825 -1147988.0830881412 1140005.7642734242
366.79815015991676 -1157854.2327637544 1149837.5796920531
366.79831832811522 -1167826.8590930765 1159775.6495660613
366.79848649631373 -1177907.3451004166 1169821.3549983033
366.79865466451224 -1188097.094820776 1179976.0980815112
366.79882283271075 -1198397.5336654938 1190241.302263669
366.79899100090921 -1208810.1087950671 1200618.4127205564
366.79915916910772 -1219336.2894993022 1211108.8967356223
366.79932733730624 -1229977.5675849589 1221714.2440873445
366.79949550550475 -1240735.4577710517 1232435.9674442417
366.79966367370321 -1251611.498091975 1243275.6027677085
366.79983184190172 -1262607.2503086275 1254234.7097228405
366.80000001010023 -1273724.3003277096 1265314.8720974312
366.80016817829875 -1284964.2586293772 1276517.698229319
366.8003363464972 -1296328.7607034354 1287844.8214422704
366.80050451469572 -1307819.4674942633 1299297.9004905885
366.80067268289423 -1319438.0658546647 1310878.6200126428
366.80084085109274 -1331186.2690088421 1322588.6909935179
366.8010090192912 -1343065.8170247013 1334429.8512369865
366.80117718748971 -1355078.4772956937 1346403.8658470158
366.80134535568823 -1367226.0450324111 1358512.5277190213
366.80151352388674 -1379510.3437641538 1370757.6580410879
366.8016816920852 -1391933.2258506967 1383141.1068053837
366.80184986028371 -1404496.5730044842 1395664.7533299972
366.80201802848222 -1417202.2968234913 1408330.5067914345
366.80218619668074 -1430052.3393349922 1421140.3067680195
366.80235436487919 -1443048.6735504863 1434096.1237944441
366.80252253307771 -1456193.3040320363 1447199.9599277256
366.80269070127622 -1469488.2674702795 1460453.8493248303
366.80285886947473 -1482935.6332743801 1473859.8588322327
366.80302703767319 -1496537.504174198 1487420.0885876843
366.8031952058717 -1510296.0168349547 1501136.672634474
366.80336337407022 -1524213.342484687 1515011.7795484681
366.80353154226873 -1538291.687554782 1529047.6130782266
366.80369971046719 -1552533.2943339003 1543246.4127984999
366.8038678786657 -1566940.441635597 1557610.4547774165
366.80403604686421 -1581515.4454799597 1572142.0522576813
366.80420421506273 -1596260.6597895937 1586843.5563521127
366.80437238326118 -1611178.4771002885 1601717.3567538548
366.8045405514597 -1626271.3292867108 1616765.8824616084
366.80470871965821 -1641541.6883034795 1631991.6025202353
366.80487688785672 -1656992.0669419828 1647397.0267770996
366.80504505605518 -1672625.0196033146 1662984.706654516
366.80521322425369 -1688443.1430877061 1678757.2359386911
366.8053813924522 -1704449.0774008515 1694717.2515855448
366.80554956065072 -1720645.5065775258 1710867.4345438194
366.80571772884917 -1737035.1595229087 1727210.5105958846
366.80588589704769 -1753620.8108720405 1743749.2512166663
366.8060540652462 -1770405.2818678424 1760486.4744511314
366.80622223344471 -1787391.4412581511 1777425.0458107758
366.80639040164317 -1804582.2062122226 1794567.8791895758
366.80655856984168 -1821980.5432571792 1811917.9377998703
366.8067267380402 -1839589.469234881 1829478.2351286595
366.80689490623871 -1857412.0522797187 1847251.8359148155
366.80706307443717 -1875451.4128178384 1865241.8571477132
366.80723124263568 -1893710.724588319 1883451.4690878056
366.80739941083419 -1912193.2156868421 1901883.8963096801
366.80756757903271 -1930902.1696324043 1920542.4187681479
366.80773574723116 -1949840.9264576409 1939430.3728879322
366.80790391542968 -1969012.8838233391 1958551.1526775369
366.80807208362819 -1988421.4981577434 1977908.2108678955
366.8082402518267 -2008070.2858212644 1997505.0600764116
366.80840842002516 -2027962.8242972223 2017345.2739970232
366.80857658822367 -2048102.7534092739 2037432.4886169392
366.80874475642219 -2068493.7765661895 2057770.4034607117
366.8089129246207 -2089139.6620346634 2078362.7828623324
366.80908109281916 -2110044.2442408614 2099213.4572660509
366.80924926101767 -2131211.4251014283 2120326.3245566422
366.80941742921618 -2152645.1753846989 2141705.3514198628
366.8095855974147 -2174349.5361028737 2163354.5747338603
366.80975376561315 -2196328.6199359465 2185278.102992319
366.80992193381167 -2218586.6126881894 2207480.1177601512
366.81009010201018 -2241127.7747780243 2229964.87516256
366.81025827020869 -2263956.4427621355 2252736.7074083276
366.81042643840715 -2287077.0308946948 2275800.024348204
366.81059460660566 -2310494.0327226087 2299159.3150692997
366.81076277480418 -2334212.0227177045 2322819.1495264047
366.81093094300269 -2358235.657946818 2346784.180211192
366.81109911120114 -2382569.6797807575 2371059.143860281
366.81126727939966 -2407218.9156431514 2395648.8632031702
366.81143544759817 -2432188.2808002224 2420558.2487510778
366.81160361579668 -2457482.7801925484 2445792.3006277531
366.81177178399514 -2483107.5103099123 2471356.1104433583
366.81193995219365 -2509067.6611103672 2497254.8632125505
366.81210812039217 -2535368.5179846794 2523493.8393179206
366.81227628859068 -2562015.463767346 2550078.4165199897
366.81244445678914 -2589013.9807954147 2577014.0720149898
366.81261262498765 -2616369.6530163744 2604306.3845416936
366.81278079318616 -2644088.1681464175 2631961.0365385981
366.81294896138468 -2672175.3198804157 2659983.8163528023
366.81311712958313 -2700637.0101549909 2688380.6205019578
366.81328529778165 -2729479.251466101 2717157.4559907126
366.81345346598016 -2758708.1692426023 2746320.4426831156
366.81362163417867 -2788330.004277301 2775875.8157324796
366.81378980237713 -2818351.1152170352 2805829.9280702611
366.81395797057564 -2848777.9811133952 2836189.2529555499
366.81412613877416 -2879617.2040357189 2866960.3865868128
366.81429430697267 -2910875.5117480601 2898150.0507775862
366.81446247517113 -2942559.7604518752 2929765.0956978626
366.81463064336964 -2974676.9375962247 2961812.5026829671
366.81479881156815 -3007234.1647573407 2994299.3871117742
366.81496697976667 -3040238.7005894687 3027233.0013561747
366.81513514796512 -3073697.9438489517 3060620.7378037558
366.81530331616364 -3107619.4364935774 3094470.1319557182
366.81547148436215 -3142010.8668592805 3128788.8656021217
366.81563965256066 -3176880.0729163471 3163584.7700766036
366.81580782075912 -3212235.0456073419 3198865.8295927914
366.81597598895763 -3248083.9322690414 3234640.1846646899
366.81614415715615 -3284435.0401407275 3270916.1356134033
366.81631232535466 -3321296.8399612755 3307702.1461626152
366.81648049355312 -3358677.9696575343 3345006.8471253328
366.81664866175163 -3396587.2381265839 3382839.040184475
366.81681682995014 -3435033.6291145324 3421207.7017699666
366.81698499814865 -3474026.3051945991 3460121.9870350854
366.81715316634711 -3513574.6118473122 3499591.2339348891
366.81732133454562 -3553688.0816457472 3539624.9674096466
366.81748950274414 -3594376.4385488131 3580232.903676284
366.81765767094265 -3635649.6023057019 3621424.9546309528
366.81782583914111 -3677517.6929747029 3663211.2323659272
366.81799400733962 -3719991.0355596924 3705602.0538041391
366.81816217553813 -3763080.1647677179 3748607.9454547656
366.81833034373665 -3806795.8298911932 3792239.6482933881
366.8184985119351 -3851148.9998183497 3836508.1227703672
366.81866668013362 -3896150.8681756947 3881424.5539511791
366.81883484833213 -3941812.8586063506 3927000.3567925934
366.81900301653064 -3988146.6301882816 3973247.1815586891
366.8191711847291 -4035164.0829965337 4020176.9193808446
366.81933935292761 -4082877.3638137588 4067801.7079659589
366.81950752112613 -4131298.8719934248 4116133.9374573156
366.81967568932464 -4180441.2654802632 4165186.2564526335
366.8198438575231 -4230317.466992653 4214971.578184003
366.82001202572161 -4280940.670371796 4265503.0868645655
366.82018019392012 -4332324.3471026961 4316794.2442069408
366.82034836211864 -4384482.25301213 4368858.7961185947
366.82051653031709 -4437428.4351489516 4421710.7795794839
366.82068469851561 -4491177.2388522755 4475364.5297075268
366.82085286671412 -4545743.3150132485 4529834.6870175991
366.82102103491263 -4601141.627536322 4585136.2048799749
366.82118920311109 -4657387.461006132 4641284.357184317
366.8213573713096 -4714496.4285663031 4698294.7462155232
366.82152553950812 -4772484.4800167074 4756183.310747968
366.82169370770663 -4831367.910135922 4814966.3343648799
366.82186187590509 -4891163.3672358785 4874660.4540098365
366.8220300441036 -4951887.8619559091 4935282.6687775971
366.82219821230211 -5013558.7763036722 4996850.3489517355
366.82236638050063 -5076193.8729506684 5059381.2452968024
366.82253454869908 -5139811.3047903515 5122893.4986129962
366.8227027168976 -5204429.6247670911 5187405.6495616222
366.82287088509611 -5270067.7959845504 5252936.6487698788
366.82303905329462 -5336745.2021023277 5319505.8672238383
366.82320722149308 -5404481.6580300294 5387133.1069587702
366.82337538969159 -5473297.4209282538 5455838.6120562963
366.8235435578901 -5543213.2015263112 5525643.0799581921
366.82371172608862 -5614250.1757668378 5596567.673107001
366.82387989428707 -5686429.9967878349 5668634.0309239766
366.82404806248559 -5759774.8072530292 5741864.2821352603
366.8242162306841 -5834307.2520418428 5816281.0574575681
366.82438439888261 -5910050.4913106617 5891907.5026550852
366.82455256708107 -5987028.213937521 5968767.2919796705
366.82472073527958 -6065264.6513627442 6046884.6420069179
366.8248889034781 -6144784.5918385414 6126284.3258810705
366.82505707167661 -6225613.3951010387 6206991.6879822593
366.82522523987507 -6307777.0074786972 6289032.6590300156
366.82539340807358 -6391301.977451589 6372433.7716375366
366.82556157627209 -6476215.471676535 6457222.1763316896
366.82572974447061 -6562545.2914936543 6543425.6580543043
366.82589791266906 -6650319.8899304392 6631072.6531608803
366.82606608086758 -6739568.3892200869 6720192.266933416
366.82623424906609 -6830320.5988514218 6810814.2916246979
366.8264024172646 -6922607.0341683896 6902969.2250520363
366.82657058546306 -7016458.9355377844 6996688.2897590902
366.82673875366157 -7111908.2881045602 7092003.4527651416
366.82690692186009 -7208987.842154813 7188947.4459218923
366.8270750900586 -7307731.1341072684 7287553.7868986214
366.82724325825706 -7408172.5081549101 7387856.8008173276
366.82741142645557 -7510347.1385791944 7489891.6425603079
366.82757959465408 -7614291.0527601615 7593694.3197734663
366.8277477628526 -7720041.1549066389 7699301.7165895542
366.82791593105105 -7827635.250531666 7806751.6180964559
366.82808409924957 -7937112.0716992309 7916082.7355766222
366.82825226744808 -8048511.3030694285 8027334.7325447369
366.82842043564659 -8161873.6087701889 8140548.251611772
366.82858860384505 -8277240.6601248272 8255764.9422046812
366.82875677204356 -8394655.1642658152 8373027.4891721075
366.82892494024208 -8514160.8936663494 8492379.6423077006
366.82909310844059 -8635802.7166225519 8613866.246823851
366.82926127663904 -8759626.6287204176 8737533.2748099677
366.82942944483756 -8885679.7853229996 8863427.8577107638
366.82959761303607 -9014010.5351147037 8991598.31986144
366.82976578123458 -9144668.454741057 9122094.2131181024
366.82993394943304 -9277704.3845838532 9254966.352623323
366.83010211763155 -9413170.4657131657 9390266.8537483271
366.83027028583007 -9551120.1780594084 9528049.1702549681
366.83043845402858 -9691608.3798503671 9668368.1337224189
366.83060662222704 -9834691.3483599499 9811279.9942853209
366.83077479042555 -9980426.8220173158 9956842.4627320245
366.83094295862406 -10128874.043927033 10105114.754013591
366.83111112682258 -10280093.806852994 10256157.632216252
366.83127929502103 -10434148.499721013 10410033.457052246
366.83144746321955 -10591102.155697256 10566806.231926193
366.83161563141806 -10751020.501902103 10726541.653636577
366.83178379961657 -10913971.010821458 10889307.163774339
366.83195196781503 -11080022.953480167 11055172.001883261
366.83212013601354 -11249247.454444904 11224207.260449445
366.83228830421206 -11421717.54872673 11396485.941790134
366.83245647241057 -11597508.240656512 11572083.016914997
366.83262464060903 -11776696.564809497 11751075.486436209
366.83279280880754 -11959361.649058592 11933542.443606827
366.83296097700605 -12145584.779839307 12119565.139570452
366.83312914520457 -12335449.469712928 12309227.050908661
366.83329731340302 -12529041.527318148 12502613.949576506
366.83346548160154 -12726449.129805384 12699813.975320235
366.83363364980005 -12927762.897852056 12900917.710675517
366.83380181799856 -13133075.973361416 13106018.258648757
366.83396998619702 -13342484.099952037 13315211.323188569
366.83413815439553 -13556085.706349755 13528595.292559205
366.83430632259405 -13773981.992798839 13746271.325732695
366.83447449079256 -13996277.020614341 13968343.441921629
366.83464265899102 -14223077.805003 14194918.613379937
366.83481082718953 -14454494.411285818 14426106.861604773
366.83497899538804 -14690640.054661369 14662021.357078541
366.83514716358656 -14931631.203655222 14902778.522696428
366.83531533178501 -15177587.687407421 15148498.141031358
366.83548349998352 -15428632.806956895 15399303.46559524
366.83565166818204 -15684893.450688951 15655321.336262606
366.83581983638055 -15946500.214119598 15916682.299030408
366.83598800457901 -16213587.524198491 16183520.730295707
366.83615617277752 -16486293.768320682 16455974.965841426
366.83632434097603 -16764761.428246224 16734187.4347292
366.83649250917455 -17049137.219135962 17018304.798307605
366.836660677373 -17339572.233921587 17308478.094553858
366.83682884557152 -17636222.093238365 17604862.88797731
366.83699701377003 -17939247.101159673 17907619.425323896
366.83716518196854 -18248812.406983912 18216912.797332056
366.837333350167 -18565088.173336253 18532913.106802538
366.83750151836551 -18888249.750860307 18855795.643257156
366.83766968656403 -19218477.859787986 19185741.064474758
366.83783785476254 -19555958.77868982 19522935.585206583
366.838006022961 -19900884.540722627 19867571.173387915
366.83817419115951 -20253453.137706883 20219845.754178312
366.83834235935802 -20613868.732382465 20579963.422179062
366.83851052755654 -20982341.879208524 20948134.662193578
366.83867869575499 -21359089.754091389 21324576.578914586
366.83884686395351 -21744336.393443424 21709513.135940976
366.83901503215202 -22138312.942995843 22103175.4045473
366.83918320035053 -22541257.916809715 22505801.822650071
366.83935136854899 -22953417.466951739 22917638.46443741
366.8395195367475 -23375045.664324917 23338939.321152128
366.83968770494602 -23806404.791169204 23769966.593543231
366.83985587314453 -24247765.645773448 24210990.996527147
366.84002404134299 -24699407.859967742 24662292.076627687
366.8401922095415 -25161620.229994521 25124158.542793095
366.84036037774001 -25634701.061387841 25596888.611219458
366.84052854593853 -26118958.528522849 26080790.364842486
366.84069671413698 -26614711.04953216 26576182.128194287
366.8408648823355 -27122287.677322336 27083392.858358286
366.84103305053401 -27642028.507462405 27602762.552794088
366.84120121873252 -28174285.103757191 28134642.674845036
366.84136938693098 -28719420.942361552 28679396.597784463
366.84153755512949 -29277811.875337433 29237400.068302456
366.841705723328 -29849846.614604115 29809041.690383404
366.84187389152652 -30435927.237283386 30394723.430576004
366.84204205972497 -31036469.713495787 30994861.145711731
366.84221022792349 -31651904.457721706 31609885.1341855
366.842378396122 -32282676.904902145 32240240.711973179
366.84254656432051 -32929248.112518787 32886388.81462552
366.84271473251897 -33592095.38996163 33548806.626546603
366.84288290071748 -34271712.956565276 34227988.238937832
366.843051068916 -34968612.629772298 34924445.33786571
366.84321923711451 -35683324.54496406 35638707.923993669
366.84338740531297 -36416397.908586539 36371325.065605365
366.84355557351148 -37168401.786291085 37122865.686639227
366.84372374170999 -37939925.927908383 37893919.391552329
366.84389190990851 -38731581.631178208 38685097.328936115
366.84406007810696 -39544002.646268599 39497033.095917322
366.84422824630548 -40377846.123236053 40330383.685495608
366.84439641450399 -41233793.604703814 41185830.479094744
366.8445645827025 -42112552.066168934 42064080.286737852
366.84473275090096 -43014855.006490812 42965866.437399209
366.84490091909947 -43941463.591265328 43891949.922236517
366.84506908729799 -44893167.851949789 44843120.593568616
366.8452372554965 -45870787.943775587 45820198.422635354
366.84540542369496 -46875175.465668447 46824034.819359191
366.84557359189347 -47907214.84559121 47855514.017523296
366.84574176009198 -48967824.79493212 48915554.528988726
366.8459099282905 -50057959.835783452 50005110.670795403
366.84607809648895 -51178611.905192271 51125174.169228226
366.84624626468747 -52330812.040717848 52276775.845182627
366.84641443288598 -53515632.151900306 53460987.385433815
366.84658260108449 -54734186.88253361 54678923.204702415
366.84675076928295 -55987635.568944193 55931742.403717496
366.84691893748146 -57277184.299806297 57220650.828807682
366.84708710567998 -58604088.083377495 58546903.238903388
366.84725527387849 -59969653.12841519 59911805.586210571
366.84742344207694 -61375239.245438486 61316717.417219944
366.84759161027546 -62822262.375432238 62763054.401147999
366.84775977847397 -64312197.253553122 64252290.993369207
366.84792794667248 -65846580.21589379 65785963.241894893
366.84809611487094 -67427012.157893181 67365671.745486408
366.84826428306945 -69055161.653551593 68993084.772560537
366.84843245126797 -70732768.245221213 70669941.550657272
366.84860061946648 -72461645.914399892 72398055.736897081
366.84876878766494 -74243686.74466154 74179319.080560446
366.84893695586345 -76080864.788614288 76015705.289680034
366.84910512406196 -77975240.151592299 77909274.114350662
366.84927329226048 -79928963.30566293 79862175.66033797
366.84944146045893 -81944279.64847289 81876654.947508544
366.84960962865745 -84023534.322471097 83955056.728618518
366.84977779685596 -86169177.311137378 86099830.585088596
366.84994596505447 -88383768.830021858 88313536.317569494
366.85011413325293 -90669985.031667054 90598849.65036884
366.85028230145144 -93030624.044850469 92958568.270176053
366.85045046964996 -95468612.370059133 95395618.22099565
366.85061863784847 -97987011.654697523 97913060.678789034
366.85078680604693 -100589025.8732471 100514099.13104177
366.85095497424544 -103278008.93945022 103202086.9883277
366.85112314244395 -106057472.77959564 105980535.65694571
366.85129131064247 -108931095.89815 108853123.10387178
366.85145947884092 -111902732.46932416 111823702.94761379
366.85162764703944 -114976421.99070176 114896314.11109444
366.85179581523795 -118156399.53780557 118075191.07543622
366.85196398343646 -121447106.66145575 121364774.77650033
366.85213215163492 -124853202.97300307 124769724.18926077
366.85230031983343 -128379578.46602297 128294928.64859688
366.85246848803195 -132031366.62685782 131945520.95888977
366.85263665623046 -135813958.39052346 135726891.34893563
366.85280482442892 -139733017.00298199 139644702.33317566
366.85297299262743 -143794493.85565996 143704904.54511875
366.85314116082594 -148004645.36339751 147913753.61413917
366.85330932902446 -152370050.96278831 152277828.16260624
366.85347749722291 -156897632.3141616 156804049.00659353
366.85364566542142 -161594673.79731247 161499699.65026999
366.85381383361994 -166468844.39856258 166372448.17155153
366.85398200181845 -171528221.09489119 171430370.60474831
366.85415017001691 -176781313.84978372 176681975.93485075
366.85431833821542 -182237092.34517738 182136232.82782885
366.85448650641393 -187905014.58452377 187802598.23195934
366.85465467461245 -193795057.51362911 193691047.99683616
366.8548228428109 -199917749.81867906 199812109.66946509
366.85499101100942 -206284207.07481596 206176897.64080405
366.85515917920793 -212906169.43394455 212797150.83141819
366.85532734740644 -219796042.05723685 219685273.1217134
366.8554955156049 -226966938.51624364 226854376.7506479
366.85566368380341 -234432727.40677819 234318328.92707863
366.85583185200193 -242208082.44201088 242091801.92017272
366.85600002020044 -250308536.31572297 250190326.91982231
366.8561681883989 -258750538.6536555 258630351.98498815
366.85633635659741 -267551518.40063247 267429304.42764014
366.85650452479592 -276729951.02394223 276605658.01276654
366.85667269299444 -286305430.94967127 286179005.39113319
366.85684086119289 -296298749.68868589 296170136.22147387
366.85700902939141 -306731980.15318584 306601121.4830212
366.85717719758992 -317628567.71369737 317495404.52822882
366.85734536578843 -329013428.60057682 328877899.47973865
366.85751353398689 -340913056.3141852 340775097.6357345
366.8576817021854 -353355636.77455986 353215182.61448729
366.85784987038392 -366371173.01544428 366228155.04293138
366.85801803858243 -379991620.3098309 379845967.67640179
366.85818620678089 -394251032.70572543 394102671.92821532
366.8583543749794 -409185722.05280584 409034576.88974047
366.85852254317791 -424834430.71430814 424680422.03525645
366.85869071137643 -441238519.285299 441081564.93272954
366.85885887957488 -458442170.78016061 458282185.42329443
366.8590270477734 -476492612.9105047 476329507.89061862
366.85919521597191 -495440360.25202739 495274043.41861856
366.85936338417042 -515339478.29747319 515169853.83464855
366.85953155236888 -536247871.61570716 536074839.85811073
366.85969972056739 -558227598.58713174 558051055.82466674
366.8598678887659 -581345215.46700907 581165053.73755097
366.86003605696442 -605672152.8448813 605488259.71411097
366.86020422516287 -631285127.92509615 631097386.25251019
366.86037239336139 -658266596.45600128 658074884.14607573
366.8605405615599 -686705248.59009206 686509438.32748938
366.86070872975841 -716696553.47170818 716496512.43932009
366.86087689795687 -748343357.93130064 748138947.50981557
366.86104506615538 -781756545.32573259 781547620.77329898
366.8612132343539 -817055761.31396806 816842171.42439818
366.86138140255241 -854370214.21013689 854151800.94795513
366.86154957075087 -893839558.52674174 893616156.63722646
366.86171773894938 -935614871.42766094 935386308.01985717
366.86188590714789 -979859733.07449925 979625827.17499173
366.86205407534641 -1026751423.2951635 1026511985.3701898
366.86222224354486 -1076482248.658849 1076237080.1020997
366.86239041174338 -1129261015.9403827 1129009908.523581
366.86255857994189 -1185314670.1383336 1185057405.4213989
366.8627267481404 -1244890117.7216144 1244626466.4188988
366.86289491633886 -1308256258.67292 1307985979.9716539
366.86306308453737 -1375706254.2384169 1375429095.065104
366.86323125273589 -1447560061.157588 1447275755.3876538
366.8633994209344 -1524167267.6250775 1523875535.2305839
366.86356758913286 -1605910271.4345889 1605610817.564275
366.86373575733137 -1693207846.8006544 1692900360.7859542
366.86390392552988 -1786519153.3992012 1786203307.6791925
366.8640720937284 -1886348249.393558 1886023698.3510239
366.86424026192685 -1993249179.836489 1992915558.5363948
366.86440843012537 -2107831723.1220317 2107488645.9427433
366.86457659832388 -2230767891.4176559 2230414950.5641007
366.86474476652239 -2362799296.6172533 2362436060.5039749
366.86491293472085 -2504745511.7779126 2504371523.2685413
366.86508110291936 -2657513579.7954955 2657128354.2835321
366.86524927111788 -2822108846.9140487 2821711870.2280254
366.86541743931639 -2999647329.3788743 2999238055.4928479
366.86558560751484 -3191369858.1452608 3190947706.6732059
366.86575377571336 -3398658290.286499 3398222643.736424
366.86592194391187 -3623054128.134963 3622604328.8954296
366.86609011211038 -3866279950.1269913 3865815297.1551118
366.86625828030884 -4130264133.1455226 4129783878.3213577
366.86642644850735 -4417169437.770936 4416672781.8784189
366.86659461670587 -4729426138.8876953 4728912227.1766758
366.86676278490438 -5069770519.0910358 5069238436.3686066
366.86693095310284 -5441289706.9969215 5440738472.188735
366.86709912130135 -5847474044.0731812 5846902604.1867723
366.86726728949986 -6292278411.0825701 6291685634.4945402
366.86743545769838 -6780194250.2376976 6779578919.2147341
366.86760362589683 -7316334396.4863205 7315695198.8360558
366.86777179409535 -7906533299.9182053 7905868819.6494675
366.86793996229386 -8557465805.5101423 8556774512.3627129
366.86810813049237 -9276788387.874115 9276068625.5550804
366.86827629869083 -10073307658.388426 10072557631.324785
366.86844446688934 -10957182123.725863 10956399882.110399
366.86861263508786 -11940164648.802475 11939348071.670734
366.86878080328637 -13035894956.638735 13035041732.667877
366.86894897148483 -14260253906.202723 14259361511.86631
366.86911713968334 -15631794392.192019 15630860066.835966
366.86928530788185 -17172267730.052254 17171288447.373566
366.86945347608037 -18907269625.905289 18906242061.212963
366.86962164427882 -20867036693.962532 20865957186.474598
366.86978981247734 -23087433535.180309 23086298044.456223
366.86995798067585 -25611182406.807571 25609986462.223427
366.87012614887436 -28489403574.353333 28488142216.288452
366.87029431707282 -31783556063.538967 31782223774.642941
366.87046248527133 -35567897869.812546 35566488494.344597
366.87063065346985 -39932624808.395073 39931131457.149124
366.87079882166836 -44987902528.285919 44986317466.004181
366.87096698986682 -50869083221.593925 50867397732.987297
366.87113515806533 -57743506732.548424 57741710962.026443
366.87130332626384 -65819439244.768768 65817522003.657692
366.87147149446236 -75357922789.121628 75355871322.407684
366.87163966266081 -86688627930.075302 86686427632.401001
366.87180783085932 -100231270317.71663 100228904385.26669
366.87197599905784 -116524847951.22433 116522296951.95963
366.87214416725635 -136268005072.5058 136265246411.49599
366.87231233545481 -160375432862.09573 160372440110.81653
366.87248050365332 -190057709336.55835 190054451383.99301
366.87264867185183 -226935918924.26697 226932358892.0307
366.87281684005035 -273208730357.30051 273204824198.55859
366.8729850082488 -331900017956.88092 331895712626.07574
366.87315317644732 -407232572433.9231 407227803465.7196
