# serie phase 2 p4_w1.73_c1.05_dt2s2_k2 : t x1 x2 (dt2=0.00012511108540433827, depart t=120.498 etat bascule x1 x2 v1 v2 = -1619894.0717007094 1614768.9517646823 -66097783.110165134 65993041.736715235)
120.498 -1619894.0717007094 1614768.9517646823
120.49812511108541 -1628190.1258419952 1623051.8764102992
120.49825022217081 -1636539.4295787734 1631388.000101516
120.49837533325622 -1644942.393798945 1639777.733466398
120.49850044434162 -1653399.4330948822 1648221.4908358105
120.49862555542703 -1661910.9658016521 1656719.6902816291
120.49875066651244 -1670477.4140356837 1665272.7536553941
120.49887577759783 -1679099.2037338864 1673881.1066274152
120.49900088868324 -1687776.7646932225 1682545.1787263313
120.49912599976864 -1696510.5306107432 1691265.4033791327
120.49925111085405 -1705300.9391240911 1700042.2179516505
120.49937622193946 -1714148.4318524771 1708876.0637895195
120.49950133302485 -1723053.4544381378 1717767.3862596217
120.49962644411026 -1732016.4565882778 1726716.6347920154
120.49975155519567 -1741037.8921175061 1735724.2629223571
120.49987666628107 -1750118.2189907706 1744790.7283348218
120.50000177736648 -1759257.899366799 1753916.4929055292
120.50012688845187 -1768457.3996420505 1763102.0227464826
120.50025199953728 -1777717.1904951881 1772347.7882500249
120.50037711062269 -1787037.7469320756 1781654.2641338217
120.50050222170809 -1796419.5483313075 1791021.9294863767
120.5006273327935 -1805863.0784902789 1800451.2678130858
120.50075244387889 -1815368.8256718018 1809942.767082839
120.5008775549643 -1824937.2826512752 1819496.9197751752
120.50100266604971 -1834568.946764417 1829114.2229279985
120.50112777713511 -1844264.319955565 1838795.1781858639
120.50125288822052 -1854023.9088265535 1848540.2918488379
120.50137799930592 -1863848.2246861737 1858350.0749219439
120.50150311039133 -1873737.783600227 1868225.0431651988
120.50162822147674 -1883693.1064421763 1878165.7171442483
120.50175333256213 -1893714.7189444064 1888172.6222816119
120.50187844364754 -1903803.1517500994 1898246.2889085405
120.50200355473294 -1913958.9404657339 1908387.2523175001
120.50212866581835 -1924182.6257142164 1918596.0528152864
120.50225377690376 -1934474.7531886545 1928873.2357767806
120.50237888798915 -1944835.8737067778 1939219.3516993541
120.50250399907456 -1955266.5432660184 1949634.9562579312
120.50262911015996 -1965767.3230992574 1960120.6103607183
120.50275422124537 -1976338.7797312476 1970676.8802056096
120.50287933233078 -1986981.4850357212 1981304.3373372769
120.50300444341617 -1997696.016293192 1992003.5587049534
120.50312955450158 -2008482.9562494613 2002775.1267209223
120.50325466558699 -2019342.8931748359 2013619.6293197169
120.50337977667239 -2030276.4209240712 2024537.6600180443
120.5035048877578 -2041284.1389970449 2035529.8179754412
120.50362999884319 -2052366.6526001738 2046596.7080556727
120.5037551099286 -2063524.5727085851 2057738.9408888833
120.50388022101401 -2074758.5161290481 2068957.1329345109
120.50400533209941 -2086069.1055636816 2080251.9065449738
120.50413044318482 -2097456.9696744434 2091623.8900301419
120.50425555427022 -2108922.7431484172 2103073.7177226031
120.50438066535563 -2120467.0667639021 2114602.0300437333
120.50450577644104 -2132090.5874573207 2126209.4735705853
120.50463088752643 -2143793.9583909553 2137896.7011036039
120.50475599861184 -2155577.8390215235 2149664.3717351807
120.50488110969724 -2167442.8951696022 2161513.1509190593
120.50500622078265 -2179389.7990899188 2173443.7105406038
120.50513133186806 -2191419.2295425129 2185456.7289879415
120.50525644295345 -2203531.8718647873 2197552.8912239904
120.50538155403886 -2215728.4180444567 2209732.8888593884
120.50550666512426 -2228009.5667934087 2221997.4202263323
120.50563177620967 -2240376.0236224881 2234347.1904533398
120.50575688729508 -2252828.5009172196 2246782.9115409511
120.50588199838047 -2265367.7180144787 2259305.3024383774
120.50600710946588 -2277994.4012801293 2271915.0891211149
120.50613222055129 -2290709.2841876335 2284613.0046695326
120.50625733163669 -2303513.107397656 2297399.7893484551
120.5063824427221 -2316406.6188386697 2310276.1906877439
120.5065075538075 -2329390.5737885837 2323242.9635639014
120.5066326648929 -2342465.7349574007 2336300.8702827059
120.50675777597831 -2355632.8725709217 2349450.6806628932
120.50688288706371 -2368892.7644555168 2362693.1721209008
120.50700799814912 -2382246.1961239683 2376029.12975669
120.50713310923452 -2395693.9608624089 2389459.346440657
120.50725822031993 -2409236.8598183673 2402984.6229016557
120.50738333140534 -2422875.7020899379 2416605.7678161403
120.50750844249073 -2436611.3048160882 2430323.5978984497
120.50763355357614 -2450444.4932681234 2444138.937992245
120.50775866466154 -2464376.100942323 2458052.6211631214
120.50788377574695 -2478406.9696537661 2472065.4887924069
120.50800888683236 -2492537.9496313622 2486178.3906721668
120.50813399791775 -2506769.8996141059 2500392.1851014323
120.50825910900316 -2521103.6869485714 2514707.7389836684
120.50838422008856 -2535540.1876876652 2529125.9279255001
120.50850933117397 -2550080.286690658 2543647.636336714
120.50863444225938 -2564724.8777245064 2558273.7575315563
120.50875955334477 -2579474.8635664931 2573005.1938313432
120.50888466443018 -2594331.1561081968 2587842.856668402
120.50900977551558 -2609294.6764608147 2602787.6666913666
120.50913488660099 -2624366.3550618547 2617840.5538718412
120.5092599976864 -2639547.1317832218 2633002.4576124558
120.5093851087718 -2654837.9560407135 2648274.3268563338
120.50951021985721 -2670239.786904946 2663657.1201979886
120.50963533094261 -2685753.593213737 2679151.8059956753
120.50976044202801 -2701380.3536859578 2694759.3624852141
120.50988555311342 -2717121.0570368837 2710480.77789531
120.51001066419882 -2732976.7020950597 2726317.0505643869
120.51013577528423 -2748948.2979207085 2742269.1890589637
120.51026088636964 -2765036.8639256964 2758338.2122935909
120.51038599745503 -2781243.429995086 2774525.1496523707
120.51051110854044 -2797569.0366102993 2790831.0411120867
120.51063621962584 -2814014.7349739075 2807256.9373669638
120.51076133071125 -2830581.5871360819 2823803.8999550836
120.51088644179666 -2847270.6661227224 2840473.0013864809
120.51101155288205 -2864083.0560652907 2857265.3252729443
120.51113666396746 -2881019.8523323755 2874181.9664595472
120.51126177505286 -2898082.161663014 2891224.0311579341
120.51138688613827 -2915271.1023017936 2908392.6370813893
120.51151199722368 -2932587.8041357645 2925688.9135817126
120.51163710830907 -2950033.4088331861 2943114.0017879331
120.51176221939448 -2967609.069984138 2960669.0547468825
120.51188733047988 -2985315.9532430205 2978355.2375656608
120.51201244156529 -3003155.236472975 2996173.7275560205
120.5121375526507 -3021128.1098922538 3014125.7143806978
120.5122626637361 -3039235.7762225629 3032212.4002017216
120.51238777482151 -3057479.4508394171 3050434.999830727
120.5125128859069 -3075860.3619245267 3068794.740881308
120.51263799699231 -3094379.7506202576 3087292.863923436
120.51276310807772 -3113038.8711861847 3105930.6226399778
120.51288821916312 -3131838.9911577809 3124709.2839853428
120.51301333024853 -3150781.391507267 3143630.1283462951
120.51313844133394 -3169867.3668066571 3162694.4497049577
120.51326355241933 -3189098.2253930345 3181903.5558040482
120.51338866350474 -3208475.2895360892 3201258.7683143769
120.51351377459014 -3227999.8956079544 3220761.4230046407
120.51363888567555 -3247673.3942553755 3240412.869913551
120.51376399676096 -3267497.1505742469 3260214.4735243279
120.51388910784635 -3287472.5442865533 3280167.6129415995
120.51401421893176 -3307600.9699197533 3300273.6820707419
120.51413933001716 -3327883.8369886409 3320534.0897996984
120.51426444110257 -3348322.570179726 3340950.2601833143
120.51438955218798 -3368918.6095381672 3361523.6326302276
120.51451466327337 -3389673.4106573048 3382255.6620923541
120.51463977435878 -3410588.4448708235 3403147.8192570084
120.51476488544418 -3431665.1994475974 3424201.5907416986
120.51488999652959 -3452905.1777892471 3445418.4792916412
120.515015107615 -3474309.89963046 3466800.0039800322
120.5151402187004 -3495880.9012421118 3488347.7004111218
120.51526532978581 -3517619.7356372359 3510063.1209261362
120.5153904408712 -3539527.9727798812 3531947.8348120865
120.51551555195661 -3561607.1997969081 3554003.4285135157
120.51564066304202 -3583859.0211927649 3576231.5058472268
120.51576577412742 -3606285.059067294 3598633.6882200367
120.51589088521283 -3628886.9533366119 3621211.6148496075
120.51601599629824 -3651666.3619571161 3643966.9429884027
120.51614110738363 -3674624.9611526649 3666901.348150813
120.51626621846904 -3697764.4456449798 3690016.5243435088
120.51639132955444 -3721086.5288873236 3713314.1842990639
120.51651644063985 -3744592.9433015045 3736796.0597129068
120.51664155172526 -3768285.4405182586 3760463.9014836499
120.51676666281065 -3792165.7916210662 3784319.4799568499
120.51689177389606 -3816235.7873934554 3808364.5851722565
120.51701688498146 -3840497.2385698459 3832601.0271146009
120.51714199606687 -3864951.9760899954 3857030.6359679853
120.51726710715228 -3889601.8513571005 3881655.2623739275
120.51739221823767 -3914448.7364996141 3906476.7776931194
120.51751732932308 -3939494.5246368353 3931497.074270959
120.51764244040848 -3964741.1301483372 3956718.0657069194
120.51776755149389 -3990190.4889472895 3982141.6871278123
120.5178926625793 -4015844.5587577429 4007769.8954650098
120.5180177736647 -4041705.3193959333 4033604.6697356906
120.51814288475011 -4067774.7730556787 4059648.0113281729
120.5182679958355 -4094054.9445979279 4085901.9442914017
120.51839310692091 -4120547.8818445308 4112368.5156286559
120.51851821800632 -4147255.6558763017 4139049.7955955477
120.51864332909172 -4174180.3613354396 4165947.8780023777
120.51876844017713 -4201324.1167323822 4193064.880520924
120.51889355126252 -4228689.0647571599 4220402.9449957311
120.51901866234793 -4256277.3725953316 4247964.2377599776
120.51914377343334 -4284091.2322485661 4275750.9499559915
120.51926888451874 -4312132.8608599585 4303765.2978604948
120.51939399560415 -4340404.5010441449 4332009.5232146541
120.51951910668956 -4368908.4212223077 4360485.8935590116
120.51964421777495 -4397646.9159621429 4389196.7025733851
120.51976932886036 -4426622.3063228745 4418144.2704218086
120.51989443994576 -4455836.9402054017 4447330.9441026067
120.52001955103117 -4485293.192707655 4476759.0978036812
120.52014466211658 -4514993.4664852638 4506431.1332630999
120.52026977320197 -4544940.1921176044 4536349.480135072
120.52039488428738 -4575135.8284793319 4566516.5963614052
120.52051999537278 -4605582.8631174844 4596934.9685485307
120.52064510645819 -4636283.8126342446 4627607.1123501891
120.5207702175436 -4667241.2230754662 4658535.5728558805
120.520895328629 -4698457.6703250529 4689722.9249851573
120.52102043971441 -4729935.7605052879 4721171.7738878801
120.5211455507998 -4761678.1303832196 4752884.755350519
120.52127066188521 -4793687.4477831991 4784864.5362086101
120.52139577297062 -4825966.4120056797 4817113.814765471
120.52152088405602 -4858517.754252377 4849635.3212172771
120.52164599514143 -4891344.2380579039 4882431.8180846097
120.52177110622682 -4924448.6597279841 4915506.1006505881
120.52189621731223 -4957833.848784362 4948860.9974056864
120.52202132839764 -4991502.6684165159 4982499.3704993641
120.52214643948304 -5025458.0159402983 5016424.1161986114
120.52227155056845 -5059702.8232636135 5050638.1653535413
120.52239666165386 -5094240.0573592577 5085144.4838701356
120.52252177273925 -5129072.7207450438 5119946.0731902784
120.52264688382466 -5164203.8519713348 5155045.9707791954
120.52277199491006 -5199636.5261161113 5190447.2506204266
120.52289710599547 -5235373.8552877065 5226153.023718467
120.52302221708088 -5271418.9891353399 5262166.4386091987
120.52314732816627 -5307775.1153675793 5298490.6818782603
120.52327243925168 -5344445.4602788761 5335128.978687481
120.52339755033708 -5381433.2892843103 5372084.5933095217
120.52352266142249 -5418741.9074626835 5409360.8296708697
120.5236477725079 -5456374.6601081127 5446961.0319033302
120.5237728835933 -5494334.9332902664 5484888.5849041557
120.52389799467871 -5532626.1544233998 5523146.9149049744
120.5240231057641 -5571251.7928443337 5561739.4900496677
120.52414821684951 -5610215.360399547 5600669.8209813489
120.52427332793492 -5649520.41204153 5639941.4614386093
120.52439843902032 -5689170.5464345673 5679558.0088611906
120.52452355010573 -5729169.4065701142 5719523.1050052494
120.52464866119112 -5769520.6803919412 5759840.4365683869
120.52477377227653 -5810228.1014312096 5800513.7358246082
120.52489888336194 -5851295.4494516607 5841546.7812693994
120.52502399444734 -5892726.5511050988 5882943.3982750895
120.52514910553275 -5934525.2805973422 5924707.4597566826
120.52527421661814 -5976695.5603648424 5966842.8868483556
120.52539932770355 -6019241.3617621437 6009353.6495907977
120.52552443878896 -6062166.705760397 6052243.7676295983
120.52564954987436 -6105475.6636571046 6095517.3109248681
120.52577466095977 -6149172.3577973163 6139178.4004723066
120.52589977204518 -6193260.9623064687 6183231.2090359144
120.52602488313057 -6237745.7038350813 6227679.9618925573
120.52614999421598 -6282630.8623155281 6272528.9375886088
120.52627510530138 -6327920.7717310926 6317782.4687088681
120.52640021638679 -6373619.8208975364 6363444.9426579969
120.5265253274722 -6419732.4542574054 6409520.8024546877
120.5266504385576 -6466263.1726873033 6456014.5475387974
120.52677554964301 -6513216.5343183707 6502930.7345916871
120.5269006607284 -6560597.1553702075 6550273.9783700034
120.52702577181381 -6608409.7109984839 6598048.9525531437
120.52715088289922 -6656658.9361564964 6646260.3906046664
120.52727599398462 -6705349.6264709122 6694913.0866478896
120.52740110507003 -6754486.6391319735 6744011.8963559447
120.52752621615542 -6804074.893798423 6793561.7378565501
120.52765132724083 -6854119.3735174183 6843567.5926517732
120.52777643832624 -6904625.12565972 6894034.5065530604
120.52790154941164 -6955597.2628704244 6944967.5906318175
120.52802666049705 -7007040.9640355399 6996372.0221858211
120.52815177158244 -7058961.4752646936 7048253.0457217665
120.52827688266785 -7111364.1108902683 7100615.9739542436
120.52840199375326 -7164254.2544832826 7153466.1888214452
120.52852710483866 -7217637.3598863138 7206809.1425179271
120.52865221592407 -7271518.9522637958 7260650.3585447343
120.52877732700948 -7325904.6291700071 7314995.4327772167
120.52890243809487 -7380800.0616350854 7369850.0345508689
120.52902754918028 -7436210.9952694066 7425219.9077655328
120.52915266026568 -7492143.2513866732 7481110.8720083069
120.52927777135109 -7548602.728146066 7537528.8236955171
120.5294028824365 -7605595.4017138183 7594479.7372341035
120.5295279935219 -7663127.3274445813 7651969.6662028041
120.52965310460731 -7721204.6410829546 7710004.7445534943
120.5297782156927 -7779833.559985566 7768591.1878330763
120.52990332677811 -7839020.3843640937 7827735.2944263052
120.53002843786352 -7898771.4985496262 7887443.4468199555
120.53015354894892 -7959093.3722787723 7947722.1128887283
120.53027866003433 -8019992.5620019305 8008577.8472033236
120.53040377111972 -8081475.7122141551 8070017.2923610983
120.53052888220513 -8143549.5568090398 8132047.1803397443
120.53065399329054 -8206220.9204560723 8194674.3338744324
120.53077910437594 -8269496.7200019043 8257905.6678588698
120.53090421546135 -8333383.9658960113 8321748.1907707443
120.53102932654674 -8397889.763641201 8386209.0061220126
120.53115443763215 -8463021.3152694572 8451295.3139345273
120.53127954871756 -8528785.9208436217 8517014.4122414887
120.53140465980296 -8595190.9799854029 8583373.6986152269
120.53152977088837 -8662243.9934302326 8650380.671721831
120.53165488197376 -8729952.5646094978 8718042.9329031445
120.53177999305917 -8798324.401260674 8786368.187786663
120.53190510414458 -8867367.31706593 8855364.2479238939
120.53203021522998 -8937089.2333197296 8925039.0324577242
120.53215532631539 -9007498.180626044 8995400.569819374
120.5322804374008 -9078602.3006257173 9066456.9994555209
120.5324055484862 -9150409.8477546163 9138216.573586192
120.53253065957161 -9222929.1910331566 9210687.6589940321
120.532655770657 -9296168.8158878312 9283878.7388455756
120.53278088174241 -9370137.3260053862 9357798.4145451505
120.53290599282782 -9444843.4452202842 9432455.4076220784
120.53303110391322 -9520296.0194361284 9507858.561651824
120.53315621499863 -9596504.0185817238 9584016.844211787
120.53328132608402 -9673476.5386024751 9660939.348872412
120.53340643716943 -9751222.8034878299 9738635.2972243503
120.53353154825484 -9829752.1673354898 9817114.0409423839
120.53365665934024 -9909074.1164531317 9896385.0638868604
120.53378177042565 -9989198.2714984119 9976457.9842433929
120.53390688151104 -10070134.38965801 10057342.55670161
120.53403199259645 -10151892.366866518 10139048.674673734
120.53415710368186 -10234482.240065981 10221586.372553822
120.53428221476726 -10317914.18950692 10304965.828018466
120.53440732585267 -10402198.541091688 10389197.364369839
120.53453243693806 -10487345.768761016 10474291.45292192
120.53465754802347 -10573366.496924652 10560258.715430794
120.53478265910888 -10660271.50293698 10647109.926569959
120.53490777019428 -10748071.719618566 10734856.016451519
120.53503288127969 -10836778.237824567 10823508.073194258
120.5351579923651 -10926402.309060968 10913077.345539536
120.5352831034505 -11016955.348149659 11003575.245516008
120.53540821453591 -11108448.935943343 11095013.351154177
120.5355333256213 -11200894.822091332 11187403.409251835
120.53565843670671 -11294304.927857282 11280757.338191427
120.53578354779212 -11388691.348989956 11375087.230810439
120.53590865887752 -11484066.358648125 11470405.357325926
120.53603376996293 -11580442.410380745 11566724.16831431
120.53615888104832 -11677832.141163578 11664056.297747605
120.53628399213373 -11776248.374493437 11762414.566087268
120.53640910321914 -11875704.123541277 11861811.983436903
120.53653421430454 -11976212.594365384 11962261.752755025
120.53665932538995 -12077787.189185932 12063777.273129221
120.53678443647534 -12180441.509722209 12166372.143112946
120.53690954756075 -12284189.360593857 12270060.164126351
120.53703465864616 -12389044.752787486 12374855.343922455
120.53715976973156 -12495021.907190064 12480771.900120107
120.53728488081697 -12602135.258190516 12587824.263805136
120.53740999190236 -12710399.457350997 12696027.083201174
120.53753510298777 -12819829.377149334 12805395.227411645
120.53766021407318 -12930440.114794189 12915943.790234461
120.53778532515858 -13042246.996114502 13027688.094050998
120.53791043624399 -13155265.579524826 13140643.693790946
120.53803554732939 -13269511.660068212 13254826.380974716
120.5381606584148 -13385001.273538318 13370252.187835053
120.53828576950021 -13501750.700682493 13486937.391519617
120.5384108805856 -13619776.47148758 13604898.518376289
120.53853599167101 -13739095.369550275 13724152.348323001
120.53866110275642 -13859724.436533881 13844715.919303974
120.53878621384182 -13981680.97671338 13966606.531834258
120.53891132492723 -14104982.56161074 14089841.753634498
120.53903643601262 -14229647.034722488 14214439.424357962
120.53916154709803 -14355692.516341574 14340417.660411844
120.53928665818344 -14483137.408475615 14467794.859874947
120.53941176926884 -14612000.399863683 14596589.707513893
120.53953688035425 -14742300.471093819 14726821.179900061
120.53966199143964 -14874056.899823537 14858508.550629489
120.53978710252505 -15007289.266105615 14991671.395648073
120.53991221361046 -15142017.457821548 15126329.598684408
120.54003732469586 -15278261.676225083 15262503.356792694
120.54016243578127 -15416042.441598315 15400213.186008213
120.54028754686667 -15555380.599022893 15539479.927117892
120.54041265795207 -15696297.324268952 15680324.751548579
120.54053776903748 -15838814.129804431 15822769.167375712
120.54066288012288 -15982952.870927528 15966835.025455089
120.54078799120829 -16128735.752025103 16112544.525680603
120.54091310229369 -16276185.332959898 16259920.223370759
120.5410382133791 -16425324.535589539 16408985.035786981
120.54116332446451 -16576176.650420349 16559762.248786701
120.5412884355499 -16728765.343399061 16712275.523614354
120.54141354663531 -16883114.662845634 16866548.903833453
120.54153865772071 -17039249.046530418 17022606.822403003
120.54166376880612 -17197193.328899037 17180474.10890162
120.54178887989153 -17356972.748448402 17340175.996902771
120.54191399097692 -17518612.955257379 17501738.131504666
120.54203910206233 -17682140.018675745 17665186.577018395
120.54216421314774 -17847580.43517511 17830547.824818049
120.54228932423314 -18014961.136365615 17997848.801356584
120.54241443531855 -18184309.49718231 18167116.876351371
120.54253954640394 -18355653.344245203 18338379.871143382
120.54266465748935 -18529020.964397091 18511666.067234155
120.54278976857476 -18704441.113423388 18687004.215004731
120.54291487966016 -18881943.024958238 18864423.542620894
120.54303999074557 -19061556.419581402 19043953.765129127
120.54316510183097 -19243311.514110424 19225625.093747847
120.54329021291638 -19427239.031092748 19409468.245358601
120.54341532400178 -19613370.20850262 19595514.452201992
120.54354043508718 -19801736.809647642 19783795.471783262
120.54366554617259 -19992371.133290052 19974343.596992582
120.54379065725799 -20185306.023987927 20167191.666445255
120.5439157683434 -20380574.882661607 20362373.075047109
120.54404087942881 -20578211.677390814 20559921.784790568
120.5441659905142 -20778250.95444807 20759872.335787032
120.54429110159961 -20980727.849574205 20962259.857541274
120.54441621268501 -21185678.0995018 21167120.080473825
120.54454132377042 -21393138.053732738 21374489.347697381
120.54466643485583 -21603144.686576001 21584404.627053481
120.54479154594122 -21815735.609452203 21796903.523415882
120.54491665702663 -22030949.083471388 22012024.291267186
120.54504176811204 -22248824.032290872 22229805.847555492
120.54516687919744 -22469400.055260085 22450287.784838017
120.54529199028285 -22692717.440859526 22673510.384718817
120.54541710136824 -22918817.180441178 22899514.631587949
120.54554221245365 -23147740.982277907 23128342.226669595
120.54566732353906 -23379531.28592959 23360035.602386877
120.54579243462446 -23614231.276933923 23594637.937051352
120.54591754570987 -23851884.901830085 23832193.169885326
120.54604265679527 -24092536.883523647 24072746.016385403
120.54616776788068 -24336232.737001393 24316341.984035879
120.54629287896609 -24583018.785404876 24563027.388380919
120.54641799005148 -24832942.176471889 24812849.36946455
120.54654310113689 -25086050.899355181 25065855.908647936
120.54666821222229 -25342393.801828109 25322095.845813509
120.5467933233077 -25602020.6078871 25581618.896965921
120.54691843439311 -25864981.935761143 25844475.672239974
120.5470435454785 -26131329.316338778 26110717.694326047
120.54716865656391 -26401115.212023389 26380397.417323764
120.54729376764931 -26674393.036027864 26653568.246035032
120.54741887873472 -26951217.172120042 26930284.55570782
120.54754398982013 -27231642.994830683 27210601.712242417
120.54766910090552 -27515726.890136015 27494576.092872273
120.54779421199093 -27803526.276627276 27782265.107331771
120.54791932307633 -28095099.627180066 28073727.219523787
120.54804443416174 -28390506.491136577 28369021.969700113
120.54816954524715 -28689807.517014306 28668209.997168288
120.54829465633254 -28993064.475755118 28971353.063538779
120.54841976741795 -29300340.284529004 29278514.076526824
120.54854487850336 -29611699.031107273 29589757.114323646
120.54866998958876 -29927205.998820353 29905147.45055227
120.54879510067417 -30246927.692115847 30224751.579823524
120.54892021175957 -30570931.862732865 30548637.243908316
120.54904532284498 -30899287.536509272 30876873.458542757
120.54917043393039 -31232065.04083883 31209530.540883154
120.54929554501578 -31569336.032795835 31546680.137628451
120.54942065610119 -31911173.527945302 31888395.253828183
120.54954576718659 -32257651.929857321 32234750.282394554
120.549670878272 -32608847.060344778 32585821.034337837
120.54979598935741 -32964836.19044416 32941684.76974481
120.5499211004428 -33325698.072159827 33302420.229520626
120.55004621152821 -33691512.970992677 33668107.667915009
120.55017132261361 -34062362.699274831 34038828.885854453
120.55029643369902 -34438330.650332563 34414667.265102595
120.55042154478443 -34819501.83350043 34795707.803271733
120.55054665586982 -35205962.910010226 35182037.149709128
120.55067176695523 -35597802.229779072 35573743.642282411
120.55079687804063 -35995109.86912182 35970917.345089227
120.55092198912604 -36397977.669413581 36373650.087116934
120.55104710021145 -36806499.276729077 36782035.501879096
120.55117221129684 -37220770.182486311 37196169.068056256
120.55129732238225 -37640887.765122905 37616148.15116927
120.55142243346766 -38066951.332834363 38042072.046314538
120.55154754455306 -38499062.167404369 38474042.021991216
120.55167265563847 -38937323.569158241 38912161.365051508
120.55179776672387 -39381840.903071627 39356535.426806115
120.55192287780928 -39832721.646067463 39807271.67031794
120.55204798889469 -40290075.435535386 40264479.718918145
120.55217309998008 -40754014.119108781 40728271.40597976
120.55229821106549 -41224651.805735767 41198760.825985178
120.55242332215089 -41702104.918081626 41676064.386925057
120.5525484332363 -42186492.24630136 42160300.864067212
120.55267354432171 -42677935.003222294 42651591.455135539
120.5527986554071 -43176556.880977899 43150059.836940035
120.55292376649251 -43682484.109135404 43655832.223500572
120.55304887757791 -44195845.514361091 44169037.425708227
120.55317398866332 -44716772.581668586 44689806.91256959
120.55329909974873 -45245399.517296977 45218274.874080755
120.55342421083412 -45781863.313267075 45754578.285779409
120.55354932191953 -46326303.813665725 46298856.975024864
120.55367443300493 -46878863.782709755 46851253.689057648
120.55379954409034 -47439688.974642739 47411914.164891802
120.55392465517575 -48008928.205519646 47980987.201095
120.55404976626114 -48586733.426936172 48558624.731513247
120.55417487734655 -49173259.801761478 49144981.900998838
120.55429998843195 -49768665.781934977 49740217.14320235
120.55442509951736 -50373113.188389905 50344492.260491244
120.55455021060277 -50986767.293168455 50957972.50605996
120.55467532168817 -51609796.903795429 51580826.668298416
120.55480043277358 -52242374.449979685 52213227.15748819
120.55492554385899 -52884676.07271494 52855350.094897918
120.55505065494438 -53536881.715853877 53507375.404351972
120.55517576602979 -54199175.220232189 54169486.906348832
120.55530087711519 -54871744.4204216 54841872.414808385
120.5554259882006 -55554781.24419374 55524723.83652994
120.55555109928601 -56248481.814779542 56218237.273445673
120.5556762103714 -56953046.556011744 56922613.127756968
120.55580132145681 -57668680.300441042 57638056.210044339
120.55592643254221 -58395592.400519699 58364775.85044466
120.55605154362762 -59133996.842949584 59102986.012992643
120.55617665471303 -59884112.366295032 59852905.413227044
120.55630176579842 -60646162.581964426 60614757.639165424
120.55642687688383 -61420376.098668076 61388771.275755055
120.55655198796923 -62206986.650463708 62175180.032911263
120.55667709905464 -63006233.228504866 62974222.877258554
120.55680221014005 -63818360.216611549 63786144.167693801
120.55692732122544 -64643617.530786745 64611193.794895135
120.55705243231085 -65482260.762806855 65449627.324904583
120.55717754339625 -66334551.328018628 66301706.146917045
120.55730265448166 -67200756.61747995 67167697.625412911
120.55742776556707 -68081150.154586852 68047875.256776735
120.55755287665247 -68976011.756334171 68942518.830549359
120.55767798773788 -69885627.699362665 69851914.595466301
120.55780309882329 -70810290.890951037 70776355.430440888
120.55792820990868 -71750301.045116916 71716141.020656034
120.55805332099409 -72705964.863997102 72671578.03893517
120.55817843207949 -73677596.224683344 73642980.332568482
120.5583035431649 -74665516.371696815 74630669.115777537
120.55842865425031 -75670054.115290746 75634973.16800794
120.5585537653357 -76691546.035778195 76656229.03824684
120.55867887642111 -77730336.694088921 77694781.255569309
120.55880398750651 -78786778.848767072 78750982.546125248
120.55892909859192 -79861233.679629415 79825194.056786656
120.55905420967733 -80954071.018312007 80917785.585683033
120.55917932076272 -82065669.585941851 82029135.819861457
120.55930443184813 -83196417.238178983 83159632.580316916
120.55942954293353 -84346711.217883989 84309673.07464768
120.55955465401894 -85516958.415675297 85479664.157600224
120.55967976510435 -86707575.638651177 86670022.599778548
120.55980487618974 -87918989.88756153 87881175.364802912
120.55992998727515 -89151638.642725825 89113559.895214528
120.56005509836055 -90405970.159004867 90367624.407433659
120.56018020944596 -91682443.770146146 91643828.196090922
120.56030532053137 -92981530.202834696 92942641.94806391
120.56043043161677 -94303711.900794938 94264548.066564307
120.56055554270218 -95649483.35930188 95610041.005634025
120.56068065378757 -97019351.470474601 96979627.615423292
120.56080576487298 -98413835.879739627 98373827.498638213
120.56093087595839 -99833469.353867039 99793173.378560677
120.56105598704379 -101278798.16099827 101238211.47905952
120.5611810981292 -102750382.46310139 102709501.91702874
120.56130620921461 -104248796.72130702 104207619.107706
120.5614313203 -105774630.11459641 105733152.18334274
120.56155643138541 -107328486.97233199 107286705.4257164
120.56168154247081 -108910987.22114098 108868898.71299513
120.56180665355622 -110522766.84668313 110480367.9814862
120.56193176464163 -112164478.37085541 112121765.70282088
120.56205687572702 -113836791.34500927 113793761.37715133
120.56218198681243 -115540392.85977976 115497042.04295881
120.56230709789783 -117275988.07215032 117232312.80409707
120.56243220898324 -119044300.75040324 119000297.37472083
120.56255732006865 -120846073.83763279 120801738.64277627
120.56268243115404 -122682070.03452602 122637399.25275873
120.56280754223945 -124553072.40214626 124508062.20847236
120.56293265332485 -126459884.98548493 126414531.49655752
120.56305776441026 -128403333.45857975 128357632.73158395
120.56318287549567 -130384265.79203159 130338213.82354181
120.56330798658107 -132403552.94378693 132357145.6685977
120.56343309766648 -134462089.57409099 134415322.86402065
120.56355820875187 -136560794.78555441 136513664.44822085
120.56368331983728 -138700612.88931775 138653114.66688555
120.56380843092269 -140882514.19834045 140834643.76623848
120.56393354200809 -143107495.84888518 143059248.81449398
120.5640586530935 -145376582.65131578 145327954.55262384
120.56418376417891 -147690827.97137547 147641814.2756035
120.5643088752643 -150051314.64316353 150001910.74535593
120.56443398634971 -152459155.91508234 152409357.13666487
120.56455909743511 -154915496.43008316 154865298.01738584
120.56468420852052 -157421513.24159789 157370910.36434224
120.56480931960593 -159978416.86660632 159927404.61635593
120.56493443069132 -162587452.37735334 162536025.76592654
120.56505954177673 -165249900.53329831 165198054.49114215
120.56518465286213 -167967078.95495123 167914808.32947543
120.56530976394754 -170740343.34132472 170687642.89519453
120.56543487503295 -173571088.73281008 173517953.14219686
120.56555998611834 -176460750.82136834 176407174.67415661
120.56568509720375 -179410807.31001428 179356785.10396397
120.56581020828915 -182422779.32366252 182368305.46452519
120.56593531937456 -185498232.87350106 185443301.67308858
120.56606043045997 -188638780.37715811 188583386.05136254
120.56618554154537 -191846082.23703441 191790218.90379763
120.56631065263078 -195121848.47928423 195065510.15651563
120.56643576371617 -198467840.45604554 198411021.05948657
120.56656087480158 -201885872.61364335 201828565.95467693
120.56668598588699 -205377814.32961899 205320014.11302248
120.56681109697239 -208945591.82157564 208887291.64321533
120.5669362080578 -212591190.1309725 212532383.47543815
120.56706131914319 -216316655.18515226 216257335.42332971
120.5671864302286 -220124095.94104457 220064256.32762438
120.56731154131401 -224015686.61415619 223955320.28507674
120.56743665239941 -227993668.99663475 227932768.96645728
120.56756176348482 -232060354.86837846 231998914.02759227
120.56768687457023 -236218128.50536045 236156139.61761606
120.56781198565562 -240469449.28954244 240406904.98881024
120.56793709674103 -244816854.42496976 244753747.21262205
120.56806220782643 -249262961.76486975 249199284.00668353
120.56818731891184 -253810472.75481686 253746216.67789507
120.56831242999725 -258462175.4972834 258397333.18689179
120.56843754108264 -263220947.94316405 263155511.33948112
120.56856265216805 -268089761.21614671 268023722.11092389
120.56868776325345 -273071683.07610232 273005033.10923141
120.56881287433886 -278169881.52798313 278102612.18396813
120.56893798542427 -283387628.58305413 283319731.18738407
120.56906309650967 -288728304.17963505 288659769.895055
120.56918820759508 -294195400.27090579 294126220.09358215
120.56931331868047 -299792525.08772188 299722689.84329903
120.56943842976588 -305523407.58480495 305452907.92434919
120.56956354085129 -311391902.07911485 311320728.47494191
120.56968865193669 -317401993.08967805 317330135.83106053
120.5698137630221 -323557800.38864172 323485249.57739216
120.56993887410749 -329863584.27384561 329790329.81977099
120.5700639851929 -336323751.07375926 336249782.68998283
120.57018909627831 -342942858.89621824 342868166.09436357
120.57031420736371 -349725623.63301575 349650195.71824878
120.57043931844912 -356676925.2330659 356600751.29898977
120.57056442953451 -363801814.25755107 363724883.18094891
120.57068954061992 -371105518.73120868 371027819.1666286
120.57081465170533 -378593451.30469698 378514971.67887408
120.57093976279073 -386271216.74381363 386191945.24992329
120.57106487387614 -394144619.7622242 394064544.35396016
120.57118998496155 -402219673.21529657 402138781.60076827
120.57131509604694 -410502606.67363483 410420886.30907714
120.57144020713235 -418999875.39596295 418917313.47925133
120.57156531821775 -427718169.72213382 427634753.18609828
120.57169042930316 -436664424.90823537 436580140.41376567
120.57181554038857 -445845831.42703521 445760665.35596979
120.57194065147397 -455269845.75835526 455183784.20614564
120.57206576255938 -464944201.69540685 464857230.46354967
120.57219087364477 -474876922.19464558 474789026.78287321
120.57231598473018 -485076331.79833233 484987497.39655322
120.57244109581559 -495551069.660721 495461281.14070034
120.57256620690099 -506310103.21063995 506219345.11741078
120.5726913179864 -517362742.48520106 517270999.02819568
120.57281642907179 -528718655.17146659 528625910.2153576
120.5729415401572 -540387882.39514005 540294119.45037973
120.57306665124261 -552380855.29773176 552286057.51077783
120.57319176232801 -564708412.4461937 564612562.58941031
120.57331687341342 -577381818.12173641 577284898.58295655
120.57344198449881 -590412781.53743315 590314774.30916989
120.57356709558422 -603813477.03731954 603714363.70561159
120.57369220666963 -617596565.33300459 617496327.06588256
120.57381731775503 -631775215.83734274 631673833.37290013
120.57394242884044 -646363130.15850139 646260583.79255474
120.57406753992585 -661374566.82180142 661270836.395123
120.57419265101124 -676824367.29103911 676719432.17614484
120.57431776209665 -692727983.36562943 692621822.4531039
120.57444287318205 -709101506.03487289 708994097.7192117
120.57456798426746 -725961695.87596893 725853018.04092014
120.57469309535287 -743326015.08809125 743216045.09147274
120.57481820643827 -761212661.26094985 761101375.91892278
120.57494331752368 -779640602.98282397 779527978.55359805
120.57506842860907 -798629617.40007567 798515629.56702268
120.57519353969448 -818200329.84770262 818084953.70185328
120.57531865077989 -838374255.67859983 838257465.70049644
120.57544376186529 -859173844.42790771 859055614.46878648
120.5755688729507 -880622526.45819056 880502829.72046292
120.57569398403609 -902744762.24124575 902623571.25824869
120.5758190951215 -925566094.44319737 925443381.05818105
120.57594420620691 -949113202.99116731 948988938.33548534
120.57606931729231 -973413963.31238079 973288117.78284824
120.57619442837772 -998497507.95008957 998370051.18547153
120.57631953946311 -1024394291.7752664 1024265192.6318574
120.57644465054852 -1051136161.028749 1051005387.5550022
120.57656976163393 -1078756426.4454708 1078623945.8556337
120.57669487271933 -1107289940.7307186 1107155719.3774297
120.57681998380474 -1136773180.6781156 1136637184.0239136
120.57694509489014 -1167244334.2403903 1167106526.8280847
120.57707020597555 -1198743392.8870869 1198603738.3089378
120.57719531706095 -1231312249.6083212 1231170710.4739711
120.57732042814635 -1264994802.9507065 1264851340.8538053
120.57744553923176 -1299837067.5008228 1299691642.9842825
120.57757065031717 -1335887291.2632787 1335739863.7830932
120.57769576140257 -1373196080.4147699 1373046608.3023293
120.57782087248798 -1411816531.9527314 1411664972.3755572
120.57794598357337 -1451804374.797611 1451650683.7184346
120.57807109465878 -1493218119.9516256 1493062252.0857279
120.57819620574419 -1536119220.3645027 1535961129.1352289
120.57832131682959 -1580572241.2084739 1580411878.70083
120.578446427915 -1626645041.3210666 1626482358.2333019
120.57857153900039 -1674408966.6355155 1674243912.2285879
120.5786966500858 -1723939056.4852865 1723771578.5301015
120.57882176117121 -1775314263.7418664 1775144308.4641747
120.57894687225661 -1828617689.8241584 1828445201.8469906
120.57907198334202 -1883936835.7042072 1883761757.9877148
120.57919709442741 -1941363870.1282341 1941186143.9068015
120.57932220551282 -2000995916.3749766 2000815481.0914557
120.57944731659823 -2062935358.9858143 2062752152.2227304
120.57957242768363 -2127290172.0242472 2127104129.4318089
120.57969753876904 -2194174270.5569229 2193985325.7776642
120.57982264985444 -2263707887.1959143 2263515971.7857809
120.57994776093985 -2336017975.7035241 2335823019.0492096
120.58007287202526 -2411238643.8381362 2411040573.0704565
120.58019798311065 -2489511617.8140192 2489310357.7171011
120.58032309419606 -2570986740.9616446 2570782213.8776941
120.58044820528147 -2655822509.4097161 2655614635.1391106
120.58057331636687 -2744186647.8682032 2743975343.5646372
120.58069842745228 -2836256728.8758526 2836041908.9362512
120.58082353853767 -2932220839.1884928 2932002415.137383
120.58094864962308 -3032278297.329463 3032056177.6974769
120.58107376070849 -3136640426.7040949 3136414516.9002533
120.58119887179389 -3245531389.100358 3245301591.2777596
120.5813239828793 -3359189083.8620839 3358955296.7765994
120.58144909396469 -3477866118.534883 3477628237.3964272
120.5815742050501 -3601830857.3532515 3601588773.6691699
120.58169931613551 -3731368554.5671768 3731122155.977262
120.58182442722091 -3866782580.3049536 3866531750.4075575
120.58194953830632 -4008395747.4439645 4008140365.6126442
120.58207464939171 -4156551748.8222947 4156291690.0123854
120.58219976047712 -4311616715.0813332 4311351849.6257954
120.58232487156253 -4473980904.4950933 4473711097.888936
120.58244998264793 -4644060537.3289862 4643785650.0015106
120.58257509373334 -4822299788.5944481 4822019675.6685009
120.58270020481874 -5009172954.5434771 5008887465.5808458
120.58282531590415 -5205186809.8980417 5204895788.6300468
120.58295042698956 -5410883174.6559048 5410586458.6981792
120.58307553807495 -5626841711.3822594 5626539131.9326153
120.58320064916036 -5853682976.2145653 5853374357.7327728
120.58332576024576 -6092071749.4086819 6091756909.2768841
120.58345087133117 -6342720674.1762829 6342399422.3386602
120.58357598241658 -6606394235.8498325 6606066374.4300308
120.58370109350197 -6883913117.1121521 6883578440.0068483
120.58382620458738 -7176158969.1984749 7175817261.6453304
120.58395131567279 -7484079643.6878824 7483730681.8059835
120.58407642675819 -7808694934.8218784 7808338485.1225939
120.5842015378436 -8151102888.3080397 8150738707.1740465
120.58432664892899 -8512486739.3894215 8512114572.5194645
120.5844517600144 -8894122550.698431 8893742132.515152
120.58457687109981 -9297387629.2048512 9296998682.2227898
120.58470198218521 -9723769811.5686836 9723372045.7192917
120.58482709327062 -10174877718.599894 10174470830.510107
120.58495220435601 -10652452092.524616 10652035764.745224
120.58507731544142 -11158378345.601624 11157952245.781301
120.58520242652683 -11694700465.622435 11694264245.622927
120.58532753761223 -12263636443.293213 12263189738.240717
120.58545264869764 -12867595408.838696 12867137836.106009
120.58557775978304 -13509196690.850296 13508727848.96377
120.58570287086845 -14191291039.972082 14190810507.436808
120.58582798195386 -14916984294.124956 14916491628.160961
120.58595309303925 -15689663801.37571 15689158536.557213
120.58607820412466 -16513027962.162737 16512509608.951647
120.58620331521006 -17391119305.474525 17390587348.638496
120.58632842629547 -18328361575.001488 18327815471.905766
120.58645353738088 -19329601372.776157 19329040551.537334
120.58657864846627 -20400154991.181652 20399578848.670105
120.58670375955168 -21545861161.614685 21545269061.291042
120.58682887063709 -22773140562.142574 22772531831.711899
120.58695398172249 -24089063060.297104 24088436989.162609
120.5870790928079 -25501423824.488537 25500779660.984566
120.58720420389329 -27018829622.944294 27018166571.32592
120.5873293149787 -28650796848.06422 28650114065.228096
120.58745442606411 -30407863063.36845 30407159655.276524
120.58757953714951 -32301714177.911575 32300989195.685764
120.58770464823492 -34345329719.10228 34344582154.75423
120.58782975932031 -36553149111.521095 36552377893.276642
120.58795487040572 -38941262391.50042 38940466378.673096
120.58807998149113 -41527629413.416862 41526807390.778946
120.58820509257653 -44332332356.641373 44331483028.234039
120.58833020366194 -47377867250.173737 47376989232.489983
120.58845531474734 -50689481330.445412 50688573144.910393
120.58858042583275 -54295564380.452942 54294624445.115707
120.58870553691816 -58228103820.559914 58227130440.898361
120.58883064800355 -62523215302.217247 62522206660.943893
120.58895575908896 -67221762983.042648 67220717128.782181
120.58908087017436 -72370086646.28772 72369001480.977966
120.58920598125977 -78020856510.912262 78019729775.75737
120.58933109234518 -84234081141.103668 84232910400.881683
120.58945620343057 -91078299538.031433 91077082163.526901
120.58958131451598 -98631995581.2854 98630728729.580261
120.58970642560138 -106985281870.79547 106983962463.10733
120.58983153668679 -116241911207.45078 116240535904.15503
120.5899566477722 -126521688103.58998 126520253275.99915
120.59008175885759 -137963370703.86935 137961872402.26773
120.590206869943 -150728176475.41043 150726610392.75125
120.59033198102841 -165004034527.00513 165002395957.56763
120.59045709211381 -181010765495.68277 181009049287.85355
120.59058220319922 -199006419362.7338 199004619864.91473
120.59070731428461 -219295066084.73969 219293177083.18604
120.59083242537002 -242236418676.75391 242234433323.90234
