# serie phase 2 sous seuil p7_w2.80_c0.95_seuil : t x1 x2 (dt2=0.00016816819849907813)
399.96600000000001 -1.4593657281018511 -0.17383788751228285
399.96616816819852 -1.4596206509141325 -0.17406920358466438
399.96633633639703 -1.4598755285173064 -0.17430048499276024
399.96650450459549 -1.4601303608971421 -0.17453173169231354
399.966672672794 -1.4603851480394008 -0.17476294363908434
399.96684084099252 -1.4606398899298358 -0.17499412078884977
399.96700900919103 -1.4608945865541922 -0.17522526309740388
399.96717717738949 -1.4611492378982072 -0.17545637052055787
399.967345345588 -1.4614038439476098 -0.17568744301413991
399.96751351378651 -1.4616584046881211 -0.17591848053399531
399.96768168198503 -1.4619129201054542 -0.17614948303598643
399.96784985018348 -1.4621673901853138 -0.17638045047599274
399.968018018382 -1.462421814913397 -0.17661138280991084
399.96818618658051 -1.4626761942753925 -0.17684227999365448
399.96835435477902 -1.4629305282569811 -0.17707314198315455
399.96852252297748 -1.4631848168438353 -0.17730396873435911
399.96869069117599 -1.4634390600216198 -0.17753476020323339
399.96885885937451 -1.4636932577759909 -0.17776551634575985
399.96902702757302 -1.4639474100925971 -0.17799623711793819
399.96919519577148 -1.4642015169570786 -0.17822692247578528
399.96936336396999 -1.4644555783550675 -0.17845757237533527
399.9695315321685 -1.4647095942721879 -0.17868818677263959
399.96969970036702 -1.4649635646940558 -0.17891876562376696
399.96986786856547 -1.4652174896062786 -0.17914930888480338
399.97003603676399 -1.4654713689944561 -0.17937981651185214
399.9702042049625 -1.4657252028441798 -0.17961028846103394
399.97037237316101 -1.465978991141033 -0.17984072468848675
399.97054054135947 -1.4662327338705909 -0.18007112515036591
399.97070870955798 -1.4664864310184205 -0.18030148980284419
399.9708768777565 -1.4667400825700807 -0.18053181860211173
399.97104504595501 -1.4669936885111221 -0.18076211150437607
399.97121321415347 -1.4672472488270871 -0.1809923684658622
399.97138138235198 -1.4675007635035102 -0.1812225894428125
399.97154955055049 -1.4677542325259174 -0.18145277439148688
399.97171771874901 -1.4680076558798267 -0.18168292326816268
399.97188588694746 -1.468261033550748 -0.18191303602913475
399.97205405514597 -1.4685143655241824 -0.18214311263071545
399.97222222334449 -1.4687676517856234 -0.18237315302923465
399.972390391543 -1.4690208923205561 -0.18260315718103975
399.97255855974146 -1.4692740871144574 -0.18283312504249574
399.97272672793997 -1.4695272361527958 -0.18306305656998514
399.97289489613848 -1.4697803394210318 -0.18329295171990811
399.973063064337 -1.4700333969046175 -0.18352281044868238
399.97323123253545 -1.4702864085889968 -0.18375263271274325
399.97339940073397 -1.4705393744596054 -0.18398241846854374
399.97356756893248 -1.4707922945018705 -0.18421216767255449
399.97373573713099 -1.4710451687012114 -0.18444188028126379
399.97390390532945 -1.4712979970430389 -0.18467155625117762
399.97407207352796 -1.4715507795127556 -0.18490119553881967
399.97424024172648 -1.4718035160957557 -0.18513079810073133
399.97440840992499 -1.4720562067774252 -0.18536036389347171
399.97457657812345 -1.4723088515431417 -0.18558989287361771
399.97474474632196 -1.4725614503782749 -0.18581938499776396
399.97491291452047 -1.4728140032681856 -0.18604884022252283
399.97508108271899 -1.4730665101982265 -0.18627825850452454
399.97524925091744 -1.4733189711537424 -0.1865076398004171
399.97541741911596 -1.4735713861200694 -0.18673698406686637
399.97558558731447 -1.473823755082535 -0.186966291260556
399.97575375551298 -1.474076078026459 -0.18719556133818752
399.97592192371144 -1.4743283549371524 -0.18742479425648031
399.97609009190995 -1.4745805857999179 -0.1876539899721717
399.97625826010847 -1.4748327706000501 -0.18788314844201684
399.97642642830698 -1.4750849093228351 -0.18811226962278887
399.97659459650544 -1.4753370019535503 -0.18834135347127884
399.97676276470395 -1.4755890484774654 -0.1885703999442957
399.97693093290246 -1.4758410488798412 -0.18879940899866646
399.97709910110098 -1.4760930031459303 -0.18902838059123603
399.97726726929943 -1.4763449112609768 -0.18925731467886736
399.97743543749795 -1.4765967732102168 -0.18948621121844139
399.97760360569646 -1.4768485889788774 -0.1897150701668571
399.97777177389497 -1.4771003585521778 -0.18994389148103152
399.97793994209343 -1.4773520819153285 -0.19017267511789973
399.97810811029194 -1.4776037590535318 -0.19040142103441487
399.97827627849045 -1.4778553899519813 -0.19063012918754821
399.97844444668897 -1.4781069745958626 -0.19085879953428908
399.97861261488742 -1.4783585129703525 -0.19108743203164499
399.97878078308594 -1.4786100050606192 -0.19131602663664152
399.97894895128445 -1.4788614508518232 -0.19154458330632246
399.97911711948296 -1.4791128503291158 -0.19177310199774972
399.97928528768142 -1.47936420347764 -0.19200158266800343
399.97945345587993 -1.4796155102825308 -0.1922300252741819
399.97962162407845 -1.4798667707289141 -0.19245842977340166
399.97978979227696 -1.4801179848019079 -0.19268679612279749
399.97995796047542 -1.4803691524866214 -0.19291512427952237
399.98012612867393 -1.4806202737681553 -0.19314341420074757
399.98029429687244 -1.4808713486316019 -0.19337166584366264
399.98046246507096 -1.481122377062045 -0.19359987916547541
399.98063063326941 -1.4813733590445599 -0.19382805412341206
399.98079880146793 -1.4816242945642135 -0.19405619067471702
399.98096696966644 -1.481875183606064 -0.1942842887766531
399.98113513786495 -1.4821260261551612 -0.19451234838650147
399.98130330606341 -1.4823768221965463 -0.19474036946156167
399.98147147426192 -1.4826275717152522 -0.1949683519591516
399.98163964246044 -1.4828782746963027 -0.19519629583660758
399.98180781065895 -1.483128931124714 -0.19542420105128433
399.98197597885741 -1.4833795409854929 -0.195652067560555
399.98214414705592 -1.4836301042636379 -0.19587989532181121
399.98231231525443 -1.4838806209441393 -0.196107684292463
399.98248048345295 -1.4841310910119783 -0.19633543442993895
399.9826486516514 -1.484381514452128 -0.19656314569168606
399.98281681984992 -1.4846318912495526 -0.1967908180351699
399.98298498804843 -1.4848822213892079 -0.19701845141787452
399.98315315624694 -1.4851325048560411 -0.19724604579730251
399.9833213244454 -1.4853827416349907 -0.19747360113097503
399.98348949264391 -1.4856329317109869 -0.19770111737643184
399.98365766084243 -1.4858830750689509 -0.19792859449123121
399.98382582904094 -1.4861331716937958 -0.19815603243295005
399.98399399723939 -1.4863832215704254 -0.19838343115918386
399.98416216543791 -1.4866332246837355 -0.1986107906275468
399.98433033363642 -1.4868831810186129 -0.19883811079567168
399.98449850183493 -1.4871330905599363 -0.19906539162120993
399.98466667003339 -1.4873829532925751 -0.19929263306183168
399.9848348382319 -1.4876327692013904 -0.19951983507522575
399.98500300643042 -1.4878825382712348 -0.19974699761909967
399.98517117462893 -1.4881322604869522 -0.19997412065117967
399.98533934282739 -1.4883819358333774 -0.20020120412921072
399.9855075110259 -1.4886315642953372 -0.20042824801095654
399.98567567922441 -1.4888811458576492 -0.20065525225419961
399.98584384742293 -1.4891306805051228 -0.20088221681674123
399.98601201562138 -1.4893801682225583 -0.20110914165640145
399.9861801838199 -1.4896296089947476 -0.20133602673101916
399.98634835201841 -1.4898790028064739 -0.20156287199845205
399.98651652021692 -1.4901283496425115 -0.20178967741657666
399.98668468841538 -1.4903776494876264 -0.20201644294328838
399.98685285661389 -1.4906269023265755 -0.20224316853650151
399.98702102481241 -1.4908761081441071 -0.20246985415414917
399.98718919301092 -1.4911252669249611 -0.20269649975418344
399.98735736120938 -1.4913743786538682 -0.20292310529457527
399.98752552940789 -1.4916234433155509 -0.20314967073331458
399.9876936976064 -1.4918724608947225 -0.2033761960284102
399.98786186580492 -1.4921214313760878 -0.20360268113788993
399.98803003400337 -1.4923703547443428 -0.20382912601980058
399.98819820220189 -1.4926192309841748 -0.20405553063220791
399.9883663704004 -1.4928680600802626 -0.20428189493319668
399.98853453859891 -1.4931168420172758 -0.2045082188808707
399.98870270679737 -1.4933655767798755 -0.20473450243335284
399.98887087499588 -1.4936142643527139 -0.20496074554878493
399.9890390431944 -1.4938629047204346 -0.20518694818532796
399.98920721139291 -1.4941114978676724 -0.20541311030116191
399.98937537959137 -1.4943600437790534 -0.20563923185448593
399.98954354778988 -1.4946085424391946 -0.20586531280351825
399.98971171598839 -1.4948569938327045 -0.20609135310649621
399.98987988418691 -1.4951053979441828 -0.20631735272167631
399.99004805238536 -1.4953537547582203 -0.20654331160733422
399.99021622058387 -1.495602064259399 -0.20676922972176473
399.99038438878239 -1.495850326432292 -0.20699510702328183
399.9905525569809 -1.496098541261464 -0.20722094347021874
399.99072072517936 -1.4963467087314704 -0.20744673902092786
399.99088889337787 -1.496594828826858 -0.20767249363378085
399.99105706157638 -1.4968429015321649 -0.20789820726716854
399.9912252297749 -1.4970909268319201 -0.20812387987950109
399.99139339797335 -1.497338904710644 -0.20834951142920793
399.99156156617187 -1.4975868351528481 -0.20857510187473774
399.99172973437038 -1.4978347181430349 -0.20880065117455848
399.99189790256889 -1.4980825536656981 -0.20902615928715748
399.99206607076735 -1.4983303417053226 -0.2092516261710414
399.99223423896586 -1.4985780822463848 -0.20947705178473619
399.99240240716438 -1.4988257752733514 -0.20970243608678724
399.99257057536289 -1.4990734207706808 -0.20992777903575921
399.99273874356135 -1.4993210187228228 -0.21015308059023624
399.99290691175986 -1.4995685691142175 -0.21037834070882183
399.99307507995837 -1.4998160719292968 -0.21060355935013891
399.99324324815689 -1.5000635271524834 -0.21082873647282985
399.99341141635534 -1.5003109347681911 -0.21105387203555645
399.99357958455386 -1.5005582947608249 -0.21127896599699997
399.99374775275237 -1.5008056071147811 -0.21150401831586116
399.99391592095088 -1.5010528718144467 -0.21172902895086027
399.99408408914934 -1.5013000888441999 -0.21195399786073701
399.99425225734785 -1.50154725818841 -0.21217892500425065
399.99442042554637 -1.5017943798314375 -0.21240381034017997
399.99458859374488 -1.5020414537576339 -0.21262865382732332
399.99475676194334 -1.5022884799513416 -0.2128534554244986
399.99492493014185 -1.5025354583968944 -0.21307821509054331
399.99509309834036 -1.5027823890786167 -0.2133029327843145
399.99526126653888 -1.5030292719808245 -0.21352760846468885
399.99542943473733 -1.5032761070878242 -0.21375224209056265
399.99559760293585 -1.5035228943839138 -0.21397683362085185
399.99576577113436 -1.5037696338533821 -0.21420138301449201
399.99593393933287 -1.504016325480509 -0.2144258902304384
399.99610210753133 -1.5042629692495655 -0.21465035522766593
399.99627027572984 -1.5045095651448133 -0.21487477796516921
399.99643844392835 -1.5047561131505054 -0.21509915840196256
399.99660661212687 -1.5050026132508858 -0.21532349649708002
399.99677478032532 -1.5052490654301893 -0.21554779220957537
399.99694294852384 -1.5054954696726419 -0.21577204549852214
399.99711111672235 -1.5057418259624606 -0.21599625632301361
399.99727928492086 -1.5059881342838533 -0.21622042464216287
399.99744745311932 -1.5062343946210188 -0.21644455041510277
399.99761562131783 -1.5064806069581473 -0.21666863360098598
399.99778378951635 -1.5067267712794197 -0.21689267415898497
399.99795195771486 -1.5069728875690076 -0.21711667204829208
399.99812012591332 -1.507218955811074 -0.21734062722811945
399.99828829411183 -1.5074649759897727 -0.21756453965769912
399.99845646231034 -1.5077109480892483 -0.21778840929628301
399.99862463050886 -1.5079568720936367 -0.21801223610314294
399.99879279870731 -1.5082027479870646 -0.21823602003757059
399.99896096690583 -1.5084485757536494 -0.2184597610588776
399.99912913510434 -1.5086943553774999 -0.21868345912639553
399.99929730330285 -1.5089400868427154 -0.21890711419947587
399.99946547150131 -1.5091857701333866 -0.21913072623749011
399.99963363969982 -1.5094314052335946 -0.21935429519982969
399.99980180789834 -1.5096769921274118 -0.21957782104590604
399.99996997609685 -1.5099225307989013 -0.21980130373515058
