# serie phase 2 p5_w1.73_c1.20_dt2_k2 : t x1 x2 (dt2=0.00025022217080867653, depart t=15.906000000000001 etat bascule x1 x2 v1 v2 = 33328.252550849014 -33118.800158979575 1110184.4671272589 -1107380.6699131622)
15.906000000000001 33328.252550849014 -33118.800158979575
15.90625022217081 33607.562686474732 -33397.406656921718
15.906500444341617 33889.93487654443 -33679.071055181565
15.906750666512426 34175.410592215208 -33963.83478981466
15.907000888683235 34464.031973655394 -34251.7399655013
15.907251110854045 34755.841842575144 -34542.829368071885
15.907501333024852 35050.883715024436 -34837.146477299575
15.907751555195661 35349.201814464861 -35134.735479966657
15.90800177736647 35650.841085121821 -35435.64128321124
15.90825199953728 35955.847205623839 -35739.909528160948
15.908502221708087 36264.266602935946 -36047.586603860625
15.908752443878896 36576.146466594262 -36358.719661501142
15.909002666049705 36891.534763249088 -36673.356628956572
15.909252888220513 37210.480251523979 -36991.546225637321
15.909503110391322 37533.032497198561 -37313.337977666852
15.909753332562131 37859.24188872298 -37638.782233389968
15.91000355473294 38189.159653072136 -37967.930179220733
15.910253776903748 38522.837871948017 -38300.833855838471
15.910503999074557 38860.329498338782 -38637.546174740317
15.910754221245366 39201.688373443358 -38978.120935159233
15.911004443416173 39546.969243970641 -39322.612841356495
15.911254665586982 39896.227779822599 -39671.077520297971
15.911504887757792 40249.520592170855 -40023.571539723773
15.911755109928601 40606.905251936572 -40380.152426621069
15.912005332099408 40968.440308683741 -40740.87868611022
15.912255554270217 41334.185309936292 -41105.809820754563
15.912505776441026 41704.200820929655 -41475.006350304582
15.912755998611836 42078.548444807762 -41848.529831887347
15.913006220782643 42457.290843276824 -42226.442880652605
15.913256442953452 42840.491757727388 -42608.809190887026
15.913506665124261 43228.216030836673 -42995.693557608625
15.913756887295069 43620.529628663426 -43387.161898653489
15.914007109465878 44017.499663247901 -43783.281277267568
15.914257331636687 44419.194415729959 -44184.119925216393
15.914507553807496 44825.683359998569 -44589.747266426086
15.914757775978304 45237.037186886519 -45000.233941169383
15.915007998149113 45653.327828924368 -45415.651830810792
15.915258220319922 46074.628485668203 -45836.074083125379
15.915508442490731 46501.013649616129 -46261.575138206143
15.915758664661539 46932.559132728864 -46692.230754975317
15.916008886832348 47369.342093570274 -47128.11803831545
15.916259109003157 47811.441065084051 -47569.315466836466
15.916509331173964 48258.935983023388 -48015.902921295565
15.916759553344773 48711.908215050818 -48467.96171368708
15.917009775515583 49170.440590525963 -48925.574617020095
15.917259997686392 49634.617430999519 -49388.825895802103
15.917510219857199 50104.524581432204 -49857.801337247431
15.917760442028008 50580.249442158085 -50332.588283229888
15.918010664198817 51061.881001612201 -50813.275662999476
15.918260886369625 51549.509869843008 -51299.954026683743
15.918511108540434 52043.228312830783 -51792.7155795949
15.918761330711243 52543.130287633765 -52291.654217364448
15.919011552882052 53049.311478384472 -52796.8655619278
15.91926177505286 53561.869333159259 -53308.446998381893
15.919511997223669 54080.903101744945 -53826.497712739685
15.919762219394478 54606.513874327022 -54351.11873060598
15.920012441565287 55138.804621124691 -54882.412956799846
15.920262663736095 55677.880232998759 -55420.485215949717
15.920512885906904 56223.847563059251 -55965.442294087894
15.920763108077713 56776.815469300331 -56517.392981272147
15.92101333024852 57336.89485829106 -57076.448115262923
15.92126355241933 57904.198729951386 -57642.720626285496
15.921513774590139 58478.842223443578 -58216.325582907317
15.921763996760948 59060.942664210386 -58797.380239061815
15.922014218931755 59650.619612192095 -59386.004082250831
15.922264441102564 60247.994911255642 -59982.318882958818
15.922514663273374 60853.192739870057 -60586.448745313115
15.922764885444183 61466.339663063511 -61198.520159025487
15.92301510761499 62087.564685698409 -61818.66205265146
15.923265329785799 62716.999307102044 -62447.005848204877
15.923515551956609 63354.77757709162 -63083.685517166537
15.923765774127416 64001.036153433575 -63728.837637926794
15.924015996298225 64655.914360778501 -64382.601454703457
15.924266218469034 65319.554251114198 -65045.118937977451
15.924516440639843 65992.100665780818 -65716.534846490278
15.924766662810651 66673.701299093445 -66396.996790848512
15.92501688498146 67364.506763618934 -67086.655298782251
15.925267107152269 68064.670657155279 -67785.663882105669
15.925517329323077 68774.349631463483 -68494.179105429779
15.925767551493886 69493.703462803402 -69212.36065667872
15.926017773664695 70222.895124326751 -69940.371419462841
15.926267995835504 70962.090860382217 -70678.377547363518
15.926518218006311 71711.460262789507 -71426.548540186443
15.926768440177121 72471.176349140776 -72185.057322241919
15.92701866234793 73241.41564319015 -72954.080322712849
15.927268884518739 74022.358257393847 -73733.797558172766
15.927519106689546 74814.187977665541 -74524.392717318828
15.927769328860355 75617.092350413746 -75326.053247986216
15.928019551031165 76431.262771930327 -76138.970446513311
15.928269773201972 77256.894580201464 -76963.339549528755
15.928519995372781 78094.187149214806 -77799.359828234272
15.92877021754359 78943.343985839121 -78647.234685259478
15.9290204397144 79804.572829355311 -79507.171754167488
15.929270661885207 80678.085753720268 -80379.38300169287
15.929520884056016 81564.099272647931 -81264.084832796274
15.929771106226825 82462.834447594752 -82161.498198622881
15.930021328397634 83374.516998739768 -83071.848707454963
15.930271550568442 84299.377419052631 -83995.366738751691
15.930521772739251 85237.651091546111 -84932.287560372948
15.93077199491006 86189.578409812981 -85882.851449086884
15.931022217080868 87155.404901950766 -86847.303814464613
15.931272439251677 88135.381357981212 -87825.895326269121
15.931522661422486 89129.763960875309 -88818.882045449049
15.931772883593295 90138.814421298579 -89826.525558851965
15.932023105764102 91162.800116195271 -90849.093117775948
15.932273327934912 92201.994231334349 -91886.857780482271
15.932523550105721 93256.675907944707 -92940.098558796482
15.932773772276528 94327.130393571249 -94009.10056892976
15.933023994447337 95413.649197288571 -95094.155186656964
15.933274216618146 96516.530249413598 -96195.560206992959
15.933524438788956 97636.078065863781 -97313.620008513622
15.933774660959763 98772.603917312736 -98448.645722473535
15.934024883130572 99926.426003300701 -99600.95540687762
15.934275105301381 101097.86963146292 -100770.87422566986
15.934525327472191 102287.26740204509 -101958.73463320814
15.934775549642998 103494.95939788115 -103164.87656420057
15.935025771813807 104721.29338001508 -104389.64762928497
15.935275993984616 105966.62498915548 -105633.4033164399
15.935526216155424 107231.31795315794 -106896.50719842286
15.935776438326233 108515.7443007384 -108179.33114643817
15.936026660497042 109820.28458162758 -109482.25555024506
15.936276882667851 111145.32809338471 -110805.66954492395
15.936527104838659 112491.27311509712 -112149.97124452745
15.936777327009468 113858.52714820053 -113515.56798285102
15.937027549180277 115247.50716466403 -114902.87656156711
15.937277771351086 116658.63986279294 -116312.32350597608
15.937527993521893 118092.36193091235 -117744.34532863639
15.937778215692703 119549.12031920426 -119199.38880114746
15.938028437863512 121029.3725199819 -120677.91123436809
15.938278660034319 122533.58685669542 -122180.38076736519
15.938528882205128 124062.24278197487 -123707.27666539836
15.938779104375937 125615.83118502823 -125259.08962725804
15.939029326546747 127194.85470872444 -126836.32210228743
15.939279548717554 128799.82807670462 -128439.48861743096
15.939529770888363 130431.2784308781 -130069.1161146661
15.939779993059172 132089.74567967368 -131725.74429918901
15.94003021522998 133775.78285743186 -133409.92599873923
15.940280437400789 135489.95649533832 -135122.22753446436
15.940530659571598 137232.84700431576 -136863.22910374121
15.940780881742407 139005.04907030737 -138633.52517538681
15.941031103913215 140807.17206240279 -140433.72489771029
15.941281326084024 142639.84045427592 -142264.45251987461
15.941531548254833 144503.69425942251 -144126.34782705642
15.941781770425642 146399.38948070598 -146020.06658991182
15.94203199259645 148327.59857474006 -147946.28102887736
15.942282214767259 150289.01093165897 -149905.68029385636
15.942532436938068 152284.33337084865 -151898.97095986406
15.942782659108875 154314.29065323598 -153926.87753922874
15.943032881279684 156379.62601075787 -155990.14301097035
15.943283103450494 158481.10169365827 -158089.52936800499
15.943533325621303 160619.49953628812 -160225.81818284959
15.94378354779211 162795.6215421115 -162399.8111925307
15.944033769962919 165010.29048865166 -164612.33090343038
15.944283992133728 167264.35055314063 -166864.22121683325
15.944534214304536 169558.66795966981 -169156.34807597185
15.944784436475345 171894.13164867237 -171489.60013540083
15.945034658646154 174271.65396960397 -173864.88945356701
15.945284880816963 176692.17139772628 -176283.1522094789
15.945535102987771 179156.64527593617 -178745.34944441915
15.94578532515858 181666.06258262505 -181252.46782968414
15.946035547329389 184221.43672659594 -183805.52046137775
15.946285769500198 186823.8083701102 -186405.54768333171
15.946535991671006 189474.24628118382 -189053.61793927223
15.946786213841815 192173.84821630258 -191750.82865540174
15.947036436012624 194923.74183477712 -194498.30715461704
15.947286658183431 197725.08564601364 -197297.21160363936
15.947536880354241 200579.06999103315 -200148.73199438912
15.94778710252505 203486.91805963209 -203054.09116099813
15.948037324695859 206449.88694464049 -206014.54583391501
15.948287546866666 209469.26873479929 -209031.38773262588
15.948537769037475 212546.39164784868 -212105.94469858147
15.948787991208285 215682.62120549163 -215239.58186999502
15.949038213379094 218879.36145197382 -218433.70290025178
15.949288435549901 222138.05621810135 -221689.75122175162
15.94953865772071 225460.19043260239 -225009.21135709068
15.949788879891519 228847.29148282798 -228393.61027957682
15.950039102062327 232300.93062688029 -231844.51882516753
15.950289324233136 235822.72445935555 -235363.55315801661
15.950539546403945 239414.33643299164 -238952.37629192031
15.950789768574754 243077.4784386197 -242612.69967006144
15.951039990745562 246813.9124459335 -246346.28480556502
15.951290212916371 250625.45220771042 -250154.94498549972
15.95154043508718 254513.96503024566 -254040.54704108564
15.951790657257988 258481.37361289398 -258005.01318700315
15.952040879428797 262529.65795975475 -262050.32293283829
15.952291101599606 266660.8573666843 -266178.51506984775
15.952541323770415 270877.07248697529 -270391.68973638426
15.952791545941222 275180.46747920854 -274692.01056548615
15.953041768112032 279573.27224095562 -279081.70691831002
15.953291990282841 284057.78473219433 -283563.07620726805
15.95354221245365 288636.37339249189 -288138.48631292459
15.953792434624457 293311.47965621518 -292810.37809891079
15.954042656795266 298085.62057024217 -297581.26802933175
15.954292878966076 302961.39151887607 -302453.75089336641
15.954543101136883 307941.46906090353 -307430.50264200213
15.954793323307692 313028.61388399202 -312514.28334209812
15.955043545478501 318225.67388188856 -317707.94025323982
15.955293767649311 323535.58736016596 -323014.41103312979
15.955543989820118 328961.38637656055 -328436.7270775591
15.955794211990927 334506.20022226323 -333978.01700131991
15.956044434161736 340173.25905085867 -339641.51026675437
15.956294656332545 345965.89766196231 -345430.54096698866
15.956544878503353 351887.55944697955 -351348.55177127611
15.956795100674162 357941.80050480709 -357399.09804026916
15.957045322844971 364132.29393571732 -363585.85211945995
15.957295545015779 370462.83432211017 -369912.60781947395
15.957545767186588 376937.3424052893 -376383.2850923728
15.957795989357397 383559.86996791762 -383001.93491362076
15.958046211528206 390334.6049323373 -389772.74437989912
15.958296433699013 397265.87668550049 -396700.04203351465
15.958546655869823 404358.16164185235 -403788.30342474231
15.958796878040632 411616.08905613999 -411042.15692407574
15.959047100211439 419044.44709879148 -418466.38979702909
15.959297322382248 426648.18920722167 -426065.954554845
15.959547544553057 434432.44072717679 -433845.97559522151
15.959797766723867 442402.50585903443 -441811.7561479726
15.960047988894674 450563.87492482929 -449968.78554139222
15.960298211065483 458922.23197268258 -458322.74680599855
15.960548433236292 467483.46273627866 -466879.52463330171
15.960798655407102 476253.66296806047 -475645.21370826475
15.961048877577909 485239.14716590743 -484626.12743522116
15.961299099748718 494446.45771422435 -493828.80707817589
15.961549321919527 503882.37446160842 -503260.03133765608
15.961799544090335 513553.92475858226 -512926.82638759841
15.962049766261144 523468.39398028835 -522836.47639716655
15.962299988431953 533633.33656053944 -532996.53456389299
15.962550210602762 544056.58756522054 -543414.83468613797
15.96280043277357 554746.2748347437 -554099.5033045673
15.963050654944379 565710.83172708063 -565058.97244417039
15.963300877115188 576959.01049483917 -576301.99299028527
15.963551099285997 588499.89633193228 -587837.64873417455
15.963801321456804 600342.92212760262 -599675.37112591765
15.964051543627614 612497.88396794291 -611824.95477475319
15.964301765798423 624974.95742758526 -624296.57373954682
15.96455198796923 637784.71469694981 -637100.79865477013
15.964802210140039 650938.14259334549 -650248.61474028206
15.965052432310848 664446.66150732676 -663751.44074631506
15.965302654481658 678322.14533903915 -677621.14888839575
15.965552876652465 692576.94248285703 -691870.08583050105
15.965803098823274 707223.89792244066 -706511.09477857465
15.966053320994083 722276.37650244357 -721557.53875063173
15.966303543164891 737748.28744750272 -737023.32509408123
15.9665537653357 753654.11020386813 -752922.93132562039
15.966803987506509 770008.92168410239 -769271.43237412779
15.967054209677318 786828.42500073113 -786084.52931243193
15.967304431848126 804128.97978058271 -803378.5796696922
15.967554654018935 821927.63415785774 -821170.62942242692
15.967804876189744 840242.15855074255 -839478.4467689998
15.968055098360553 859091.08133367822 -858320.55779967131
15.968305320531361 878493.72652524954 -877716.28418217611
15.96855554270217 898470.25362012326 -897685.78299124981
15.968805764872979 919041.6997025843 -918250.08881965
15.969055987043786 940230.02398905822 -939431.1583180537
15.969306209214595 962058.15495762194 -961251.91732182808
15.969556431385405 984550.04023396282 -983736.31073412835
15.969806653556214 1007730.6994156245 -1006909.3553471556
15.970056875727021 1031626.2800297524 -1030797.1957967804
15.97030709789783 1056264.1168340121 -1055427.1638601983
15.970557320068639 1081672.7946860027 -1080827.8413219326
15.970807542239449 1107882.2152234183 -1107029.1266504286
15.971057764410256 1134923.6676155571 -1134062.3057458317
15.971307986581065 1162829.9036666472 -1161960.127039409
15.971558208751874 1191635.2175730146 -1190756.8812466301
15.971808430922682 1221375.5306594966 -1220488.4860993014
15.972058653093491 1252088.4814458839 -1251192.5764075252
15.9723088752643 1283813.521421744 -1282908.5998298277
15.972559097435109 1316592.0169379401 -1315677.9187597525
15.972809319605917 1350467.3576557452 -1349543.9187698157
15.973059541776726 1385485.0720299119 -1384552.1240891586
15.973309763947535 1421692.9503406659 -1420750.3206298612
15.973559986118342 1459141.1758316676 -1458188.6871189401
15.973810208289152 1497882.4645568538 -1496919.9349389269
15.974060430459961 1537972.214589118 -1536999.4573299713
15.97431065263077 1579468.6652984326 -1578485.4886610485
15.974560874801577 1622433.0674667067 -1621439.2745375508
15.974811096972386 1666929.8650719437 -1665925.2535778005
15.975061319143196 1713026.8896456617 -1712011.251762429
15.975311541314005 1760795.5681857197 -1759768.6903387371
15.975561763484812 1810311.1456923469 -1809272.8083478112
15.975811985655621 1861652.9234890903 -1860602.9009360799
15.97606220782643 1914904.5145934466 -1913842.5747160504
15.976312429997238 1970154.1175151181 -1969080.0215541292
15.976562652168047 2027494.8099841941 -2026408.3122877961
15.976812874338856 2087024.8642483603 -2085925.712011198
15.977063096509665 2148848.0857288064 -2147736.0187187926
15.977313318680473 2213074.1769903786 -2211948.9272625442
15.977563540851282 2279819.1291644271 -2278680.4207610828
15.977813763022091 2349205.6431646016 -2348053.1918010218
15.9780639851929 2421363.5832587928 -2420197.0959935854
15.978314207363708 2496430.4658068041 -2495249.6406960748
15.978564429534517 2574551.9862459865 -2573356.5119803385
15.978814651705326 2655882.5877089952 -2654672.1432323456
15.979064873876133 2740586.0749925054 -2739360.3291016272
15.979315096046943 2828836.2779670591 -2827594.8888906776
15.979565318217752 2920817.7689305972 -2919560.3838867918
15.979815540388561 3016726.6388666783 -3015452.8935972457
15.980065762559368 3116771.3380785375 -3115480.8563588839
15.980315984730177 3221173.5872383923 -3219865.9803614062
15.980566206900987 3330169.3655250426 -3328844.2317572944
15.980816429071794 3444009.9832301494 -3442666.9072386362
15.981066651242603 3562963.2470039399 -3561601.7992514656
15.981316873413412 3687314.7267953004 -3685934.4629024253
15.981567095584222 3817369.1345314505 -3815969.5946028014
15.981817317755029 3953451.8256926998 -3952032.5336052403
15.982067539925838 4095910.4361841083 -4094470.8988348036
15.982317762096647 4245116.6683066031 -4243656.3748166887
15.982567984267456 4401468.2412062492 -4399986.6620791033
15.982818206438264 4565391.0229561571 -4563887.6091855271
15.983068428609073 4737341.3634286523 -4735815.5455537252
15.983318650779882 4917808.6493780017 -4916259.836481506
15.98356887295069 5107318.105713116 -5105745.6843583351
15.983819095121499 5306433.869838099 -5304837.2029403197
15.984069317292308 5515762.3692256268 -5514140.7948531685
15.984319539463117 5735956.0361214383 -5734308.8662209753
15.984569761633924 5967717.3975245524 -5966043.9165649917
15.984819983804734 6211803.583424611 -6210103.0469532711
15.985070205975543 6469031.3017954044 -6467302.934899671
15.985320428146352 6740282.3351480588 -6738525.3308150824
15.985570650317159 7026509.620662218 -7024723.1380285313
15.985820872487968 7328743.9841830572 -7326927.1466652201
15.986071094658778 7648101.6078670267 -7646253.5011635786
15.986321316829585 7985792.3221795913 -7983911.9921336472
15.986571539000394 8343128.8255297951 -8341215.2758405963
15.986821761171203 8721536.9493483137 -8719589.1391188838
15.987071983342013 9122567.103207415 -9120583.9443141911
15.98732220551282 9547907.0540349819 -9545887.408303868
15.987572427683629 9999396.2160556652 -9997338.8922273498
15.987822649854438 10479041.654355373 -10476945.404820977
15.988072872025246 10989036.035574015 -10986899.552860117
15.988323094196055 11531777.79497917 -11529599.707959045
15.988573316366864 12109893.831013724 -12107672.700819092
15.988823538537673 12726265.08748959 -12723999.403094321
15.989073760708481 13384055.441303089 -13381743.614747157
15.98932398287929 14086744.381549362 -14084384.742767682
15.989574205050099 14838164.04624512 -14835754.837461863
15.989824427220908 15642541.278004438 -15640080.647648752
15.990074649391715 16504545.472967936 -16502031.469061781
15.990324871562525 17429343.131755807 -17426773.694718603
15.990575093733334 18422660.181733012 -18420033.136541001
15.990825315904141 19490853.332030814 -19488166.379661225
15.99107553807495 20640991.953463282 -20638242.661544509
15.991325760245759 21880952.253275458 -21878138.045854174
15.991575982416569 23219525.850220524 -23216643.996544935
15.991826204587376 24666545.262096729 -24663592.864301547
15.992076426758185 26233029.312274773 -26230003.291837841
15.992326648928994 27931352.06493108 -27928249.147753388
15.992576871099804 29775439.637222838 -29772256.337162506
15.992827093270611 31781000.144218218 -31777732.744884487
15.99307731544142 33965793.152003951 -33962437.686588407
15.993327537612229 36349946.401060887 -36346498.629949443
15.993577759783037 38956329.286543459 -38952784.672413036
15.993827981953846 41810994.736071274 -41807348.416128382
15.994078204124655 44943703.82800521 -44939950.582968332
15.994328426295464 48388550.899335109 -48384685.118697166
15.994578648466272 52184711.206429847 -52180726.849458799
15.994828870637081 56377338.69364129 -56373229.245483339
15.99507909280789 61018648.452556401 -61014406.874693893
15.995329314978697 66169227.497870125 -66164846.172050729
15.995579537149506 71899629.189571396 -71895099.854161009
15.995829759320316 78292321.869852006 -78287635.54736419
15.996079981491125 85444082.250338286 -85439229.164648905
15.996330203661932 93468950.422286347 -93463919.903742358
15.996580425832741 102501898.34442464 -102496678.72068544
15.99683064800355 112703410.46974467 -112697988.93973507
15.99708087017436 124265238.28600568 -124259600.77378483
15.997331092345167 137417676.34254041 -137411807.32716975
15.997581314515976 152438824.9793655 -152432707.29594606
15.997831536686785 169666467.75886947 -169660082.36475658
15.998081758857593 189513419.03126624 -189506744.72997901
15.998331981028402 212487518.08717611 -212480531.20059192
15.998582203199211 239217904.44406947 -239210578.4209823
15.99883242537002 270489870.14306623 -270482175.08888555
15.999082647540828 307291551.58484614 -307283453.6928314
15.999332869711637 350877155.26440048 -350868616.12295175
15.999583091882446 402853563.0873878 -402844538.82995534
15.999833314053255 465300445.28420144 -465290885.53746772
16.000083536224064 540939100.50606871 -540928947.07691383
16.00033375839487 633373283.63227153 -633362468.85273361
16.000583980565679 747438230.35876048 -747426674.97778463
