# serie phase 2 p4_w2.80_c1.20_dt2_k4 : t x1 x2 (dt2=0.00016816819849907813, depart t=9.9900000000000002 etat bascule x1 x2 v1 v2 = -159506.29245969569 156546.28993256632 -4900789.1202755608 4854941.9690976776)
9.9900000000000002 -159506.29245969569 156546.28993256632
9.9901681681984993 -160333.13477442943 157365.40708893459
9.9903363363969984 -161165.37607005597 158189.89286944468
9.9905045045954974 -162003.05879668531 159019.78956493762
9.9906726727939965 -162846.22579470131 159855.13985548247
9.9908408409924956 -163694.92029886969 160695.98681447603
9.9910090091909947 -164549.18594249466 161542.37391279123
9.9911771773894937 -165409.06676162509 162394.34502297486
9.9913453455879928 -166274.60719931062 163251.94442349515
9.9915135137864919 -167145.85210990848 164115.21680304009
9.991681681984991 -168022.84676344154 164984.20726486683
9.99184985018349 -168905.63685000857 165858.9613312032
9.9920180183819891 -169794.26848424709 166739.52494770178
9.9921861865804882 -170688.78820984974 167625.94448794733
9.9923543547789873 -171589.24300413471 168518.26675801835
9.9925225229774863 -172495.68028267106 169416.53900110329
9.9926906911759854 -173408.14790395967 170320.80890217234
9.9928588593744845 -174326.69417417044 171231.12459270548
9.9930270275729836 -175251.36785193667 172147.53465547753
9.9931951957714826 -176182.21815320724 173070.08812940089
9.9933633639699817 -177119.29475615741 173998.83451442694
9.9935315321684808 -178062.64780615913 174933.8237765067
9.9936997003669799 -179012.32792081143 175875.10635261162
9.9938678685654789 -179968.38619503198 176822.73315581537
9.994036036763978 -180930.87420621046 177776.75558043728
9.9942042049624771 -181899.84401942449 178737.2255072486
9.9943723731609762 -182875.34819271942 179704.19530874188
9.9945405413594752 -183857.43978245219 180677.71785446495
9.9947087095579743 -184846.17234870058 181657.84651641999
9.9948768777564734 -185841.59996073873 182644.63517452855
9.9950450459549725 -186843.77720257963 183638.13822216375
9.9952132141534715 -187852.75917858558 184638.41057175014
9.9953813823519706 -188868.60151914757 185645.50766043251
9.9955495505504697 -189891.36038643454 186659.48545581449
9.9957177187489687 -190921.09248021341 187680.40046176765
9.9958858869474678 -191957.85504374091 188708.30972431245
9.9960540551459669 -193001.70586972815 189743.27083757179
9.996222223344466 -194052.70330637891 190785.34194979822
9.996390391542965 -195110.9062635029 191834.58176947577
9.9965585597414641 -196176.37421870447 192891.04957149757
9.9967267279399632 -197249.16722364858 193954.80520342011
9.9968948961384623 -198329.34591040431 195025.90909179539
9.9970630643369613 -199416.97149786772 196104.42224858189
9.9972312325354604 -200512.10579826441 197190.40627763557
9.9973994007339595 -201614.81122373362 198283.92338128184
9.9975675689324586 -202725.15079299445 199385.0363669699
9.9977357371309576 -203843.18813809569 200493.80865401032
9.9979039053294567 -204968.9875112501 201610.30428039716
9.9980720735279558 -206102.6137917547 202734.5879097158
9.9982402417264549 -207244.13249299792 203866.72483813766
9.9984084099249539 -208393.60976955513 205006.78100150303
9.998576578123453 -209551.11242437351 206154.82298249321
9.9987447463219521 -210716.70791604772 207310.9180178933
9.9989129145204512 -211890.46436618746 208475.13400594686
9.9990810827189502 -213072.45056687854 209647.53951380373
9.9992492509174493 -214262.7359882383 210828.20378506221
9.9994174191159484 -215461.39078606718 212017.19674740729
9.9995855873144475 -216668.48580959739 213214.5890203458
9.9997537555129465 -217884.09260934053 214420.45192304029
9.9999219237114456 -219108.28344503499 215634.85748224278
10.000090091909945 -220341.13129369501 216857.87844032975
10.000258260108444 -221582.70985776265 218089.58826344018
10.000426428306943 -222833.09357336414 219330.06114971757
10.000594596505442 -224092.35761867219 220579.37203765794
10.000762764703941 -225360.57792237552 221837.59661456497
10.00093093290244 -226637.83117225755 223104.81132511393
10.001099101100939 -227924.19482388539 224381.09338002597
10.001267269299438 -229219.74710941117 225666.52076485439
10.001435437497937 -230524.56704648663 226961.1722488844
10.001603605696436 -231838.73444729351 228265.127394148
10.001771773894935 -233162.32992769062 229578.46656455586
10.001939942093435 -234495.43491647957 230901.27093514745
10.002108110291934 -235838.13166479114 232233.62250146165
10.002276278490433 -237190.50325559344 233575.60408902919
10.002444446688932 -238552.6336133242 234927.29936298882
10.002612614887431 -239924.60751364863 236288.79283782907
10.00278078308593 -241306.51059334486 237660.16988725725
10.002948951284429 -242698.42936031873 239041.51675419777
10.003117119482928 -244100.45120374972 240432.92056092148
10.003285287681427 -245512.66440437024 241834.469319308
10.003453455879926 -246935.15814487982 243246.25194124295
10.003621624078425 -248368.02252049663 244668.35824915228
10.003789792276924 -249811.34854964778 246100.8789866752
10.003957960475423 -251265.22818480109 247543.90582947835
10.004126128673922 -252729.75432343982 248997.53139621287
10.004294296872422 -254205.0208191828 250461.84925961663
10.004462465070921 -255691.12249305201 251936.95395776368
10.00463063326942 -257188.15514488987 253422.94100546319
10.004798801467919 -258696.21556492822 254919.90690581014
10.004966969666418 -260215.4015455115 256427.9491618897
10.005135137864917 -261745.81189297631 257947.16628863796
10.005303306063416 -263287.54643968958 259477.65782486106
10.005471474261915 -264840.70605624781 261019.52434541532
10.005639642460414 -266405.39266384003 262572.86747355037
10.005807810658913 -267981.70924677607 264137.78989341832
10.005975978857412 -269569.75986518391 265714.39536275074
10.006144147055911 -271169.64966787724 267302.78872570652
10.00631231525441 -272781.48490539705 268903.07592589292
10.00648048345291 -274405.37294322887 270515.36401956249
10.006648651651409 -276041.42227519874 272139.7611889884
10.006816819849908 -277689.74253705092 273776.376756021
10.006984988048407 -279350.44452020922 275425.3211958282
10.007153156246906 -281023.64018572553 277086.70615082263
10.007321324445405 -282709.44267841807 278760.6444447781
10.007489492643904 -284407.96634120197 280447.25009713869
10.007657660842403 -286119.32672961568 282146.63833752286
10.007825829040902 -287843.6406265457 283858.92562042602
10.007993997239401 -289581.02605715283 285584.22964012419
10.0081621654379 -291331.60230400291 287322.66934578202
10.008330333636399 -293095.48992240534 289074.36495676835
10.008498501834898 -294872.81075596256 290839.43797818234
10.008666670033397 -296663.6879523333 292618.01121659327
10.008834838231897 -298468.24597921339 294410.20879599772
10.009003006430396 -300286.61064053746 296216.15617399703
10.009171174628895 -302118.9090929043 298035.98015819868
10.009339342827394 -303965.26986223011 299869.80892284476
10.009507511025893 -305825.82286063262 301717.77202567155
10.009675679224392 -307700.69940354995 303580.00042500312
10.009843847422891 -309590.0322270976 305456.62649708305
10.01001201562139 -311493.95550566749 307347.78405364795
10.010180183819889 -313412.60486977251 309253.60835974611
10.010348352018388 -315346.1174241408 311174.23615180555
10.010516520216887 -317294.63176606334 313109.80565595528
10.010684688415386 -319258.28800399869 315060.45660660323
10.010852856613885 -321237.22777643939 317026.33026527567
10.011021024812385 -323231.59427104366 319007.56943972153
10.011189193010884 -325241.53224403656 321004.31850328611
10.011357361209383 -327267.18803988531 323016.72341455822
10.011525529407882 -329308.7096112523 325044.93173729524
10.011693697606381 -331366.2465392311 327089.09266063041
10.01186186580488 -333439.95005386899 329149.35701956664
10.012030034003379 -335529.97305498127 331225.87731576146
10.012198202201878 -337636.47013326135 333318.80773860787
10.012366370400377 -339759.59759169206 335428.30418661569
10.012534538598876 -341899.51346726215 337554.52428909787
10.012702706797375 -344056.3775529933 339697.62742816715
10.012870874995874 -346230.35142028244 341857.77476104751
10.013039043194373 -348421.59844156454 344035.12924270576
10.013207211392873 -350630.28381330083 346229.8556488083
10.013375379591372 -352856.57457929768 348442.12059900805
10.013543547789871 -355100.63965436135 350672.09258056706
10.01371171598837 -357362.64984829427 352919.94197232026
10.013879884186869 -359642.77789023815 355185.84106898552
10.014048052385368 -361941.19845336949 357469.96410582587
10.014216220583867 -364258.08817995311 359772.4872836693
10.014384388782366 -366593.62570675951 362093.58879429224
10.014552556980865 -368947.99169085245 364433.44884617237
10.014720725179364 -371321.36883575161 366792.24969061674
10.014888893377863 -373713.94191797765 369170.17564827134
10.015057061576362 -376125.89781398501 371567.41313601844
10.015225229774861 -378557.42552748916 373984.15069426771
10.01539339797336 -381008.7162171948 376420.57901464793
10.01556156617186 -383479.9632249311 378876.89096810546
10.015729734370359 -385971.36210420105 381353.28163341625
10.015897902568858 -388483.11064915184 383849.94832611835
10.016066070767357 -391015.40892397246 386367.09062787157
10.016234238965856 -393568.45929272642 388904.91041625151
10.016402407164355 -396142.46644962596 391463.61189498479
10.016570575362854 -398737.63744975586 394043.40162463323
10.016738743561353 -401354.18174025329 396644.48855373397
10.016906911759852 -403992.31119195221 399267.08405040321
10.017075079958351 -406652.2401314993 401911.40193441149
10.01724324815685 -409334.18537394964 404577.65850973793
10.017411416355349 -412038.36625584995 407266.07259761158
10.017579584553848 -414765.00466881762 409976.86557004834
10.017747752752348 -417514.32509362366 412710.26138389081
10.017915920950847 -420286.55463478807 415466.4866153606
10.018084089149346 -423081.92305569624 418245.7704951308
10.018252257347845 -425900.66281424498 421048.34494392772
10.018420425546344 -428743.00909902732 423874.44460867078
10.018588593744843 -431609.19986606482 426724.30689915951
10.018756761943342 -434499.47587609681 429598.17202531692
10.018924930141841 -437414.08073243604 432496.28303499857
10.01909309834034 -440353.26091940003 435418.88585237711
10.019261266538839 -443317.26584132825 438366.22931691166
10.019429434737338 -446306.34786219458 441338.56522291229
10.019597602935837 -449320.76234582579 444336.14835970983
10.019765771134336 -452360.76769673551 447359.23655244062
10.019933939332835 -455426.6254015853 450408.09070345742
10.020102107531335 -458518.60007128242 453482.97483437712
10.020270275729834 -461636.95948372572 456584.15612877539
10.020438443928333 -464781.97462721105 459711.9049755403
10.020606612126832 -467953.91974450683 462866.49501289584
10.020774780325331 -471153.07237761177 466048.20317310659
10.02094294852383 -474379.71341320634 469257.30972787569
10.021111116722329 -477634.12712881004 472494.09833444795
10.021279284920828 -480916.60123965668 475758.85608243005
10.021447453119327 -484227.42694629985 479051.8735413407
10.021615621317826 -487566.89898296149 482373.44480890303
10.021783789516325 -490935.31566663657 485723.86756009236
10.021951957714824 -494332.9789469667 489103.44309695211
10.022120125913323 -497760.19445689628 492512.47639919195
10.022288294111823 -501217.27156412497 495951.27617558104
10.022456462310322 -504704.52342337015 499420.1549161509
10.022624630508821 -508222.26702945371 502919.42894522188
10.02279279870732 -511770.82327122777 506449.41847526742
10.022960966905819 -515350.51698635373 510010.44766163139
10.023129135104318 -518961.67701694992 513602.84465811314
10.023297303302817 -522604.63626612345 517226.94167343562
10.023465471501316 -526279.73175540124 520883.07502861239
10.023633639699815 -529987.30468307657 524571.58521522908
10.023801807898314 -533727.7004834878 528292.81695465615
10.023969976096813 -537501.26888724475 532047.11925820878
10.024138144295312 -541308.36398242053 535834.84548827109
10.024306312493811 -545149.3442767259 539656.35342040204
10.024474480692311 -549024.57276068314 543512.00530644064
10.02464264889081 -552934.41697181843 547402.16793862754
10.024810817089309 -556879.24905988958 551327.21271476231
10.024978985287808 -560859.44585316908 555287.51570441469
10.025147153486307 -564875.38892580045 559283.45771620795
10.025315321684806 -568927.46466624795 563315.4243661951
10.025483489883305 -573016.064346859 567383.80614734651
10.025651658081804 -577141.58419455914 571488.99850017007
10.025819826280303 -581304.42546270136 575631.40188448306
10.025987994478802 -585504.99450408912 579811.42185235827
10.026156162677301 -589743.70284519519 584029.46912226477
10.0263243308758 -594020.96726159879 588285.95965442481
10.026492499074299 -598337.20985466195 592581.31472740998
10.026660667272798 -602692.8581294684 596915.9610159992
10.026828835471298 -607088.3450740485 601290.33067032055
10.026997003669797 -611524.10923991317 605704.86139630189
10.027165171868296 -616000.59482392156 610159.99653745361
10.027333340066795 -620518.25175150612 614656.18515800813
10.027501508265294 -625077.53576128103 619193.88212744158
10.027669676463793 -629678.90849105932 623773.54820640292
10.027837844662292 -634322.83756530448 628395.65013407648
10.028006012860791 -639009.7966840436 633060.66071700456
10.02817418105929 -643740.26571326912 637769.058919398
10.028342349257789 -648514.73077685654 642521.3299549612
10.028510517456288 -653333.68435002689 647317.96538026095
10.028678685654787 -658197.62535438314 652159.46318966721
10.028846853853286 -663107.05925454886 657046.32791189605
10.029015022051786 -668062.49815644033 661979.07070818415
10.029183190250285 -673064.46090720268 666958.20947212563
10.029351358448784 -678113.47319684085 671984.26893120329
10.029519526647283 -683210.06766157795 677057.7807500452
10.029687694845782 -688354.78398897324 682179.28363544017
10.029855863044281 -693548.16902483371 687349.32344314503
10.03002403124278 -698790.77688195265 692568.4532865173
10.030192199441279 -704083.16905071039 697837.23364700959
10.030360367639778 -709425.91451157257 703156.23248655896
10.030528535838277 -714819.58984952222 708526.0253619093
10.030696704036776 -720264.77937046264 713947.19554090314
10.030864872235275 -725762.07521962875 719420.33412077988
10.031033040433774 -731312.07750204613 724946.04014852049
10.031201208632273 -736915.3944050757 730524.92074327671
10.031369376830773 -742572.64232308615 736157.59122092591
10.031537545029272 -748284.44598429394 741844.67522079172
10.031705713227771 -754051.43857981311 747586.80483457376
10.03187388142627 -759874.26189495786 753384.62073752773
10.032042049624769 -765753.56644284166 759238.77232194075
10.032210217823268 -771690.01160031802 765149.91783294629
10.032378386021769 -777684.26574630756 771118.72450672416
10.032546554220268 -783737.00640255923 777145.86871113256
10.032714722418767 -789848.92037689232 783232.03608881927
10.032882890617266 -796020.70390896883 789377.9217028619
10.033051058815765 -802253.06281864562 795584.23018498474
10.033219227014264 -808546.71265695663 801851.67588640528
10.033387395212763 -814902.37885977805 808180.98303136125
10.033555563411262 -821320.79690422874 814572.88587337092
10.033723731609761 -827802.71246786066 821028.12885428127
10.03389189980826 -834348.88159069419 827547.46676615975
10.03406006800676 -840960.07084015571 834131.66491608554
10.034228236205259 -847637.05747897422 840781.49929389823
10.034396404403758 -854380.62963609712 847497.75674296368
10.034564572602257 -861191.58648068516 854281.23513401684
10.034732740800756 -868070.73839924834 861132.74354214303
10.034900908999255 -875018.90717598586 868053.10242696176
10.035069077197754 -882036.92617639503 875043.14381607645
10.035237245396253 -889125.64053421398 882103.71149185707
10.035405413594752 -896285.90734176757 889235.66118162195
10.035573581793251 -903518.59584378311 896439.86075128883
10.03574174999175 -910824.58763474855 903717.19040256448
10.035909918190249 -918204.77685988334 911068.54287374578
10.036078086388748 -925660.07041979686 918494.82364420546
10.036246254587248 -933191.38817890943 925996.95114263787
10.036414422785747 -940799.66317771259 933575.85695914156
10.036582590984246 -948485.84184894746 941232.48606121785
10.036750759182745 -956250.88423778268 948967.79701376543
10.036918927381244 -964095.76422607235 956782.76220315357
10.037087095579743 -972021.46976078057 964678.36806545802
10.037255263778242 -980029.00308665645 972655.61531894549
10.037423431976741 -988119.38098324952 980715.51920089568
10.03759160017524 -996293.63500635442 988859.10970884946
10.037759768373739 -1004552.8117339781 997087.43184637674
10.037927936572238 -1012897.9730169226 1005401.5458734574
10.038096104770737 -1021330.1962340812 1013802.5275615721
10.038264272969236 -1029850.5745525453 1022291.4684536016
10.038432441167735 -1038460.2171926246 1030869.4761286351
10.038600609366235 -1047160.249697882 1039537.6744717918
10.038768777564734 -1055951.8142102908 1048297.2039491599
10.038936945763233 -1064836.069750621 1057149.2218879629
10.039105113961732 -1073814.1925041655 1066094.9027620617
10.039273282160231 -1082887.3761119207 1075135.4384829081
10.03944145035873 -1092056.8319673357 1084272.0386960634
10.039609618557229 -1101323.7895187496 1093505.9310834026
10.039777786755728 -1110689.4965776391 1102838.361671123
10.039945954954227 -1120155.2196327988 1112270.5951436844
10.040114123152726 -1129722.2441705824 1121803.9151638064
10.040282291351225 -1139391.8750013357 1131439.6246986517
10.040450459549724 -1149165.4365921537 1141179.0463523322
10.040618627748223 -1159044.2734060981 1151023.52270487
10.040786795946723 -1169029.7502480156 1160974.416657757
10.040954964145222 -1179123.2526170998 1171033.1117862524
10.041123132343721 -1189326.1870663429 1181201.012698567
10.04129130054222 -1199639.9815690278 1191479.5454020838
10.041459468740719 -1210066.0858924126 1201870.1576767666
10.041627636939218 -1220605.9719787668 1212374.3194559165
10.041795805137717 -1231261.134333919 1222993.5232144343
10.041963973336216 -1242033.0904234804 1233729.2843647562
10.042132141534715 -1252923.3810769145 1244583.1416606312
10.042300309733214 -1263933.5708996258 1255556.6576089102
10.042468477931713 -1275065.2486932431 1266651.4188895288
10.042636646130212 -1286320.0278842808 1277869.0367838608
10.042804814328711 -1297699.5469613627 1289211.1476116306
10.04297298252721 -1309205.4699212001 1300679.4131765752
10.04314115072571 -1320839.4867235187 1312275.5212210494
10.043309318924209 -1332603.3137551344 1324001.1858897745
10.043477487122708 -1344498.6943033813 1335858.1482029364
10.043645655321207 -1356527.3990391064 1347848.176538842
10.043813823519706 -1368691.2265094405 1359973.0671263488
10.043981991718205 -1380992.003640569 1372234.6445472885
10.044150159916704 -1393431.5862507292 1384634.7622491107
10.044318328115203 -1406011.8595736627 1397175.3030679778
10.044486496313702 -1418734.7387927645 1409858.1797625485
10.044654664512201 -1431602.1695861665 1422685.3355586932
10.0448228327107 -1444616.128683011 1435658.74470539
10.044991000909199 -1457778.6244311656 1448780.4130420589
10.045159169107698 -1471091.6973766428 1462052.378577593
10.045327337306198 -1484557.4208549941 1475476.7120813583
10.045495505504697 -1498177.9015949529 1489055.5176864362
10.045663673703196 -1511955.2803346089 1502790.9335053915
10.045831841901695 -1525891.7324504049 1516685.1322588543
10.046000010100194 -1539989.4685992512 1530740.3219172161
10.046168178298693 -1554250.7353740651 1544958.7463557401
10.046336346497192 -1568677.8159730444 1559342.6860234025
10.046504514695691 -1583273.0308829988 1573894.4586257823
10.04667268289419 -1598038.7385770665 1588616.419822329
10.046840851092689 -1612977.336227153 1603510.9639383466
10.047009019291188 -1628091.2604314394 1618580.5246920381
10.047177187489687 -1643382.9879573127 1633827.5759369661
10.047345355688186 -1658855.0365000861 1649254.6324202938
10.047513523886686 -1674509.965457879 1664864.2505571786
10.047681692085185 -1690350.3767230436 1680659.0292217045
10.047849860283684 -1706378.9154905279 1696641.6105547429
10.048018028482183 -1722598.2710835831 1712814.680789148
10.048186196680682 -1739011.177797226 1729180.9710927005
10.048354364879181 -1755620.4157598841 1745743.2584292239
10.04852253307768 -1772428.8118136586 1762504.3664383111
10.048690701276179 -1789439.2404136551 1779467.166334108
10.048858869474678 -1806654.6245468394 1796634.5778236149
10.049027037673177 -1824077.9366708936 1814009.5700449771
10.049195205871676 -1841712.1996735537 1831595.1625262492
10.049363374070175 -1859560.487852932 1849394.4261651319
10.049531542268674 -1877625.927919328 1867410.484230191
10.049699710467173 -1895911.7000190606 1885646.513384084
10.049867878665673 -1914421.0387808536 1904105.7447293317
10.050036046864172 -1933157.2343853335 1922791.464877191
10.050204215062671 -1952123.633658204 1941707.0170401938
10.05037238326117 -1971323.6411876841 1960855.8021489384
10.050540551459669 -1990760.7204668082 1980241.2799937318
10.050708719658168 -2010438.3950612042 1999866.9703916989
10.050876887856667 -2030360.2498029841 2019736.4543799916
10.051045056055166 -2050529.932011395 2039853.3754357481
10.051213224253665 -2070951.1527409016 2060221.4407234702
10.051381392452164 -2091627.6880573842 2080844.4223705041
10.051549560650663 -2112563.3803431601 2101726.1587713324
10.051717728849162 -2133762.1396315517 2122870.5559214
10.051885897047661 -2155227.9449717468 2144281.5887812194
10.052054065246161 -2176964.8458247194 2165963.302671521
10.05222223344466 -2198976.9634909942 2187919.814700237
10.052390401643159 -2221268.4925710671 2210155.3152221246
10.052558569841658 -2243843.7024593144 2232674.0693318639
10.052726738040157 -2266706.9388722414 2255480.4183914843
10.052894906238656 -2289862.6254119575 2278578.7815929973
10.053063074437155 -2313315.2651657732 2301973.6575571392
10.053231242635654 -2337069.4423428569 2325669.6259691594
10.053399410834153 -2361129.823948903 2349671.3492526007
10.053567579032652 -2385501.1614997964 2373983.5742820632
10.053735747231151 -2410188.292775285 2398611.1341359583
10.05390391542965 -2435196.1436137008 2423558.949890295
10.054072083628149 -2460529.7297487995 2448832.0324545675
10.054240251826648 -2486194.1586898207 2474435.4844508464
10.054408420025148 -2512194.6316459007 2500374.5021372046
10.054576588223647 -2538536.4454960036 2526654.3773766439
10.054744756422146 -2565224.9948055721 2553280.4996527215
10.054912924620645 -2592265.77389113 2580258.3581331098
10.055081092819144 -2619664.3789341068 2607593.5437823599
10.055249261017643 -2647426.5101451939 2635291.7515251762
10.055417429216142 -2675557.9739805763 2663358.7824615468
10.055585597414641 -2704064.6854114262 2691800.546135115
10.05575376561314 -2732952.6702480833 2720623.0628562164
10.055921933811639 -2762228.0675203917 2749832.4660810516
10.056090102010138 -2791897.1319157034 2779435.0048485026
10.056258270208637 -2821966.2362761055 2809437.0462761526
10.056426438407136 -2852441.874156476 2839845.0781171089
10.056594606605636 -2883330.6624450139 2870665.7113792794
10.056762774804135 -2914639.3440479501 2901905.6830088045
10.056930943002634 -2946374.790640187 2933571.8586393921
10.057099111201133 -2978544.0054836683 2965671.2354093622
10.057267279399632 -3011154.1263153423 2998210.9448482548
10.057435447598131 -3044212.4283066308 3031198.2558349194
10.05760361579663 -3077726.3270963761 3064640.5776290563
10.057771783995129 -3111703.3818992982 3098545.4629782424
10.057939952193628 -3146151.2986920597 3132920.6113025327
10.058108120392127 -3181077.9334790944 3167773.8719588015
10.058276288590626 -3216491.2956404267 3203113.2475870419
10.058444456789125 -3252399.5513637732 3238946.8975409209
10.058612624987624 -3288811.0271632927 3275283.1414049515
10.058780793186124 -3325734.213487423 3312130.4626007178
10.058948961384623 -3363177.7684183125 3349497.5120846694
10.059117129583122 -3401150.5214654468 3387393.1121400711
10.059285297781621 -3439661.4774561329 3425826.2602657834
10.05945346598012 -3478719.8205256034 3464806.1331646251
10.059621634178619 -3518334.9182095807 3504342.0908341627
10.059789802377118 -3558516.3256422346 3544443.6807628572
10.059957970575617 -3599273.7898625536 3585120.6422345899
10.060126138774116 -3640617.2542322562 3626382.910744688
10.060294306972615 -3682556.8629684555 3668240.6225306694
10.060462475171114 -3725102.9657944026 3710704.1192210247
10.060630643369613 -3768266.1227117358 3753783.952605465
10.060798811568112 -3812057.1088977717 3797490.8895301735
10.060966979766611 -3856486.9197314898 3841835.9169217078
10.061135147965111 -3901566.7759519825 3886830.2469433229
10.06130331616361 -3947308.1289532557 3932485.3222876051
10.061471484362109 -3993722.6662194012 3978812.8216094295
10.061639652560608 -4040822.316904285 4025824.6651033908
10.061807820759107 -4088619.2575600375 4073533.0202299855
10.061975988957606 -4137125.9180187616 4121950.3075949699
10.062144157156105 -4186354.9874320342 4171089.2069864562
10.062312325354604 -4236319.4204729116 4220962.6635744674
10.062480493553103 -4287032.4437053166 4271583.8942778185
10.062648661751602 -4338507.5621258384 4322966.394303361
10.062816829950101 -4390758.5658831494 4375123.9438627893
10.0629849981486 -4443799.5371804126 4428070.6150723845
10.063153166347099 -4497644.8573662341 4481820.77904124
10.063321334545599 -4552309.214219898 4536389.1131537203
10.063489502744098 -4607807.6094368203 4591790.6085520778
10.063657670942597 -4664155.3663203539 4648040.5778253525
10.063825839141096 -4721368.1376862833 4705154.6629109094
10.063994007339595 -4779461.9139865618 4763148.8432151498
10.064162175538094 -4838453.0316590797 4822039.4439601852
10.064330343736593 -4898358.1817104537 4881843.1447634725
10.064498511935092 -4959194.4185391106 4942576.9884576695
10.064666680133591 -5020979.1690061372 5004258.3901581904
10.06483484833209 -5083730.241761677 5066905.146586231
10.065003016530589 -5147465.8368348777 5130535.4456552751
10.065171184729088 -5212204.5554957036 5195167.8763293885
10.065339352927587 -5277965.4103971971 5260821.4387618871
10.065507521126086 -5344767.8360070856 5327515.5547232656
10.065675689324586 -5412631.6993379248 5395270.0783275859
10.065843857523085 -5481577.3109853137 5464105.3070668504
10.066012025721584 -5551625.4364840323 5534041.9931632131
10.066180193920083 -5622797.3079923112 5605101.3552492382
10.066348362118582 -5695114.6363148047 5677305.0903867669
10.066516530317081 -5768599.6232752083 5750675.3864353383
10.06668469851558 -5843274.9744498609 5825234.9347814973
10.066852866714079 -5919163.9122740645 5901006.9434407279
10.067021034912578 -5996290.1895332877 5978015.1505441703
10.067189203111077 -6074678.1032518586 6056283.8382227141
10.067357371309576 -6154352.5089921867 6135837.8469015323
10.067525539508075 -6235338.8355780607 6216702.5900185667
10.067693707706574 -6317663.1002560277 6298904.0691809962
10.067861875905074 -6401351.9243093925 6382468.8897742033
10.068030044103573 -6486432.549139902 6467424.2770383153
10.068198212302072 -6572932.8528327253 6553798.0926279165
10.068366380500571 -6660881.3672209317 6641618.8516711369
10.06853454869907 -6750307.2954662489 6730915.740344895
10.068702716897569 -6841240.5301735243 6821718.6339837117
10.068870885096068 -6933711.6720569441 6914058.1157401539
10.069039053294567 -7027752.0491767544 7007965.4958156375
10.069207221493066 -7123393.7367659248 7103472.8312810352
10.069375389691565 -7220669.5776669187 7200612.9465072453
10.069543557890064 -7319613.2033995101 7299419.4542266596
10.069711726088563 -7420259.055881368 7399926.7772472473
10.069879894287062 -7522642.4098239643 7502170.1708418019
10.070048062485562 -7626799.3958272086 7606185.7458357587
10.070216230684061 -7732767.0241971221 7712010.4924178813
10.07038439888256 -7840583.2095117904 7819682.3046990614
10.070552567081059 -7950286.7959618047 7929240.006045429
10.070720735279558 -8061917.5834924197 8040723.3752130019
10.070888903478057 -8175516.3547757156 8154173.173312149
10.071057071676556 -8291124.9030421348 8269631.1716312477
10.071225239875055 -8408786.0608019456 8387140.1803500634
10.071393408073554 -8528543.7294883411 8506744.0781745706
10.071561576272053 -8650442.9100551754 8628487.8429261986
10.071729744470552 -8774529.7345636003 8752417.5831197686
10.071897912669051 -8900851.4987932499 8878580.5705657639
10.07206608086755 -9029456.6959150415 9007025.2740339767
10.072234249066049 -9160395.0512641091 9137801.394017078
10.072402417264549 -9293717.5582529865 9270959.8986341748
10.072570585463048 -9429476.5154666938 9406553.0607160479
10.072738753661547 -9567725.5649831537 9544634.4961154498
10.072906921860046 -9708519.7319640331 9685259.2032875791
10.073075090058545 -9851915.4655630067 9828483.6041877028
10.073243258257044 -9997970.6812003311 9974365.5865348168
10.073411426455543 -10146744.804254616 10122964.547492219
10.073579594654042 -10298298.815224776 10274341.438817978
10.073747762852541 -10452695.296417361 10428558.813540459
10.07391593105104 -10609998.480216693 10585680.874216374
10.074084099249539 -10770274.298997682 10745773.522831172
10.074252267448038 -10933590.436743664 10908904.412404131
10.074420435646537 -11100016.382434228 11075143.000363098
10.074588603845037 -11269623.48527072 11244560.603756556
10.074756772043536 -11442485.01180998 11417230.456373569
10.074924940242035 -11618676.205079872 11593227.767845137
10.075093108440534 -11798274.345753258 11772629.784803633
10.075261276639033 -11981358.815460395 11955515.85418025
10.075429444837532 -12168011.162323117 12141967.488723837
10.075597613036031 -12358315.168797782 12332068.434828077
10.07576578123453 -12552356.921917712 12525904.742757728
10.075933949433029 -12750224.88602981 12723564.839368589
10.076102117631528 -12952009.978124108 12925139.603419958
10.076270285830027 -13157805.645859428 13130722.443582689
10.076438454028526 -13367707.948392723 13340409.379250489
10.076606622227025 -13581815.640124558 13554299.124266811
10.076774790425524 -13800230.257478053 13772493.173684701
10.076942958624024 -14023056.208833894 13995095.893682182
10.077111126822523 -14250400.867749456 14222214.614761183
10.077279295021022 -14482374.669595847 14453959.728363823
10.077447463219521 -14719091.211752666 14690444.787045816
10.07761563141802 -14960667.357506631 14931786.608353132
10.077783799616519 -15207223.343806822 15178105.382554639
10.077951967815018 -15458882.893036261 15429524.78439044
10.078120136013517 -15715773.328966869 15686172.0890029
10.078288304212016 -15978025.697072482 15948178.29222504
10.078456472410515 -16245774.889382696 16215678.235409053
10.078624640609014 -16519159.774068773 16488810.734986115
10.078792808807513 -16798323.329961713 16767718.716957605
10.078960977006012 -17083412.786211967 17052549.356527172
10.079129145204512 -17374579.767310102 17343454.223092929
10.079297313403011 -17671980.443698019 17640589.430829354
10.07946548160151 -17975775.688211262 17944115.795099396
10.079633649800009 -18286131.238604315 18254198.994948659
10.079801817998508 -18603217.866422821 18571009.741945583
10.079969986197007 -18927211.552499387 18894723.955644216
10.080138154395506 -19258293.669362843 19225522.945959438
10.080306322594005 -19596651.17086491 19563593.602758572
10.080474490792504 -19942476.789343007 19909128.592988022
10.080642658991003 -20295969.240653429 20262326.56566919
10.080810827189502 -20657333.43742555 20623392.365114238
10.080978995388001 -21026780.710904922 20992537.252729587
10.0811471635865 -21404529.041771416 21369979.137793154
10.081315331785 -21790803.300337598 21755942.817610599
10.081483499983499 -22185835.496552892 22150660.227475997
10.081651668181998 -22589865.040260311 22554370.700883705
10.081819836380497 -23003139.012175091 22967321.240460679
10.081988004578996 -23425912.446078245 23389766.80011227
10.082156172777495 -23858448.622743204 23821970.578899529
10.082324340975994 -24301019.376140058 24264204.327192534
10.082492509174493 -24753905.412489906 24716748.665672179
10.082660677372992 -25217396.642771322 25179893.417782351
10.082828845571491 -25691792.529312097 25653937.956265587
10.08299701376999 -26177402.447132323 26139191.564448275
10.083165181968489 -26674546.0607398 26635973.812976211
10.083333350166988 -27183553.717115443 27144614.952738188
10.083501518365487 -27704766.855665334 27665456.324754164
10.083669686563987 -28238538.435957313 28198850.787845813
10.083837854762486 -28785233.38410344 28745163.16495074
10.084006022960985 -29345229.058695935 29304770.708987828
10.084174191159484 -29918915.737252869 29878063.589229964
10.084342359357983 -30506697.124181721 30465445.399192106
10.084510527556482 -31108990.881323617 31067333.687097449
10.084678695754981 -31726229.182199087 31684160.510042414
10.08484686395348 -32358859.291137755 32316373.013042744
10.085015032151979 -33007344.168539472 32964434.034208141
10.085183200350478 -33672163.103583679 33628822.737362094
10.085351368548977 -34353812.375777036 34310035.273496799
10.085519536747476 -35052805.94680725 35008585.472531021
10.085687704945975 -35769676.184253581 35725005.566921197
10.085855873144475 -36504974.618792325 36459846.948763944
10.086024041342974 -37259272.73662857 37213680.962121136
10.086192209541473 -38033162.808984615 37987099.732397832
10.086360377739972 -38827258.76058054 38780717.034708261
10.086528545938471 -39642197.079154186 39595169.203277081
10.08669671413697 -40478637.768186711 40431116.084041812
10.086864882335469 -41337265.345126279 41289242.0327489
10.087033050533968 -42218789.887537025 42170256.960970283
10.087201218732467 -43123948.129743569 43074897.432610549
10.087369386930966 -44053504.612693809 44003927.813627243
10.087537555129465 -45008252.889925122 44958141.477849215
10.087705723327964 -45989016.79269208 45938362.071950831
10.087873891526463 -46996651.757498138 46945444.84282431
10.088042059724962 -48032046.219470315 47980278.030788988
10.088210227923462 -49096123.075225547 49043784.332285792
10.088378396121961 -50189841.21910096 50136922.435929023
10.08854656432046 -51314197.1568591 51260688.636026144
10.088714732518959 -52470226.701233909 52416118.52793096
10.088882900717458 -53659006.753955372 53604288.789867967
10.089051068915957 -54881657.179181635 54826319.056156151
10.089219237114456 -56139342.773578025 56083373.887071401
10.089387405312955 -57433275.338614762 57376664.840918928
10.089555573511454 -58764715.861010499 58707452.654242426
10.089723741709953 -60134976.807629108 60077049.536476925
10.089891909908452 -61545424.541544124 61486821.585759386
10.090060078106951 -62997481.866421126 62938191.333046809
10.09022824630545 -64492630.706835255 64432640.422158517
10.09039641450395 -66032414.932641365 65971712.433859661
10.090564582702449 -67618443.336050794 67557015.862639397
10.090732750900948 -69252392.770644009 69190227.255412295
10.090900919099447 -70936011.462165728 70873094.521989137
10.091069087297946 -72671122.501611784 72607440.42782563
10.091237255496445 -74459627.531828418 74395166.280269042
10.091405423694944 -76303510.639609292 76238255.820287317
10.091573591893443 -78204842.466097102 78138779.332487032
10.091741760091942 -80165784.549180195 80098897.987109348
10.091909928290441 -82188593.912524641 82120868.428644046
10.09207809648894 -84275627.916905403 84207047.626724049
10.092246264687439 -86429349.390601292 86359898.006064445
10.092414432885938 -88652332.056804568 88581992.873395622
10.092582601084437 -90947266.277274489 90876022.160618976
10.092750769282937 -93316965.132842481 93244798.504791677
10.092918937481436 -95764370.862863511 95691263.687033862
10.093087105679935 -98292561.687312663 98218495.454056039
10.093255273878434 -100904759.03695878 100829714.74773732
10.093423442076933 -103604335.21891867 103528293.37005639
10.093591610275432 -106394821.54691821 106317762.11270039
10.093759778473931 -109279916.96777479 109201819.38286403
10.09392794667243 -112263497.21798174 112184340.3591187
10.094096114870929 -115349624.54683824 115269386.71379246
10.094264283069428 -118542558.04534259 118461216.94107755
10.094432451267927 -121846764.62307435 121764297.33308856
10.094600619466426 -125266930.67855059 125183313.64935467
10.094768787664925 -128807974.51207896 128723183.52876599
10.094936955863425 -132475059.53396916 132389069.69683369
10.095105124061924 -136273608.32513392 136186394.02529195
10.095273292260423 -140209317.61164135 140120852.50560147
10.095441460458922 -144288174.21970689 144198431.20283926
10.095609628657421 -148516472.08297268 148425423.26181978
10.09577779685592 -152900830.3797558 152808447.04312569
10.095945965054419 -157448212.88430309 157354465.47308201
10.096114133252918 -162165948.6230154 162070806.69863325
10.096282301451417 -167061753.9341583 166965186.14563614
10.096450469649916 -172143756.03781992 172045730.08732483
10.096618637848415 -177420518.2318778 177321000.83870521
10.096786806046914 -182901066.83957219 182800023.70247167
10.096954974245413 -188594920.04503882 188492315.80279353
10.097123142443913 -194512118.76492023 194407916.95508492
10.097291310642412 -200663259.71705943 200557422.73275587
10.097459478840911 -207059530.86139449 206952019.90605679
10.09762764703941 -213712749.4036507 213603524.44360599
10.097795815237909 -220635402.56940722 220524422.28417012
10.097963983436408 -227840691.37476113 227727913.10491234
10.098132151634907 -235342577.64029735 235227957.33280808
10.098300319833406 -243155834.51760224 243039326.66845739
10.098468488031905 -251296100.8223488 251177658.41631195
10.098636656230404 -259779939.49528357 259659513.94263619
10.098804824428903 -268624900.54253513 268502441.61261117
10.098972992627402 -277849588.83985716 277725044.59118205
10.099141160825901 -287473737.22205836 287347053.92888838
10.0993093290244 -297518285.31935453 297389407.39439815
10.0994774972229 -308005464.64713997 307874334.56022769
10.099645665421399 -318958890.50521582 318825448.69766849
10.099813833619898 -330403661.29738563 330267846.09181374
10.099982001818397 -342366465.94315964 342228213.44840586
10.100150170016896 -354875700.12081313 354734944.13173133
10.100318338215395 -367961592.15601361 367818264.04775321
10.100486506413894 -381656339.45356923 381510368.0700106
10.100654674612393 -395994256.46258855 395845567.99854851
10.100822842810892 -411011935.26862484 410860453.14542216
10.100991011009391 -426748420.02152669 426594064.75546724
10.10115917920789 -443245396.53622049 443088085.59952736
10.101327347406389 -460547398.54720151 460387046.22087866
10.101495515604888 -478702032.25803995 478538549.47611856
10.101663683803388 -497760221.0069086 497593515.19148123
10.101831852001887 -517776472.07052004 517606446.9569208
10.102000020200386 -538809167.85478508 538635723.30622196
10.102168188398885 -560920883.97423434 560743915.78512394
10.102336356597384 -584178737.00754821 583998136.69474125
10.102504524795883 -608654765.03769255 608470419.61871135
10.102672692994382 -634426344.44710708 634238136.20444191
10.102840861192881 -661576646.84681547 661384453.07724762
10.10300902939138 -690195140.47974133 689998833.22757018
10.103177197589879 -720378140.96045327 720177586.73340905
10.103345365788378 -752229416.80475748 752024476.27127445
10.103513533986877 -785860855.87300158 785651383.53940892
10.103681702185376 -821393199.61236203 821179043.4784205
10.103849870383875 -858956852.84924102 858737854.04031253
10.104018038582375 -898692777.86889446 898468770.24287295
10.104186206780874 -940753482.64384604 940524292.37080646
10.104354374979373 -985304114.35680747 985069559.46913815
10.104522543177872 -1032523670.8325731 1032283560.7431445
10.104690711376371 -1082606344.1758125 1082360479.1615009
10.10485887957487 -1135763012.8419576 1135511183.489583
10.105027047773369 -1192222900.5864286 1191964887.197875
10.105195215971868 -1252235423.2904141 1251970995.2433827
10.105363384170367 -1316072247.6047742 1315801162.6652586
10.105531552368866 -1384029588.75282 1383751592.3349962
10.105699720567365 -1456430778.7652748 1456145603.134053
10.105867888765864 -1533629140.978514 1533336504.3895023
10.106036056964363 -1616011211.9192688 1615710817.6903415
10.106204225162863 -1704000357.8552802 1703691893.3633196
10.106372393361362 -1798060840.4670177 1797743976.0627003
10.106540561559861 -1898702394.475733 1898376782.3084378
10.10670872975836 -2006485389.8700383 2006150662.6140738
10.106876897956859 -2122026662.8739059 2121682432.3462512
10.107045066155358 -2246006113.3148007 2245651968.9734249
10.107213234353857 -2379174181.9698448 2378809689.2803912
10.107381402552356 -2522360340.2604585 2521985038.917634
10.107549570750855 -2676482746.9021683 2676096148.890532
10.107717738949354 -2842559252.4902148 2842160839.9671869
10.107885907147853 -3021719964.3608418 3021309187.3426247
10.108054075346352 -3215221621.4495454 3214797895.2782173
10.108222243544851 -3424464073.5441117 3424026776.1113582
10.108390411743351 -3651009212.8700857 3650557681.5698514
10.10855857994185 -3896602770.2860208 3896136298.6646891
10.108726748140349 -4163199465.9054146 4162717299.9739003
10.108894916338848 -4452992097.686759 4452493431.8540268
10.109063084537347 -4768445265.1661167 4767929237.7479954
10.109231252735846 -5112334563.712492 5111800251.9631243
10.109399420934345 -5487792253.326045 5487238667.9317093
10.109567589132844 -5898360612.4683638 5897786691.4345541
10.109735757331343 -6348054441.0806427 6347459042.9329453
10.109903925529842 -6841434489.7218599 6840816385.9290543
10.110072093728341 -7383693978.8634672 7383051845.3770304
10.11024026192684 -7980760853.3252935 7980093261.1127129
10.110408430125339 -8639419016.7862949 8638724421.2157707
10.110576598323838 -9367452542.8137379 9366729271.7243233
10.110744766522338 -10173817804.293932 10173064044.557205
10.110912934720837 -11068849657.917097 11068063440.263042
10.111081102919336 -12064509337.289501 12063688519.129303
10.111249271117835 -13174683643.567987 13173825889.498291
10.111417439316334 -14415547504.186874 14414650263.802046
10.111585607514833 -15806005169.364363 15805065651.932869
10.111753775713332 -17368229462.833382 17367244608.308784
10.111921943911831 -19128323909.399429 19127290355.131752
10.11209011211033 -21117139652.534046 21116053694.918724
10.112258280308829 -23371288433.879223 23370145984.022118
10.112426448507328 -25934405340.5965 25933201872.876686
10.112594616705827 -28858731661.381268 28857462153.547928
10.112762784904326 -32207110609.341003 32205769472.473076
10.112930953102826 -36055519111.944778 36054100108.214012
10.113099121301325 -40496300541.57666 40494796687.26239
10.113267289499824 -45642320795.216774 45640724245.791817
10.113435457698323 -51632350281.118607 51630652194.417007
10.113603625896822 -58638087086.565079 58636277458.994698
10.113771794095321 -66873396717.414932 66871464186.810303
10.11393996229382 -76606573688.001953 76604505294.912704
10.114108130492319 -88176764064.425964 88174544961.246338
10.114276298690818 -102016178705.55559 102013791799.69809
10.114444466889317 -118680457425.21146 118677882938.19365
10.114612635087816 -138890646956.77176 138887861875.15723
10.114780803286315 -163591944866.17673 163588922252.1102
10.114948971484814 -194036990995.83203 194033699113.42358
10.115117139683313 -231905651703.3714 231902052900.88599
10.115285307881813 -279479958783.69769 279476008048.04517
10.115453476080312 -339903920274.9306 339899563340.6485
