# serie phase 2 p4_w2.27_c1.20_dt2_k4 : t x1 x2 (dt2=0.00020157194014602974, depart t=43.956000000000003 etat bascule x1 x2 v1 v2 = 122149.00437620655 -120129.88403310865 3100368.006033984 -3074538.0481567429)
43.956000000000003 122149.00437620655 -120129.88403310865
43.956201571940149 122775.96771250093 -120751.63066306927
43.956403143880294 123406.98422513501 -121377.41017623527
43.95660471582044 124042.08546573739 -122007.25401885515
43.956806287760585 124681.3032731053 -122641.19392366103
43.957007859700731 125324.66977619671 -123279.26191285545
43.957209431640877 125972.21739715768 -123921.49030113329
43.957411003581022 126623.97885438529 -124567.91169873926
43.957612575521175 127279.98716562652 -125218.55901456135
43.95781414746132 127940.2756511138 -125873.46545926073
43.958015719401466 128604.8779367375 -126532.66454843868
43.958217291341612 129273.82795725585 -127196.19010584094
43.958418863281757 129947.15995954302 -127864.07626659989
43.958620435221903 130624.9085058754 -128536.3574805153
43.958822007162048 131307.10847725719 -129213.06851537395
43.959023579102194 131993.79507678523 -129894.24446030869
43.95922515104234 132685.00383305407 -130579.92072919753
43.959426722982485 133380.77060360138 -131270.13306410314
43.959628294922631 134081.13157839468 -131964.91753875351
43.959829866862776 134786.12328335951 -132664.31056206406
43.960031438802922 135495.78258395 -133368.34888170203
43.960233010743067 136210.14668876195 -134077.06958769343
43.960434582683213 136929.25315318946 -134790.51011607339
43.960636154623359 137653.13988312535 -135508.7082525802
43.960837726563511 138381.84513870603 -136231.70213639393
43.961039298503657 139115.40753810166 -136959.53026392002
43.961240870443802 139853.86606135164 -137692.23149261848
43.961442442383948 140597.26005424681 -138429.8450448793
43.961644014324094 141345.62923225824 -139172.41051194482
43.961845586264239 142099.01368451386 -139919.96785787956
43.962047158204385 142857.45387782296 -140672.55742358803
43.96224873014453 143620.99066074984 -141430.21993088163
43.962450302084676 144389.66526773683 -142192.9964865947
43.962651874024822 145163.5193232774 -142960.92858675076
43.962853445964967 145942.59484614039 -143734.05812077969
43.963055017905113 146726.93425364542 -144512.42737578618
43.963256589845258 147516.58036599081 -145296.07904087048
43.963458161785404 148311.57641063447 -146085.05621150197
43.963659733725549 149111.96602672822 -146879.4023939464
43.963861305665695 149917.79326960674 -147679.16150974738
43.964062877605848 150729.10261533165 -148484.37790026312
43.964264449545993 151545.93896529137 -149295.09633125874
43.964466021486139 152368.3476508577 -150111.36199755542
43.964667593426284 153196.37443809994 -150933.22052773676
43.96486916536643 154030.06553255714 -151760.71798891344
43.965070737306576 154869.46758406938 -152593.90089154668
43.965272309246721 155714.62769166898 -153432.81619433165
43.965473881186867 156565.59340853235 -154277.51130914129
43.965675453127012 157422.41274699324 -155128.03410603176
43.965877025067158 158285.13418361856 -155984.43291830999
43.966078597007304 159153.80666434718 -156846.75654766452
43.966280168947449 160028.47960969311 -157715.05426936026
43.966481740887595 160909.20292001337 -158589.37583749817
43.96668331282774 161796.02698084197 -159469.77149034082
43.966884884767886 162689.00266829063 -160356.29195570466
43.967086456708032 163588.1813545172 -161248.98845641987
43.967288028648184 164493.61491326289 -162147.9127158589
43.96748960058833 165405.35572545894 -163053.1169635345
43.967691172528475 166323.45668490411 -163964.65394076836
43.967892744468621 167247.97120401371 -164882.57690643129
43.968094316408767 168178.95321964117 -165806.93964275575
43.968295888348912 169116.45719897342 -166737.7964612222
43.968497460289058 170060.53814550076 -167675.20220851977
43.968699032229203 171011.25160506254 -168619.21227258278
43.968900604169349 171968.65367196969 -169569.8825887038
43.969102176109494 172932.80099520501 -170527.26964572465
43.96930374804964 173903.75078470254 -171491.43049230616
43.969505319989786 174881.56081770701 -172462.42274327794
43.969706891929931 175866.28944521447 -173440.30458606945
43.969908463870077 176857.99559849538 -174425.13478722321
43.970110035810222 177856.7387957013 -175416.97269899151
43.970311607750368 178862.57914855622 -176415.8782660178
43.970513179690521 179875.577369134 -177421.91203210401
43.970714751630666 180895.79477672282 -178435.13514706484
43.970916323570812 181923.29330477834 -179455.60937367051
43.971117895510957 182958.13550796633 -180483.39709467904
43.971319467451103 184000.38456929644 -181518.5613199595
43.971521039391249 185050.10430734823 -182561.16569370739
43.971722611331394 186107.35918359086 -183611.27450175362
43.97192418327154 187172.2143097978 -184668.95267896832
43.972125755211685 188244.73545555776 -185734.26581676098
43.972327327151831 189324.98905588366 -186807.2801706781
43.972528899091976 190413.04221892045 -187888.06266810012
43.972730471032122 191508.96273375381 -188976.6809160386
43.972932042972268 192612.81907832067 -190073.20320903551
43.973133614912413 193724.68042742353 -191177.69853716597
43.973335186852559 194844.61666084977 -192290.23659414583
43.973536758792704 195972.69837159742 -193410.88778554581
43.973738330732857 197108.99687420926 -194539.72323711377
43.973939902673003 198253.58421321659 -195676.81480320633
43.974141474613148 199406.53317169435 -196822.23507533199
43.974343046553294 200567.91727992924 -197976.05739080696
43.974544618493439 201737.81082420252 -199138.35584152557
43.974746190433585 202916.28885568894 -200309.20528284681
43.974947762373731 204103.42719947401 -201488.68134259889
43.975149334313876 205299.30246369087 -202676.86043020332
43.975350906254022 206503.99204877872 -203873.81974592057
43.975552478194167 207717.57415686472 -205079.63729021882
43.975754050134313 208940.12780127095 -206294.39187326792
43.975955622074459 210171.73281614846 -207518.16312456003
43.976157194014604 211412.46986624034 -208751.03150265926
43.97635876595475 212662.42045677549 -209993.07830508199
43.976560337894895 213921.66694349537 -211244.38567830977
43.976761909835041 215190.29254281535 -212505.0366279369
43.976963481775194 216468.38134212309 -213775.11502895475
43.977165053715339 217756.01831021553 -215054.70563617474
43.977366625655485 219053.28930787707 -216343.89409479202
43.97756819759563 220360.28109860062 -217642.76695109226
43.977769769535776 221677.08135945396 -218951.4116633033
43.977971341475921 223003.77869209347 -220269.91661259424
43.978172913416067 224340.46263392753 -221598.37111422382
43.978374485356213 225687.2236694317 -222936.86542884063
43.978576057296358 227044.15324161827 -224285.49077393737
43.978777629236504 228411.34376366221 -225644.33933546141
43.978979201176649 229788.88863068598 -227013.50427958413
43.979180773116795 231176.88223170576 -228393.07976463143
43.979382345056941 232575.41996174151 -229783.16095317784
43.979583916997086 233984.59823409317 -231183.84402430672
43.979785488937232 235404.51449278576 -232595.2261860391
43.979987060877377 236835.26722518587 -234017.40568793385
43.98018863281753 238276.95597479219 -235450.48183386156
43.980390204757676 239729.68135420274 -236894.55499495511
43.980591776697821 241193.54505826149 -238349.72662273928
43.980793348637967 242668.64987738724 -239816.09926244261
43.980994920578112 244155.09971108745 -241293.77656649376
43.981196492518258 245652.99958165979 -242782.86330820588
43.981398064458403 247162.45564808481 -244283.46539565126
43.981599636398549 248683.57522011184 -245795.68988572966
43.981801208338695 250216.46677254201 -247319.6449984331
43.98200278027884 251761.23995971086 -248855.44013131032
43.982204352218986 253318.00563017384 -250403.18587413372
43.982405924159131 254886.87584159794 -251962.99402377248
43.982607496099277 256467.96387586248 -253534.9775992744
43.982809068039423 258061.38425437253 -255119.25085716028
43.983010639979568 259667.2527535882 -256715.92930693395
43.983212211919714 261285.68642077307 -258325.12972681122
43.983413783859866 262916.80358996551 -259946.97017967148
43.983615355800012 264560.72389817605 -261581.57002923518
43.983816927740158 266217.56830181455 -263229.04995647096
43.984018499680303 267887.45909335092 -264889.53197623574
43.984220071620449 269570.51991821267 -266563.13945415203
43.984421643560594 271266.87579192349 -268249.9971237256
43.98462321550074 272976.65311748657 -269950.23110370751
43.984824787440886 274699.97970301617 -271663.96891570487
43.985026359381031 276436.98477962211 -273391.33950204332
43.985227931321177 278187.79901955044 -275132.47324388637
43.985429503261322 279952.55455458484 -276887.50197961467
43.985631075201468 281731.38499471301 -278656.55902347004
43.985832647141613 283524.42544706183 -280439.77918446838
43.986034219081759 285331.81253510615 -282237.29878558539
43.986235791021905 287153.684418155 -284049.25568322017
43.98643736296205 288990.18081112026 -285875.78928694047
43.986638934902203 290841.44300457212 -287717.04057951452
43.986840506842348 292707.61388508574 -289573.15213723405
43.987042078782494 294588.83795588423 -291444.2681505332
43.98724365072264 296485.26135778229 -293330.53444490797
43.987445222662785 298397.03189043596 -295232.09850214113
43.987646794602931 300324.29903390288 -297149.10948183778
43.987848366543076 302267.2139705185 -299081.71824327618
43.988049938483222 304225.92960709304 -301030.07736757974
43.988251510423368 306200.60059743503 -302994.34118021425
43.988453082363513 308191.38336520601 -304974.66577381699
43.988654654303659 310198.43612711254 -306971.20903136214
43.988856226243804 312221.91891644034 -308984.13064966857
43.98905779818395 314261.99360693694 -311013.59216325521
43.989259370124095 316318.82393704803 -313059.75696855038
43.989460942064241 318392.57553451339 -315122.7903484602
43.989662514004387 320483.41594132868 -317202.85949730239
43.989864085944539 322591.51463907887 -319300.13354611141
43.990065657884685 324717.04307464941 -321414.78358832141
43.990267229824831 326860.17468632164 -323546.98270583246
43.990468801764976 329021.08493025863 -325696.9059954675
43.990670373705122 331199.95130738826 -327864.73059582559
43.990871945645267 333396.95339068962 -330050.63571453863
43.991073517585413 335612.27285289002 -332254.80265593808
43.991275089525558 337846.0934945792 -334477.41484913864
43.991476661465704 340098.60127274785 -336718.65787654574
43.99167823340585 342369.98432975746 -338978.71950279415
43.991879805345995 344660.43302274874 -341257.78970412473
43.992081377286141 346970.13995349623 -343556.06069820712
43.992282949226286 349299.29999871639 -345873.72697441513
43.992484521166432 351648.11034083704 -348210.98532456357
43.992686093106578 354016.7704992356 -350568.03487411333
43.992887665046723 356405.48236195452 -352945.07711385319
43.993089236986876 358814.45021790196 -355342.3159320663
43.993290808927021 361243.88078954548 -357759.95764718979
43.993492380867167 363693.9832661078 -360198.21104097564
43.993693952807313 366164.96933727287 -362657.2873921615
43.993895524747458 368657.05322741106 -365137.4005106602
43.994097096687604 371170.4517303321 -367638.76677227672
43.994298668627749 373705.38424457557 -370161.60515396215
43.994500240567895 376262.07280924718 -372706.13726961298
43.99470181250804 378840.74214041105 -375272.5874064262
43.994903384448186 381441.61966804723 -377861.18256181874
43.995104956388332 384064.9355735844 -380472.15248092194
43.995306528328477 386710.92282801738 -383105.72969466046
43.995508100268623 389379.81723062007 -385762.14955842594
43.995709672208768 392071.85744826379 -388441.6502913555
43.995911244148914 394787.28505535179 -391144.47301622614
43.99611281608906 397526.34457438043 -393870.86179997551
43.996314388029212 400289.28351713839 -396621.06369485951
43.996515959969358 403076.3524265546 -399395.32878025889
43.996717531909503 405887.80491920665 -402193.91020514537
43.996919103849649 408723.89772850095 -405017.06423121906
43.997120675789795 411584.89074853685 -407865.05027672945
43.99732224772994 414471.04707866634 -410738.13096099126
43.997523819670086 417382.63306876202 -413636.57214960811
43.997725391610231 420319.91836520546 -416560.64300041617
43.997926963550377 423283.17595760926 -419510.61601016065
43.998128535490522 426272.68222628505 -422486.7670619181
43.998330107430668 429288.71699047158 -425489.37547327764
43.998531679370814 432331.56355733587 -428518.72404529515
43.998733251310959 435401.50877176132 -431575.09911223373
43.998934823251105 438498.84306693671 -434658.79059210437
43.99913639519125 441623.86051576113 -437770.09203802195
43.999337967131396 444776.85888307844 -440909.30069039017
43.999539539071549 447958.13967875694 -444076.71752993116
43.999741111011694 451168.00821162923 -447272.64733157464
43.99994268295184 454406.7736443078 -450497.39871922176
44.000144254891985 457674.74904889194 -453751.28422140033
44.000345826832131 460972.25146358262 -457034.62032782688
44.000547398772277 464299.60195022123 -460347.72754689195
44.000748970712422 467657.12565276952 -463690.93046408595
44.000950542652568 471045.15185674734 -467064.55780138227
44.001152114592713 474464.01404964604 -470468.94247759524
44.001353686532859 477914.0499823353 -473904.42166973057
44.001555258473005 481395.60173148144 -477371.33687534707
44.00175683041315 484909.01576299552 -480870.03397594707
44.001958402353296 488454.6429965311 -484400.86330141564
44.002159974293441 492032.83887104964 -487964.17969552724
44.002361546233587 495643.96341147437 -491560.34258253954
44.002563118173732 499288.38129645213 -495189.71603489458
44.002764690113885 502966.4619272438 -498852.66884204786
44.002966262054031 506678.57949776429 -502549.57458044623
44.003167833994176 510425.11306579353 -506280.81168467575
44.003369405934322 514206.44662538008 -510046.76351980143
44.003570977874467 518022.9691804598 -513847.8184549213
44.003772549814613 521875.07481971191 -517684.36993795703
44.003974121754759 525763.16279267601 -521556.81657170452
44.004175693694904 529687.63758715382 -525465.5621911682
44.00437726563505 533648.90900791879 -529411.015942203
44.004578837575195 537647.39225675957 -533393.5923614885
44.004780409515341 541683.50801388163 -537413.71145786042
44.004981981455487 545757.6825206927 -541471.79879502556
44.005183553395632 549870.3476639986 -545568.28557568591
44.005385125335778 554021.94106163597 -549703.60872709821
44.005586697275923 558212.90614956908 -553878.21098809771
44.005788269216069 562443.69227047928 -558092.54099761217
44.005989841156222 566714.75476387446 -562347.05338469613
44.006191413096367 571026.5550577481 -566642.2088601134
44.006392985036513 575379.56076181843 -570978.47430949798
44.006594556976658 579774.24576237623 -575356.32288812357
44.006796128916804 584211.09031877364 -579776.23411731247
44.00699770085695 588690.58116158529 -584238.6939825156
44.007199272797095 593213.21159247332 -588744.19503309589
44.007400844737241 597779.48158579017 -593293.23648384772
44.007602416677386 602389.89789195196 -597886.32431828638
44.007803988617532 607044.97414261778 -602523.97139374155
44.008005560557677 611745.23095770902 -607206.69754829037
44.008207132497823 616491.19605430495 -611935.02970956545
44.008408704437969 621283.40435745148 -616709.50200547476
44.008610276378114 626122.39811292035 -621530.6558768705
44.00881184831826 631008.72700195666 -626399.04019220546
44.009013420258405 635942.94825805409 -631315.21136421547
44.009214992198558 640925.62678579765 -636279.73346866865
44.009416564138704 645957.3352818148 -641293.17836522113
44.009618136078849 651038.6543578764 -646356.12582042138
44.009819708018995 656170.17266618996 -651469.16363290604
44.01002127995914 661352.48702692916 -656632.88776083
44.010222851899286 666586.2025580433 -661847.9024515755
44.010424423839432 671871.93280739302 -667114.8203737858
44.010625995779577 677210.29988725763 -672434.26275176939
44.010827567719723 682601.93461126264 -677806.85950232227
44.011029139659868 688047.47663377458 -683233.249374017
44.011230711600014 693547.57459181407 -688714.08008900785
44.011432283540159 699102.88624953653 -694250.008487402
44.011633855480305 704714.07864533318 -699841.70067425026
44.011835427420451 710381.82824160473 -705489.83216920798
44.012036999360596 716106.82107726217 -711195.08805892186
44.012238571300749 721889.7529230091 -716958.16315219726
44.012440143240894 727731.32943946391 -722779.76213800232
44.01264171518104 733632.26633817703 -728660.5997463672
44.012843287121186 739593.28954560508 -734601.400912237
44.013044859061331 745615.13537009992 -740602.90094233898
44.013246431001477 751698.55067197629 -746665.84568512591
44.013448002941622 757844.29303671955 -752790.99170385802
44.013649574881768 764053.13095139957 -758979.10645288951
44.013851146821914 770325.84398435568 -765230.96845722361
44.014052718762059 776663.22296822094 -771547.36749540607
44.014254290702205 783066.0701863548 -777929.10478582385
44.01445586264235 789535.19956275378 -784376.99317648157
44.014657434582496 796071.43685551453 -790891.85733832652
44.014859006522641 802675.61985392065 -797474.53396219714
44.015060578462787 809348.5985792313 -804125.8719594701
44.015262150402933 816091.23548924725 -810846.73266648303
44.015463722343085 822904.40568673436 -817637.99005281308
44.015665294283231 829788.99713178526 -824500.53093349095
44.015866866223377 836745.91085820214 -831435.25518523401
44.016068438163522 843776.06119398528 -838443.07596678333
44.016270010103668 850880.37598601449 -845524.91994343081
44.016471582043813 858059.79682901176 -852681.72751582542
44.016673153983959 865315.27929887606 -859914.45305314974
44.016874725924104 872647.79319048335 -867224.06513075868
44.01707629786425 880058.32276004739 -874611.54677237687
44.017277869804396 887547.86697213748 -882077.89569695096
44.017479441744541 895117.43975145463 -889624.12457025703
44.017681013684687 902768.07023946615 -897251.26126136468
44.017882585624832 910500.80305600516 -904960.34910406289
44.018084157564978 918316.69856594002 -912752.44716335356
44.018285729505124 926216.83315102453 -920628.63050712307
44.018487301445269 934202.29948704049 -928589.99048310367
44.018688873385422 942274.20682634716 -936637.6350012382
44.018890445325567 950433.6812859549 -944772.68882156792
44.019092017265713 958681.86614124465 -952996.293847761
44.019293589205859 967019.92212545429 -961309.60942640726
44.019495161146004 975449.02773505985 -969713.81265220325
44.01969673308615 983970.37954117998 -978210.09867915837
44.019898305026295 992585.19250713545 -986799.68103795266
44.020099876966441 1001294.7003123008 -995483.79195958376
44.020301448906586 1010100.1556823849 -1004263.6827054396
44.020503020846732 1019002.8307262841 -1013140.6239039408
44.020704592786878 1028004.0172796533 -1022115.9058938966
44.020906164727023 1037105.0272553437 -1031190.8390747254
44.021107736667169 1046307.1930008598 -1040366.7542636911
44.021309308607314 1055611.8676629937 -1049645.0030603125
44.02151088054746 1065020.4255597957 -1059026.9582181056
44.021712452487606 1074534.2625600463 -1068514.0140238246
44.021914024427758 1084154.7964703976 -1078107.5866843676
44.022115596367904 1093883.4674303571 -1087809.114721522
44.022317168308049 1103721.738315291 -1097620.0593747245
44.022518740248195 1113671.0951476279 -1107541.905012019
44.022720312188341 1123733.0475164489 -1117576.1595493953
44.022921884128486 1133909.129005654 -1127724.3548787027
44.023123456068632 1144200.8976309022 -1137988.0473043297
44.023325028008777 1154609.9362855218 -1148368.8179888537
44.023526599948923 1165137.8531956002 -1158868.2734078625
44.023728171889069 1175786.2823844596 -1169488.04581416
44.023929743829214 1186556.8841467381 -1180229.7937115713
44.02413131576936 1197451.3455322941 -1191095.2023385677
44.024332887709505 1208471.3808401627 -1202085.9841619388
44.024534459649651 1219618.7321227959 -1213203.8793807437
44.024736031589796 1230895.1697008256 -1224450.6564407805
44.024937603529942 1242302.4926885928 -1235828.1125598166
44.025139175470095 1253842.5295306952 -1247338.0742638342
44.02534074741024 1265517.1385498098 -1258982.3979345441
44.025542319350386 1277328.2085060545 -1270762.9703684337
44.025743891290531 1289277.6591681587 -1282681.7093476204
44.025945463230677 1301367.441896722 -1294740.5642227861
44.026147035170823 1313599.5402398452 -1306941.5165084794
44.026348607110968 1325975.9705414255 -1319286.580491076
44.026550179051114 1338498.7825624158 -1331777.8038496992
44.026751750991259 1351170.0601153572 -1344417.2682904068
44.026953322931405 1363991.9217124989 -1357207.0901939587
44.027154894871551 1376966.5212278306 -1370149.4212774937
44.027356466811696 1390096.0485733587 -1383246.4492704421
44.027558038751842 1403382.7303899706 -1396500.3986050205
44.027759610691987 1416828.8307532335 -1409913.5311216558
44.027961182632133 1430436.6518944907 -1423488.1467897003
44.028162754572278 1444208.5349376227 -1437226.5844438036
44.028364326512431 1458146.8606518537 -1451131.2225363262
44.028565898452577 1472254.050220991 -1465204.4799061758
44.028767470392722 1486532.5660294981 -1479448.8165644736
44.028969042332868 1500984.9124658112 -1493866.7344974559
44.029170614273013 1515613.636743322 -1508460.7784870337
44.029372186213159 1530421.3297394556 -1523233.5369494425
44.029573758153305 1545410.6268532935 -1538187.6427924274
44.02977533009345 1560584.2088821924 -1553325.7742914192
44.029976902033596 1575944.8029178726 -1568650.6559851693
44.030178473973741 1591495.1832624527 -1584165.0595913269
44.030380045913887 1607238.1723649311 -1599871.8049424498
44.030581617854033 1623176.6417786158 -1615773.7609429616
44.030783189794178 1639313.5131400304 -1631873.8465475722
44.030984761734324 1655651.75916983 -1648175.0317617012
44.031186333674469 1672194.4046962783 -1664680.3386644544
44.031387905614615 1688944.5277018535 -1681392.8424547196
44.031589477554768 1705905.2603935644 -1698315.6725209637
44.031791049494913 1723079.7902975748 -1715452.0135353301
44.031992621435059 1740471.3613787531 -1732805.1065726492
44.032194193375204 1758083.2751857755 -1750378.2502549971
44.03239576531535 1775918.8920224381 -1768174.8019224491
44.032597337255496 1793981.63214584 -1786198.1788306984
44.032798909195641 1812274.9769921291 -1804451.8593762231
44.033000481135787 1830802.4704305141 -1822939.3843497133
44.033202053075932 1849567.7200462697 -1841664.3582184785
44.033403625016078 1868574.3984534822 -1860630.4504385844
44.033605196956223 1887826.2446383026 -1879841.3967974873
44.033806768896369 1907327.0653334975 -1899301.000787955
44.034008340836515 1927080.7364251108 -1919013.1350140865
44.03420991277666 1947091.20439207 -1938981.7426302654
44.034411484716806 1967362.4877795991 -1959210.838813907
44.034613056656951 1987898.6787073212 -1979704.5122728839
44.034814628597104 2008703.94441296 -2000466.9267885373
44.03501620053725 2029782.5288325783 -2021502.3227952134
44.035217772477395 2051138.7542183152 -2042815.018997285
44.035419344417541 2072777.0227946141 -2064409.4140246515
44.035620916357686 2094701.818453962 -2086289.988127735
44.035822488297832 2116917.7084931899 -2108461.3049130258
44.036024060237978 2139429.3453914146 -2130928.0131202536
44.036225632178123 2162241.4686307367 -2153694.8484423012
44.036427204118269 2185358.9065608364 -2176766.6353890025
44.036628776058414 2208786.5783086517 -2200148.2891960056
44.03683034799856 2232529.4957343489 -2223844.817779914
44.037031919938705 2256592.765434837 -2247861.3237409564
44.037233491878851 2280981.5907961135 -2272203.0064144726
44.037435063818997 2305701.2740957704 -2296875.1639725403
44.037636635759142 2330757.2186570209 -2321883.1955771097
44.037838207699288 2356154.931055658 -2347232.6035860502
44.03803977963944 2381900.023381392 -2372928.9958135602
44.038241351579586 2407998.2155550621 -2398978.0878464319
44.038442923519732 2434455.3377032555 -2425385.7054177076
44.038644495459877 2461277.3325919257 -2452157.7868393119
44.038846067400023 2488470.2581206355 -2479300.3854952971
44.039047639340168 2516040.2898791144 -2506819.6723973765
44.039249211280314 2543993.7237678617 -2534721.9388044868
44.03945078322046 2572336.9786845823 -2563013.5989081622
44.039652355160605 2601076.5992782991 -2591701.192585567
44.039853927100751 2630219.2587730438 -2620791.3882220797
44.040055499040896 2659771.7618630799 -2650290.9856053926
44.040257070981042 2689741.0476816818 -2680206.918893144
44.040458642921188 2720134.1928455499 -2710546.2596561625
44.040660214861333 2750958.4145770092 -2741316.2199994726
44.040861786801479 2782221.0739062061 -2772524.1557632769
44.041063358741624 2813929.678955589 -2804177.5698061916
44.041264930681777 2846091.8883090252 -2836284.1153731011
44.041466502621923 2878715.5144679882 -2868851.5995500521
44.041668074562068 2911808.5273973197 -2901887.9868087
44.041869646502214 2945379.0581631572 -2935401.4026428908
44.042071218442359 2979435.4026656928 -2969400.1373000508
44.042272790382505 3013986.0254695197 -3003892.6496101329
44.04247436232265 3049039.5637344099 -3038887.5709149688
44.042675934262796 3084604.8312494573 -3074393.7091009542
44.042877506202942 3120690.8225736152 -3110420.0527381017
44.043079078143087 3157306.7172857546 -3146975.7753285812
44.043280650083233 3194461.8843474728 -3184070.2396679819
44.043482222023378 3232165.8865819853 -3221713.002322624
44.043683793963524 3270428.485272543 -3259913.8182263635
44.04388536590367 3309259.6448839284 -3298682.6454004426
44.044086937843815 3348669.537910705 -3338029.6498000599
44.044288509783961 3388668.5498560094 -3377965.2102914462
44.044490081724113 3429267.2843448049 -3418499.9237633664
44.044691653664259 3470476.5683756429 -3459644.6103770942
44.044893225604405 3512307.4577151132 -3501410.3189590378
44.04509479754455 3554771.2424393068 -3543808.3325403365
44.045296369484696 3597879.4526267531 -3586850.1740478948
44.045497941424841 3641643.8642074475 -3630547.6121514658
44.045699513364987 3686076.5049727382 -3674912.6672715535
44.045901085305132 3731189.6607510061 -3719957.6177530643
44.046102657245278 3776995.881754233 -3765695.006209801
44.046304229185424 3823507.9891007259 -3812137.6460450753
44.046505801125569 3870739.0815194538 -3859298.6281538792
44.046707373065715 3918702.5422416269 -3907191.3278122572
44.04690894500586 3967412.0460853497 -3955829.4117597016
44.047110516946006 4016881.5667393762 -4005226.8454806036
44.047312088886152 4067125.3842522055 -4055397.9006909905
44.047513660826297 4118158.0927329673 -4106357.1630370049
44.04771523276645 4169994.6082707765 -4158119.5400117976
44.047916804706595 4222650.1770794634 -4210700.2690977417
44.048118376646741 4276140.383874828 -4264114.9261411196
44.048319948586887 4330481.1604918232 -4318379.433966673
44.048521520527032 4385688.7947493177 -4373510.0712396828
44.048723092467178 4441779.9395703748 -4429523.4815835012
44.048924664407323 4498771.622366257 -4486436.6829607468
44.049126236347469 4556681.2546926523 -4544267.0773266591
44.049327808287615 4615526.6421869267 -4603032.4605634175
44.04952938022776 4675325.9947955254 -4662751.0327045377
44.049730952167906 4736097.9373009577 -4723441.4084587879
44.049932524108051 4797861.5201581586 -4785122.6280434048
44.050134096048197 4860636.2306503495 -4847814.1683367481
44.050335667988342 4924442.0043749129 -4911535.9543608865
44.050537239928488 4989299.23707016 -4976308.3711050004
44.050738811868634 5055228.7967942618 -5042152.2757008784
44.050940383808786 5122252.0364680458 -5109089.0099621927
44.051141955748932 5190390.8067937754 -5177140.4132996751
44.051343527689077 5259667.4695624681 -5246328.8360247565
44.051545099629223 5330104.9113627914 -5316677.1530546853
44.051746671569369 5401726.5577050429 -5388208.7780326512
44.051948243509514 5474556.3875742191 -5460947.6778769046
44.05214981544966 5548618.9484267225 -5534918.3877734169
44.052351387389805 5623939.3716457682 -5610146.0266271485
44.052552959329951 5700543.3884711443 -5686656.3129875725
44.052754531270097 5778457.3464195523 -5764475.5814646725
44.052956103210242 5857708.2262123711 -5843630.7996522672
44.053157675150388 5938323.6592283379 -5924149.5855761385
44.053359247090533 6020331.9454992786 -6006060.225685101
44.053560819030679 6103762.0722677419 -6089391.693403868
44.053762390970824 6188643.7331260927 -6174173.668267251
44.05396396291097 6275007.3477573805 -6260436.5556560233
44.054165534851123 6362884.0822990816 -6348211.507155532
44.054367106791268 6452305.8703516265 -6437530.4415589683
44.054568678731414 6543305.4346544817 -6528426.0665380629
44.054770250671559 6635916.3094534324 -6620931.9010048527
44.054971822611705 6730172.8635836495 -6715082.2981890887
44.055173394551851 6826110.32429408 -6810912.4694568347
44.055374966491996 6923764.8018397111 -6908458.5088967849
44.055576538432142 7023173.3148693042 -7007757.4187019104
44.055778110372287 7124373.8166372934 -7108847.1353751151
44.055979682312433 7227405.2220696816 -7211766.5567887304
44.056181254252579 7332307.4357149713 -7316555.5701288804
44.056382826192724 7439121.3806123864 -7423255.0807569781
44.05658439813287 7547889.0281109773 -7531907.0420219237
44.056785970073015 7658653.4286745191 -7642554.4860579269
44.056987542013161 7771458.7437085612 -7755241.5556042949
44.057189113953307 7886350.2784474492 -7870013.5368850064
44.057390685893459 8003374.5159406848 -7986916.89358743
44.057592257833605 8122579.1521796146 -8105999.3019811716
44.05779382977375 8244013.1324071167 -8227309.6872197194
44.057995401713896 8367726.688654718 -8350898.2608693056
44.058196973654042 8493771.3785534259 -8476816.5597112607
44.058398545594187 8622200.1254664678 -8605117.4858660679
44.058600117534333 8753067.2599941753 -8735855.3482893091
44.058801689474478 8886428.562903313 -8869085.905691836
44.059003261414624 9022341.3095354047 -9004866.4109386876
44.059204833354769 9160864.3157508709 -9143255.6569835674
44.059406405294915 9302057.9854682405 -9284314.024398135
44.059607977235061 9445984.359860193 -9428103.5305578578
44.059809549175206 9592707.1682708412 -9574687.8805488329
44.060011121115352 9742291.8809214402 -9724132.5198627431
44.060212693055497 9894805.763474578 -9876504.6889500059
44.060414264995643 10050317.933529967 -10031873.47970422
44.060615836935796 10208899.419128101 -10190309.893954165
44.060817408875941 10370623.219341386 -10351886.90404295
44.061018980816087 10535564.367035838 -10516679.515577398
44.061220552756232 10703799.993890084 -10684764.832434397
44.061422124696378 10875409.397762248 -10856222.124114763
44.061623696636524 11050474.112499284 -11031132.895539209
44.061825268576669 11229077.980287576 -11209580.959385194
44.062026840516815 11411307.226648001 -11391652.511067824
44.06222841245696 11597250.538183272 -11577436.206472678
44.062429984397106 11786999.143190283 -11767023.242553178
44.062631556337251 11980646.895255236 -11960507.440910324
44.062833128277397 12178290.359954664 -12157985.334477898
44.063034700217543 12380028.904791141 -12359556.257441878
44.063236272157688 12585964.792498302 -12565322.438528698
44.063437844097834 12796203.277856017 -12775389.097803172
44.063639416037987 13010852.70816307 -12989864.547123417
44.063840987978132 13230024.627521511 -13208860.294406934
44.064042559918278 13453833.885094037 -13432491.151869165
44.064244131858423 13682398.747503297 -13660875.348403435
44.064445703798569 13915841.015549965 -13894134.646279069
44.064647275738714 14154286.145434739 -14132394.462342842
44.06484884767886 14397863.374678217 -14375783.993917696
44.065050419619006 14646705.852941813 -14624436.349601861
44.065251991559151 14900950.777962599 -14878488.685181227
44.065453563499297 15160739.53682515 -15138082.344878046
44.065655135439442 15426217.852804245 -15403363.008169793
44.065856707379588 15697535.93802359 -15674480.842423296
44.066058279319734 15974848.652187636 -15951590.661601219
44.066259851259879 16258315.66765615 -16234852.091310507
44.066461423200025 16548101.64114438 -16524429.740475623
44.06666299514017 16844376.392345659 -16820493.379933368
44.066864567080323 17147315.089787908 -17123218.128260735
44.067066139020469 17457098.444251046 -17432784.64516278
44.067267710960614 17773912.910088625 -17749379.332763761
44.06746928290076 18097950.894814231 -18073194.545162097
44.067670854840905 18429410.97733137 -18404428.806627776
44.067872426781051 18768498.135204732 -18743287.038840149
44.068073998721196 19115423.98139099 -19089980.797584116
44.068275570661342 19470407.010868609 -19444728.519344263
44.068477142601488 19833672.857628778 -19807755.77825892
44.068678714541633 20205454.562513351 -20179295.553920053
44.068880286481779 20585992.85241092 -20559588.510529999
44.069081858421924 20975536.431348696 -20948883.287952758
44.06928343036207 21374342.284046099 -21347436.805225618
44.069485002302216 21782675.992525619 -21755514.577126663
44.069686574242361 22200812.06640802 -22173391.044425175
44.069888146182507 22629034.287552245 -22601349.918475226
44.070089718122659 23067636.069735587 -23039684.540847965
44.070291290062805 23516920.834106952 -23488698.258735403
44.070492862002951 23977202.401185602 -23948704.816897951
44.070694433943096 24448805.400219433 -24420028.766969755
44.070896005883242 24932065.696761247 -24903005.894980203
44.071097577823387 25427330.839368325 -25397983.667996846
44.071299149763533 25934960.526380401 -25905321.700844724
44.071500721703678 26455327.093783807 -26425392.243909828
44.071702293643824 26988816.025225535 -26958580.693090361
44.07190386558397 27535826.485300276 -27505286.123018719
44.072105437524115 28096771.877296433 -28065921.844740178
44.072307009464261 28672080.426653948 -28640915.989100974
44.072508581404406 29262195.791457739 -29230712.117169481
44.072710153344552 29867577.701365866 -29835769.859089546
44.072911725284698 30488702.626451679 -30456565.582845058
44.073113297224843 31126064.477524217 -31093593.094499968
44.073314869164996 31780175.339581609 -31747364.371568359
44.073516441105141 32451566.240148451 -32418410.331265431
44.073718013045287 33140787.954350401 -33107281.635492489
44.073919584985433 33848411.848688155 -33814549.534518018
44.074121156925578 34575030.76558888 -34540806.751432687
44.074322728865724 35321259.950936511 -35286668.409579657
44.074524300805869 36087738.026913859 -36052773.005292855
44.074725872746015 36875128.012629472 -36839783.428416111
44.074927444686161 37684118.395151466 -37648388.033225112
44.075129016626306 38515424.253729753 -38479301.762533471
44.075330588566452 39369788.440157793 -39333267.327933826
44.075532160506597 40247982.818406135 -40211056.449306056
44.075733732446743 41150809.566853352 -41113471.156917982
44.075935304386888 42079102.546646409 -42041345.159650378
44.076136876327034 43033728.739942811 -42995545.283098452
44.07633844826718 44015589.762022719 -43976972.981537648
44.076540020207332 45025623.451510653 -44986565.927993253
44.076741592147478 46064805.54321596 -46025299.686922625
44.076943164087623 47134151.428388983 -47094189.474306695
44.077144736027769 48234718.007498123 -48194292.010255747
44.077346307967915 49367605.640962891 -49326707.469564125
44.07754787990806 50533960.20363126 -50492581.536001921
44.077749451848206 51734975.249168135 -51693107.566510119
44.077951023788351 52971894.290927455 -52929528.87187127
44.078152595728497 54246013.206315249 -54203141.120862775
44.078354167668643 55558682.772117615 -55515294.875366174
44.078555739608788 56911311.338768043 -56867398.264406569
44.078757311548934 58305367.652066037 -58260919.805633619
44.078958883489079 59742383.831435978 -59697391.383332543
44.079160455429225 61223958.51443541 -61178411.392673925
44.07936202736937 62751760.177888453 -62705648.060577333
44.079563599309516 64327530.646736711 -64280842.954280756
44.079765171249669 65953088.802471325 -65905814.689478703
44.079966743189814 67630334.503839701 -67582462.850722015
44.08016831512996 69361252.733414173 -69312772.137666002
44.080369887070106 71147917.984572798 -71098816.751716211
44.080571459010251 72992498.90448007 -72942765.038659185
44.080773030950397 74897263.209774524 -74846884.40398404
44.080974602890542 76864582.892877117 -76813546.518808261
44.081176174830688 78896939.738137633 -78845232.835623816
44.081377746770833 80996931.168443173 -80944540.434486866
44.081579318710979 83167276.444433078 -83114188.221794382
44.081780890651125 85410823.240108088 -85357023.505434483
44.08198246259127 87730554.620398521 -87676028.971874028
44.082184034531416 90129596.448179469 -90074330.092670485
44.082385606471561 92611225.250302866 -92555202.98997651
44.082587178411707 95178876.574471578 -95122082.792861074
44.082788750351853 97836153.871224746 -97778572.518715128
44.082990322292005 100586837.93795395 -100528452.51665968
44.083191894232151 103434896.96474519 -103375690.51274975
44.083393466172296 106384497.22496314 -106324452.29988895
44.083595038112442 109440014.4568851 -109379113.11876048
44.083796610052588 112606045.98637667 -112544269.77976429
44.083998181992733 115887423.64460847 -115824753.57995801
44.084199753932879 119289227.53917319 -119225644.07335857
44.084401325873024 122816800.74170956 -122752283.75770898
44.08460289781317 126475764.96031108 -126410293.7459853
44.084804469753315 130272037.27063408 -130205590.49655597
44.085006041693461 134211847.98576899 -134144403.68205459
44.085207613633607 138301759.75164944 -138233295.28373763
44.085409185573752 142548687.9621028 -142479180.00542736
44.085610757513898 146959922.59565574 -146889347.10915035
44.085812329454043 151543151.58496812 -151471483.78334129
44.086013901394189 156306485.83935362 -156233700.16406593
44.086215473334342 161258486.05134147 -161184556.14021412
44.086417045274487 166408191.42973822 -166333090.08511677
44.086618617214633 171765150.51425993 -171688849.66965258
44.086820189154778 177339454.2406477 -177261924.92575213
44.087021761094924 183141771.44037983 -183062983.74440685
44.08722333303507 189183386.97579899 -189103310.00899583
44.087424904975215 195476242.72984555 -195394844.58311442
44.087626476915361 202032981.68980852 -201950229.39230978
44.087828048855506 208866995.3867805 -208782854.86140218
44.088029620795652 215992474.97705492 -215906910.99362183
44.088231192735797 223424466.27879301 -223337442.40488088
44.088432764675943 231178929.10719717 -231090407.65640751
44.088634336616089 239272801.28447729 -239182743.2620185
44.088835908556234 247724067.7374492 -247632432.78285885
44.08903748049638 256551835.13606742 -256458581.46289918
44.089239052436525 265776412.57101965 -265681496.90330532
44.089440624376678 275419398.8182143 -275322776.32349801
44.089642196316824 285503776.79316074 -285405401.01188761
44.089843768256969 296054015.85952091 -295953838.63054663
44.090045340197115 307096182.72425133 -306994154.10622144
44.09024691213726 318658061.72759038 -318554129.91592002
44.090448484077406 330769285.420627 -330663396.65979093
44.090650056017552 343461476.41739249 -343353574.9082132
44.090851627957697 356768401.6135813 -356658429.41517967
44.091053199897843 370726139.98150057 -370614036.90754688
44.091254771837988 385373265.28227925 -385258968.79115397
44.091456343778134 400751045.18352699 -400634490.26197082
44.09165791571828 416903658.43558711 -416784777.47538471
44.091859487658425 433878431.94463247 -433757154.61183906
44.092061059598571 451726099.78879821 -451602352.8849771
44.092262631538716 470501086.45741928 -470374793.77231538
44.092464203478862 490261816.85678017 -490132899.01180637
44.092665775419015 511071055.92265224 -510939430.20451301
44.09286734735916 532996281.01497662 -532861861.19869655
44.093068919299306 556110090.64871085 -555972786.80927205
44.093270491239451 580490653.54332542 -580350371.85504925
44.093472063179597 606222202.45888281 -606078844.98161578
44.093673635119742 633395577.83733261 -633249042.28841197
44.093875207059888 662108826.89327013 -661959006.40415382
44.094076779000034 692467864.5100497 -692314647.36639404
44.094278350940179 724587203.10779929 -724430472.47165537
44.094479922880325 758590759.57468116 -758430393.18735826
44.09468149482047 794612748.40922356 -794448618.2732321
44.094883066760616 832798671.43037653 -832630643.46871126
44.095084638700762 873306415.79707193 -873134349.48792911
44.095286210640907 916307473.66883492 -916131221.65367258
44.095487782581053 961988298.66644049 -961807706.32908368
44.095689354521198 1010551816.3958167 -1010366721.4100815
44.095890926461351 1062219108.7252405 -1062029340.5682948
44.096092498401497 1117231294.3097405 -1117036673.7381353
44.096294070341642 1175851631.1017437 -1175651969.586731
44.096495642281788 1238367870.3495984 -1238162969.4679964
44.096697214221933 1305094895.9563191 -1304884546.7327883
44.096898786162079 1376377688.1575379 -1376161670.3536851
44.097100358102225 1452594656.4092155 -1452372737.7544415
44.09730193004237 1534161393.3060768 -1533933328.6645238
44.097503501982516 1621534909.4659705 -1621300439.9332852
44.097705073922661 1715218418.8356009 -1714977270.7585185
44.097906645862807 1815766755.0671158 -1815518638.9780617
44.098108217802952 1923792512.8062429 -1923537122.2642291
44.098309789743098 2039973023.313098 -2039710033.6411572
44.098511361683244 2165058292.2823625 -2164787359.1905847
44.098712933623389 2299880049.61971 -2299600807.701602
44.098914505563535 2445362086.9739585 -2445074148.0623183
44.099116077503687 2602532089.8868833 -2602235041.2536359
44.099317649443833 2772535208.5696754 -2772228610.9521132
44.099519221383979 2956649655.8594089 -2956333041.2929912
44.099720793324124 3156304674.4732876 -3155977543.9085116
44.09992236526427 3373101280.2752357 -3372763100.9530549
44.100123937204415 3608836266.4035587 -3608486468.9603224
44.100325509144561 3865530047.9068289 -3865168023.175652
44.100527081084707 4145459041.9181232 -4145084137.3888936
44.100728653024852 4451193419.2960224 -4450804935.1907692
44.100930224964998 4785641236.3013926 -4785238421.2153625
44.101131796905143 5152100167.1567287 -5151682213.2080536
44.101333368845289 5554318320.2979317 -5553884357.7200127
44.101534940785434 5996565945.6273069 -5996115036.7277641
44.10173651272558 6483720243.6091452 -6483251376.0070429
44.101938084665726 7021365990.8967857 -7020878069.9354982
44.102139656605871 7615915328.9314699 -7615407169.1475315
44.102341228546024 8274750857.5313377 -8274221173.039341
44.102542800486169 9006397181.9374371 -9005844575.5668335
44.102744372426315 9820727341.0042915 -9820150291.9949112
44.102945944366461 10729212178.149002 -10728609028.177162
44.103147516306606 11745222814.357737 -11744591751.622595
44.103349088246752 12884399090.016785 -12883738131.065372
44.103550660186897 14165100356.371729 -14164407325.278702
44.103752232127043 15608959584.888285 -15608232089.33007
44.103953804067189 17241567788.15284 -17240803191.821995
44.104155376007334 19093323710.459724 -19092519101.14933
44.10435694794748 21200494344.454197 -21199646496.998135
44.104558519887625 23606546032.191471 -23605651365.266609
44.104760091827771 26363825080.653938 -26362879606.224609
44.104961663767916 29535692903.272968 -29534692167.173031
44.105163235708062 33199256471.128906 -33198195482.914482
44.105364807648208 37448884344.47229 -37447757494.214912
44.10556637958836 42400767639.768845 -42399568598.861893
44.105767951528506 48198882661.671402 -48197604263.948097
44.105969523468652 55022850582.235909 -55021484680.684326
44.106171095408797 63098389125.732697 -63096926418.757309
44.106372667348943 72711341807.876511 -72709771627.278732
44.106574239289088 84226698605.818771 -84225008656.282257
44.106775811229234 98114661602.742676 -98112837639.371368
44.106977383169379 114986777914.29172 -114984803340.30916
44.107178955109525 135646651602.67828 -135644506963.23782
44.107380527049671 161162073469.76727 -161159735809.17261
44.107582098989816 192969107894.39731 -192966549931.71829
44.107783670929962 233024671654.68988 -233021860714.97025
44.107985242870107 284034056520.01843 -284030953132.16846
