# serie phase 2 p5_w2.80_c1.20_dt2_k4 : t x1 x2 (dt2=0.00016816819849907813, depart t=5.5979999999999999 etat bascule x1 x2 v1 v2 = 3730.1259022513646 -3589.0026604081604 90296.534367174987 -88897.249449732437)
5.5979999999999999 3730.1259022513646 -3589.0026604081604
5.5981681681984989 3745.3519445789061 -3603.9930418995614
5.598336336396998 3760.6604270226317 -3619.0651703510366
5.5985045045954971 3776.0519026090406 -3634.2195958802245
5.5986726727939962 3791.5269287830238 -3649.4568730072551
5.5988408409924952 3807.0860674488113 -3664.7775606955915
5.5990090091909943 3822.7298850113516 -3680.1822223932991
5.5991771773894934 3838.4589524181274 -3695.671426074754
5.5993453455879925 3854.2738452014141 -3711.2457442827908
5.5995135137864915 3870.1751435209849 -3726.9057541712982
5.5996816819849906 3886.1634322072705 -3742.6520375482651
5.5998498501834897 3902.2393008049735 -3758.485180919286
5.6000180183819888 3918.4033436171508 -3774.4057755315257
5.6001861865804878 3934.6561597497607 -3790.4144174181556
5.6003543547789869 3950.9983531566877 -3806.5117074432615
5.600522522977486 3967.4305326852464 -3822.6982513472321
5.6006906911759851 3983.9533121221716 -3838.9746597926314
5.6008588593744841 4000.5673102401001 -3855.3415484105631
5.6010270275729832 4017.2731508445513 -3871.7995378475316
5.6011951957714823 4034.07146282141 -3888.3492538128057
5.6013633639699814 4050.9628801849208 -3904.9913271262908
5.6015315321684804 4067.9480421261974 -3921.7263937669177
5.6016997003669795 4085.0275930622538 -3938.5550949215499
5.6018678685654786 4102.2021826855662 -3955.4780770344209
5.6020360367639777 4119.4724660141655 -3972.4959918571044
5.6022042049624767 4136.8391034422766 -3989.6094964990243
5.6023723731609758 4154.3027607915019 -4006.8192534785135
5.6025405413594749 4171.8641093625592 -4024.1259307744231
5.602708709557974 4189.523825987585 -4041.5302018782954
5.602876877756473 4207.2825930830004 -4059.032745847102
5.6030450459549721 4225.1410987029558 -4076.6342473565555
5.6032132141534712 4243.1000365933587 -4094.3353967550042
5.6033813823519703 4261.1601062464852 -4112.136890117913
5.6035495505504693 4279.3220129561942 -4130.0394293029403
5.6037177187489684 4297.5864678737416 -4148.0437220056183
5.6038858869474675 4315.9541880642082 -4166.1504818156418
5.6040540551459666 4334.4258965635418 -4184.360428273777
5.6042222233444656 4353.0023224362312 -4202.6742869293903
5.6043903915429647 4371.6842008336107 -4221.0927893986172
5.6045585597414638 4390.4722730528065 -4239.6166734231665
5.6047267279399628 4409.3672865963354 -4258.2466829297728
5.6048948961384619 4428.3699952323568 -4276.9835680903088
5.605063064336961 4447.4811590555946 -4295.8280853825627
5.6052312325354601 4466.7015445489324 -4314.7809976516819
5.6053994007339591 4486.0319246456884 -4333.8430741723068
5.6055675689324582 4505.4730787925855 -4353.0150907113875
5.6057357371309573 4525.0257930134176 -4372.2978295917037
5.6059039053294564 4544.690859973427 -4391.692079756087
5.6060720735279554 4564.4690790443965 -4411.1986368323642
5.6062402417264545 4584.3612563704673 -4430.8183031990193
5.6064084099249536 4604.3682049346971 -4450.5518880515965
5.6065765781234527 4624.490744626356 -4470.4002074698392
5.6067447463219517 4644.7297023089786 -4490.3640844855881
5.6069129145204508 4665.0859118891822 -4510.4443491514357
5.6070810827189499 4685.5602143862534 -4530.6418386101541
5.607249250917449 4706.1534580025209 -4550.9573971649052
5.607417419115948 4726.8664981945167 -4571.3918763502425
5.6075855873144471 4747.7001977449436 -4591.9461350039091
5.6077537555129462 4768.6554268354548 -4612.6210393394531
5.6079219237114453 4789.733063120254 -4633.4174630196603
5.6080900919099443 4810.9339918005289 -4654.3362872308207
5.6082582601084434 4832.2591056997326 -4675.3784007578361
5.6084264283069425 4853.7093053397157 -4696.5447000601807
5.6085945965054416 4875.2854990177229 -4717.8360893487297
5.6087627647039406 4896.988602884272 -4739.2534806634567
5.6089309329024397 4918.8195410219141 -4760.7977939520215
5.6090991011009388 4940.7792455248973 -4782.4699571492538
5.6092672692994379 4962.8686565797389 -4804.2709062575486
5.6094354374979369 4985.0887225467195 -4826.2015854281772
5.609603605696436 5007.4404000423137 -4848.2629470435359
5.6097717738949351 5029.9246540225649 -4870.4559518003371
5.6099399420934342 5052.5424578674174 -4892.7815687937555
5.6101081102919332 5075.2947934660215 -4915.2407756025459
5.6102762784904323 5098.1826513030228 -4937.8345583751425
5.6104444466889314 5121.2070305458419 -4960.5639119167508
5.6106126148874305 5144.368939132969 -4983.4298397774464
5.6107807830859295 5167.669393863277 -5006.4333543412968
5.6109489512844286 5191.1094204863721 -5029.5754769165123
5.6111171194829277 5214.6900537939882 -5052.8572378266499
5.6112852876814268 5238.4123377124497 -5076.2796765028706
5.6114534558799258 5262.2773253962068 -5099.8438415772771
5.6116216240784249 5286.2860793224627 -5123.5507909773351
5.611789792276924 5310.439671386901 -5147.4015920214006
5.6119579604754231 5334.7391830005399 -5171.3973215153637
5.6121261286739221 5359.1857051877114 -5195.539065850423
5.6122942968724212 5383.7803386851938 -5219.8279211020053
5.6124624650709203 5408.5241940425085 -5244.264993129852
5.6126306332694194 5433.4183917233904 -5268.8513976792756
5.6127988014679184 5458.4640622084598 -5293.5882604836152
5.6129669696664175 5483.6623460990986 -5318.4767173678956
5.6131351378649166 5509.0143942225541 -5343.5179143537116
5.6133033060634157 5534.5213677382872 -5368.7130077653555
5.6134714742619147 5560.1844382455793 -5394.0631643371971
5.6136396424604138 5586.0047878924106 -5419.5695613223406
5.6138078106589129 5611.9836094856355 -5445.233386602571
5.613975978857412 5638.1221066024664 -5471.055838799607
5.614144147055911 5664.4214937032848 -5497.038127387681
5.6143123152544101 5690.8829962457958 -5523.1814728074605
5.6144804834529092 5717.5078508005472 -5549.4871065813313
5.6146486516514083 5744.29730516783 -5575.9562714300591
5.6148168198499073 5771.2526184959779 -5602.5902213908485
5.6149849880484064 5798.3750614010851 -5629.3902219368183
5.6151531562469055 5825.6659160881609 -5656.3575500979141
5.6153213244454045 5853.1264764737443 -5683.493494583272
5.6154894926439036 5880.758048309991 -5710.7993559050601
5.6156576608424027 5908.5619493102613 -5738.2764465038126
5.6158258290409018 5936.539509276221 -5765.9260908752785
5.6159939972394008 5964.6920702264833 -5793.7496256988052
5.6161621654378999 5993.0209865268043 -5821.7483999672768
5.616330333636399 6021.5276250218621 -5849.9237751186356
5.6164985018348981 6050.2133651686354 -5878.277125168991
5.6166666700333971 6079.079599171404 -5906.8098368473602
5.6168348382318962 6108.1277321183952 -5935.5233097320424
5.6170030064303953 6137.3591821200962 -5964.4189563886648
5.6171711746288944 6166.7753804492595 -5993.4982025099098
5.6173393428273934 6196.3777716826171 -6022.762487056958
5.6175075110258925 6226.1678138443349 -6052.2132624026635
5.6176756792243916 6256.146978551229 -6081.8519944764867
5.6178438474228907 6286.316751159763 -6111.6801629112097
5.6180120156213897 6316.6786309148556 -6141.6992611914611
5.6181801838198888 6347.2341311005275 -6171.9107968040689
5.6183483520183879 6377.984779192403 -6202.3162913902734
5.618516520216887 6408.9321170120975 -6232.917280899821
5.618684688415386 6440.0777008835212 -6263.7153157469693
5.6188528566138851 6471.423101791117 -6294.711960968426
5.6190210248123842 6502.9699055400652 -6325.9087963832517
5.6191891930108842 6534.7197129184806 -6357.307416754752
5.6193573612093832 6566.6741398616323 -6388.9094319543856
5.6195255294078823 6598.834817618208 -6420.7164671277224
5.6196936976063814 6631.2033929186618 -6452.7301628624718
5.6198618658048805 6663.7815281456633 -6484.9521753586178
5.6200300340033795 6696.5709015066832 -6517.3841766006854
5.6201982022018786 6729.5732072087494 -6550.0278545321707
5.6203663704003777 6762.7901556353972 -6582.8849132321657
5.6205345385988768 6796.2234735258453 -6615.957073094206
5.6207027067973758 6829.8749041564333 -6649.2460710073738
5.6208708749958749 6863.746207524352 -6682.7536605396945
5.621039043194374 6897.8391605336928 -6716.4816121238446
5.621207211392873 6932.1555571838571 -6750.4317132452215
5.6213753795913721 6966.6972087603544 -6784.6057686323929
5.6215435477898712 7001.4659440280257 -6819.0056004499747
5.6217117159883703 7036.4636094267225 -6853.6330484939563
5.6218798841868693 7071.6920692694839 -6888.4899703895198
5.6220480523853684 7107.1532059432402 -6923.578241791387
5.6222162205838675 7142.8489201120801 -6958.8997565867248
5.6223843887823666 7178.7811309231274 -6994.4564271006529
5.6225525569808656 7214.9517762150481 -7030.2501843043829
5.6227207251793647 7251.3628127292432 -7066.2829780260381
5.6228888933778638 7288.0162163237537 -7102.5567771641799
5.6230570615763629 7324.9139821899216 -7139.0735699040888
5.6232252297748619 7362.0581250718469 -7175.8353639368379
5.623393397973361 7399.4506794886793 -7212.8441866811963
5.6235615661718601 7437.0936999597889 -7250.1020855084062
5.6237297343703592 7474.9892612328531 -7287.6111279698762
5.6238979025688582 7513.1394585149055 -7325.3734020278289
5.6240660707673573 7551.5464077063916 -7363.3910162889533
5.6242342389658564 7590.2122456382676 -7401.6661002410947
5.6244024071643555 7629.1391303121954 -7440.2008044930417
5.6245705753628545 7668.3292411438742 -7478.9973010174381
5.6247387435613536 7707.7847792095581 -7518.057783396881
5.6249069117598527 7747.5079674957988 -7557.3844670732424
5.6250750799583518 7787.5010511524733 -7596.9795896002652
5.6252432481568508 7827.7662977491327 -7636.845410899482
5.6254114163553499 7868.3059975347305 -7676.984213519504
5.625579584553849 7909.1224637007717 -7717.3983028987295
5.6257477527523481 7950.2180326479411 -7758.0900076315284
5.6259159209508471 7991.5950642562584 -7799.0616797379453
5.6260840891493462 8033.2559421588139 -7840.3156949369795
5.6262522573478453 8075.2030740191349 -7881.8544529234932
5.6264204255463444 8117.4388918122404 -7923.680377648805
5.6265885937448434 8159.9658521094407 -7965.7959176050144
5.6267567619433425 8202.7864363669287 -8008.2035461131272
5.6269249301418416 8245.9031512182337 -8050.9057616150239
5.6270930983403407 8289.3185287705819 -8093.9050879693432
5.6272612665388397 8333.0351269052317 -8137.2040747513256
5.6274294347373388 8377.0555295818394 -8180.8052975566852
5.6275976029358379 8421.3823471469132 -8224.7113583095725
5.627765771134337 8466.0182166464274 -8268.9248855746755
5.627933939332836 8510.9658021426458 -8313.4485348735434
5.6281021075313351 8556.2277950352327 -8358.2849890051803
5.6282702757298342 8601.8069143867015 -8403.4369583709758
5.6284384439283333 8647.705907252277 -8448.9071813040428
5.6286066121268323 8693.9275490142409 -8494.6984244030336
5.6287747803253314 8740.4746437208123 -8540.813482870486
5.6289429485238305 8787.3500244296556 -8587.2551808557891
5.6291111167223296 8834.5565535560654 -8634.0263718028273
5.6292792849208286 8882.0971232259162 -8681.129938802369
5.6294474531193277 8929.9746556334376 -8728.5687949492931
5.6296156213178268 8978.1921034038933 -8776.3458837047019
5.6297837895163259 9026.7524499612518 -8824.4641792630209
5.6299519577148249 9075.6587099008975 -8872.9266869241364
5.630120125913324 9124.9139293674907 -8921.736443470676
5.6302882941118231 9174.5211864380362 -8970.8965175504854
5.6304564623103222 9224.4835915102449 -9020.4100100644009
5.6306246305088212 9274.8042876962809 -9070.2800545593964
5.6307927987073203 9325.4864512219629 -9120.5098176271749
5.6309609669058194 9376.5332918315089 -9171.1024993083083
5.6311291351043185 9427.9480531979243 -9222.0613335019989
5.6312973033028175 9479.734013339099 -9273.3895883815567
5.6314654715013166 9531.894485039722 -9325.0905668156811
5.6316336396998157 9584.4328162790935 -9377.1676067956305
5.6318018078983147 9637.352390664928 -9429.6240818683855
5.6319699760968138 9690.6566278732535 -9482.4634015758911
5.6321381442953129 9744.3489840944821 -9535.6890119004711
5.632306312493812 9798.4329524857731 -9589.3043957165264
5.632474480692311 9852.9120636297703 -9643.3130732485934
5.6326426488908101 9907.7898859998222 -9697.718602535886
5.6328108170893092 9963.070026431782 -9752.524579903411
5.6329789852878083 10018.756130602507 -9807.7346404397686
5.6331471534863073 10074.851883515141 -9863.3524584817296
5.6333153216848064 10131.361009991304 -9919.3817481057231
5.6334834898833055 10188.287275170302 -9975.8262636263171
5.6336516580818046 10245.634485015449 -10032.689800101825
5.6338198262803036 10303.406486827642 -10089.976193847138
5.6339879944788027 10361.607169766285 -10147.689322953915
5.6341561626773018 10420.240465377685 -10205.83310781822
5.6343243308758009 10479.310348131048 -10264.411511675771
5.6344924990742999 10538.820835962193 -10323.428541144878
5.634660667272799 10598.775990825096 -10382.888246777216
5.6348288354712981 10659.179919251415 -10442.794723616571
5.6349970036697972 10720.036772918111 -10503.152111765658
5.6351651718682962 10781.350749223289 -10563.964596961174
5.6353333400667953 10843.126091870412 -10625.236411157193
5.6355015082652944 10905.367091461008 -10686.971833117064
5.6356696764637935 10968.07808609602 -10749.175189013924
5.6358378446622925 11031.263461985931 -10811.85085303999
5.6360060128607916 11094.927654069814 -10875.00324802477
5.6361741810592907 11159.07514664345 -10938.636846062314
5.6363423492577898 11223.710473996673 -11002.756169147702
5.6365105174562888 11288.838221060065 -11067.365789822865
5.6366786856547879 11354.463024061204 -11132.470331831943
5.636846853853287 11420.589571190572 -11198.074470786303
5.6370150220517861 11487.222603277314 -11264.182934839397
5.6371831902502851 11554.366914475007 -11330.800505371608
5.6373513584487842 11622.027352957593 -11397.932017685267
5.6375195266472833 11690.20882162566 -11465.582361709994
5.6376876948457824 11758.916278823233 -11533.756482718549
5.6378558630442814 11828.154739065263 -11602.459382053354
5.6380240312427805 11897.92927377597 -11671.696117863879
5.6381921994412796 11968.245012038251 -11741.471805855072
5.6383603676397787 12039.107141354316 -11811.791620046997
5.6385285358382777 12110.520908417753 -11882.660793545907
5.6386967040367768 12182.49161989721 -11954.08461932691
5.6388648722352759 12255.024643231893 -12026.068451028445
5.639033040433775 12328.125407439074 -12098.617703758753
5.639201208632274 12401.799403933826 -12171.737854914567
5.6393693768307731 12476.052187361165 -12245.434445012195
5.6395375450292722 12550.889376440853 -12319.713078531249
5.6397057132277713 12626.316654825032 -12394.579424771196
5.6398738814262703 12702.339771968938 -12470.039218720984
5.6400420496247694 12778.964544014918 -12546.098261941932
5.6402102178232685 12856.19685468995 -12622.762423464144
5.6403783860217676 12934.042656216934 -12700.037640696662
5.6405465542202666 13012.507970239971 -12777.929920351591
5.6407147224187657 13091.598888763869 -12856.445339382451
5.6408828906172648 13171.321575108135 -12935.590045936986
5.6410510588157639 13251.68226487569 -13015.370260324695
5.6412192270142629 13332.687266936566 -13095.792275999329
5.641387395212762 13414.342964426854 -13176.862460556616
5.6415555634112611 13496.655815763157 -13258.587256747485
5.6417237316097602 13579.632355672818 -13340.973183507051
5.6418918998082592 13663.279196240213 -13424.026836999637
5.6420600680067583 13747.603027969366 -13507.75489168013
5.6422282362052574 13832.610620863195 -13592.164101371924
5.6423964044037564 13918.308825519673 -13677.261300361775
5.6425645726022555 14004.704574245186 -13763.053404511851
5.6427327408007546 14091.804882185425 -13849.547412389265
5.6429009089992537 14179.616848474081 -13936.750406413437
5.6430690771977527 14268.147657399699 -14024.669554021564
5.6432372453962518 14357.404579590971 -14113.312108852535
5.6434054135947509 14447.394973220831 -14202.68541194962
5.64357358179325 14538.126285229668 -14292.796892982267
5.643741749991749 14629.606052568 -14383.654071487335
5.6439099181902481 14721.841903458961 -14475.264558130128
5.6440780863887472 14814.841558680948 -14567.636055985571
5.6442462545872463 14908.612832870802 -14660.776361839902
5.6444144227857453 15003.163635847875 -14754.69336751323
5.6445825909842444 15098.501973959372 -14849.395061203351
5.6447507591827435 15194.635951447348 -14944.889528851205
5.6449189273812426 15291.57377183775 -15041.184955528342
5.6450870955797416 15389.323739351898 -15138.289626846838
5.6452552637782407 15487.89426034083 -15236.211930392019
5.6454234319767398 15587.293844742901 -15334.96035717845
5.6455916001752389 15687.531107565072 -15434.543503129586
5.6457597683737379 15788.614770388336 -15534.970070581519
5.645927936572237 15890.553662897693 -15636.248869811285
5.6460961047707361 15993.356724437141 -15738.388820590144
5.6462642729692352 16097.033005590141 -15841.398953762324
5.6464324411677342 16201.591669786027 -15945.288412849681
5.6466006093662333 16307.041994932819 -16050.066455682749
5.6467687775647324 16413.393375076961 -16155.742456058682
5.6469369457632315 16520.65532209045 -16262.325905426575
5.6471051139617305 16628.837467385878 -16369.826414600662
5.6472732821602296 16737.949563659902 -16478.253715501945
5.6474414503587287 16848.001486665686 -16587.617662928729
5.6476096185572278 16959.003237014811 -16697.928236356656
5.6477777867557268 17070.964942009279 -16809.195541768746
5.6479459549542259 17183.896857504078 -16921.429813516039
5.648114123152725 17297.809369800976 -17034.641416209386
5.6482822913512241 17412.712997574057 -17148.840846642997
5.6484504595497231 17528.618393827644 -17264.038735750328
5.6486186277482222 17645.536347887199 -17380.245850592913
5.6487867959467213 17763.477787423817 -17497.473096382808
5.6489549641452204 17882.453780512988 -17615.7315185392
5.6491231323437194 18002.475537728209 -17735.032304779925
5.6492913005422185 18123.554414270187 -17855.386787248481
5.6494594687407176 18245.701912132266 -17976.806444677273
5.6496276369392167 18368.929682302762 -18099.302904587723
5.6497958051377157 18493.249527004944 -18222.887945528015
5.6499639733362148 18618.673401975368 -18347.573499349135
5.6501321415347139 18745.213418781299 -18473.371653519996
5.650300309733213 18872.88184717797 -18600.294653482357
5.650468477931712 19001.69111750646 -18728.354905046326
5.6506366461302111 19131.653823132969 -18857.564976827252
5.6508048143287102 19262.782722930282 -18987.937602724742
5.6509729825272093 19395.090743802273 -19119.485684444709
5.6511411507257083 19528.590983252234 -19252.22229406521
5.6513093189242074 19663.296711995947 -19386.160676646985
5.6514774871227065 19799.221376620317 -19521.314252889526
5.6516456553212056 19936.3786022885 -19657.696621833613
5.6518138235197046 20074.782195492397 -19795.321563611189
5.6519819917182037 20214.446146853501 -19934.203042243516
5.6521501599167028 20355.384633972986 -20074.355208488589
5.6523183281152019 20497.612024332058 -20215.792402738738
5.6524864963137009 20641.142878243558 -20358.529157969457
5.6526546645122 20785.991951855791 -20502.580202740432
5.6528228327106991 20932.174200209676 -20647.960464249831
5.6529910009091981 21079.704780350246 -20794.685071442927
5.6531591691076972 21228.599054493592 -20942.769358176101
5.6533273373061963 21378.87259325034 -21092.228866437377
5.6534955055046954 21530.541178906842 -21243.07934962459
5.6536636737031944 21683.620808765183 -21395.336775882348
5.6538318419016935 21838.127698543234 -21549.017331499002
5.6540000101001926 21994.078285835931 -21704.137424364795
5.6541681782986917 22151.489233639037 -21860.713687492447
5.6543363464971907 22310.377433936643 -22018.762982601442
5.6545045146956898 22470.760011353712 -22178.302403767306
5.6546726828941889 22632.654326874977 -22339.349281137202
5.654840851092688 22796.077981631552 -22501.921184713196
5.655009019291187 22961.048820756641 -22666.035928204561
5.6551771874896861 23127.584937311774 -22831.711572950571
5.6553453556881852 23295.704676284986 -22998.966431915182
5.6555135238866843 23465.42663866244 -23167.819073755116
5.6556816920851833 23636.769685575018 -23338.288326962866
5.6558498602836824 23809.752942521402 -23510.393284086131
5.6560180284821815 23984.395803669253 -23684.153306025306
5.6561861966806806 24160.717936236102 -23859.58802641062
5.6563543648791796 24338.739284951607 -24036.717356060606
5.6565225330776787 24518.480076602871 -24215.561487523559
5.6566907012761778 24699.960824664566 -24396.140899703769
5.6568588694746769 24883.202334015634 -24578.476362574245
5.6570270376731759 25068.225705744382 -24762.58894197781
5.657195205871675 25255.05234204384 -24948.500004518366
5.6573633740701741 25443.703951199255 -25136.231222544269
5.6575315422686732 25634.202552669714 -25325.804579225758
5.6576997104671722 25826.570482265852 -25517.242373728412
5.6578678786656713 26020.830397425703 -25710.567226484683
5.6580360468641704 26217.005282590781 -25905.802084565614
5.6582042150626695 26415.118454684518 -26102.970227154823
5.6583723832611685 26615.193568695267 -26302.095271127022
5.6585405514596676 26817.254623366087 -26503.201176733215
5.6587087196581667 27021.325966993616 -26706.312253394957
5.6588768878566658 27227.432303338395 -26911.453165609961
5.6590450560551648 27435.598697648998 -27118.648938971466
5.6592132242536639 27645.850582802501 -27327.924966303861
5.659381392452163 27858.213765563742 -27539.307013917038
5.6595495606506621 28072.714432965993 -27752.821227982084
5.6597177288491611 28289.379158815693 -27968.494141030948
5.6598858970476602 28508.23491032391 -28186.352678582778
5.6600540652461593 28729.309054867346 -28406.42416589972
5.6602222334446584 28952.629366881705 -28628.736334874997
5.6603904016431574 29178.224034890336 -28853.317331056194
5.6605585698416565 29406.121668671145 -29080.195720806714
5.6607267380401556 29636.351306564793 -29309.400498608469
5.6608949062386547 29868.942422927361 -29540.961094508926
5.6610630744371537 30103.92493573064 -29774.907381715711
5.6612312426356528 30341.329214313362 -30011.269684342053
5.6613994108341519 30581.186087286715 -30250.078785306443
5.661567579032651 30823.526850597595 -30491.365934389938
5.66173574723115 31068.38327575316 -30735.162856454652
5.6619039154296491 31315.787618210252 -30981.501759827061
5.6620720836281491 31565.772625933441 -31230.415344849807
5.6622402518266481 31818.371548125484 -31481.936812605843
5.6624084200251472 32073.6181441341 -31736.099873818774
5.6625765882236463 32331.54669253905 -31992.938757933425
5.6627447564221454 32592.192000423645 -32252.488222380729
5.6629129246206444 32855.589412834837 -32514.783562031094
5.6630810928191435 33121.774822436266 -32779.860618840627
5.6632492610176426 33390.784679358629 -33047.755791694559
5.6634174292161417 33662.656001251918 -33318.506046452458
5.6635855974146407 33937.426383544167 -33592.148926199829
5.6637537656131398 34215.134009911497 -33868.722561710878
5.6639219338116389 34495.817662964306 -34148.265682127349
5.664090102010138 34779.516735154641 -34430.817625858392
5.664258270208637 35066.271239909889 -34716.418351706649
5.6644264384071361 35356.121822998051 -35005.108450225802
5.6645946066056352 35649.109774130018 -35296.929155314996
5.6647627748041343 35945.277038804386 -35591.922356055678
5.6649309430026333 36244.666230400529 -35890.130608796586
5.6650991112011324 36547.32064252573 -36191.597149492613
5.6652672793996315 36853.284261622415 -36496.365906303719
5.6654354475981306 37162.601779841592 -36804.481512459846
5.6656036157966296 37475.318608188856 -37115.989319398301
5.6657717839951287 37791.480889949402 -37430.935410179984
5.6659399521936278 38111.135514398688 -37749.366613191174
5.6661081203921269 38434.330130805647 -38071.330516137648
5.6662762885906259 38761.113162735368 -38396.875480338174
5.666444456789125 39091.533822658472 -38726.050655324521
5.6666126249876241 39425.642126874591 -39058.905993755463
5.6667807931861232 39763.4889107575 -39395.492266652211
5.6669489613846222 40105.125844329719 -39735.861078963222
5.6671171295831213 40450.605448174545 -40080.064885466236
5.6672852977816204 40799.981109693748 -40428.157007015827
5.6674534659801195 41153.307099719364 -40780.1916471449
5.6676216341786185 41510.638589488233 -41136.223909028726
5.6677898023771176 41872.03166798818 -41496.30981282048
5.6679579705756167 42237.543359685005 -41860.506313367383
5.6681261387741158 42607.231642639621 -42228.871318316829
5.6682943069726148 42981.155467025026 -42601.463706622169
5.6684624751711139 43359.37477405298 -42978.34334745798
5.668630643369613 43741.950515320619 -43359.571119555119
5.6687988115681121 44128.94467258743 -43745.208930965913
5.6689669797666111 44520.42027799334 -44135.319739270271
5.6691351479651102 44916.441434728986 -44529.967572233785
5.6693033161636093 45317.073338169517 -44929.21754892914
5.6694714843621083 45722.382297483586 -45333.135901332527
5.6696396525606074 46132.435757729581 -45741.789996407046
5.6698078207591065 46547.302322451374 -46155.248358685429
5.6699759889576056 46967.051776786277 -46573.580693364762
5.6701441571561046 47391.755111098326 -46996.857909926257
5.6703123253546037 47821.484545150182 -47425.152146293462
5.6704804935531028 48256.313552827531 -47858.536793542698
5.6706486617516019 48696.316887430141 -48297.086521179917
5.6708168299501009 49141.570607544134 -48740.877302998539
5.6709849981486 49592.152103510496 -49189.986443533278
5.6711531663470991 50048.140124505298 -49644.492605125393
5.6713213345455982 50509.614806247431 -50104.475835615202
5.6714895027440972 50976.657699350224 -50570.017596678248
5.6716576709425963 51449.351798333773 -51041.200792821859
5.6718258391410954 51927.781571315238 -51518.109801059392
5.6719940073395945 52412.032990394939 -52000.830501280034
5.6721621755380935 52902.193562756511 -52489.450307332329
5.6723303437365926 53398.352362500045 -52984.058198840423
5.6724985119350917 53900.600063227525 -53484.744753772291
5.6726666801335908 54409.028971400643 -53991.602181780021
5.6728348483320898 54923.733060491431 -54504.724358332634
5.6730030165305889 55444.808005947001 -55024.206859662627
5.673171184729088 55972.351220990065 -55550.146998548065
5.6733393529275871 56506.461893277825 -56082.643860952587
5.6735075211260861 57047.241022442169 -56621.798343546485
5.6736756893245852 57594.791458535168 -57167.713192132665
5.6738438575230843 58149.217941404248 -57720.49304100193
5.6740120257215834 58710.627141022334 -58280.244453242936
5.6741801939200824 59279.127698799042 -58847.07596203273
5.6743483621185815 59854.830269899649 -59421.098112934727
5.6745165303170806 60437.847566599477 -60002.423507231746
5.6746846985155797 61028.29440270218 -60591.166846322485
5.6748528667140787 61626.287739051244 -61187.444977210849
5.6750210349125778 62231.946730164913 -61791.376939118272
5.6751892031110769 62845.392772025705 -62403.084011250226
5.675357371309576 63466.749551056637 -63022.689761748959
5.675525539508075 64096.14309431726 -63650.320097865639
5.6756937077065741 64733.701820953604 -64286.103317385976
5.6758618759050732 65379.556594937305 -64930.170161344489
5.6760300441035723 66033.8407791301 -65582.653868063746
5.6761982123020713 66696.690290711151 -66243.69022855589
5.6763663805005704 67368.243658005857 -66913.417643325214
5.6765345486990695 68048.642078755845 -67591.977180611371
5.6767027168975686 68738.029479871315 -68279.512636114421
5.6768708850960676 69436.552578707997 -68976.170594244002
5.6770390532945667 70144.360945912529 -69682.10049093634
5.6772072214930658 70861.607069881342 -70397.454678084192
5.6773753896915649 71588.446422879439 -71122.388489626261
5.6775435578900639 72325.037528867368 -71857.060309344
5.677711726088563 73071.542033085731 -72601.63164041558
5.6778798942870621 73828.124773448508 -73356.26717677791
5.6780480624855612 74594.953853798012 -74121.134876349795
5.6782162306840602 75372.20071907599 -74896.406036170534
5.6783843988825593 76160.040232467247 -75682.255369510356
5.6785525670810584 76958.650754573857 -76478.861085010911
5.6787207352795575 77768.214224680094 -77286.404967915674
5.6788889034780565 78588.916244170046 -78105.072463452481
5.6790570716765556 79420.946162162116 -78935.052762432053
5.6792252398750547 80264.497163426437 -79776.538889128889
5.6793934080735538 81119.766358653666 -80629.72779151272
5.6795615762720528 81986.954877145923 -81494.820433901303
5.6797297444705519 82866.267962002661 -82372.021892107499
5.679897912669051 83757.915067877198 -83261.541451156067
5.68006608086755 84662.109961381735 -84163.592705648218
5.6802342490660491 85579.070824221548 -85078.393662854534
5.6804024172645482 86509.020359141752 -86006.166848619527
5.6805705854630473 87452.185898772776 -86947.139416164078
5.6807387536615463 88408.799517463689 -87901.54325787483
5.6809069218600454 89379.098146195553 -88869.615120172675
5.6810750900585445 90363.32369067012 -89851.596721555659
5.6812432582570436 91361.723152672464 -90847.734873914902
5.6814114264555426 92374.548754809584 -91858.281607225406
5.6815795946540417 93402.058068730461 -92883.494297717392
5.6817477628525408 94444.514146936854 -93923.635799637297
5.6819159310510399 95502.185658297705 -94978.97458071135
5.6820840992495389 96575.347027384283 -96049.78486142878
5.682252267448038 97664.278577746911 -97136.346758265514
5.6824204356465371 98769.266679258813 -98238.94643097384
5.6825886038450362 99890.603899656708 -99357.876234067604
5.6827567720435352 101028.58916041245 -100493.43487263737
5.6829249402420343 102183.52789707496 -101645.92756263453
5.6830931084405334 103355.73222422645 -102815.66619576851
5.6832612766390325 104545.52110520219 -104002.96950916623
5.6834294448375315 105753.2205267285 -105208.16325994837
5.6835976130360306 106979.16367863904 -106431.58040488271
5.6837657812345297 108223.69113883545 -107673.56128528036
5.6839339494330288 109487.15106366431 -108934.45381730689
5.6841021176315278 110769.8993838888 -110214.61368788667
5.6842702858300269 112072.30000643968 -111514.40455638505
5.684438454028526 113394.72502213727 -112834.19826226006
5.6846066222270251 114737.55491958316 -114174.37503888208
5.6847747904255241 116101.17880542736 -115535.32373372756
5.6849429586240232 117485.99463122482 -116917.44203516026
5.6851111268225223 118892.40942710261 -118321.13670602153
5.6852792950210214 120320.83954246785 -119746.8238242595
5.6854474632195204 121771.71089399462 -121194.92903083564
5.6856156314180195 123245.45922113757 -122665.88778515591
5.6857837996165186 124742.53034942874 -124160.14562828335
5.6859519678150177 126263.38046182424 -125678.15845419871
5.6861201360135167 127808.47637837757 -127220.39278938544
5.6862883042120158 129378.2958445266 -128787.32608102652
5.6864564724105149 130973.32782829259 -130379.44699411107
5.686624640609014 132594.0728267009 -131997.25571776059
5.686792808807513 134241.04318174522 -133641.26428109637
5.6869609770060121 135914.76340622918 -135311.99687898214
5.6871291452045112 137615.77051983282 -137009.99020798912
5.6872973134030103 139344.61439576448 -138735.79381294397
5.6874654816015093 141101.85811837288 -140489.97044443476
5.6876336498000084 142888.07835210915 -142273.09642766407
5.6878018179985075 144703.86572224376 -144085.76204305442
5.6879699861970066 146549.82520775942 -145928.57191902696
5.6881381543955056 148426.57654685777 -147802.1454373913
5.6883063225940047 150334.75465553513 -149707.11715180136
5.6884744907925038 152275.01005970093 -151644.13721975111
5.6886426589910029 154248.00934133169 -153613.87184860278
5.6888108271895019 156254.43559917275 -155617.00375615971
5.688978995388001 158294.98892452146 -157654.23264631748
5.6891471635865001 160370.38689264684 -159726.27570034825
5.6893153317849992 162481.36507042364 -161833.86808439597
5.6894834999834982 164628.67754078211 -163977.7634737842
5.6896516681819973 166813.09744460043 -166158.73459476244
5.6898198363804964 169035.41754069144 -168377.57378434364
5.6899880045789955 171296.45078456367 -170635.09356891183
5.6901561727774945 173597.03092666424 -172932.12726230788
5.6903243409759936 175938.01313084111 -175269.52958413056
5.6904925091744927 178320.27461379324 -177648.17729902139
5.6906606773729917 180744.71530630966 -180068.96987773405
5.6908288455714908 183212.25853713232 -182532.83018082334
5.6909970137699899 185723.8517403134 -185040.70516582383
5.691165181968489 188280.46718697471 -187593.56661882624
5.691333350166988 190883.10274241606 -190192.41191139771
5.6915015183654871 193532.78264956016 -192838.26478383379
5.6916696865639862 196230.55833976445 -195532.17615577235
5.6918378547624853 198977.50927207505 -198275.22496524412
5.6920060229609843 201774.74380204512 -201068.51903728239
5.6921741911594834 204623.40008128886 -203913.19598326265
5.6923423593579825 207524.64698899421 -206810.42413219536
5.6925105275564816 210479.68509667157 -209761.40349524855
5.6926786957549806 213489.7476674722 -212767.36676483415
5.6928468639534797 216556.10169146955 -215829.5803496509
5.6930150321519788 219680.04895835996 -218949.34544713993
5.6931832003504779 222862.92716910332 -222127.99915487392
5.6933513685489769 226106.11108809456 -225366.91562246979
5.693519536747476 229411.01373752783 -228667.50724568716
5.6936877049459751 232779.08763569189 -232031.2259044504
5.6938558731444742 236211.82608101441 -235459.56424661225
5.6940240413429732 239710.76448375662 -238954.05701935958
5.6941922095414723 243277.48174734777 -242516.28245025105
5.6943603777399714 246913.60170144113 -246147.86367996776
5.6945285459384705 250620.79458887028 -249850.47024895562
5.6946967141369695 254400.77860878664 -253625.8196402399
5.6948648823354686 258255.32151836666 -257475.67888080014
5.6950330505339677 262186.24229558941 -261401.86620400602
5.6952012187324668 266195.41286570526 -265406.25277573412
5.6953693869309658 270284.75989413977 -269490.76448691008
5.6955375551294649 274456.26664871018 -273657.38381535246
5.695705723327964 278711.97493416921 -277908.15175993298
5.6958738915264631 283053.98710223718 -282245.16985021386
5.6960420597249621 287484.46814043721 -286670.6022348766
5.6962102279234612 292005.64784321038 -291186.67785241816
5.6963783961219603 296619.82306895743 -295795.69268776197
5.6965465643204594 301329.36008683487 -300500.01211860945
5.6967147325189584 306136.69701732136 -305302.07335554913
5.6968829007174575 311044.3463707717 -310204.38798013906
5.6970510689159566 316054.8976883858 -315209.54458538978
5.6972192371144557 321171.02029024245 -320320.21152329771
5.6973874053129547 326395.46613528387 -325539.13976431306
5.6975555735114538 331731.07279838296 -330869.16587387532
5.6977237417099529 337180.76656988944 -336313.21511141042
5.697891909908452 342747.56568332529 -341874.30465746031
5.698060078106951 348434.58367719414 -347555.54697490879
5.6982282463054501 354245.03289717651 -353360.15331057471
5.6983964145039492 360182.22814531054 -359291.43734377128
5.6985645827024483 366249.59048310167 -365352.81898877484
5.6987327509009473 372450.65119587129 -371547.82835851196
5.6989009190994464 378789.05592603929 -377880.10989715904
5.6990690872979455 385268.56898344489 -384353.42668975814
5.6992372554964446 391893.07784124266 -390971.6649573851
5.6994054236949436 398666.59782636887 -397738.838746864
5.6995735918934427 405593.27701405808 -404659.09482450719
5.6997417600919418 412677.40133640438 -411736.71778387466
5.6999099282904409 419923.39991550677 -418976.1353780902
5.7000780964889399 427335.85063231492 -426381.92408783076
5.700246264687439 434919.48594290466 -433958.81493671658
5.7004144328859381 442679.19895456231 -441711.69956648035
5.7005826010844372 450620.04977474589 -449645.6365849821
5.7007507692829362 458747.27214672317 -457765.85820086865
5.7009189374814353 467066.28038646339 -466077.77715945314
5.7010871056799344 475582.67663618451 -474586.99399521522
5.7012552738784334 484302.25845083478 -483299.30461719912
5.7014234420769325 493231.02673471859 -492220.70824451814
5.7015916102754316 502375.19404646708 -501357.41571016511
5.7017597784739307 511741.19329160801 -510715.85815238033
5.7019279466724297 521335.68682310847 -520302.69611395028
5.7020961148709288 531165.57597145811 -530124.82907100255
5.7022642830694279 541238.01102712925 -540189.40541413066
5.702432451267927 551560.40169960144 -550503.8329060364
5.702600619466426 562140.42807857925 -561075.78964131419
5.7027687876649251 572986.05212456721 -571913.23553554062
5.7029369558634242 584105.52971759951 -583024.42437246442
5.7031051240619233 595507.42329467018 -594417.91643983976
5.7032732922604223 607200.61510826834 -606102.59178630554
5.7034414604589214 619194.32114041108 -618087.66413370031
5.7036096286574205 631498.1057086871 -630382.6954813234
5.7037777968559205 644121.89680308988 -642997.61144091841
5.7039459650544195 657076.0021948393 -655942.71734357462
5.7041141332529186 670371.12636097753 -669228.71516232879
5.7042823014514177 684018.38827129162 -682866.72129701811
5.7044504696499168 698029.34008707514 -696868.28527089069
5.7046186378484158 712415.98682440689 -711245.40939165
5.7047868060469149 727190.80703801545 -726010.56943299773
5.704954974245414 742366.77458543051 -741176.73639637104
5.7051231424439131 757957.38153501088 -756757.39941646182
5.7052913106424121 773976.66228561173 -772766.58987827378
5.7054594788409112 790439.21897012438 -789218.90681794798
5.7056276470394103 807360.2482199216 -806129.54368438339
5.7057958152379094 824755.56937239086 -823514.31654383161
5.7059639834364084 842641.65420926933 -841389.6938151709
5.7061321516349075 861035.65831943369 -859772.82762951101
5.7063003198334066 879955.45418618643 -878681.58691416029
5.7064684880319057 899419.66610594327 -898134.59230785666
5.7066366562304047 919447.70705261477 -918151.25302154676
5.7068048244289038 940059.81760992529 -938751.80576694943
5.7069729926274029 961277.10710247117 -959957.35588369938
5.7071411608259019 983121.59706554585 -981789.92080508859
5.707309329024401 1005616.2672036972 -1004272.4760123641
5.7074774972229001 1028785.1039987041 -1027429.0036382602
5.7076456654213992 1052653.1521392257 -1051284.5438920071
5.7078138336198982 1077246.5689568615 -1075865.2494905468
5.7079820018183973 1102592.6820668483 -1101198.4432941701
5.7081501700168964 1128720.0504261903 -1127312.6793593611
5.7083183382153955 1155658.5290377769 -1154237.80763739
5.7084865064138945 1183439.3375460873 -1182005.0425642435
5.7086546746123936 1212095.1329885307 -1210647.0358059243
5.7088228428108927 1241660.0869864488 -1240197.9534431382
5.7089910110093918 1272169.967681468 -1270693.5579010344
5.7091591792078908 1303662.2267463482 -1302171.2949531369
5.7093273474063899 1336176.0918249576 -1334670.3861540735
5.709495515604889 1369752.6647836352 -1368231.9270833496
5.7096636838033881 1404435.0261862348 -1402898.9918124422
5.7098318520018871 1440268.3464377746 -1438716.7440401153
5.7100000202003862 1477300.0040771032 -1475732.5553763472
5.7101681883988853 1515579.7117376069 -1513996.1312938728
5.7103363565973844 1555159.6503370306 -1553559.6453083884
5.7105045247958834 1596094.6121032948 -1594477.881994273
5.7106726929943825 1638442.153093135 -1636808.3894926286
5.7108408611928816 1682262.7559148862 -1680611.6422229302
5.7110090293913807 1727620.0034262191 -1725951.2145690611
5.7111771975898797 1774580.7642426237 -1772893.9663754965
5.7113453657883788 1823215.3909634892 -1821510.2411604465
5.7115135339868779 1873597.9321003526 -1871874.0780304952
5.711681702185377 1925806.3587769892 -1924063.4383663642
5.711849870383876 1979922.8073642422 -1978160.4484426603
5.7120180385823751 2036033.839314715 -2034251.659246675
5.7121862067808742 2094230.7195745963 -2092428.3248734642
5.7123543749793733 2154609.7150730565 -2152786.7009975892
5.7125225431778723 2217272.4149249881 -2215428.3650572291
5.7126907113763714 2282326.0741317058 -2280460.5599352308
5.7128588795748705 2349883.9827280724 -2347996.5630854825
5.7130270477733696 2420065.8625049717 -2418156.0832334678
5.7131952159718686 2492998.2936350456 -2491065.6869788403
5.7133633841703677 2568815.1737491749 -2566859.2578474148
5.7135315523688668 2647658.2122536534 -2645678.4905824359
5.7136997205673659 2729677.4629460457 -2727673.4237330174
5.7138678887658649 2815031.8982842565 -2813003.0138941803
5.714036056964364 2903890.0289917155 -2901835.7552812798
5.7142042251628631 2996430.5730455494 -2994350.3486855724
5.7143723933613622 3092843.1784984106 -3090736.4242614675
5.7145405615598612 3193329.205033056 -3191195.3230444109
5.7147087297583603 3298102.5696472204 -3295940.9425967992
5.7148768979568594 3407390.6624209704 -3405200.652733942
5.7150450661553585 3521435.3389364905 -3519216.2878998518
5.7152132343538575 3640493.9966090536 -3638245.2234514165
5.7153814025523566 3764840.7429567557 -3762561.543878329
5.7155495707508557 3894767.6646956396 -3892457.311845175
5.7157177389493548 4030586.2075077533 -4028243.9479029709
5.7158859071478538 4172628.6774058007 -4170253.7317935522
5.7160540753463529 4321249.8758244673 -4318841.4374765959
5.716222243544852 4476828.88192268 -4474386.1153632272
5.7163904117433511 4639770.9971028119 -4637293.0367618678
5.7165585799418501 4810509.8684650343 -4807995.8172541643
5.7167267481403492 4989509.8098438922 -4986958.7376476442
5.7168949163388483 5177268.3412498273 -5174679.2833273904
5.7170630845373474 5374318.9699957203 -5371690.9252863098
5.7172312527358464 5581234.2395674363 -5578566.1688924311
5.7173994209343455 5798629.0754444199 -5795919.8995987065
5.7175675891328446 6027164.460645292 -6024413.0583696058
5.7177357573313436 6267551.4778261399 -6264756.6836514929
5.7179039255298427 6520555.7593683368 -6517716.3613228304
5.7180720937283418 6787002.3921422986 -6784117.1293097641
5.7182402619268409 7067781.3296215571 -7064848.8895405196
5.7184084301253399 7363853.3708623806 -7360872.3867527833
5.718576598323839 7676256.7736918684 -7673225.8214958478
5.7187447665223381 8006114.5784188164 -8003032.1736405315
5.7189129347208372 8354642.7286808416 -8351507.323008948
5.7190811029193362 8723159.0878851525 -8719969.065579934
5.7192492711178353 9113093.4633441642 -9109847.1373695936
5.7194174393163344 9525998.7659529317 -9522694.3738319837
5.7195856075148335 9963563.45146011 -9960199.1508295033
5.7197537757133325 10427625.410471596 -10424199.274309708
5.7199219439118316 10920187.498799959 -10916697.510298997
5.7200901121103307 11443434.928233678 -11439878.975284161
5.7202582803088298 11999754.770964809 -11996130.640217049
5.7204264485073288 12591757.869640823 -12588063.240104321
5.7205946167058279 13222303.490326609 -13218535.926464045
5.720762784904327 13894527.108815189 -13890684.053082896
5.7209309531028261 14611871.783207396 -14607950.54798883
5.7210991213013251 15378123.639301142 -15374121.398173798
5.7212672894998242 16197452.082284583 -16193365.8605539
5.7214354576983233 17074455.45118586 -17070282.115611907
5.7216036258968224 18014212.954753555 -18009949.202387422
5.7217717940953214 19022343.872912653 -19017986.218949407
5.7219399622938205 20105075.181557946 -20100619.94610155
5.7221081304923196 21269318.966237437 -21264762.259859934
5.7222762986908187 22522761.239691596 -22518098.947653849
5.7224444668893177 23873964.078486338 -23869191.843470402
5.7226126350878168 25332483.356601104 -25327596.559784524
5.7227808032863159 26909004.793158166 -26903998.533437666
5.722948971484815 28615501.565497231 -28610370.636642903
5.723117139683314 30465417.390148565 -30460156.255639113
5.7232853078818131 32473879.771545593 -32468482.536799688
5.7234534760803122 34657949.097843505 -34652409.479520962
5.7236216442788113 37036910.471232124 -37031221.763230354
5.7237898124773103 39632616.655868478 -39626771.691583045
5.7239579806758094 42469892.386166796 -42463883.496518403
5.7241261488743085 45577012.600122772 -45570831.566774614
5.7242943170728076 48986270.074476525 -48979908.077573217
5.7244624852713066 52734651.607808277 -52728099.167457372
5.7246306534698057 56864646.543378487 -56857893.453964502
5.7247988216683048 61425217.335175119 -61418252.591439091
5.7249669898668039 66472969.422814153 -66465781.136443362
5.7251351580653029 72073567.407775179 -72066142.713020727
5.725303326263802 78303457.106588796 -78295782.053153723
5.7254714944623011 85251969.432941824 -85244028.864048213
5.7256396626608002 93023903.508458719 -93015680.921593651
5.7258078308592992 101742714.677927 -101734192.06526563
5.7259759990577983 111554470.64266479 -111545628.3075494
5.7261441672562974 122632789.12469347 -122623605.4697789
5.7263123354547965 135185038.12322727 -135175489.40494323
5.7264805036532955 149460171.7323046 -149450231.77508044
5.7266486718517946 165758700.42791867 -165748340.29009214
5.7268168400502937 184445468.87838778 -184434656.45978031
5.7269850082487928 205966157.45967185 -205954857.03832641
5.7271531764472918 230868766.573452 -230856938.2558178
5.7273213446457909 259831831.80181259 -259819430.86647722
5.72748951284429 293701823.17351961 -293688799.28309262
5.7276576810427891 333543211.69395614 -333529507.94241852
5.7278258492412881 380706210.25023538 -380691762.00330603
5.7279940174397872 436919483.29202121 -436904216.76487219
5.7281621856382863 504418605.43862033 -504402435.93717086
5.7283303538367853 586126449.521451 -586109279.24836671
5.7284985220352844 685910201.62706685 -685891916.91831052
5.7286666902337835 808953395.74437714 -808933863.55184162
