# serie phase 2 p4_w1.73_c1.20_dt2_k2 : t x1 x2 (dt2=0.00025022217080867653, depart t=12.516 etat bascule x1 x2 v1 v2 = 1596394.0396153107 -1591306.2432750855 64900646.768094718 -64797048.765015669)
12.516 1596394.0396153107 -1591306.2432750855
12.516250222170809 1612737.5411866338 -1607623.7228706852
12.516500444341617 1629291.0204098548 -1624150.9798405452
12.516750666512426 1646057.7245492395 -1640891.2593883057
12.517000888683235 1663040.9596205226 -1657847.8654425072
12.517251110854044 1680244.0916090119 -1675024.1618742831
12.517501333024851 1697670.5477161785 -1692423.5737435301
12.517751555195661 1715323.8176354787 -1710049.5885743019
12.51800177736647 1733207.4548581666 -1727905.7576601885
12.518251999537279 1751325.0780098881 -1745995.6974004651
12.518502221708086 1769680.3722188589 -1764323.0906678217
12.518752443878896 1788277.0905164646 -1782891.6882085004
12.519002666049705 1807119.0552711317 -1801705.3100757017
12.519252888220512 1826210.1596563559 -1820767.8470971342
12.519503110391321 1845554.3691537913 -1840083.2623776195
12.51975333256213 1865155.7230923336 -1859655.5928376806
12.52000355473294 1885018.3362241585 -1879488.9507890765
12.520253776903747 1905146.4003387033 -1899587.5255482711
12.520503999074556 1925544.1859156087 -1919955.5850888528
12.520754221245365 1946216.043817671 -1940597.4777339536
12.521004443416173 1967166.4070248809 -1961517.6338897459
12.521254665586982 1988399.7924106615 -1982720.5678211274
12.521504887757791 2009920.8025614494 -2004210.8794707395
12.5217551099286 2031734.1276407968 -2025993.2563224956
12.522005332099408 2053844.5472992093 -2048072.4753108337
12.522255554270217 2076256.9326309683 -2070453.4047769429
12.522505776441026 2098976.2481792271 -2093141.0064732532
12.522755998611835 2122007.5539907068 -2116140.3376175114
12.523006220782642 2145356.0077213594 -2139456.5529978136
12.523256442953452 2169026.8667944074 -2163094.9071300011
12.523506665124261 2193025.4906122088 -2187060.7564688721
12.523756887295068 2217357.3428234486 -2211359.561674702
12.524007109465877 2242027.9936471917 -2235996.8899366176
12.524257331636687 2267043.1222553938 -2260978.4173544114
12.524507553807496 2292408.5192155014 -2286309.9313804358
12.524757775978303 2318130.0889948369 -2311997.3333232645
12.525007998149112 2344213.8525285036 -2338046.6409148616
12.525258220319921 2370665.9498526105 -2364463.9909430561
12.525508442490731 2397492.6428046646 -2391255.6419511689
12.525758664661538 2424700.3177930447 -2418427.9770067045
12.526008886832347 2452295.4886375195 -2445987.5065410752
12.526259109003156 2480284.799482848 -2473940.8712623855
12.526509331173964 2508675.0277875499 -2502294.8451433792
12.526759553344773 2537473.087390014 -2531056.3384866985
12.527009775515582 2566686.0316541716 -2560232.4010696961
12.527259997686391 2596321.0566970324 -2589830.2253710944
12.527510219857199 2626385.5047004647 -2619857.1498818649
12.527760442028008 2656886.867309662 -2650320.662502781
12.528010664198817 2687832.7891208315 -2681228.4040311724
12.528260886369624 2719231.0712607093 -2712588.1717394865
12.528511108540433 2751089.6750606 -2744407.9230483565
12.528761330711243 2783416.7258277223 -2776695.7792969528
12.529011552882052 2816220.5167167298 -2809460.0296134911
12.529261775052859 2849509.5127043757 -2842709.1348888641
12.529511997223668 2883292.3546703812 -2876451.7318564523
12.529762219394478 2917577.8635876724 -2910696.6372812856
12.530012441565287 2952375.0448252503 -2945452.8522618124
12.530262663736094 2987693.0925670695 -2980729.5666476544
12.530512885906903 3023541.3943504095 -3016536.1635768339
12.530763108077712 3059929.5357273431 -3052882.2241360685
12.53101333024852 3096867.3050530176 -3089777.5321478606
12.531263552419329 3134364.6984046013 -3127232.0790882194
12.531513774590138 3172431.9246348604 -3165256.0691389949
12.531763996760947 3211079.4105644817 -3203859.9243789255
12.532014218931755 3250317.8063173797 -3243054.2901176447
12.532264441102564 3290157.99080338 -3282850.040377039
12.532514663273373 3330611.0773528186 -3323258.2835244867
12.532764885444182 3371688.4195077415 -3364290.3680626745
12.53301510761499 3413401.6169745624 -3405957.8885808401
12.533265329785799 3455762.5217431951 -3448272.6918724538
12.533515551956608 3498783.2443778431 -3491246.8832245353
12.533765774127415 3542476.1604848234 -3534892.8328839643
12.534015996298224 3586853.9173629708 -3579223.1827063425
12.534266218469034 3631929.4408423696 -3624250.8529931479
12.534516440639843 3677715.9423173578 -3669989.0495231263
12.53476666281065 3724226.9259799542 -3716451.2707840721
12.535016884981459 3771476.196260076 -3763651.3154113619
12.535267107152269 3819477.8654791359 -3811603.2898398293
12.535517329323076 3868246.3617238402 -3860321.6161758038
12.535767551493885 3917796.4369472493 -3909821.0402963716
12.536017773664694 3968143.1753044142 -3960116.6401831722
12.536267995835503 4019302.0017301589 -4011223.8344983002
12.536518218006311 4071288.690766851 -4063158.3914101529
12.53676844017712 4124119.3756502816 -4115936.437677341
12.537018662347929 4177810.557662067 -4169574.4679990811
12.537268884518738 4232379.1157572884 -4224089.3546407744
12.537519106689546 4287842.3164763972 -4279498.3573438097
12.537769328860355 4344217.8241507476 -4335819.1335289422
12.538019551031164 4401523.7114114463 -4393069.7488029376
12.538269773201971 4459778.4700115742 -4451268.6877785446
12.538519995372781 4519001.021972198 -4510434.8652181961
12.53877021754359 4579210.7310629664 -4570587.637512248
12.539020439714399 4640427.4146284973 -4631746.8145029517
12.539270661885206 4702671.3557721572 -4693932.6716657579
12.539520884056016 4765963.3159092776 -4757165.9626600109
12.539771106226825 4830324.547702305 -4821467.9322615024
12.540021328397634 4895776.8083908251 -4886860.3296898492
12.540271550568441 4962342.3735299148 -4953365.4223441295
12.54052177273925 5030044.0511507615 -5021006.009960725
12.54077199491006 5098905.1963580148 -5089805.4392078295
12.541022217080867 5168949.7263789028 -5159787.6187316496
12.541272439251676 5240202.1360796848 -5230977.0346698761
12.541522661422485 5312687.5139656374 -5303398.7666486157
12.541772883593294 5386431.5586813623 -5377078.5042795679
12.542023105764102 5461460.5960288653 -5452042.5641749017
12.542273327934911 5537801.5965215284 -5528317.9074979415
12.54252355010572 5615482.1934927767 -5605932.1580684716
12.542773772276528 5694530.7017790014 -5684913.6210422134
12.543023994447337 5774976.1369970301 -5765291.3021847634
12.543274216618146 5856848.2354372554 -5847094.9277611021
12.543524438788955 5940177.4745943323 -5930354.9650625838
12.543774660959762 6024995.0943582412 -6015102.6435941998
12.544024883130572 6111333.1188894026 -6101369.9769457933
12.544275105301381 6199224.3792024534 -6189189.7853718437
12.54452532747219 6288702.5364843039 -6278595.719105429
12.544775549642997 6379802.106173085 -6369622.2824329743
12.545025771813807 6472558.4828256834 -6462304.8585574804
12.545275993984616 6567007.9658026556 -6556679.7352790274
12.545526216155423 6663187.7858004952 -6652784.1315225093
12.545776438326232 6761136.1322624153 -6750656.224743776
12.546026660497041 6860892.1817000955 -6850335.1792466175
12.546276882667851 6962496.1269601574 -6951861.1754443496
12.546527104838658 7065989.2074705074 -7055275.4401011486
12.546777327009467 7171413.7405031417 -7160620.2775897076
12.547027549180276 7278813.1534915082 -7267939.1022033244
12.547277771351085 7388232.0174421016 -7377276.4715620764
12.547527993521893 7499716.0814816076 -7488678.121154407
12.547778215692702 7613312.3085826533 -7602191.0000571702
12.548028437863511 7729068.9125129953 -7717863.3078789618
12.548278660034319 7847035.3960548909 -7835744.5329734739
12.548528882205128 7967262.5905433455 -7955885.4919715691
12.548779104375937 8089802.6967740031 -8078338.3706828337
12.549029326546746 8214709.3273336031 -8203156.7664195178
12.549279548717553 8342037.5504081808 -8330395.7317980537
12.549529770888363 8471843.9351265579 -8460111.820075674
12.549779993059172 8604186.598499136 -8592363.1320821494
12.550030215229979 8739125.2540146094 -8727209.3648092579
12.550280437400788 8876721.2619599178 -8864711.8617232777
12.550530659571598 9017037.6815315932 -9004933.6648686919
12.550780881742407 9160139.3248096593 -9147939.5688342173
12.551031103913214 9306092.8126683384 -9293796.1766554266
12.551281326084023 9454966.6327010989 -9442571.9577314854
12.551531548254832 9606831.1992410012 -9594337.3078369554
12.551781770425642 9761758.915560903 -9749164.6113132183
12.552031992596449 9919824.238341853 -9907128.3055278361
12.552282214767258 10081103.744501924 -10068304.947694099
12.552532436938067 10245676.20048194 -10232773.284147196
12.552782659108875 10413622.634088846 -10400614.322177762
12.553032881279684 10585026.409002064 -10571911.404528132
12.553283103450493 10759973.302052982 -10746750.286661416
12.553533325621302 10938551.583392706 -10925219.216918569
12.55378354779211 11120852.099668546 -11107409.019683857
12.554033769962919 11306968.360335218 -11293413.181684723
12.554283992133728 11496996.62723257 -11483327.94155786
12.554534214304535 11691036.007567801 -11677252.382819407
12.554784436475344 11889188.550446512 -11875288.530383652
12.555034658646154 12091559.347103784 -12077541.450781368
12.555284880816963 12298256.634993471 -12284119.356236007
12.55553510298777 12509391.905901499 -12495133.712763486
12.555785325158579 12725080.01825672 -12710699.352469144
12.556035547329389 12945439.313821215 -12930934.590223707
12.556285769500198 13170591.738950606 -13155961.344908847
12.556535991671005 13400662.970624123 -13385905.265432024
12.556786213841814 13635782.547453793 -13620895.861720011
12.557036436012623 13876084.005892297 -13861066.640910584
12.557286658183431 14121705.02186973 -14106555.248972625
12.55753688035424 14372787.558100732 -14357503.617996074
12.557787102525049 14629478.017315388 -14614058.119405132
12.558037324695858 14891927.401679752 -14876369.723360505
12.558287546866666 15160291.478685061 -15144594.164629791
12.558537769037475 15434730.95379859 -15418892.1152189
12.558787991208284 15715411.650183795 -15699429.364072151
12.559038213379093 16002504.695812803 -15986377.004164074
12.559288435549901 16296186.718310677 -16279911.627322322
12.55953865772071 16596640.047888067 -16580215.527138298
12.559788879891519 16904052.92873707 -16887476.910340257
12.560039102062326 17218619.739284277 -17201890.117022879
12.560289324233135 17540541.221715279 -17523655.850147519
12.560539546403945 17870024.721206337 -17852981.414748836
12.560789768574754 18207284.435321502 -18190080.967306048
12.561039990745561 18552541.674057409 -18535175.775761001
12.56129021291637 18906025.131043285 -18888494.490690563
12.56154043508718 19267971.166430376 -19250273.428167537
12.561790657257987 19638624.102033347 -19620756.864872552
12.562040879428796 20018236.529316083 -20000197.346049402
12.562291101599605 20407069.630846024 -20388856.006927852
12.562541323770414 20805393.515874643 -20787002.908271547
12.562791545941222 21213487.570737217 -21194917.386744075
12.563041768112031 21631640.824802592 -21612888.42082388
12.56329199028284 22060152.332743529 -22041215.013038542
12.563542212453649 22499331.573940355 -22480206.589331131
12.563792434624457 22949498.869875476 -22930183.416416105
12.564042656795266 23410985.820423666 -23391477.03802963
12.564292878966075 23884135.759993453 -23864430.731029592
12.564543101136882 24369304.234528255 -24349399.982353918
12.564793323307692 24866859.500432637 -24846752.987902455
12.565043545478501 25377183.046549153 -25356871.17446788
12.56529376764931 25900670.140375208 -25880149.745904952
12.565543989820117 26437730.399777126 -26416998.254795283
12.565794211990926 26988788.391530823 -26967841.200936899
12.566044434161736 27554284.258095033 -27533118.658064488
12.566294656332545 28134674.374104559 -28113286.930287752
12.566544878503352 28730432.034157701 -28708819.239821877
12.566795100674161 29342048.173564155 -29320206.447676398
12.567045322844971 29970032.123817876 -29947957.809066799
12.567295545015778 30614912.404663797 -30592601.765417699
12.567545767186587 31277237.554738551 -31254686.774937611
12.567795989357396 31957577.002883859 -31934782.183863908
12.568046211528205 32656521.982357562 -32633479.140602808
12.568296433699013 33374686.490301806 -33351391.55512378
12.568546655869822 34112708.294971555 -34089157.106111467
12.568796878040631 34871249.993379653 -34847438.298531152
12.569047100211439 35651000.122178108 -35626923.574427396
12.569297322382248 36452674.324769735 -36428328.479949765
12.569547544553057 37277016.577830516 -37252396.891785875
12.569797766723866 38124800.480622053 -38099902.306381047
12.570047988894673 38996830.610686257 -38971649.195536464
12.570298211065483 39893943.949741542 -39868474.432204984
12.570548433236292 40817011.383843079 -40791248.790546939
12.570798655407101 41766939.282129735 -41740878.524568439
12.571048877577908 42744671.15875873 -42718307.029942922
12.571299099748718 43751189.422927022 -43724516.593914822
12.571549321919527 44787517.222197726 -44760530.238503404
12.571799544090334 45854720.384691954 -45827413.662566938
12.572049766261143 46953909.466073148 -46926277.288654052
12.572299988431952 48086241.907644182 -48058278.420962259
12.572550210602762 49252924.312299341 -49224623.521145515
12.572800432773569 50455214.845526025 -50426570.609165378
12.573050654944378 51694425.769137315 -51665431.796866551
12.573300877115187 52971926.11593847 -52942575.962479681
12.573551099285996 54289144.514091767 -54259431.574815355
12.573801321456804 55647572.170547269 -55617489.676516593
12.574051543627613 57048766.023556031 -57018307.036385998
12.574301765798422 58494352.074980475 -58463509.481501855
12.57455198796923 59986028.913868278 -59954795.420589119
12.574802210140039 61525571.443565615 -61493939.570920736
12.575052432310848 63114834.825518042 -63082796.901896998
12.575302654481657 64755758.653847426 -64723306.809391029
12.575552876652464 66450371.375807717 -66417497.535962515
12.575803098823274 68200794.974316612 -68167490.853136241
12.576053320994083 70009249.929941639 -69975507.023123413
12.57630354316489 71878060.480995283 -71843870.058639675
12.576553765335699 73809660.20177263 -73775013.300852746
12.576803987506509 75806597.920456201 -75771485.336983576
12.577054209677318 77871543.999825135 -77835956.28069745
12.577304431848125 80007297.005651712 -79971224.440167308
12.577554654018934 82216790.789558277 -82180223.400581464
12.577804876189743 84503102.015155524 -84466029.549915731
12.578055098360553 86869458.158502936 -86831870.079009995
12.57830532053136 89319246.016340584 -89281131.489397183
12.578555542702169 91856020.758153886 -91817368.644945443
12.578805764872978 94483515.560970888 -94444314.406211793
12.579055987043786 97205651.868873745 -97165889.889487669
12.579306209214595 100026550.32255743 -99986215.395868331
12.579556431385404 102950542.40791385 -102909622.05932271
12.579806653556213 105982182.87658617 -105940664.26670727
12.580056875727021 109126262.99575892 -109084132.90698764
12.58030709789783 112387824.68915667 -112345069.51163937
12.580557320068639 115772175.63635713 -115728781.35333192
12.580807542239448 119284905.40312505 -119240857.57560009
12.581057764410255 122931902.68158726 -122887186.43232152
12.581307986581065 126719373.72574851 -126673973.72249767
12.581558208751874 130653862.07514907 -130607762.51313692
12.581808430922681 134742269.6674526 -134695454.25102577
12.58205865309349 138991879.44949487 -138944331.37291622
12.5823088752643 143410379.60590166 -143362081.5332348
12.582559097435109 148005889.53488106 -147956823.57891539
12.582809319605916 152786987.71231034 -152737135.41247267
12.583059541776725 157762741.5978784 -157712083.89707407
12.583309763947534 162942739.75092968 -162891256.97125211
12.583559986118342 168337126.33891937 -168284798.15616274
12.583810208289151 173956638.23818448 -173903443.65509051
12.58406043045996 179812644.94522429 -179758562.26338899
12.584310652630769 185917191.53705594 -185862198.3274174
12.584560874801577 192283044.94167849 -192227118.01350126
12.584811096972386 198923743.80446997 -198866859.17273614
12.585061319143195 205853652.26372951 -205795785.11484009
12.585311541314004 213088017.97884682 -213029142.63453025
12.585561763484812 220643034.78807408 -220583124.66739172
12.585811985655621 228535910.40996447 -228474937.98929501
12.58606220782643 236784939.64364144 -236722876.4145174
12.586312429997237 245409583.56865919 -245346399.9933202
12.586562652168046 254430555.29583877 -254366220.76035568
12.586812874338856 263869912.87671971 -263804395.64153352
12.587063096509665 273751160.04184461 -273684427.18955213
12.587313318680472 284099355.50777 -284031372.88797593
12.587563540851281 294941231.67034703 -294871963.84138823
12.587813763022091 306305323.58844149 -306234733.75577444
12.5880639851929 318222109.25900173 -318150159.21002847
12.588314207363707 330724162.29252225 -330650812.3276118
12.588564429534516 343846318.21895832 -343771527.0784024
12.588814651705325 357625855.78970784 -357549580.57632816
12.589064873876133 372102694.79329681 -372024890.89039904
12.589315096046942 387319612.07307756 -387240233.0574224
12.589565318217751 403322477.62706721 -403241475.17650163
12.58981554038856 420160512.88590652 -420077836.68126917
12.590065762559368 437886573.50808406 -437802171.12896645
12.590315984730177 456557459.30583382 -456471276.11974329
12.590566206900986 476234254.22484678 -476146233.26927918
12.590816429071793 496982699.65113962 -496892781.5080266
12.591066651242603 518873604.71490347 -518781727.37685269
12.591316873413412 541983297.71060646 -541889396.43830264
12.591567095584221 566394123.26278877 -566298130.43286562
12.591817317755028 592194990.446877 -592096835.38950932
12.592067539925837 619481977.73438656 -619381586.55978298
12.592317762096647 648359001.38418698 -648256296.79708767
12.592567984267456 678938554.76027429 -678833455.86147523
12.592818206438263 711342527.03819406 -711234949.11202681
12.593068428609072 745703110.88619697 -745592965.17279077
12.593318650779882 782163809.99597335 -782051003.4470129
12.593568872950689 820880558.81793213 -820764993.83449841
12.593819095121498 862022968.55863726 -861904542.70957887
12.594069317292307 905775715.45984149 -905654321.17896926
12.594319539463116 952340089.64290404 -952215613.90312672
12.594569761633924 1001935725.4204139 -1001808049.3827404
12.594819983804733 1054802537.0091947 -1054671535.6443121
12.595070205975542 1111202887.0975516 -1111068428.7774456
12.595320428146351 1171424019.8102207 -1171285965.8670354
12.595570650317159 1235780794.3791256 -1235638998.6281543
12.595820872487968 1304618761.3887346 -1304473069.6120925
12.596071094658777 1378317629.9676001 -1378167879.3547461
12.596321316829584 1457295181.9179232 -1457141200.4587631
12.596571539000394 1542011697.7238615 -1541853303.5496771
12.596821761171203 1632974969.9113827 -1632811970.5782783
12.597071983342012 1730745991.6556568 -1730578183.3645871
12.597322205512819 1835945423.2197328 -1835772589.9664669
12.597572427683629 1949260956.2146633 -1949082868.8622305
12.597822649854438 2071455716.3499336 -2071272131.6151745
12.598072872025245 2203377869.9713268 -2203188529.3161273
12.598323094196054 2345971629.0907645 -2345776257.5073471
12.598573316366863 2500289884.8212695 -2500088189.4995384
12.598823538537673 2667508741.3998981 -2667300410.2632613
12.59907376070848 2848944273.8726625 -2848728973.9669323
12.599323982879289 3046071893.9650826 -3045849269.6829605
12.599574205050098 3260548783.0865297 -3260318454.207768
12.599824427220907 3494239941.8342915 -3494001501.3588071
12.600074649391715 3749248515.5675149 -3749001527.315486
12.600324871562524 4027951190.3877711 -4027695186.3369465
12.600575093733333 4333039619.2347021 -4332774096.5607309
12.600825315904141 4667569041.4565954 -4667293459.2369986
12.60107553807495 5035015510.9341145 -5034729286.4704504
12.601325760245759 5439343460.1541529 -5439045964.8597555
12.601575982416568 5885085716.679594 -5884776271.471817
12.601826204587375 6377438575.0879097 -6377116445.2138062
12.602076426758185 6922375138.7248917 -6922039527.9373446
12.602326648928994 7526780916.8890152 -7526430960.876173
12.602576871099803 8198616640.6890345 -8198251399.6429157
12.60282709327061 8947114505.9811401 -8946732956.1709042
12.60307731544142 9783015645.6422501 -9782616669.8330555
12.603327537612229 10718858684.262611 -10718441060.791265
12.603577759783036 11769331881.543251 -11768894271.825697
12.603827981953845 12951704822.709789 -12951245756.911394
12.604078204124654 14286360132.318031 -14285877992.863554
12.604328426295464 15797451637.927835 -15796944640.461344
12.604578648466271 17513723297.22464 -17513189468.54715
12.60482887063708 19469533728.30571 -19468970880.71571
12.605079092807889 21706145331.865524 -21705551033.199066
12.605329314978697 24273356156.33334 -24272727694.838753
12.605579537149506 27231578815.036297 -27230913158.013885
12.605829759320315 30654506771.084934 -30653800515.961174
12.606079981491124 34632558307.044525 -34631807623.21563
12.606330203661932 39277358580.583748 -39276559139.931137
12.606580425832741 44727619372.352257 -44726766265.769424
12.60683064800355 51156918032.73468 -51156005669.266312
12.607080870174359 58784082369.121384 -58783104353.337646
12.607331092345166 67887188579.656189 -67886137561.579086
12.607581314515976 78822624500.609375 -78821491990.74675
12.607831536686785 92051339140.885925 -92050115280.528397
12.608081758857592 108175418590.25294 -108174091863.88203
12.608331981028401 127989705796.44608 -127988262668.49017
12.608582203199211 152555664390.87198 -152554088842.53323
12.60883242537002 183308665425.14301 -183306938357.68924
12.609082647540827 222216378018.43106 -222214476475.7822
12.609332869711636 272016799657.11295 -272014695800.50266
