# serie phase 2 p5_w1.73_c1.20_dt2s2_k2 : t x1 x2 (dt2=0.00012511108540433827, depart t=15.906000000000001 etat bascule x1 x2 v1 v2 = 33328.252550849014 -33118.800158979575 1110184.4671272589 -1107380.6699131622)
15.906000000000001 33328.252550849014 -33118.800158979575
15.906125111085405 33467.527428021938 -33257.723734397579
15.90625022217081 33607.562686503341 -33397.406656950283
15.906375333256214 33748.363448334778 -33537.854044327411
15.906500444341617 33889.934876602158 -33679.071055239212
15.906625555427022 34032.282175817141 -33821.0628897977
15.906750666512426 34175.410592302564 -33963.834789901899
15.906875777597831 34319.325414581901 -34107.392039627171
15.907000888683235 34464.031973772915 -34251.739965618668
15.90712599976864 34609.535643985429 -34396.883937488965
15.907251110854045 34755.841842723377 -34542.829368219929
15.907376221939447 34902.956031291091 -34689.581714568834
15.907501333024852 35050.883715203941 -34837.146477478847
15.907626444110257 35199.630444603346 -34985.529202493861
15.907751555195661 35349.20181467622 -35134.735480177747
15.907876666281066 35499.603466078908 -35284.770946538149
15.90800177736647 35650.841085365639 -35435.641283454745
15.908126888451875 35802.920405421617 -35587.352219112152
15.90825199953728 35955.847205900725 -35739.909528437471
15.908377110622682 36109.627313667937 -35893.31903354251
15.908502221708087 36264.266603246528 -36047.5866041708
15.908627332793492 36419.77099727004 -36202.718158149401
15.908752443878896 36576.146466939193 -36358.719661845607
15.908877554964301 36733.399032483685 -36515.597130628586
15.909002666049705 36891.534763629024 -36673.356629335998
15.90912777713511 37050.55978006839 -36832.00427274566
15.909252888220513 37210.480251939611 -36991.546226052393
15.909377999305917 37371.302400307373 -37151.988705349948
15.909503110391322 37533.032497650594 -37313.337978118274
15.909628221476726 37695.676868355193 -37475.600363716025
15.909753332562131 37859.24188921215 -37638.782233878461
15.909878443647536 38023.733989921056 -37802.8900132208
15.91000355473294 38189.159653599178 -37967.930179747047
15.910128665818343 38355.525417296041 -38133.909265364418
15.910253776903748 38522.837872513708 -38300.833856403377
15.910378887989152 38691.103665732728 -38468.71059414342
15.910503999074557 38860.329498943909 -38637.5461753446
15.910629110159961 39030.522130185906 -38807.347352784935
15.910754221245366 39201.688374088735 -38978.120935803709
15.91087933233077 39373.835102423334 -39149.873790850783
15.911004443416173 39546.969244657113 -39322.612842041999
15.911129554501578 39721.097788515726 -39496.345071720672
15.911254665586982 39896.227780551024 -39671.077521025371
15.911379776672387 40072.366326715339 -39846.817290463936
15.911504887757792 40249.520592942114 -40023.57154049394
15.911629998843196 40427.69780573302 -40201.347492109548
15.911755109928601 40606.905252751581 -40380.152427434921
15.911880221014005 40787.150283423471 -40559.9936903243
15.912005332099408 40968.440309543446 -40740.878686968696
15.912130443184813 41150.782805889139 -40922.814886509455
15.912255554270217 41334.185310841662 -41105.809821658637
15.912380665355622 41518.655427013204 -41289.871089326363
15.912505776441026 41704.200821881677 -41475.006351255244
15.912630887526431 41890.829228432471 -41661.223334661874
15.912755998611836 42078.548445807464 -41848.529832885622
15.912881109697238 42267.366339961329 -42036.933706044678
15.913006220782643 42457.29084432526 -42226.442881699542
15.913131331868048 42648.329960478193 -42417.065355524006
15.913256442953452 42840.491758825636 -42608.809191983717
15.913381554038857 43033.78437928619 -42801.68252502245
15.913506665124261 43228.216031985852 -42995.693558756175
15.913631776209666 43423.79499796022 -43190.850568174981
15.913756887295069 43620.529629864686 -43387.161899853039
15.913881998380473 43818.428352692739 -43584.63597266662
15.914007109465878 44017.499664502429 -43783.281278520306
15.914132220551283 44217.752137151176 -43983.10638308154
15.914257331636687 44419.194417038962 -44184.119926523541
15.914382442722092 44621.83522586005 -44386.330624276743
15.914507553807496 44825.683361363306 -44589.747267788887
15.914632664892899 45030.747698121319 -44794.37872529382
15.914757775978304 45237.037188308284 -45000.233942589126
15.914882887063708 45444.560862486927 -45207.321943822775
15.915007998149113 45653.32783040448 -45415.651832288801
15.915133109234517 45863.347281797825 -45625.232791232171
15.915258220319922 46074.628487208021 -45836.074084663021
15.915383331405327 46287.180798804198 -46048.185058180272
15.915508442490731 46501.013651217065 -46261.575139804823
15.915633553576134 46716.13656238206 -46476.25384082245
15.915758664661539 46932.559134392366 -46692.230756636476
15.915883775746943 47150.291054361798 -46909.515567630398
15.916008886832348 47369.342095297827 -47128.118040040572
15.916133997917752 47589.72211698474 -47348.048026839111
15.916259109003157 47811.441066877189 -47569.315468627086
15.916384220088561 48034.508981004183 -47791.930394538242
15.916509331173964 48258.93598488369 -48015.902923153262
15.916634442259369 48484.732294447989 -48241.243263424811
15.916759553344773 48711.908216979908 -48467.96171561347
15.916884664430178 48940.474152060102 -48696.068672234673
15.917009775515583 49170.440592525512 -48925.57461901685
15.917134886600987 49401.818125439124 -49156.490135870867
15.917259997686392 49634.617433071246 -49388.825897870949
15.917385108771795 49868.849293892381 -49622.592676247237
15.917510219857199 50104.524583577884 -49857.801339390135
15.917635330942604 50341.654276024601 -50094.462853866549
15.917760442028008 50580.249444379544 -50332.588285448277
15.917885553113413 50820.321262080884 -50572.188800152617
15.918010664198817 51061.881003911323 -50813.275665295419
15.918135775284222 51304.940047064098 -51055.860250556732
15.918260886369625 51549.509872221723 -51299.954029059176
15.918385997455029 51795.602064647654 -51545.568578459257
15.918511108540434 52043.228315291082 -51792.715582051809
15.918636219625839 52292.400421904997 -52041.406829887681
15.918761330711243 52543.130290177702 -52291.654219904893
15.918886441796648 52795.429934877997 -52543.469759073429
15.919011552882052 53049.311481014156 -52796.865564553882
15.919136663967457 53304.787165006957 -53051.853864870049
15.91926177505286 53561.869335876872 -53308.447001095788
15.919386886138264 53820.57045644569 -53566.657428056242
15.919511997223669 54080.90310455273 -53826.497715543635
15.919637108309074 54342.879974285817 -54087.980549547909
15.919762219394478 54606.513877227291 -54351.118733502291
15.919887330479883 54871.817743715183 -54615.92518954409
15.920012441565287 55138.804624119824 -54882.412959790898
15.92013755265069 55407.48769013604 -55150.595207632388
15.920262663736095 55677.880236091216 -55420.485219037961
15.920387774821499 55949.99568026937 -55692.096403880401
15.920512885906904 56223.847566251548 -55965.442297275848
15.920637996992308 56499.449564272662 -56240.536560940229
15.920763108077713 56776.815472595074 -56517.392984562415
15.920888219163118 57055.959218899145 -56796.025487194318
15.92101333024852 57336.89486169094 -57076.448118658191
15.921138441333925 57619.636591727402 -57358.675060971349
15.92126355241933 57904.198733459161 -57642.720629788528
15.921388663504734 58190.595746491272 -57928.599275862187
15.921513774590139 58478.842227062101 -58216.325586520958
15.921638885675543 58768.952909540669 -58505.914287166488
15.921763996760948 59060.942667942603 -58797.380242788997
15.921889107846351 59354.826517465102 -59090.738459501721
15.922014218931755 59650.619616041033 -59386.004086094581
15.92213933001716 59948.337265912553 -59683.1924156073
15.922264441102564 60247.994915224423 -59982.318886922265
15.922389552187969 60549.608159637406 -60283.399086377431
15.922514663273374 60853.192743961903 -60586.448749399475
15.922639774358778 61158.764563812227 -60891.483762157579
15.922764885444183 61466.33966728174 -61198.520163238078
15.922889996529586 61775.934256639179 -61507.574145340266
15.92301510761499 62087.564690046442 -61818.6620569937
15.923140218700395 62401.247483298168 -62131.800404297253
15.923265329785799 62716.999311583415 -62447.00585268029
15.923390440871204 63034.83701126973 -62764.295228686213
15.923515551956609 63354.777581709961 -63083.685521778752
15.923640663042013 63676.838187072128 -63405.193886171292
15.923765774127416 64001.036158192641 -63728.837642679566
15.92389088521282 64327.388994453271 -64054.634280598097
15.924015996298225 64655.914365682162 -64382.60145960065
15.92414110738363 64986.630114079249 -64712.757011665097
15.924266218469034 65319.554256166441 -65045.118943023052
15.924391329554439 65654.704984762895 -65379.70543613458
15.924516440639843 65992.100670985761 -65716.534851688397
15.924641551725246 66331.759866276843 -66055.6257306279
15.924766662810651 66673.701304455346 -66396.996796203399
15.924891773896055 67017.943903797335 -66740.666956050976
15.92501688498146 67364.506769142157 -67086.65530429827
15.925141996066865 67713.409194026171 -67434.981123697682
15.925267107152269 68064.67066284435 -67785.663887787334
15.925392218237674 68418.310853039991 -68138.723263080174
15.925517329323077 68774.349637323059 -68494.179111281745
15.925642440408481 69132.807085917564 -68852.051491536855
15.925767551493886 69493.703468838299 -69212.360662705789
15.92589266257929 69857.059258197522 -69575.127085670305
15.926017773664695 70222.895130541932 -69940.371425669975
15.926142884750099 70591.231969220375 -70308.114554669271
15.926267995835504 70962.090866782804 -70678.377553755854
15.926393106920909 71335.493127410897 -71051.181715570507
15.926518218006311 71711.460269380783 -71426.548546769263
15.926643329091716 72090.014027558456 -71804.499770518087
15.926768440177121 72471.176355928212 -72185.057329020681
15.926893551262525 72854.969430154757 -72568.243386079892
15.92701866234793 73241.415650179377 -72954.08032969317
15.927143773433334 73630.537642850715 -73342.590774682671
15.927268884518739 74022.358264590672 -73733.797565360452
15.927393995604142 74416.900604095994 -74127.723778229323
15.927519106689546 74814.187985075972 -74524.392724719859
15.927644217774951 75214.243969026924 -74923.827953964152
15.927769328860355 75617.09235804397 -75326.053255606806
15.92789443994576 76022.757197670609 -75731.092662653828
15.928019551031165 76431.262779786746 -76138.970454359849
15.928144662116569 76842.63364553568 -76549.711159154424
15.928269773201972 77256.894588290699 -76963.339557607833
15.928394884287377 77674.070656661876 -77379.880685437078
15.928519995372781 78094.187157543653 -77799.359836552714
15.928645106458186 78517.269659203841 -78221.802566147031
15.92877021754359 78943.343994414638 -78647.234693824328
15.928895328628995 79372.436263626412 -79075.682306773844
15.9290204397144 79804.572838184773 -79507.171762986021
15.929145550799802 80239.780363591679 -79941.729694512804
15.929270661885207 80678.085762811199 -80379.383010772595
15.929395772970611 81119.516239620716 -80820.158901900533
15.929520884056016 81564.099282008101 -81264.084842144934
15.929645995141421 82011.862665615772 -81711.188593310406
15.929771106226825 82462.83445723218 -82161.498208248508
15.92989621731223 82917.043018331577 -82615.042034396625
15.930021328397634 83374.517008662748 -83071.848717365836
15.930146439483037 83835.285389887504 -83531.947204578493
15.930271550568442 84299.37742926972 -83995.366748956367
15.930396661653846 84766.822703415601 -84462.136912660004
15.930521772739251 85237.651102066156 -84932.287570880275
15.930646883824656 85711.892831942532 -85405.848915682771
15.93077199491006 86189.578420645135 -85882.851459905985
15.930897105995465 86670.738720607304 -86363.326041114051
15.931022217080868 87155.404913104489 -86847.303825604933
15.931147328166272 87643.608512319712 -87334.816312474941
15.931272439251677 88135.381369466268 -87825.89533774044
15.931397550337081 88630.755676968532 -88320.573078517627
15.931522661422486 89129.763972701796 -88818.88205726145
15.93164777250789 89632.43914429209 -89320.855146064321
15.931772883593295 90138.814433476931 -89826.525571015882
15.931897994678698 90648.923440527928 -90335.926916624594
15.932023105764102 91162.800128736286 -90849.093130302179
15.932148216849507 91680.478828962223 -91366.058526911933
15.932273327934912 92201.994244249203 -91886.857793381962
15.932398439020316 92727.381454504211 -92411.525993384334
15.932523550105721 93256.67592124494 -92940.098572081173
15.932648661191125 93789.913492415086 -93472.61136093887
15.932773772276528 94327.130407268807 -94009.100582611398
15.932898883361933 94868.363301325458 -94549.602855893929
15.933023994447337 95413.649211395779 -95094.155200747875
15.933149105532742 95963.02558068058 -95642.795043398437
15.933274216618146 96516.530263943234 -96195.560221505904
15.933399327703551 97074.201532757084 -96752.488989411897
15.933524438788956 97636.078080829044 -97313.620023461786
15.93364954987436 98202.199029400566 -97878.992427404417
15.933774660959763 98772.603932727288 -98448.645737870567
15.933899772045168 99347.332783638631 -99022.619929931316
15.934024883130572 99926.426019178674 -99600.955422737636
15.934149994215977 100509.92452632956 -100183.6930852426
15.934275105301381 101097.86964781894 -100770.87424200747
15.934400216386786 101690.30318801267 -101362.54067909319
15.934525327472191 102287.26741889429 -101958.73465003847
15.934650438557593 102888.80508613265 -102559.49888192619
15.934775549642998 103494.95941523917 -103164.87658153927
15.934900660728402 104105.77411781623 -103774.91144160771
15.935025771813807 104721.29339789815 -104389.64764714823
15.935150882899212 105341.56195838637 -105009.12988189807
15.935275993984616 105966.62500758037 -105633.40333484449
15.935401105070021 106596.52826580586 -106262.51370685161
15.935526216155424 107231.31797214203 -106896.50721738614
15.935651327240828 107871.04089124934 -107535.43061134385
15.935776438326233 108515.74432029968 -108179.33116597813
15.935901549411637 109165.47609601048 -108828.25669793277
15.936026660497042 109820.28460178468 -109482.25557038032
15.936151771582447 110480.21877495821 -110141.37670026816
15.936276882667851 111145.32811415692 -110805.66956567379
15.936401993753254 111815.66268676463 -111475.18421327145
15.936527104838659 112491.27313650442 -112149.97126591181
15.936652215924063 113172.21069113491 -112830.08193031665
15.936777327009468 113858.52717026358 -113515.56800489058
15.936902438094872 114550.27499327902 -114206.48188765169
15.937027549180277 115247.50718740428 -114902.87658428331
15.937152660265681 115950.2773958733 -115604.80571630869
15.937277771351086 116658.63988623259 -116312.32352939108
15.937402882436489 117372.64955877021 -117025.48490176102
15.937527993521893 118092.36195507439 -117744.34535277321
15.937653104607298 118817.83326672392 -118468.96105159515
15.937778215692703 119549.12034411255 -119199.3888260299
15.937903326778107 120286.28070540992 -119935.6861714751
15.938028437863512 121029.37254566113 -120677.91126002083
15.938153548948916 121778.45474602754 -121426.12294968858
15.938278660034319 122533.58688317119 -122180.38079381382
15.938403771119724 123294.82923878533 -122940.7450505747
15.938528882205128 124062.24280927371 -123707.2766926694
15.938653993290533 124835.88931558108 -124480.03741714479
15.938779104375937 125615.83121317766 -125259.08965537898
15.938904215461342 126402.13170220029 -126044.49658322048
15.939029326546747 127194.85473775296 -126836.32213128677
15.939154437632149 127994.06504036959 -127634.63099542509
15.939279548717554 128799.82810664183 -128439.48864733825
15.939404659802959 129612.21022001494 -129250.96134537844
15.939529770888363 130431.27846175466 -130069.11614551202
15.939654881973768 131257.10072208801 -130894.02091245826
15.939779993059172 132089.74571152142 -131725.74433100532
15.939905104144577 132929.28297233887 -132564.3559175063
15.94003021522998 133775.78289028379 -133409.92603155892
15.940155326315384 134629.31670642763 -134262.52588787195
15.940280437400789 135489.95652922866 -135122.22756832169
15.940405548486194 136357.77534678421 -135989.10403420206
15.940530659571598 137232.84703928008 -136863.22913867168
15.940655770657003 138115.24639164054 -137744.67763940163
15.940780881742407 139005.04910638253 -138633.52521142727
15.940905992827812 139902.33181667788 -139529.84846020804
15.941031103913215 140807.17209962709 -140433.72493489902
15.941156214998619 141719.64848974888 -141345.23314183785
15.941281326084024 142639.84049268908 -142264.45255825133
15.941406437169428 143567.82859915306 -143191.46364618532
15.941531548254833 144503.69429906577 -144126.34786666231
15.941656659340238 145447.52009596361 -145069.18769407063
15.941781770425642 146399.38952162216 -146020.06663078972
15.941906881511045 147359.38715092439 -146979.0692220557
15.94203199259645 148327.59861697361 -147946.28107107172
15.942157103681854 149304.11062645586 -148921.78885436757
15.942282214767259 150289.01097525607 -149905.68033741327
15.942407325852663 151282.38856433291 -150898.04439049115
15.942532436938068 152284.33341585725 -151898.97100483146
15.942657548023472 153294.93668961874 -152908.55130901621
15.942782659108875 154314.29069970592 -153926.87758565642
15.94290777019428 155342.48893146476 -154954.04328834781
15.943032881279684 156379.62605874092 -155990.14305891006
15.943157992365089 157425.79796141098 -157035.27274491524
15.943283103450494 158481.10174320822 -158089.52941751046
15.943408214535898 159545.63574984833 -159153.01138954062
15.943533325621303 160619.49958746086 -160225.81823397672
15.943658436706706 161702.79414133204 -161308.05080265572
15.94378354779211 162795.62159496514 -162399.81124533759
15.943908658877515 163898.08544946407 -163501.20302908582
15.944033769962919 165010.29054324661 -164612.33095797739
15.944158881048324 166132.34307209347 -165733.30119314863
15.944283992133728 167264.35060953969 -166864.22127318318
15.944409103219133 168406.42212761476 -168005.20013484886
15.944534214304536 169558.66801793833 -169156.34813418996
15.94465932538994 170721.20011317829 -170317.77706798189
15.944784436475345 171894.13170887824 -171489.60019555505
15.94490954756075 173077.57758566129 -172671.93226099527
15.945034658646154 174271.65403181786 -173864.8895157279
15.945159769731559 175476.47886628451 -175068.58974149311
15.945284880816963 176692.17146202171 -176283.15227371993
15.945409991902368 177918.85276979813 -177508.6980253068
15.945535102987771 179156.64534238959 -178745.34951081677
15.945660214073175 180405.67335920042 -179993.23087109512
15.94578532515858 181666.06265131605 -181252.4678983179
15.945910436243985 182937.94072699474 -182523.18806147992
15.946035547329389 184221.4367976074 -183805.52053233047
15.946160658414794 185516.68180403442 -185099.59621176618
15.946285769500198 186823.80844352831 -186405.54775668957
15.946410880585601 188142.95119705141 -187723.50960734262
15.946535991671006 189474.24635709837 -189053.61801512499
15.94666110275641 190817.83205601262 -190396.01107090639
15.946786213841815 192173.84829480707 -191750.82873384285
15.946911324927219 193542.43697249895 -193118.21286070719
15.947036436012624 194923.74191596892 -194498.30723574379
15.947161547098029 196317.90891035533 -195891.25760105834
15.947286658183431 197725.08572999411 -197297.21168755312
15.947411769268836 199145.42216991537 -198716.31924641901
15.947536880354241 200579.07007790793 -200148.73208119546
15.947661991439645 202026.18338716336 -201594.60408040966
15.94778710252505 203486.91814951124 -203054.09125080702
15.947912213610454 204961.43256925757 -204527.35175118482
15.948037324695859 206449.88703763869 -206014.54592684109
15.948162435781263 207952.44416790345 -207515.83634465179
15.948287546866666 209469.26883103605 -209031.38782878863
15.948412657952071 211000.52819213321 -210561.36749709104
15.948537769037475 212546.39174744862 -212105.94479810545
15.94866288012288 214107.0313621189 -213665.29154880598
15.948787991208285 215682.62130858467 -215239.58197301009
15.948913102293689 217273.33830572155 -216828.99274050418
15.949038213379094 218879.36155869544 -218433.70300689334
15.949163324464497 220500.87279955728 -220053.89445419059
15.949288435549901 222138.05632859285 -221689.75133216093
15.949413546635306 223791.09905644308 -223341.46050043593
15.94953865772071 225460.19054701118 -225009.21147141507
15.949663768806115 227145.52306117304 -226693.19645397019
15.949788879891519 228847.29160130781 -228393.61039797004
15.949913990976924 230565.69395666581 -230110.65103964219
15.950039102062327 232300.93074959164 -231844.51894778994
15.950164213147731 234053.20548262045 -233595.4175708823
15.950289324233136 235822.72458646592 -235363.55328503565
15.950414435318541 237609.69746891884 -237149.13544290591
15.950539546403945 239414.33656467585 -238952.37642351075
15.95066465748935 241236.85738611815 -240773.49168300157
15.950789768574754 243077.47857506029 -242612.6998064057
15.950914879660157 244936.42195549011 -244470.22256035946
15.951039990745562 246813.91258732107 -246346.28494685362
15.951165101830966 248710.17882117879 -248241.11525801287
15.951290212916371 250625.45235424407 -250154.94513193169
15.951415324001776 252559.96828717523 -252088.00960958956
15.95154043508718 254513.9651821334 -254040.54719286889
15.951665546172585 256487.68512193463 -256012.7999036996
15.951790657257988 258481.37377035315 -258005.01334435499
15.951915768343392 260495.28043360147 -260017.43675892401
15.952040879428797 262529.65812301252 -262050.32309598575
15.952165990514201 264584.76361895062 -264103.92907251243
15.952291101599606 266660.85753597808 -266178.5152390282
15.95241621268501 268758.20438930549 -268274.34604605089
15.952541323770415 270877.07266255334 -270391.68991184584
15.95266643485582 273017.73487685504 -272530.81929152028
15.952791545941222 275180.46766133036 -274692.0107474883
15.952916657026627 277365.55182495998 -276875.54502133682
15.953041768112032 279573.27242989274 -279081.70710712409
15.953166879197436 281803.91886621719 -281310.78632614238
15.953291990282841 284057.78492823074 -283563.07640317798
15.953417101368245 286335.16889223969 -285838.87554430211
15.95354221245365 288636.37359592476 -288138.48651622736
15.953667323539053 290961.7065193078 -290462.21672726463
15.953792434624457 293311.47986735543 -292810.37830991735
15.953917545709862 295686.01065425709 -295183.28820514976
15.954042656795266 298085.62078941544 -297581.26824836753
15.954167767880671 300510.63716518844 -300004.64525714971
15.954292878966076 302961.39174642309 -302453.7511207721
15.95441799005148 305438.2216618213 -304928.92289156315
15.954543101136883 307941.46929718117 -307430.50287813443
15.954668212222288 310471.48239055573 -309958.83874052874
15.954793323307692 313028.61412937409 -312514.2835873306
15.954918434393097 315613.22324957035 -315097.19607478398
15.955043545478501 318225.67413676664 -317707.94050796406
15.955168656563906 320866.33692955837 -320346.88694405131
15.955293767649311 323535.58762495039 -323014.41129775601
15.955418878734713 326233.80818599474 -325710.89544894436
15.955543989820118 328961.38665168145 -328436.72735251719
15.955669100905522 331718.71724913496 -331192.30115059461
15.955794211990927 334506.20050817146 -333978.01728706062
15.955919323076332 337324.24337827158 -336794.28262452362
15.956044434161736 340173.259348027 -339641.51056375023
15.956169545247141 343053.66856711847 -342520.12116563047
15.956294656332545 345965.89797088661 -345430.54127573542
15.956419767417948 348910.38140755653 -348373.20465152839
15.956544878503353 351887.55976818007 -351348.55209229392
15.956669989588757 354897.88111936097 -354357.0315718489
15.956795100674162 357941.80083882972 -357399.09837410372
15.956920211759567 361019.78175393684 -360475.21523154108
15.957045322844971 364132.29428313504 -363585.85246668401
15.957170433930376 367279.81658052292 -366731.48813662463
15.957295545015779 370462.83468352444 -369912.60818068881
15.957420656101183 373681.84266378061 -373129.7065713128
15.957545767186588 376937.34278133168 -376383.28546820983
15.957670878271992 380229.84564217081 -379673.85537590826
15.957795989357397 383559.87035925145 -383001.93530474306
15.957921100442801 386927.94471703417 -386368.05293538625
15.958046211528206 390334.60533965949 -389772.74478700344
15.958171322613609 393780.39786283713 -393216.55638912629
15.958296433699013 397265.87710954342 -396700.04245733307
15.958421544784418 400791.60726962221 -400223.76707283186
15.958546655869823 404358.1620833858 -403788.30386604433
15.958671766955227 407966.12502931681 -407394.23620428948
15.958796878040632 411616.08951597335 -411042.15738367062
15.958921989126036 415308.6590782032 -414732.67082527111
15.959047100211439 419044.44757777604 -418466.39027576777
15.959172211296844 422824.07940854511 -422243.94001257332
15.959297322382248 426648.18970625295 -426065.95505362278
15.959422433467653 430517.4245631001 -429933.08137192216
15.959547544553057 434432.44124719704 -433845.97611498047
15.959672655638462 438393.90842702537 -437805.30782925017
15.959797766723867 442402.50640103547 -441811.75668970426
15.959922877809271 446458.92733251391 -445866.01473468222
15.960047988894674 450563.87548985519 -449968.78610614035
15.960173099980079 454718.06749237858 -454120.78729544644
15.960298211065483 458922.23256183276 -458322.74739486229
15.960423322150888 463177.11277973716 -462575.40835486213
15.960548433236292 467483.46335071116 -466879.52524743875
15.960673544321697 471842.05287194811 -471235.866535554
15.960798655407102 476253.66360899538 -475645.21434889483
15.960923766492504 480719.09177800571 -480108.36476610025
15.961048877577909 485239.14783463074 -484626.12810362992
15.961173988663313 489814.65676973225 -489199.32921145041
15.961299099748718 494446.45841209177 -493828.80777571868
15.961424210834123 499135.40773830458 -498515.41862865025
15.961549321919527 503882.37519004964 -503260.03206576227
15.961674433004932 508688.24699893268 -508063.53417068941
15.961799544090335 513553.92551910545 -512926.82714777568
15.961924655175739 518480.32956787018 -517850.82966265065
15.962049766261144 523468.3947744848 -522836.47719100589
15.962174877346548 528519.07393739023 -527884.72237579327
15.962299988431953 533633.33739008883 -532996.53539307357
15.962425099517358 538812.17337590863 -538172.90432675043
15.962550210602762 544056.58843189629 -543414.83555243281
15.962675321688165 549367.60778208857 -548723.35413067439
15.96280043277357 554746.27574041905 -554099.50420984905
15.962925543858974 560193.65612352605 -559544.34943892574
15.963050654944379 565710.83267373452 -565058.97339041764
15.963175766029783 571298.90949249407 -570644.47999378573
15.963300877115188 576959.01148456312 -576301.99397958897
15.963425988200592 582692.28481323808 -582032.66133467841
15.963551099285997 588499.89736693737 -587837.64976874529
15.9636762103714 594383.03923745709 -593718.14919254044
15.963801321456804 600342.92321022705 -599675.37220809306
15.963926432542209 606380.78526690544 -605710.55461126741
15.964051543627614 612497.88510066026 -611824.95590700617
15.964176654713018 618695.50664449844 -618019.85983762005
15.964301765798423 624974.95861301303 -624296.57492449449
15.964426876883827 631337.57505793113 -630656.43502359756
15.96455198796923 637784.71593785856 -637100.79989518248
15.964677099054635 644317.76770262758 -643631.0557880929
15.964802210140039 650938.143892669 -650248.61603909207
15.964927321225444 657647.28575384233 -656954.92168764898
15.965052432310848 664446.66286817228 -663751.44210662937
15.965177543396253 671337.77380095317 -670639.67564935493
15.965302654481658 678322.14676469925 -677621.15031350625
15.96542776556706 685401.3403004331 -684697.42442236422
15.965552876652465 692576.94397682149 -691870.0873238967
15.96567798773787 699850.5791076828 -699140.7601082169
15.965803098823274 707223.89948840986 -706511.09634395514
15.965928209908679 714698.59215186734 -713982.78283410484
15.966053320994083 722276.3781443428 -721557.54039192118
15.966178432079488 729959.01332214929 -729237.12463747
15.966303543164891 737748.28916949709 -737023.32681544416
15.966428654250295 745646.03363827174 -744917.97463488649
15.9665537653357 753654.11201037921 -752922.93313147756
15.966678876421105 761774.42778333847 -761040.10555306997
15.966803987506509 770008.92357982567 -769271.43426917354
15.966929098591914 778359.58208189881 -777618.90170511906
15.967054209677318 786828.42699065432 -786084.53130165313
15.967179320762723 795417.5240120939 -794670.38850074192
15.967304431848126 804128.98187000642 -803378.58175838843
15.96742954293353 812964.95334669598 -812211.2635852953
15.967554654018935 821927.63635241706 -821170.6316162321
15.967679765104339 831019.27502440615 -830258.92970899923
15.967804876189744 840242.16085643054 -839478.44907390594
15.967929987275149 849598.63385980646 -848831.52943471726
15.968055098360553 859091.08375687141 -858320.56022205367
15.968180209445956 868721.95120793115 -867947.98180026305
15.968305320531361 878493.7290727353 -877716.28672882065
15.968430431616765 888408.96370757453 -887628.02105934813
15.96855554270217 898470.25629912911 -897685.78566938289
15.968680653787574 908680.26423623948 -907892.23763406731
15.968805764872979 919041.70252080995 -918250.09163696982
15.968930875958383 929557.34521910106 -928762.12142129266
15.969055987043786 940230.02695470944 -939431.16128276475
15.969181098129191 951062.64444458031 -950260.10760556604
15.969306209214595 962058.15807944792 -961251.92044267792
15.9694313203 973219.59355014772 -972409.62514210236
15.969556431385405 984550.04352129588 -983736.31402044767
15.969681542470809 996052.66935388802 -995235.1480854305
15.969806653556214 1007730.7028784234 -1006909.3588089014
15.969931764641617 1019587.44822022 -1018762.2499520595
15.970056875727021 1031626.2836786489 -1030797.1994445827
15.970181986812426 1043850.6636620746 -1043017.6613194643
15.97030709789783 1056264.1206803622 -1055427.1677054111
15.970432208983235 1068870.2673968722 -1068029.3308787285
15.970557320068639 1081672.7987419416 -1080827.845376689
15.970682431154044 1094675.4940899215 -1093826.4901744544
15.970807542239449 1107882.21950192 -1107029.1309277008
15.970932653324851 1121296.9300364791 -1120439.7222831747
15.971057764410256 1134923.6721304986 -1134062.3102594942
15.971182875495661 1148766.586052808 -1147901.0347005944
15.971307986581065 1162829.9084328783 -1161960.1318043096
15.97143309766647 1177117.9748672605 -1176243.9367286798
15.971558208751874 1191635.222606435 -1190756.8862786656
15.971683319837279 1206386.1933248632 -1205503.521676061
15.971808430922682 1221375.535977137 -1220488.4914155002
15.971933542008086 1236608.0097432327 -1235716.5542095681
15.972058653093491 1252088.4870659967 -1251192.582026137
15.972183764178896 1267821.9567841096 -1266921.5632211778
15.9723088752643 1283813.5273639008 -1282908.6057704207
15.972433986349705 1300068.4302335246 -1299158.9406033705
15.972559097435109 1316592.023223137 -1315677.9250433205
15.972684208520512 1333389.7941148668 -1332471.0463571572
15.972809319605917 1350467.3643065183 -1349543.9254188912
15.972934430691321 1367830.4925931036 -1366902.320491014
15.973059541776726 1385485.0790704628 -1384552.1311279398
15.97318465286213 1403437.1691654087 -1402499.4022059641
15.973309763947535 1421692.957797 -1420750.3280843501
15.97343487503294 1440258.7936737477 -1439311.2569023413
15.973559986118342 1459141.1837317424 -1458188.6950170903
15.973685097203747 1478346.7977189012 -1477389.3115877036
15.973810208289152 1497882.4729307422 -1496919.9433108075
15.973935319374556 1517755.2191033203 -1516787.5993132703
15.974060430459961 1537972.2234691873 -1536999.4662079448
15.974185541545365 1558540.8559824859 -1557562.9133185372
15.97431065263077 1579468.6747195392 -1578485.498079967
15.974435763716174 1600763.4314615633 -1599774.9716208437
15.974560874801577 1622433.0774664113 -1621439.2845349698
15.974685985886982 1644485.7694365461 -1643486.5928490644
15.974811096972386 1666929.8756907443 -1665925.2641942133
15.974936208057791 1689773.9825473521 -1688763.8841888639
15.975061319143196 1713026.9009272503 -1712011.2630415219
15.9751864302286 1736697.6731850316 -1735676.4423816549
15.975311541314005 1760795.5801772627 -1759768.7023276708
15.975436652399408 1785330.148577082 -1784297.5688012275
15.975561763484812 1810311.1584447944 -1809272.8210975295
15.975686874570217 1835748.6510645335 -1834704.4997216859
15.975811985655621 1861652.937057514 -1860602.9145016482
15.975937096741026 1888034.6047828505 -1886978.6529887095
15.97606220782643 1914904.5290374109 -1913842.589157026
15.976187318911835 1942273.8800666723 -1941205.8924141342
15.976312429997238 1970154.1328990897 -1969080.0369349713
15.976437541082642 1998557.07701704 -1997476.811332461
15.976562652168047 2027494.826377993 -2026408.3286783169
15.976687763253452 2056979.8298001774 -2055887.0368883307
15.976812874338856 2087024.8817276557 -2085925.7294870585
15.976937985424261 2117643.1333903982 -2116537.5567674963
15.977063096509665 2148848.1043756637 -2147736.0373620489
15.977188207595068 2180653.6946277362 -2179535.070241848
15.977313318680473 2213074.1968938629 -2211948.9471622524
15.977438429765877 2246124.3096350511 -2244992.3655732032
15.977563540851282 2279819.1504212664 -2278680.4420139608
15.977688651936687 2314174.269831473 -2313028.7260126742
15.977813763022091 2349205.6658799257 -2348053.214512188
15.977938874107496 2384929.7989911293 -2383770.3668445041
15.9780639851929 2421363.607546946 -2420197.1202773731
15.978189096278303 2458524.5240304414 -2457350.9061576142
15.978314207363708 2496430.4917922481 -2495249.6666769329
15.978439318449112 2535099.9824664486 -2533911.8722872473
15.978564429534517 2574552.0140642999 -2573356.5397938327
15.978689540619921 2614806.1697754781 -2613603.2511559757
15.978814651705326 2655882.6175079816 -2654672.1730262656
15.978939762790731 2697802.1301993444 -2696584.0770611782
15.979064873876133 2740586.1069334256 -2739360.3610372185
15.979189984961538 2784256.5948987301 -2783023.0708085722
15.979315096046943 2828836.3122259974 -2827594.9231440085
15.979440207132347 2874348.6717446898 -2873099.3294826578
15.979565318217752 2920817.8056999817 -2919560.4206502726
15.979690429303156 2968268.591473964 -2967003.0725796772
15.979815540388561 3016726.6783569772 -3015452.9330813261
15.979940651473964 3066218.5154173342 -3064936.4497122266
15.980065762559368 3116771.3805201496 -3115480.8987939428
15.980190873644773 3168413.4105486092 -3167114.415633013
15.980315984730177 3221173.6328837587 -3219866.0259998627
15.980441095815582 3275081.9982018061 -3273765.6789252004
15.980566206900987 3330169.4146510093 -3328844.2808759711
15.980691317986391 3386467.7834734702 -3385133.731376186
15.980816429071794 3444010.036140603 -3442666.9601413952
15.980941540157199 3502830.1730746864 -3501477.9657992148
15.981066651242603 3562963.3040327588 -3561601.8562721582
15.981191762328008 3624445.6902331989 -3623074.8909031241
15.981316873413412 3687314.788309664 -3685934.5244082026
15.981441984498817 3751609.2961816196 -3750219.4527460365
15.981567095584222 3817369.200935557 -3815969.6609978303
15.981692206669626 3884635.8288161349 -3883226.4733572472
15.981817317755029 3953451.8974319319 -3952032.6053348701
15.981942428840433 4023861.570286273 -4022432.2182876966
15.982067539925838 4095910.5137497303 -4094470.9763902621
15.982192651011243 4169645.9565974106 -4168196.1061705016
15.982317762096647 4245116.7522410471 -4243656.4587403685
15.982442873182052 4322373.443793253 -4320902.5748585658
15.982567984267456 4401468.3321090844 -4399986.7529705307
15.982693095352859 4482455.5469583403 -4480963.1203791033
15.982818206438264 4565391.1214908371 -4563887.707708111
15.982943317523668 4650333.0701662572 -4648818.526830473
15.983068428609073 4737341.4703301126 -4735815.652442351
15.983193539694478 4826478.5476279594 -4824941.3074754896
15.983318650779882 4917808.7654612837 -4916259.9525511609
15.983443761865287 5011398.9187004836 -5009838.3796911389
15.98356887295069 5107318.2318831403 -5105745.810513881
15.983693984036094 5205638.4621393923 -5204053.9991577482
15.983819095121499 5306434.0071007814 -5304837.3401876101
15.983944206206903 5409782.0180643676 -5408172.9817566369
15.984069317292308 5515762.5187004684 -5514140.9443116346
15.984194428377712 5624458.5296099568 -5622824.2451478476
15.984319539463117 5735956.1990558887 -5734309.0291379923
15.98444465054852 5850344.9402142921 -5848684.7059803614
15.984569761633924 5967717.5753104119 -5966044.0943322778
15.984694872719329 6088170.4870296223 -6086483.5732181137
15.984819983804734 6211803.7776167346 -6210103.2411255902
15.984945094890138 6338721.4361036215 -6337007.0832302766
15.985070205975543 6469031.5141331218 -6467303.1472162548
15.985195317060947 6602846.3108772403 -6601103.7281909445
15.985320428146352 6740282.5675797388 -6738525.5632241946
15.985445539231755 6881461.6722876858 -6879690.0360761862
15.985570650317159 7026509.8753734101 -7024723.392715604
15.985695761402564 7175558.5164878648 -7173756.9682690594
15.985820872487968 7328744.2636288321 -7326927.4260851974
15.985945983573373 7486209.3650529301 -7484377.009642439
15.986071094658778 7648101.9148092596 -7646253.808078194
15.986196205744182 7814576.1327250414 -7812712.0361698726
15.986321316829585 7985792.6597299585 -7983912.3296544226
15.98644642791499 8161918.8694665888 -8160022.056833744
15.986571539000394 8343129.1971995169 -8341215.6474785833
15.986696650085799 8529605.4871058892 -8527674.940113645
15.986821761171203 8721537.3591057006 -8719589.5488422066
15.986946872256608 8919122.5964714717 -8917157.2509498745
15.987071983342013 9122567.5555446576 -9120584.3966148328
15.987197094427415 9332087.5989806037 -9330086.3421463501
15.98732220551282 9547907.5540458504 -9545887.9082753733
15.987447316598224 9770262.1976015922 -9768223.8651309665
15.987572427683629 9999396.769525921 -9997339.4456552323
15.987697538769034 10235567.516455762 -10233490.889337596
15.987822649854438 10479042.267868232 -10476946.018288171
15.987947760939843 10730101.046670998 -10727984.84781976
15.988072872025246 10989036.716633687 -10986900.233870529
15.98819798311065 11256155.669168146 -11253998.559775123
15.988323094196055 11531778.552155625 -11529600.465082305
15.988448205281459 11816241.04372536 -11814041.61932352
15.988573316366864 12109894.674112799 -12107673.543860657
15.988698427452269 12413107.698968614 -12410864.48518409
15.988823538537673 12726266.027753208 -12724000.343295695
15.988948649623078 13049774.211137954 -13047485.659098051
15.989073760708481 13384056.491645748 -13381744.665022368
15.989198871793885 13729557.922102265 -13727222.403466508
15.98932398287929 14086745.556838006 -14084385.917983148
15.989449093964694 14456109.720982665 -14453725.522559574
15.989574205050099 14838165.363631269 -14835756.154768517
15.989699316135503 15233453.501138577 -15231018.819046495
15.989824427220908 15642542.757319296 -15640082.126877142
15.989949538306311 16066031.007900437 -16063543.941225823
15.990074649391715 16504547.137193775 -16502033.133193441
15.99019976047712 16958752.915636189 -16956211.45953716
15.990324871562525 17429345.007589549 -17426775.570449628
15.990449982647929 17917057.11960664 -17914459.157803185
15.990575093733334 18422662.300262395 -18420035.25495819
15.990700204818738 18946975.403628998 -18944318.700214006
15.990825315904141 19490855.729548242 -19488168.77705593
15.990950426989546 20055209.855035543 -20052492.045532405
15.99107553807495 20640994.672447484 -20638245.380394261
15.991200649160355 21249220.651473042 -21246439.233056106
15.991325760245759 21880955.34358076 -21878141.136011947
15.991450871331164 22537327.14928703 -22534479.47007018
15.991575982416569 23219529.370521527 -23216647.516683795
15.991701093501971 23928824.572475437 -23925907.819761392
15.991826204587376 24666549.281648397 -24663596.883674711
15.991951315672781 25434119.049387693 -25431130.236756124
15.992076426758185 26233033.913065277 -26230007.892431486
15.99220153784359 27064884.290198602 -27061820.243294172
15.992326648928994 27931357.344324112 -27928254.426928923
15.992451760014399 28834243.865322407 -28831101.206184369
15.992576871099804 29775445.711213958 -29772262.410912871
15.992701982185206 30756983.863248982 -30753758.993001044
15.992827093270611 31781007.151463978 -31777739.751863226
15.992952204356015 32849801.713837482 -32846490.793530185
15.99307731544142 33965801.258826189 -33962445.793113887
15.993202426526825 35131598.208486699 -35128197.137853317
15.993327537612229 36349955.807688452 -36346508.036246493
15.993452648697634 37623821.294212252 -37620325.688062787
15.993577759783037 38956340.234933972 -38952795.620434627
15.993702870868441 40350872.144968413 -40347277.306903213
15.993827981953846 41811007.519758269 -41807361.199402638
15.99395309303925 43340586.424831584 -43336887.317905284
15.994078204124655 44943718.804546036 -44939965.559046283
15.99420331521006 46624806.689841963 -46620997.903748274
15.994328426295464 48388568.506134376 -48384702.724976033
15.994453537380867 50240065.706331052 -50236141.420607306
15.994578648466272 52184731.980955832 -52180747.62339817
15.994703759551676 54228405.327945575 -54224359.27061037
15.994828870637081 56377363.299396873 -56373253.850575849
15.994953981722485 58638361.781981364 -58634187.182916164
15.99507909280789 61018677.712629162 -61014436.134015009
15.995204203893294 63526156.182234623 -63521845.7204969
15.995329314978697 66169262.438529089 -66164881.111855067
15.995454426064102 68957139.36601387 -68952685.110120192
15.995579537149506 71899671.097281188 -71895141.760896012
15.995704648234911 75007553.49771969 -75002946.837756321
15.995829759320316 78292372.366313756 -78287686.042710409
15.99595487040572 81766690.311155796 -81761921.881353736
15.996079981491125 85444143.391921952 -85439290.304951519
15.996205092576529 89339548.775900275 -89334608.366041243
15.996330203661932 93469024.832747906 -93463994.312727332
15.996455314747337 97850125.300197974 -97845001.753884912
15.996580425832741 102501989.39343482 -102496769.76798707
15.996705536918146 107445510.01078807 -107440191.10820141
15.99683064800355 112703522.51489551 -112698100.98290081
15.996955759088955 118301016.95007472 -118295489.27232206
15.99708087017436 124265377.00366488 -124259739.48912759
15.997205981259762 130626649.54388106 -130620898.31540482
15.997331092345167 137417849.18424097 -137411980.1661548
15.997456203430572 144675303.05300164 -144669311.9576982
15.997581314515976 152439041.80725715 -152432924.12063882
15.997706425601381 160753243.95221666 -160746994.91789165
15.997831536686785 169666741.73946723 -169660356.34156641
15.99795664777219 179233598.36380699 -179227071.30827588
15.998081758857593 189513767.90581176 -189507093.60001427
15.998206869942997 200573851.53764912 -200567024.06809929
15.998331981028402 212487965.99784505 -212480979.1058588
15.998457092113807 225338743.34038156 -225331590.39541394
15.998582203199211 239218484.59109932 -239211158.56150103
15.998707314284616 254230494.34563279 -254222987.76652411
15.99883242537002 270490628.70091522 -270482933.63883334
15.998957536455423 288129095.4574911 -288121203.4714188
15.999082647540828 307292553.55439788 -307284455.65272498
15.999207758626232 328146568.57341117 -328138255.16631478
15.999332869711637 350878493.34909737 -350869954.19574994
15.999457980797041 375700857.8533811 -375692082.00330532
15.999583091882446 402855371.37206388 -402846347.09984756
15.999708202967851 432617663.57086402 -432608378.30332291
15.999833314053255 465302920.68186134 -465293360.91658902
15.999958425138658 501272610.45794934 -501262761.67201793
16.000083536224064 540942537.01988435 -540932383.56724858
16.000208647309467 584792527.27291954 -584782052.26882517
16.00033375839487 633378128.21289885 -633367313.40329266
16.000458869480276 687344794.55980432 -687333620.17337811
16.000583980565679 747445176.01164317 -747433620.59169841
