# serie phase 2 sous seuil p4_w2.80_c0.95_seuil : t x1 x2 (dt2=0.00016816819849907813)
399.96600000000001 6.3806514807775363 -0.11980843231087139
399.96616816819852 6.3798774380982124 -0.12032749528387993
399.96633633639703 6.3791032656951776 -0.12084658228062857
399.96650450459549 6.3783289635589071 -0.12136569315460571
399.966672672794 6.3775545316798867 -0.12188482775930372
399.96684084099252 6.3767799700486174 -0.12240398594821895
399.96700900919103 6.3760052786556116 -0.12292316757485179
399.96717717738949 6.3752304574913952 -0.1234423724927067
399.967345345588 6.3744555065465072 -0.12396160055529226
399.96751351378651 6.3736804258114992 -0.12448085161612119
399.96768168198503 6.3729052152769352 -0.1250001255287104
399.96784985018348 6.3721298749333934 -0.12551942214658102
399.968018018382 6.3713544047714645 -0.12603874132325843
399.96818618658051 6.3705788047817524 -0.12655808291227233
399.96835435477902 6.3698030749548726 -0.12707744676715674
399.96852252297748 6.3690272152814558 -0.12759683274145006
399.96869069117599 6.368251225752144 -0.12811624068869512
399.96885885937451 6.3674751063575927 -0.12863567046243918
399.96902702757302 6.3666988570884699 -0.12915512191623396
399.96919519577148 6.3659224779354577 -0.12967459490363578
399.96936336396999 6.3651459688892507 -0.13019408927820544
399.9695315321685 6.3643693299405566 -0.13071360489350839
399.96969970036702 6.363592561080095 -0.13123314160311472
399.96986786856547 6.3628156622986003 -0.13175269926059915
399.97003603676399 6.3620386335868195 -0.13227227771954117
399.9702042049625 6.3612614749355112 -0.13279187683352497
399.97037237316101 6.3604841863354489 -0.13331149645613957
399.97054054135947 6.3597067677774177 -0.1338311364409788
399.97070870955798 6.3589292192522171 -0.13435079664164135
399.9708768777565 6.3581515407506588 -0.13487047691173079
399.97104504595501 6.3573737322635671 -0.13539017710485568
399.97121321415347 6.3565957937817803 -0.13590989707462953
399.97138138235198 6.3558177252961503 -0.13642963667467081
399.97154955055049 6.3550395267975404 -0.13694939575860315
399.97171771874901 6.354261198276828 -0.13746917418005516
399.97188588694746 6.3534827397249032 -0.13798897179266068
399.97205405514597 6.3527041511326701 -0.1385087884500586
399.97222222334449 6.3519254324910444 -0.13902862400589311
399.972390391543 6.351146583790956 -0.13954847831381359
399.97255855974146 6.3503676050233482 -0.14006835122747469
399.97272672793997 6.3495884961791758 -0.1405882426005364
399.97289489613848 6.3488092572494086 -0.14110815228666404
399.973063064337 6.348029888225029 -0.14162808013952835
399.97323123253545 6.3472503890970309 -0.14214802601280546
399.97339940073397 6.3464707598564241 -0.14266798976017697
399.97356756893248 6.3456910004942291 -0.14318797123533
399.97373573713099 6.3449111110014815 -0.1437079702919572
399.97390390532945 6.3441310913692286 -0.14422798678375676
399.97407207352796 6.3433509415885316 -0.14474802056443253
399.97424024172648 6.3425706616504645 -0.14526807148769402
399.97440840992499 6.3417902515461142 -0.14578813940725638
399.97457657812345 6.3410097112665813 -0.14630822417684053
399.97474474632196 6.3402290408029804 -0.14682832565017312
399.97491291452047 6.3394482401464378 -0.1473484436809866
399.97508108271899 6.338667309288093 -0.14786857812301929
399.97524925091744 6.3378862482190996 -0.14838872883001536
399.97541741911596 6.337105056930624 -0.14890889565572488
399.97558558731447 6.3363237354138464 -0.14942907845390391
399.97575375551298 6.3355422836599589 -0.14994927707831446
399.97592192371144 6.3347607016601684 -0.15046949138272459
399.97609009190995 6.3339789894056935 -0.1509897212209084
399.97625826010847 6.333197146887767 -0.15150996644664608
399.97642642830698 6.3324151740976351 -0.152030226913724
399.97659459650544 6.3316330710265563 -0.15255050247593466
399.97676276470395 6.3308508376658024 -0.15307079298707679
399.97693093290246 6.3300684740066595 -0.15359109830095538
399.97709910110098 6.3292859800404262 -0.15411141827138169
399.97726726929943 6.3285033557584143 -0.15463175275217331
399.97743543749795 6.3277206011519498 -0.15515210159715415
399.97760360569646 6.3269377162123703 -0.15567246466015458
399.97777177389497 6.3261547009310286 -0.15619284179501136
399.97793994209343 6.3253715552992889 -0.15671323285556776
399.97810811029194 6.3245882793085295 -0.15723363769567353
399.97827627849045 6.3238048729501424 -0.15775405616918495
399.97844444668897 6.3230213362155325 -0.15827448812996492
399.97861261488742 6.3222376690961184 -0.15879493343188295
399.97878078308594 6.3214538715833317 -0.15931539192881519
399.97894895128445 6.3206699436686167 -0.15983586347464451
399.97911711948296 6.3198858853434317 -0.16035634792326051
399.97928528768142 6.3191016965992484 -0.16087684512855951
399.97945345587993 6.318317377427551 -0.16139735494444471
399.97962162407845 6.3175329278198378 -0.16191787722482612
399.97978979227696 6.3167483477676205 -0.16243841182362062
399.97995796047542 6.3159636372624242 -0.16295895859475201
399.98012612867393 6.315178796295787 -0.16347951739215108
399.98029429687244 6.3143938248592599 -0.16400008806975555
399.98046246507096 6.3136087229444078 -0.16452067048151023
399.98063063326941 6.3128234905428089 -0.16504126448136694
399.98079880146793 6.3120381276460558 -0.16556186992328467
399.98096696966644 6.3112526342457524 -0.16608248666122949
399.98113513786495 6.3104670103335172 -0.16660311454917467
399.98130330606341 6.3096812559009816 -0.16712375344110073
399.98147147426192 6.3088953709397915 -0.16764440319099536
399.98163964246044 6.3081093554416041 -0.16816506365285361
399.98180781065895 6.307323209398092 -0.16868573468067782
399.98197597885741 6.3065369328009409 -0.16920641612847773
399.98214414705592 6.3057505256418489 -0.16972710785027043
399.98231231525443 6.3049639879125277 -0.17024780970008047
399.98248048345295 6.3041773196047037 -0.17076852153193989
399.9826486516514 6.3033905207101153 -0.1712892431998882
399.98281681984992 6.3026035912205147 -0.17180997455797251
399.98298498804843 6.3018165311276677 -0.17233071546024747
399.98315315624694 6.3010293404233533 -0.1728514657607754
399.9833213244454 6.3002420190993647 -0.17337222531362623
399.98348949264391 6.2994545671475075 -0.17389299397287758
399.98365766084243 6.2986669845596008 -0.17441377159261487
399.98382582904094 6.2978792713274778 -0.17493455802693123
399.98399399723939 6.2970914274429859 -0.1754553531299276
399.98416216543791 6.296303452897984 -0.17597615675571279
399.98433033363642 6.2955153476843453 -0.17649696875840348
399.98449850183493 6.2947271117939563 -0.17701778899212428
399.98466667003339 6.2939387452187185 -0.1775386173110077
399.9848348382319 6.2931502479505443 -0.17805945356919431
399.98500300643042 6.2923616199813619 -0.17858029762083266
399.98517117462893 6.2915728613031119 -0.17910114932007942
399.98533934282739 6.2907839719077483 -0.1796220085210993
399.9855075110259 6.2899949517872384 -0.18014287507806517
399.98567567922441 6.2892058009335639 -0.18066374884515807
399.98584384742293 6.2884165193387194 -0.18118462967656729
399.98601201562138 6.2876271069947132 -0.1817055174264903
399.9861801838199 6.2868375638935667 -0.18222641194913294
399.98634835201841 6.2860478900273158 -0.18274731309870931
399.98651652021692 6.2852580853880093 -0.18326822072944188
399.98668468841538 6.2844681499677089 -0.18378913469556155
399.98685285661389 6.2836780837584909 -0.18431005485130761
399.98702102481241 6.2828878867524445 -0.18483098105092782
399.98718919301092 6.2820975589416728 -0.18535191314867852
399.98735736120938 6.2813071003182923 -0.1858728509988245
399.98752552940789 6.280516510874433 -0.18639379445563917
399.9876936976064 6.2797257906022388 -0.18691474337340455
399.98786186580492 6.2789349394938663 -0.18743569760641135
399.98803003400337 6.278143957541487 -0.18795665700895892
399.98819820220189 6.2773528447372851 -0.18847762143535537
399.9883663704004 6.2765616010734577 -0.18899859073991757
399.98853453859891 6.2757702265422166 -0.18951956477697116
399.98870270679737 6.2749787211357875 -0.19004054340085064
399.98887087499588 6.2741870848464085 -0.19056152646589938
399.9890390431944 6.2733953176663322 -0.19108251382646968
399.98920721139291 6.2726034195878242 -0.19160350533692277
399.98937537959137 6.2718113906031645 -0.19212450085162888
399.98954354778988 6.2710192307046455 -0.19264550022496724
399.98971171598839 6.2702269398845747 -0.19316650331132612
399.98987988418691 6.2694345181352711 -0.19368750996510295
399.99004805238536 6.2686419654490697 -0.19420852004070421
399.99021622058387 6.267849281818318 -0.19472953339254562
399.99038438878239 6.2670564672353768 -0.19525054987505205
399.9905525569809 6.2662635216926219 -0.19577156934265763
399.99072072517936 6.2654704451824408 -0.19629259164980578
399.99088889337787 6.2646772376972359 -0.19681361665094921
399.99105706157638 6.2638838992294232 -0.19733464420055
399.9912252297749 6.2630904297714318 -0.19785567415307961
399.99139339797335 6.2622968293157051 -0.19837670636301891
399.99156156617187 6.2615030978546997 -0.19889774068485824
399.99172973437038 6.2607092353808858 -0.19941877697309746
399.99189790256889 6.2599152418867474 -0.19993981508224593
399.99206607076735 6.2591211173647832 -0.20046085486682261
399.99223423896586 6.2583268618075039 -0.20098189618135603
399.99240240716438 6.2575324752074346 -0.20150293888038437
399.99257057536289 6.2567379575571147 -0.20202398281845552
399.99273874356135 6.2559433088490968 -0.20254502785012704
399.99290691175986 6.2551485290759468 -0.2030660738299663
399.99307507995837 6.2543536182302448 -0.20358712061255041
399.99324324815689 6.2535585763045844 -0.20410816805246632
399.99341141635534 6.2527634032915733 -0.20462921600431083
399.99357958455386 6.2519680991838316 -0.20515026432269065
399.99374775275237 6.2511726639739953 -0.20567131286222246
399.99391592095088 6.2503770976547122 -0.20619236147753284
399.99408408914934 6.2495814002186449 -0.20671341002325841
399.99425225734785 6.2487855716584697 -0.20723445835404583
399.99442042554637 6.2479896119668759 -0.20775550632455186
399.99458859374488 6.247193521136567 -0.20827655378944337
399.99475676194334 6.2463972991602601 -0.20879760060339736
399.99492493014185 6.2456009460306872 -0.20931864662110106
399.99509309834036 6.2448044617405918 -0.20983969169725186
399.99526126653888 6.2440078462827326 -0.21036073568655747
399.99542943473733 6.2432110996498826 -0.21088177844373587
399.99559760293585 6.242414221834828 -0.21140281982351541
399.99576577113436 6.2416172128303682 -0.21192385968063476
399.99593393933287 6.2408200726293162 -0.21244489786984302
399.99610210753133 6.2400228012244998 -0.21296593424589974
399.99627027572984 6.2392253986087605 -0.21348696866357494
399.99643844392835 6.2384278647749536 -0.21400800097764919
399.99660661212687 6.2376301997159471 -0.21452903104291354
399.99677478032532 6.2368324034246241 -0.21505005871416971
399.99694294852384 6.2360344758938808 -0.21557108384623
399.99711111672235 6.2352364171166279 -0.21609210629391737
399.99727928492086 6.2344382270857883 -0.21661312591206547
399.99744745311932 6.2336399057943011 -0.21713414255551872
399.99761562131783 6.2328414532351166 -0.21765515607913227
399.99778378951635 6.2320428694012016 -0.21817616633777212
399.99795195771486 6.2312441542855348 -0.21869717318631507
399.99812012591332 6.2304453078811095 -0.21921817647964881
399.99828829411183 6.2296463301809322 -0.21973917607267196
399.99845646231034 6.2288472211780244 -0.22026017182029409
399.99862463050886 6.2280479808654201 -0.22078116357743574
399.99879279870731 6.2272486092361685 -0.22130215119902849
399.99896096690583 6.2264491062833311 -0.22182313454001495
399.99912913510434 6.2256494719999855 -0.22234411345534888
399.99929730330285 6.2248497063792207 -0.22286508779999509
399.99946547150131 6.224049809414141 -0.22338605742892964
399.99963363969982 6.2232497810978646 -0.22390702219713976
399.99980180789834 6.2224496214235225 -0.22442798195962391
399.99996997609685 6.2216493303842606 -0.22494893657139184
