# serie phase 2 p7_w1.73_c1.20_dt2_k4 : t x1 x2 (dt2=0.00025022217080867653, depart t=12.120000000000001 etat bascule x1 x2 v1 v2 = 237.46583899876805 -226.07363007819262 3119.9373615963596 -3075.5356855397131)
12.120000000000001 237.46583899876805 -226.07363007819262
12.12025022217081 238.24822934554516 -226.84489637745585
12.120500444341618 239.0340588240928 -227.61957421723858
12.120750666512427 239.82334770172451 -228.39768376888978
12.121000888683236 240.61611639583649 -229.17924535341464
12.121251110854045 241.4123854752207 -229.96427944278514
12.121501333024852 242.21217566139109 -230.75280666126369
12.121751555195662 243.01550782992308 -231.54484778674001
12.122001777366471 243.82240301180653 -232.34042375208162
12.12225199953728 244.63288239481221 -233.13955564649763
12.122502221708087 245.44696732487222 -233.9422647169165
12.122752443878896 246.26467930747404 -234.74857236937754
12.123002666049706 247.08604000906882 -235.5585001704365
12.123252888220513 247.91107125849388 -236.37206984858531
12.123503110391322 248.73979504840943 -237.18930329568624
12.123753332562131 249.57223353675013 -238.01022256842057
12.124003554732941 250.408409048191 -238.83484988975189
12.124253776903748 251.24834407562852 -239.66320765040436
12.124503999074557 252.09206128167654 -240.49531841035588
12.124754221245366 252.93958350017758 -241.33120490034651
12.125004443416174 253.79093373772938 -242.17089002340228
12.125254665586983 254.64613517522713 -243.0143968563745
12.125504887757792 255.50521116942141 -243.86174865149485
12.125755109928601 256.368185254492 -244.71296883794625
12.126005332099409 257.23508114363779 -245.56808102345002
12.126255554270218 258.10592273068318 -246.42710899586913
12.126505776441027 258.98073409170075 -247.290076724828
12.126755998611836 259.85953948665059 -248.15700836334887
12.127006220782643 260.74236336103667 -249.02792824950509
12.127256442953453 261.62923034758012 -249.90286090809153
12.127506665124262 262.52016526790993 -250.78183105231193
12.127756887295069 263.41519313427074 -251.664863585484
12.128007109465878 264.31433915124887 -252.55198360276196
12.128257331636688 265.21762871751559 -253.44321639287705
12.128507553807497 266.12508742758905 -254.33858743989589
12.128757775978304 267.03674107361388 -255.23812242499741
12.129007998149113 267.95261564715986 -256.14184722826792
12.129258220319922 268.87273734103894 -257.04978793051509
12.129508442490732 269.79713255114132 -257.96197081510081
12.129758664661539 270.72582787829072 -258.87842236979293
12.130008886832348 271.65885013011888 -259.79916928863679
12.130259109003157 272.59622632295981 -260.72423847384596
12.130509331173965 273.53798368376374 -261.653657037713
12.130759553344774 274.48414965203131 -262.58745230454002
12.131009775515583 275.43475188176797 -263.5256518125899
12.131259997686392 276.38981824345888 -264.46828331605758
12.1315102198572 277.34937682606466 -265.4153747870626
12.131760442028009 278.31345593903808 -266.3669544176621
12.132010664198818 279.28208411436225 -267.3230506218855
12.132260886369625 280.2552901086101 -268.28369203779062
12.132511108540434 281.23310290502582 -269.24890752954127
12.132761330711244 282.21555171562812 -270.21872618950732
12.133011552882053 283.2026659833362 -271.19317734038663
12.13326177505286 284.19447538411794 -272.1722905373498
12.133511997223669 285.19100982916092 -273.15609557020753
12.133762219394479 286.1922994670669 -274.14462246560129
12.134012441565288 287.19837468606949 -275.13790148921731
12.134262663736095 288.20926611627527 -276.13596314802402
12.134512885906904 289.22500463192944 -277.13883819253363
12.134763108077713 290.24562135370502 -278.14655761908784
12.135013330248521 291.27114765101726 -279.15915267216809
12.13526355241933 292.30161514436242 -280.17665484673063
12.135513774590139 293.33705570768183 -281.19909589056664
12.135763996760948 294.37750147075144 -282.22650780668783
12.136014218931756 295.42298482159714 -283.25892285573764
12.136264441102565 296.47353840893601 -284.29637355842863
12.136514663273374 297.52919514464401 -285.33889269800602
12.136764885444183 298.58998820625038 -286.38651332273815
12.137015107614991 299.65595103945907 -287.43926874843368
12.1372653297858 300.72711736069755 -288.49719256098609
12.137515551956609 301.8035211596931 -289.56031861894621
12.137765774127416 302.88519670207745 -290.62868105612228
12.138015996298225 303.97217853201943 -291.70231428420851
12.138266218469035 305.06450147488675 -292.78125299544246
12.138516440639844 306.16220063993632 -293.8655321652912
12.138766662810651 307.26531142303446 -294.95518705516702
12.13901688498146 308.37386950940669 -296.0502532151728
12.13926710715227 309.48791087641752 -297.15076648687767
12.139517329323077 310.60747179638111 -298.25676300612281
12.139767551493886 311.73258883940247 -299.36827920585847
12.140017773664695 312.86329887625021 -300.4853518190119
12.140267995835504 313.9996390812608 -301.6080178813873
12.140518218006312 315.14164693527493 -302.73631473459739
12.140768440177121 316.28936022860626 -303.87028002902753
12.14101866234793 317.4428170640432 -305.00995172683292
12.141268884518739 318.60205585988371 -306.15536810496866
12.141519106689547 319.7671153530041 -307.30656775825355
12.141769328860356 320.93803460196148 -308.46358960246806
12.142019551031165 322.11485299013128 -309.62647287748678
12.142269773201972 323.29761022887931 -310.79525715044554
12.142519995372782 324.48634636076923 -311.96998231894435
12.142770217543591 325.68110176280629 -313.15068861428568
12.1430204397144 326.8819171497168 -314.33741660474919
12.143270661885207 328.08883357726467 -315.53020719890321
12.143520884056016 329.30189244560512 -316.72910164895325
12.143771106226826 330.52113550267609 -317.93414155412836
12.144021328397635 331.74660484762762 -319.14536886410525
12.144271550568442 332.97834293429014 -320.36282588247138
12.144521772739251 334.21639257468166 -321.58655527022705
12.144771994910061 335.46079694255474 -322.81660004932672
12.145022217080868 336.71159957698342 -324.05300360626092
12.145272439251677 337.96884438599102 -325.29580969567837
12.145522661422486 339.23257565021891 -326.54506244404945
12.145772883593295 340.50283802663694 -327.80080635337123
12.146023105764103 341.77967655229628 -329.06308630491446
12.146273327934912 343.06313664812473 -330.33194756301373
12.146523550105721 344.35326412276567 -331.6074357789002
12.146773772276529 345.65010517646056 -332.88959699457899
12.147023994447338 346.95370640497595 -334.17847764675008
12.147274216618147 348.26411480357558 -335.47412457077485
12.147524438788956 349.58137777103798 -336.77658500468766
12.147774660959763 350.90554311372011 -338.08590659325375
12.148024883130573 352.23665904966811 -339.40213739207388
12.148275105301382 353.5747742127748 -340.72532587173617
12.148525327472191 354.91993765698584 -342.05552092201589
12.148775549642998 356.27219886055406 -343.39277185612372
12.149025771813807 357.63160773034292 -344.73712841500333
12.149275993984617 358.99821460618034 -346.0886407716788
12.149526216155424 360.37207026526249 -347.44735953565225
12.149776438326233 361.75322592660916 -348.81333575735277
12.150026660497042 363.14173325557067 -350.1866209326372
12.150276882667852 364.53764436838748 -351.5672670073431
12.150527104838659 365.94101183680306 -352.95532638189525
12.150777327009468 367.35188869273043 -354.35085191596573
12.151027549180277 368.7703284329736 -355.75389693318863
12.151277771351086 370.19638502400414 -357.16451522593002
12.151527993521894 371.63011290679378 -358.58276106011397
12.151778215692703 373.07156700170412 -360.00868918010536
12.152028437863512 374.52080271343357 -361.44235481365007
12.15227866003432 375.97787593602271 -362.88381367687339
12.152528882205129 377.44284305791876 -364.33312197933765
12.152779104375938 378.91576096710003 -365.79033642915954
12.153029326546747 380.39668705626082 -367.25551423818808
12.153279548717554 381.88567922805788 -368.72871312724391
12.153529770888364 383.38279590041935 -370.20999133142095
12.153779993059173 384.8880960119165 -371.69940760545103
12.15403021522998 386.40163902719974 -373.19702122913242
12.154280437400789 387.92348494249933 -374.70289201282333
12.154530659571599 389.45369429119177 -376.21708030300067
12.154780881742408 390.99232814943281 -377.73964698788575
12.155031103913215 392.53944814185797 -379.270653503137
12.155281326084024 394.09511644735147 -380.8101618376113
12.155531548254833 395.65939580488424 -382.35823453919448
12.155781770425643 397.2323495194226 -383.91493472070181
12.15603199259645 398.81404146790766 -385.48032606584991
12.156282214767259 400.40453610530727 -387.05447283530066
12.156532436938068 402.00389847074098 -388.63743987277792
12.156782659108876 403.61219419367904 -390.22929261125881
12.157032881279685 405.22948950021669 -391.83009707923964
12.157283103450494 406.85585121942449 -393.43991990707804
12.157533325621303 408.49134678977612 -395.05882833341235
12.157783547792111 410.13604426565399 -396.6868902116592
12.15803376996292 411.79001232393472 -398.32417401659023
12.158283992133729 413.45332027065467 -399.97074885098914
12.158534214304538 415.12603804775716 -401.62668445239029
12.158784436475345 416.80823623992234 -403.29205119990002
12.159034658646155 418.49998608148087 -404.96692012110134
12.159284880816964 420.20135946341247 -406.65136289904382
12.159535102987771 421.91242894043057 -408.34545187931928
12.15978532515858 423.63326773815453 -410.04926007722497
12.16003554732939 425.36394976037013 -411.7628611850148
12.160285769500199 427.10454959637991 -413.48632957924076
12.160535991671006 428.85514252844456 -415.21974032818486
12.160786213841815 430.6158045393164 -416.9631691993834
12.161036436012624 432.3866123198668 -418.71669266724484
12.161286658183432 434.16764327680801 -420.48038792076221
12.161536880354241 435.95897554051163 -422.25433287132176
12.16178710252505 437.7606879729243 -424.03860616060911
12.162037324695859 439.57286017558243 -425.83328716861416
12.162287546866667 441.39557249772724 -427.63845602173626
12.162537769037476 443.22890604452158 -429.45419360099089
12.162787991208285 445.07294268536975 -431.28058155031965
12.163038213379094 446.92776506234208 -433.11770228500444
12.163288435549902 448.79345659870552 -434.96563900018793
12.163538657720711 450.67010150756187 -436.8244756795014
12.16378887989152 452.55778480059519 -438.69429710380155
12.164039102062327 454.45659229692967 -440.57518886001799
12.164289324233136 456.36661063210011 -442.46723735011284
12.164539546403946 458.28792726713573 -444.37052980015415
12.164789768574755 460.22063049776017 -446.28515426950452
12.165039990745562 462.16480946370785 -448.21119966012697
12.165290212916371 464.12055415815973 -450.14875572600931
12.165540435087181 466.08795543729929 -452.09791308270906
12.165790657257988 468.0671050299909 -454.05876321702044
12.166040879428797 470.05809554758207 -456.03139849676535
12.166291101599606 472.06102049383156 -458.01591218070985
12.166541323770415 474.07597427496518 -460.01239842860838
12.166791545941223 476.10305220986083 -462.02095231137713
12.167041768112032 478.14235054036516 -464.04166982139878
12.167291990282841 480.19396644174327 -466.07464788296028
12.16754221245365 482.25799803326368 -468.11998436282556
12.167792434624458 484.33454438892028 -470.1777780809457
12.168042656795267 486.42370554829381 -472.24812882130766
12.168292878966076 488.52558252755409 -474.33113734292425
12.168543101136883 490.64027733060573 -476.42690539096731
12.168793323307693 492.76789296037919 -478.5355357080461
12.169043545478502 494.90853343026919 -480.65713204563286
12.169293767649311 497.06230377572285 -482.79179917563806
12.169543989820118 499.2293100659798 -484.93964290213734
12.169794211990927 501.40965941596619 -487.10077007325248
12.170044434161737 503.6034599983451 -489.27528859318841
12.170294656332546 505.8108210557258 -491.463307434429
12.170544878503353 508.03185291303373 -493.66493665009364
12.170795100674162 510.26666699004437 -495.88028738645716
12.171045322844972 512.51537581408263 -498.10947189563541
12.171295545015779 514.77809303289041 -500.35260354843905
12.171545767186588 517.05493342766556 -502.60979684739823
12.171795989357397 519.34601292627394 -504.88116743996011
12.172046211528206 521.65144861663714 -507.16683213186269
12.172296433699014 523.97135876029949 -509.46690890068686
12.172546655869823 526.30586280617592 -511.78151690958975
12.172796878040632 528.65508140448389 -514.11077652122185
12.17304710021144 531.01913642086265 -516.4548093118309
12.173297322382249 533.39815095068127 -518.81373808555531
12.173547544553058 535.79224933353998 -521.18768688890975
12.173797766723867 538.20155716796648 -523.5767810254664
12.174047988894674 540.62620132631105 -525.98114707073398
12.174298211065484 543.06630996984234 -528.40091288723829
12.174548433236293 545.52201256404862 -530.83620763980696
12.174798655407102 547.99343989414592 -533.28716181106176
12.175048877577909 550.48072408079713 -535.75390721712165
12.175299099748718 552.98399859604501 -538.23657702351909
12.175549321919528 555.503398279463 -540.73530576133419
12.175799544090335 558.03905935452565 -543.25022934354865
12.176049766261144 560.59111944520419 -545.78148508162428
12.176299988431953 563.15971759278864 -548.32921170230793
12.176550210602763 565.74499427294165 -550.89354936466793
12.17680043277357 568.34709141298617 -553.47463967736462
12.177050654944379 570.96615240943186 -556.07262571615888
12.177300877115188 573.60232214574319 -558.68765204166232
12.177551099285997 576.25574701035305 -561.31986471733308
12.177801321456805 578.92657491492605 -563.96941132772088
12.178051543627614 581.61495531287505 -566.63644099696501
12.178301765798423 584.32103921813496 -569.3211044075498
12.178551987969231 587.04497922419819 -572.02355381932091
12.17880221014004 589.7869295234151 -574.7439430887672
12.179052432310849 592.54704592656435 -577.48242768857165
12.179302654481658 595.32548588269708 -580.23916472743633
12.179552876652465 598.12240849925922 -583.01431297018496
12.179803098823275 600.93797456249649 -585.80803285814807
12.180053320994084 603.77234655814618 -588.62048652983515
12.180303543164891 606.62568869242068 -591.45183784189771
12.1805537653357 609.4981669132876 -594.30225239038884
12.18080398750651 612.38994893204995 -597.1718975323231
12.181054209677319 615.30120424523307 -600.06094240754214
12.181304431848126 618.23210415678125 -602.96955796089071
12.181554654018935 621.18282180057076 -605.89791696470797
12.181804876189744 624.15353216324274 -608.84619404163936
12.182055098360554 627.14441210736265 -611.81456568777355
12.182305320531361 630.15564039490994 -614.80321029611082
12.18255554270217 633.18739771110484 -617.81230818036715
12.182805764872979 636.23986668857617 -620.84204159911997
12.183055987043787 639.31323193187745 -623.89259478030101
12.183306209214596 642.40768004235474 -626.96415394604162
12.183556431385405 645.5233996433742 -630.05690733787696
12.183806653556214 648.66058140591349 -633.17104524231377
12.184056875727022 651.81941807452392 -636.30676001676909
12.184307097897831 655.0001044936688 -639.46424611588463
12.18455732006864 658.20283763444468 -642.64370011822359
12.184807542239449 661.42781662169136 -645.84532075335619
12.185057764410256 664.67524276149743 -649.06930892934031
12.185307986581066 667.9453195691068 -652.31586776060351
12.185558208751875 671.23825279723474 -655.58520259623299
12.185808430922682 674.55425046479797 -658.87752104868082
12.186058653093491 677.89352288606756 -662.19303302289029
12.186308875264301 681.25628270025027 -665.53195074585165
12.18655909743511 684.64274490150615 -668.8944887965929
12.186809319605917 688.05312686940954 -672.28086413661413
12.187059541776726 691.48764839986086 -675.69129614077235
12.187309763947535 694.94653173645611 -679.1260066286236
12.187559986118343 698.43000160232316 -682.58521989623148
12.187810208289152 701.93828523243076 -686.06916274844843
12.188060430459961 705.47161240638002 -689.57806453167871
12.18831065263077 709.03021548168522 -693.11215716713059
12.188560874801578 712.61432942755243 -696.67167518456631
12.188811096972387 716.22419185916488 -700.25685575655802
12.189061319143196 719.86004307248334 -703.86793873325871
12.189311541314005 723.52212607956972 -707.5051666776958
12.189561763484813 727.21068664444363 -711.16878490159752
12.189811985655622 730.92597331948048 -714.85904150176032
12.190062207826431 734.66823748236004 -718.5761873969667
12.190312429997238 738.43773337357607 -722.32047636546338
12.190562652168047 742.23471813451465 -726.09216508300835
12.190812874338857 746.05945184611335 -729.8915131614973
12.191063096509666 749.9121975681087 -733.7187831881796
12.191313318680473 753.79322137888448 -737.57424076547318
12.191563540851282 757.70279241592891 -741.45815455138893
12.191813763022092 761.64118291691352 -745.37079630057599
12.192063985192901 765.60866826140216 -749.31244090599705
12.192314207363708 769.60552701320307 -753.28336644124602
12.192564429534517 773.63204096337427 -757.28385420351844
12.192814651705326 777.68849517389299 -761.31418875724637
12.193064873876134 781.77517802200225 -765.37465797840923
12.193315096046943 785.89238124524513 -769.46555309953226
12.193565318217752 790.04039998719952 -773.58716875538482
12.193815540388561 794.21953284392498 -777.73980302939071
12.194065762559369 798.43008191113506 -781.92375750076314
12.194315984730178 802.67235283210721 -786.13933729237704
12.194566206900987 806.94665484634299 -790.38685111939162
12.194816429071794 811.25330083899348 -794.6666113386367
12.195066651242604 815.59260739106094 -798.97893399877591
12.195316873413413 819.96489483039318 -803.32413889126133
12.195567095584222 824.37048728348213 -807.70254960209252
12.195817317755029 828.80971272808347 -812.11449356439539
12.196067539925838 833.28290304666984 -816.56030211183497
12.196317762096648 837.79039408073402 -821.0403105328769
12.196567984267457 842.33252568595617 -825.55485812591337
12.196818206438264 846.90964178825197 -830.10428825526856
12.197068428609073 851.52209044071628 -834.68894840809958
12.197318650779883 856.17022388147916 -839.30919025220919
12.19756887295069 860.85439859249061 -843.96536969478677
12.197819095121499 865.57497535925063 -848.6578469420939
12.198069317292308 870.33231933150228 -853.38698656011252
12.198319539463117 875.12680008490463 -858.15315753617244
12.198569761633925 879.95879168370379 -862.95673334157641
12.198819983804734 884.82867274442049 -867.79809199524118
12.199070205975543 889.73682650057219 -872.67761612837216
12.199320428146352 894.68364086844906 -877.59569305019227
12.19957065031716 899.66950851396382 -882.55271481474267
12.199820872487969 904.69482692059353 -887.54907828877663
12.200071094658778 909.75999845843535 -892.5851852207652
12.200321316829585 914.86543045439578 -897.66144231103635
12.200571539000395 920.01153526353471 -902.77826128306856
12.200821761171204 925.1987303415857 -907.93605895595954
12.201071983342013 930.42743831867415 -913.13525731809261
12.20132220551282 935.69808707425614 -918.37628360202302
12.201572427683629 941.01110981330066 -923.65957036060661
12.201822649854439 946.36694514373812 -928.98555554439429
12.202072872025246 951.76603715519911 -934.35468258031676
12.202323094196055 957.20883549906807 -939.76740045168253
12.202573316366864 962.69579546987609 -945.22416377951458
12.202823538537674 968.22737808805846 -950.72543290525164
12.203073760708481 973.80405018410272 -956.27167397483845
12.20332398287929 979.42628448411369 -961.86335902423286
12.203574205050099 985.0945596968221 -967.50096606635555
12.203824427220908 990.80936060206466 -973.18497917951049
12.204074649391716 996.57117814076366 -978.91588859730439
12.204324871562525 1002.3805095064346 -984.69419080009288
12.204575093733334 1008.2378582382511 -990.5203886079837
12.204825315904142 1014.1437343156975 -996.39499127542661
12.205075538074951 1020.0986542548393 -1002.3185145874201
12.20532576024576 1026.1031412062423 -1008.2914809573666
12.205575982416569 1032.1577250545736 -1014.3144195266082
12.205826204587376 1038.2629425199159 -1020.3878662656743
12.206076426758186 1044.4193372608281 -1026.512364077277
12.206326648928995 1050.6274599791884 -1032.6884629010847
12.206576871099804 1056.8878685268517 -1038.916719820312
12.206827093270611 1063.2011280141587 -1045.1976991701592
12.20707731544142 1069.5678109203336 -1051.5319726481391
12.20732753761223 1075.9884972058046 -1057.9201194263269
12.207577759783037 1082.4637744264883 -1064.3627262655718
12.207827981953846 1088.994237850075 -1070.8603876317097
12.208078204124655 1095.5804905743548 -1077.4137058138147
12.208328426295465 1102.223143647625 -1084.0232910445318
12.208578648466272 1108.9228161912204 -1090.6897616225306
12.208828870637081 1115.6801355242085 -1097.4137440371239
12.20907909280789 1122.4957372902925 -1104.1958730950926
12.209329314978698 1129.3702655869677 -1111.036792049762
12.209579537149507 1136.3043730969734 -1117.9371527323749
12.209829759320316 1143.2987212220914 -1124.8976156858075
12.210079981491125 1150.3539802193322 -1131.9188503006744
12.210330203661933 1157.4708293395629 -1139.0015349538721
12.210580425832742 1164.6499569686223 -1146.1463571496101
12.210830648003551 1171.8920607709756 -1153.3540136629795
12.21108087017436 1179.1978478359588 -1160.6252106861109
12.211331092345167 1186.5680348266681 -1167.9606639769752
12.211581314515977 1194.003348131545 -1175.3610990108798
12.211831536686786 1201.5045240187153 -1182.8272511347172
12.212081758857593 1209.072308793136 -1190.35986572402
12.212331981028402 1216.7074589566103 -1197.959698342883
12.212582203199212 1224.4107413707277 -1205.6275149068092
12.212832425370021 1232.1829334227907 -1213.364091848541
12.213082647540828 1240.0248231947903 -1221.1702162869383
12.213332869711637 1247.9372096354921 -1229.0466861989673
12.213583091882446 1255.9209027356997 -1236.9943105948641
12.213833314053256 1263.9767237067597 -1245.0139096965386
12.214083536224063 1272.1055051623784 -1253.1063151192886
12.214333758394872 1280.3080913038168 -1261.2723700568922
12.214583980565681 1288.5853381085374 -1269.5129294701483
12.214834202736489 1296.9381135223737 -1277.8288602789403
12.215084424907298 1305.3672976552987 -1286.2210415578959
12.215334647078107 1313.8737829808656 -1294.6903647357185
12.215584869248916 1322.4584745394022 -1303.2377337982703
12.215835091419724 1331.1222901450355 -1311.8640654954843
12.216085313590533 1339.8661605966308 -1320.570289552189
12.216335535761342 1348.6910298927269 -1329.3573488829277
12.216585757932149 1357.5978554505543 -1338.2261998108588
12.216835980102958 1366.5876083292239 -1347.1778122908256
12.217086202273768 1375.6612734571747 -1356.2131701366832
12.217336424444577 1384.8198498639747 -1365.3332712529759
12.217586646615384 1394.0643509165668 -1374.5391278710599
12.217836868786193 1403.395804560058 -1383.831766789765
12.218087090957003 1412.8152535631486 -1393.2122296206967
12.218337313127812 1422.323755768306 -1402.6815730382793
12.218587535298619 1431.9223843467812 -1412.2408690346415
12.218837757469428 1441.6122280585803 -1421.8912051794534
12.219087979640237 1451.3943915174955 -1431.6336848848223
12.219338201811045 1461.2699954613079 -1441.4694276753578
12.219588423981854 1471.2401770272777 -1451.3995694635225
12.219838646152663 1481.306090033037 -1461.4252628303825
12.220088868323472 1491.4689052630051 -1471.5476773118803
12.22033909049428 1501.7298107604513 -1481.7679996907502
12.220589312665089 1512.0900121253276 -1492.0874342942043
12.220839534835898 1522.5507328180031 -1502.5072032975156
12.221089757006707 1533.1132144690316 -1513.0285470336341
12.221339979177515 1543.778717195087 -1523.6527243089668
12.221590201348324 1554.5485199212053 -1534.3810127254631
12.221840423519133 1565.4239207094779 -1545.2147090091487
12.22209064568994 1576.40623709434 -1556.1551293452521
12.222340867860749 1587.4968064246032 -1567.2036097200739
12.222591090031559 1598.696986212389 -1578.361506269752
12.222841312202368 1610.0081544891166 -1589.6301956360817
12.223091534373175 1621.4317101687093 -1601.0110753295501
12.223341756543984 1632.9690734181841 -1612.5055640997509
12.223591978714794 1644.6216860357933 -1624.11510231335
12.223842200885601 1656.3910118368942 -1635.8411523397742
12.22409242305641 1668.2785370477234 -1647.6851989448046
12.224342645227219 1680.2857707072601 -1659.6487496922534
12.224592867398028 1692.4142450773659 -1671.733335353917
12.224843089568836 1704.665516061395 -1683.9405103279939
12.225093311739645 1717.0411636314702 -1696.271853066168
12.225343533910454 1729.5427922646306 -1708.7289665095586
12.225593756081263 1742.1720313880571 -1721.3134785337465
12.225843978252071 1754.9305358335905 -1734.0270424030889
12.22609420042288 1767.8199863017614 -1746.8713372345433
12.226344422593689 1780.8420898355571 -1759.8480684712242
12.226594644764496 1793.9985803041568 -1772.9589683659269
12.226844866935306 1807.2912188968719 -1786.2057964748503
12.227095089106115 1820.7217946275348 -1799.5903401617677
12.227345311276924 1834.2921248495879 -1813.1144151128915
12.227595533447731 1848.0040557821274 -1826.7798658626914
12.22784575561854 1861.8594630471664 -1840.5885663309275
12.22809597778935 1875.8602522183892 -1854.5424203711702
12.228346199960159 1890.0083593816728 -1868.643362331085
12.228596422130966 1904.3057517076622 -1882.8933576247657
12.228846644301775 1918.7544280366931 -1897.2944033174131
12.229096866472585 1933.3564194763624 -1911.8485287226551
12.229347088643392 1948.1137900120566 -1926.5577960128232
12.229597310814201 1963.0286371307561 -1941.4243008424987
12.22984753298501 1978.1030924584411 -1956.4501729856579
12.230097755155819 1993.3393224114359 -1971.63757698675
12.230347977326627 2008.739528862036 -1986.988712826055
12.230598199497436 2024.3059498187718 -2002.5058165996725
12.230848421668245 2040.0408601216745 -2018.1911612145088
12.231098643839053 2055.9465721529173 -2034.0470570986349
12.231348866009862 2072.0254365632163 -2050.075852927399
12.231599088180671 2088.2798430143903 -2066.2799363656927
12.23184931035148 2104.7122209384793 -2082.6617348267728
12.232099532522287 2121.3250403138472 -2099.223716248061
12.232349754693097 2138.1208124586942 -2115.9683898843482
12.232599976863906 2155.1020908424207 -2132.8983071188454
12.232850199034715 2172.2714719153014 -2150.0160622925387
12.233100421205522 2189.6315959569306 -2167.3242935523131
12.233350643376331 2207.185147943926 -2184.8256837183258
12.233600865547141 2224.9348584373829 -2202.5229611711256
12.233851087717948 2242.883504490585 -2220.4189007590244
12.234101309888757 2261.0339105775001 -2238.5163247262462
12.234351532059566 2279.3889495425969 -2256.818103662391
12.234601754230376 2297.9515435725357 -2275.3271574737691
12.234851976401183 2316.7246651903056 -2294.0464563771739
12.235102198571992 2335.7113382723956 -2312.9790219166803
12.235352420742801 2354.9146390895989 -2332.1279280040753
12.235602642913609 2374.3376973720792 -2351.4963019835386
12.235852865084418 2393.9836973993324 -2371.0873257212156
12.236103087255227 2413.8558791157075 -2390.9042367203397
12.236353309426036 2433.9575392721613 -2410.950329262585
12.236603531596844 2454.292032594949 -2431.228955576345
12.236853753767653 2474.8627729819659 -2451.7435270326569
12.237103975938462 2495.673234727486 -2472.4975153695132
12.237354198109271 2516.7269537760544 -2493.4944539453227
12.237604420280078 2538.0275290063246 -2514.7379390223064
12.237854642450888 2559.5786235456476 -2536.2316310806377
12.238104864621697 2581.3839661162469 -2557.9792561641616
12.238355086792504 2603.4473524138398 -2579.9846072585501
12.238605308963313 2625.7726465195879 -2602.2515457027807
12.238855531134123 2648.3637823462923 -2624.7840026348495
12.239105753304932 2671.2247651197722 -2647.5859804726588
12.239355975475739 2694.3596728963944 -2670.6615544310489
12.239606197646548 2717.7726581177567 -2694.0148740759714
12.239856419817357 2741.4679492035511 -2717.6501649168358
12.240106641988167 2765.4498521836699 -2741.5717300380884
12.240356864158974 2789.7227523706506 -2765.7839517711204
12.240607086329783 2814.2911160735871 -2790.2912934076326
12.240857308500592 2839.1594923546713 -2815.0983009556194
12.2411075306714 2864.3325148295662 -2840.2096049391762
12.241357752842209 2889.8149035128499 -2865.6299222433649
12.241607975013018 2915.6114667098063 -2891.3640580054162
12.241858197183827 2941.727102955881 -2917.416907553587
12.242108419354635 2968.1668030051655 -2943.7934583950318
12.242358641525444 2994.9356518693071 -2970.4987922540927
12.242608863696253 3022.0388309082978 -2997.5380871624543
12.24285908586706 3049.481619974636 -3024.9166196026581
12.243109308037869 3077.269399612403 -3052.6397667065216
12.243359530208679 3105.4076533128464 -3080.7130085100498
12.243609752379488 3133.9019698281154 -3109.1419302664899
12.243859974550295 3162.7580455448483 -3137.9322248192193
12.244110196721104 3191.9816869193633 -3167.0896950362262
12.244360418891914 3221.5788129762609 -3196.6202563079901
12.244610641062723 3251.555457872314 -3226.5299391106323
12.24486086323353 3281.9177735275734 -3256.82489163627
12.245111085404339 3312.6720323256854 -3287.5113824925666
12.245361307575148 3343.8246298854838 -3318.5958034735418
12.245611529745956 3375.3820879059876 -3350.0846724037724
12.245861751916765 3407.3510570870062 -3381.9846360581828
12.246111974087574 3439.7383201276266 -3414.3024731597052
12.246362196258383 3472.5507948049371 -3447.0450974571568
12.246612418429191 3505.7955371354183 -3480.2195608857678
12.2468626406 3539.4797446215152 -3513.8330568128745
12.247112862770809 3573.6107595859917 -3547.8929233713761
12.247363084941618 3608.1960725967542 -3582.4066468836431
12.247613307112426 3643.2433259849263 -3617.3818653786575
12.247863529283235 3678.7603174590495 -3652.826372205262
12.248113751454044 3714.7550038183867 -3688.7481197444904
12.248363973624851 3751.2355047684059 -3725.1552232240579
12.24861419579566 3788.2101068416268 -3762.0559646381989
12.24886441796647 3825.6872674271331 -3799.4587967761422
12.249114640137279 3863.6756189121538 -3837.372347362641
12.249364862308086 3902.1839729392518 -3875.8054233140829
12.249615084478895 3941.2213247827699 -3914.7670151138386
12.249865306649705 3980.7968578483219 -3954.2663013106312
12.250115528820512 4020.9199482992503 -3994.3126531438479
12.250365750991321 4061.6001698141026 -4034.9156392998489
12.25061597316213 4102.847298479337 -4076.0850308034783
12.250866195332939 4144.6713178216096 -4117.8308060491318
12.251116417503747 4187.0824239841513 -4160.1631559758898
12.251366639674556 4230.0910310519157 -4203.0924893913952
12.251616861845365 4273.7077765303366 -4246.6294384493103
12.251867084016174 4317.943526982719 -4290.7848642853805
12.252117306186982 4362.8093838314635 -4335.5698628173077
12.252367528357791 4408.3166893285252 -4380.9957707138201
12.2526177505286 4454.4770327006954 -4427.0741715385439
12.252867972699407 4501.3022564755083 -4473.8169020744626
12.253118194870217 4548.8044629937895 -4521.2360588349893
12.253368417041026 4596.9960211150837 -4569.3440047678851
12.253618639211835 4645.8895731224366 -4618.1533761584988
12.253868861382642 4695.4980418332461 -4667.6770897390415
12.254119083553451 4745.8346379231498 -4717.928350010865
12.254369305724261 4796.9128674701878 -4768.9206567869724
12.25461952789507 4848.746539726736 -4820.6678129622724
12.254869750065877 4901.3497751270161 -4873.183932519365
12.255119972236686 4954.737013538268 -4926.4834487779508
12.255370194407496 5008.923022763981 -4980.5811228962657
12.255620416578303 5063.9229073079232 -5035.492052633268
12.255870638749112 5119.752117408023 -5091.2316813806328
12.256120860919921 5176.4264583495215 -5147.8158074739813
12.25637108309073 5233.9621000671832 -5205.2605937931185
12.256621305261538 5292.3755870467276 -5263.582577661452
12.256871527432347 5351.6838485360549 -5322.7986810551502
12.257121749603156 5411.9042090772482 -5382.9262211330351
12.257371971773964 5473.0543993707697 -5443.9829210986181
12.257622193944773 5535.1525674837294 -5505.9869214061582
12.257872416115582 5598.2172904145818 -5568.9567913230949
12.258122638286391 5662.2675860270865 -5632.9115408616908
12.258372860457198 5727.3229253669042 -5697.8706330932582
12.258623082628008 5793.4032453747332 -5763.8539968588657
12.258873304798817 5860.5289620104522 -5830.8820398909966
12.259123526969626 5928.7209838033368 -5898.9756623612175
12.259373749140433 5998.0007258440246 -5968.1562708695365
12.259623971311242 6068.3901242345519 -6038.4457928917691
12.259874193482052 6139.9116510134654 -6109.8666917019164
12.260124415652859 6212.5883295737112 -6182.4419817872476
12.260374637823668 6286.4437505917422 -6256.195244774538
12.260624859994477 6361.5020884870619 -6331.1506458866706
12.260875082165287 6437.7881184322241 -6407.3329509496225
12.261125304336094 6515.3272339341629 -6484.7675439707036
12.261375526506903 6594.1454650086025 -6563.4804453097995
12.261625748677712 6674.2694969702252 -6643.4983304662919
12.261875970848521 6755.7266898622529 -6724.8485495053146
12.262126193019329 6838.5450985501111 -6807.5591471480038
12.262376415190138 6922.7534935048989 -6891.6588835514694
12.262626637360947 7008.3813823035225 -6977.177255805339
12.262876859531755 7095.4590318735009 -7064.1445201728857
12.263127081702564 7184.0174915116922 -7152.5917151059793
12.263377303873373 7274.0886167074632 -7242.5506850643815
12.263627526044182 7365.7050938021821 -7334.0541051712662
12.263877748214989 7458.9004655183126 -7427.1355067382383
12.264127970385799 7553.7091573928919 -7521.8293036946279
12.264378192556608 7650.1665051517111 -7618.170819957375
12.264628414727415 7748.3087830621562 -7716.1963177794651
12.264878636898224 7848.1732333043865 -7815.9430271165829
12.265128859069033 7949.7980964023209 -7917.4491760534547
12.265379081239843 8053.222642757798 -8020.7540223332353
12.26562930341065 8158.4872053332501 -8125.89788603529
12.265879525581459 8265.6332135303364 -8232.9221834487907
12.266129747752268 8374.7032283141561 -8341.8694621917675
12.266379969923078 8485.7409786349708 -8452.783437627515
12.266630192093885 8598.7913992017984 -8565.7090306327409
12.266880414264694 8713.9006696647775 -8680.6924067743221
12.267130636435503 8831.1162552658861 -8797.781016954259
12.267380858606311 8950.4869490204183 -8917.0236395852389
12.26763108077712 9072.0629154946018 -9038.4704243621636
12.267881302947929 9195.8957362478395 -9162.1729376981311
12.268131525118738 9322.0384570113711 -9288.1842098966717
12.268381747289546 9450.5456366786166 -9416.5587841354682
12.268631969460355 9581.4733981860954 -9547.3527673404715
12.268882191631164 9714.8794813676686 -9680.6238830331422
12.269132413801973 9850.8232978689321 -9816.4315262376404
12.26938263597278 9989.3659882128159 -9954.8368205390179
12.26963285814359 10130.570481111994 -10095.902677388
12.269883080314399 10274.501555128443 -10239.693857752691
12.270133302485206 10421.225902785513 -10386.277036222571
12.270383524656015 10570.81219724316 -10535.720867675405
12.270633746826825 10723.331161652592 -10688.096056623323
12.270883968997634 10878.855641312468 -10843.475429360198
12.271134191168441 11037.460678755042 -11001.934009038705
12.27138441333925 11199.223591897206 -11163.549093811998
12.271634635510059 11364.224055398376 -11328.40033818196
12.271884857680867 11532.544185374501 -11496.569837703266
12.272135079851676 11704.268627625272 -11668.142217200346
12.272385302022485 11879.484649539816 -11843.204722662533
12.272635524193294 12058.28223585492 -12021.847316991387
12.272885746364102 12240.754188448973 -12204.162779783419
12.273135968534911 12426.996230364646 -12390.246811341194
12.27338619070572 12617.107114263617 -12580.198141116112
12.273636412876529 12811.188735527612 -12774.118640797136
12.273886635047337 13009.346250231638 -12972.113442271309
12.274136857218146 13211.688198227577 -13174.29106069423
12.274387079388955 13418.32663158934 -13380.763522921667
12.274637301559762 13629.377248684632 -13591.646501567351
12.274887523730571 13844.959534153031 -13807.059454966617
12.275137745901381 14065.196905085675 -14027.125773341179
12.27538796807219 14290.216863718373 -14251.972931476857
12.275638190242997 14520.151156967539 -14481.732648243598
12.275888412413806 14755.135943156973 -14716.541053305822
12.276138634584616 14995.311966303389 -14956.53886139096
12.276388856755425 15240.824738349622 -15201.871554505115
12.276639078926232 15491.82472975692 -15452.689572507186
12.276889301097041 15748.467568891529 -15709.148512476697
12.27713952326785 16010.914250666221 -15971.409337335892
12.277389745438658 16279.331354924392 -16239.638594213764
12.277639967609467 16553.891275083202 -16514.008643068402
12.277890189780276 16834.772457582843 -16794.697896114765
12.278140411951085 17122.159652721781 -17081.89106863764
12.278390634121893 17416.244177492594 -17375.779441804461
12.278640856292702 17717.224191070316 -17676.561138129753
12.278891078463511 18025.304983644761 -17984.441410282758
12.279141300634318 18340.699279330758 -18299.63294397205
12.279391522805128 18663.627553935396 -18622.356175686233
12.279641744975937 18994.318368409713 -18952.839626118141
12.279891967146746 19333.008718863959 -19291.320250151566
12.280142189317553 19679.94440408071 -19638.043804344816
12.280392411488362 20035.380411519243 -19993.265232904421
12.280642633659172 20399.581322867776 -20357.249073205563
12.280892855829981 20772.82174026786 -20730.269881983451
12.281143078000788 21155.386734407668 -21112.612683392355
12.281393300171597 21547.572315758644 -21504.573440206688
12.281643522342407 21949.685930313197 -21906.459549521769
12.281893744513214 22362.046981270429 -22318.590364401185
12.282143966684023 22784.987378212718 -22741.297743013532
12.282394188854832 23218.852115418809 -23174.926626904093
12.282644411025641 23663.999881069518 -23619.835650157493
12.282894633196449 24120.803699220865 -24076.397781326086
12.283144855367258 24589.65160654702 -24545.001000126358
12.283395077538067 25070.947365992673 -25026.049011042876
12.283645299708876 25565.111219622089 -25519.961996126967
12.283895521879684 26072.580683111093 -26027.177409436277
12.284145744050493 26593.811384499448 -26548.150815732552
12.284395966221302 27129.277950005617 -27083.356776239554
12.284646188392109 27679.474939904874 -27633.289784461947
12.284896410562919 28244.917837686397 -28198.465255280687
12.285146632733728 28826.144095936656 -28779.42057077209
12.285396854904537 29423.714242646685 -29376.716186448048
12.285647077075344 30038.213051911167 -29990.936801885156
12.285897299246153 30670.250783279658 -30622.692600002996
12.286147521416963 31320.464494336578 -31272.620559567964
12.28639774358777 31989.519431428875 -31941.385845841447
12.286647965758579 32678.110503831085 -32629.683284661885
12.286898187929388 33386.963847039362 -33338.238925652069
12.287148410100198 34116.838481321705 -34067.811700678802
12.287398632271005 34868.528072124478 -34819.195184164651
12.287648854441814 35642.86279944847 -35593.219462365021
12.287899076612623 36440.711343865558 -36390.753119281202
12.288149298783432 37262.982997453029 -37212.705347486313
12.28839952095424 38110.629908582174 -38060.028192800411
12.288649743125049 38984.649470215467 -38933.718942468877
12.288899965295858 39886.086862148491 -39834.822667279863
12.289150187466666 40816.037758484963 -40764.434928908922
12.289400409637475 41775.651212562741 -41723.704664708261
12.289650631808284 42766.132732563201 -42713.837263172754
12.289900853979093 43788.747562144679 -43736.097844422933
12.2901510761499 44844.824181651922 -44791.814761256566
12.29040129832071 45935.758046778741 -45882.383337645515
12.290651520491519 47063.015583011518 -47009.269863005131
12.290901742662328 48228.138455770655 -48174.015862152679
12.291151964833135 49432.748137909213 -49378.2426626136
12.291402187003944 50678.550798140306 -50623.656282846576
12.291652409174754 51967.342536064127 -51912.052667057593
12.291902631345561 53301.014991773336 -53245.323294581234
12.29215285351637 54681.561360553693 -54625.461194345233
12.292403075687179 56111.082845991448 -56054.567397729093
12.292653297857989 57591.795587877947 -57534.857866206512
12.292903520028796 59126.038104697953 -59068.670933557107
12.293153742199605 60716.279294236192 -60658.475306181128
12.293403964370414 62365.127039978041 -62306.87866919201
12.293654186541222 64075.337475559929 -64016.636950541346
12.293904408712031 65849.824964594009 -65790.664300499542
12.29415463088284 67691.672858808248 -67632.043849432244
12.294404853053649 69604.145103672199 -69544.039313041256
12.294655075224457 71590.698767593756 -71530.107521153943
12.294905297395266 73654.997578457493 -73593.911953830131
12.295155519566075 75800.926559824409 -75739.337377104559
12.295405741736884 78032.607868633655 -77970.505680203772
12.295655963907691 80354.417946861533 -80291.79302669059
12.295906186078501 82771.006111439623 -82707.848443836046
12.29615640824931 85287.314719970935 -85223.613987755278
12.296406630420117 87908.601064590344 -87844.346636650997
12.296656852590926 90640.461162899039 -90575.64208109185
12.296907074761736 93488.855633498766 -93423.460598848163
12.297157296932545 96460.137864527511 -96394.15522268365
12.297407519103352 99561.084707065849 -99494.502432968729
12.297657741274161 102798.92995169682 -102731.73563339455
12.29790796344497 106181.40087626933 -106113.58169783345
12.29815818561578 109716.75818650961 -109648.30090998589
12.298408407786587 113413.8397090884 -113344.7306554165
12.298658629957396 117282.10823971184 -117212.33326854184
12.298908852128205 121331.70399749212 -121261.24848581974
12.299159074299013 125573.50219210984 -125502.35101164602
12.299409296469822 130019.17627308803 -129947.31376627086
12.299659518640631 134681.26750199686 -134608.67745654631
12.29990974081144 139573.2615699328 -139499.92719183993
12.300159962982248 144709.67307572006 -144635.57696055275
12.300410185153057 150106.13878678274 -150031.26288917943
12.300660407323866 155779.52072667846 -155703.84632788983
12.300910629494673 161748.02027336988 -161671.52794669545
12.301160851665482 168031.30461339743 -167953.97418734996
12.301411073836292 174650.64708269373 -174572.4576017081
12.301661296007101 181629.08313897552 -181550.0128214618
12.301911518177908 188991.58395835248 -188911.61015187314
12.302161740348717 196765.24993580734 -196684.34906913654
12.302411962519527 204979.52670246601 -204897.67423426543
12.302662184690336 213666.44666033454 -213583.6170241528
12.302912406861143 222860.89948732435 -222777.06603259672
12.303162629031952 232600.93559379008 -232516.07052248195
12.303412851202761 242928.10713072665 -242842.18142922566
12.303663073373569 253887.85187643507 -253800.83524225483
12.303913295544378 265529.92618370539 -265441.78694651532
12.304163517715187 277908.89417862159 -277819.5992150635
12.304413739885996 291084.68159574183 -290994.19623743242
12.304663962056804 305123.20405015972 -305031.49198420974
12.304914184227613 320097.08123073453 -320004.10439203586
12.305164406398422 336086.45050703705 -335992.16896148043
12.305414628569231 353179.89584487327 -353084.26766255742
12.305664850740039 371475.51080759929 -371378.49192497588
12.305915072910848 391082.11788966216 -390983.66195942898
12.306165295081657 412120.67061790114 -412020.72884530225
12.306415517252464 434725.86993156688 -434624.39089558442
12.306665739423273 459048.03252269031 -458944.96198040951
12.306915961594083 485255.25634786225 -485150.53702005855
12.307166183764892 513535.93774438463 -513429.50908011041
12.307416405935699 544101.7059224582 -543993.50384009187
12.307666628106508 577190.85460319056 -577080.81120504451
12.307916850277318 613072.36792604928 -612960.41118320276
12.308167072448125 652050.65935798292 -651936.71276150364
12.308417294618934 694471.16936586099 -694355.15153998579
12.308667516789743 740727.00158507086 -740608.82585721486
12.308917738960552 791266.82012544479 -791146.39404707972
12.30916796113136 846604.28513367765 -846481.50994513021
12.309418183302169 907329.37327456754 -907204.14330560842
12.309668405472978 974122.01907278365 -973994.22106946143
12.309918627643787 1047768.6283565324 -1047638.1407229973
12.310168849814595 1129182.1648790489 -1129048.8568210441
12.310419071985404 1219426.707186295 -1219290.4377404796
12.310669294156213 1319747.6309389321 -1319608.2478691211
12.31091951632702 1431608.9143635719 -1431466.2529011972
12.31116973849783 1556739.5223349687 -1556593.4037363934
12.311419960668639 1697191.4415926016 -1697041.6714801015
12.311670182839448 1855412.7782406153 -1855259.1446865692
12.311920405010255 2034340.47893701 -2034182.7502416684
12.312170627181064 2237518.830034852 -2237356.7521364246
12.312420849351874 2469252.1173032522 -2469085.4107441837
12.312671071522683 2734802.9803166962 -2734631.3366708262
12.31292129369349 3040652.5045209909 -3040475.5821613921
12.313171515864299 3394844.6255685184 -3394662.0446231114
12.313421738035109 3807447.0087975054 -3807258.3450962524
12.313671960205916 4291174.844945983 -4290979.6227054875
12.313922182376725 4862245.5957142171 -4862043.2786270203
12.314172404547534 5541565.9256864591 -5541355.9059746526
12.314422626718343 6356404.0457419511 -6356185.6305850698
