# serie phase 2 p7_w2.27_c1.05_dt2_k4 : t x1 x2 (dt2=0.00020157194014602974, depart t=17.904 etat bascule x1 x2 v1 v2 = 205.54086570453543 -191.82071216134437 3425.589606390588 -3357.4524474520099)
17.904 205.54086570453543 -191.82071216134437
17.904201571940145 206.2329990977895 -192.49909509137206
17.904403143880291 206.92840691076367 -193.18072051728279
17.904604715820437 207.62710893121954 -193.86560811238215
17.904806287760586 208.32912509277642 -194.55377769528425
17.905007859700731 209.03447547617819 -195.24524923117522
17.905209431640877 209.74318031057263 -195.94004283308936
17.905411003581023 210.45525997480385 -196.63817876319794
17.905612575521168 211.17073499871742 -197.33967743411108
17.905814147461314 211.88962606447859 -198.04455941019251
17.906015719401459 212.6119540079039 -198.75284540888762
17.906217291341605 213.33773981980605 -199.46455630206498
17.906418863281754 214.06700464735229 -200.17971311737108
17.9066204352219 214.79976979543656 -200.89833703959903
17.906822007162045 215.53605672806546 -201.62044941207088
17.907023579102191 216.2758870697582 -202.34607173803403
17.907225151042336 217.0192826069607 -203.0752256820717
17.907426722982482 217.76626528947409 -203.80793307152774
17.907628294922628 218.5168572318976 -204.54421589794586
17.907829866862773 219.2710807150861 -205.2840963185235
17.908031438802922 220.02895818762255 -206.02759665758055
17.908233010743068 220.79051226730542 -206.77473940804288
17.908434582683213 221.55576574265118 -207.52554723294119
17.908636154623359 222.32474157441223 -208.28004296692509
17.908837726563505 223.09746289711032 -209.03824961779259
17.90903929850365 223.87395302058556 -209.80019036803535
17.909240870443796 224.65423543156152 -210.56588857639977
17.909442442383941 225.43833379522616 -211.33536777946406
17.90964401432409 226.22627195682918 -212.10865169323159
17.909845586264236 227.01807394329566 -212.8857642147405
17.910047158204382 227.81376396485646 -213.66672942369016
17.910248730144527 228.61336641669533 -214.45157158408412
17.910450302084673 229.41690588061309 -215.24031514589032
17.910651874024818 230.224407126709 -216.0329847467182
17.910853445964964 231.03589511507957 -216.82960521351347
17.91105501790511 231.85139499753498 -217.63020156427027
17.911256589845259 232.67093211933323 -218.43479900976118
17.911458161785404 233.49453202093247 -219.24342295528524
17.91165973372555 234.32222043976154 -220.05609900243422
17.911861305665695 235.15402331200883 -220.87285295087722
17.912062877605841 235.98996677443003 -221.69371080016398
17.912264449545987 236.83007716617459 -222.51869875154702
17.912466021486132 237.67438103063142 -223.34784320982294
17.912667593426278 238.52290511729387 -224.18117078519288
17.912869165366427 239.37567638364436 -225.01870829514269
17.913070737306573 240.23272199705866 -225.86048276634276
17.913272309246718 241.0940693367304 -226.7065214365679
17.913473881186864 241.95974599561578 -227.55685175663749
17.913675453127009 242.82977978239873 -228.41150139237595
17.913877025067155 243.70419872347696 -229.27049822659427
17.9140785970073 244.58303106496894 -230.13387036109214
17.914280168947446 245.46630527474215 -231.00164611868158
17.914481740887595 246.35405004446295 -231.87385404523192
17.914683312827741 247.24629429166805 -232.7505229117366
17.914884884767886 248.1430671618582 -233.63168171640183
17.915086456708032 249.04439803061402 -234.51735968675774
17.915288028648177 249.95031650573455 -235.40758628179188
17.915489600588323 250.86085242939853 -236.3023911941055
17.915691172528469 251.77603588034887 -237.20180435209312
17.915892744468614 252.69589717610049 -238.10585592214528
17.916094316408763 253.62046687517181 -239.01457631087496
17.916295888348909 254.54977577934034 -239.92799616736792
17.916497460289055 255.4838549359223 -240.84614638545742
17.9166990322292 256.42273564007701 -241.76905810602315
17.916900604169346 257.36644943713605 -242.6967627193153
17.917102176109491 258.31502812495756 -243.62929186730344
17.917303748049637 259.26850375630602 -244.56667744605107
17.917505319989782 260.22690864125781 -245.50895160811578
17.917706891929932 261.19027534963283 -246.45614676497544
17.917908463870077 262.15863671345255 -247.40829558948082
17.918110035810223 263.13202582942489 -248.36543101833482
17.918311607750368 264.11047606145587 -249.32758625459883
17.918513179690514 265.09402104318906 -250.29479477022633
17.91871475163066 266.08269468057244 -251.26709030862423
17.918916323570805 267.07653115445339 -252.24450688724221
17.919117895510951 268.07556492320231 -253.22707880019047
17.9193194674511 269.07983072536467 -254.21484062088615
17.919521039391245 270.08936358234251 -255.20782720472891
17.919722611331391 271.10419880110527 -256.2060736918059
17.919924183271537 272.12437197693043 -257.20961550962653
17.920125755211682 273.14991899617456 -258.21848837588743
17.920327327151828 274.18087603907475 -259.23272830126803
17.920528899091973 275.21727958258111 -260.25237159225685
17.920730471032119 276.25916640322083 -261.27745485400948
17.920932042972268 277.30657357999377 -262.30801499323792
17.921133614912414 278.35953849730009 -263.34408922113232
17.921335186852559 279.41809884790104 -264.38571505631501
17.921536758792705 280.4822926359119 -265.43293032782753
17.92173833073285 281.55215817982906 -266.48577317815113
17.921939902672996 282.62773411559044 -267.54428206626073
17.922141474613142 283.70905939967037 -268.60849577071338
17.922343046553287 284.79617331220891 -269.67845339277113
17.922544618493436 285.8891154601767 -270.75419435955911
17.922746190433582 286.98792578057481 -271.83575842725901
17.922947762373727 288.09264454367121 -272.92318568433842
17.923149334313873 289.20331235627305 -274.0165165548168
17.923350906254019 290.31997016503647 -275.11579180156821
17.923552478194164 291.4426592598133 -276.22105252966122
17.92375405013431 292.57142127703611 -277.33234018973701
17.923955622074455 293.70629820314122 -278.44969658142537
17.924157194014604 294.84733237803073 -279.57316385679979
17.92435876595475 295.99456649857393 -280.70278452387168
17.924560337894896 297.14804362214858 -281.83860145012443
17.924761909835041 298.30780717022236 -282.98065786608777
17.924963481775187 299.47390093197538 -284.12899736895298
17.925165053715332 300.6463690679642 -285.28366392622939
17.925366625655478 301.82525611382749 -286.44470187944279
17.925568197595624 303.0106069840345 -287.61215594787632
17.925769769535773 304.2024669756762 -288.78607123235435
17.925971341475918 305.40088177230058 -289.96649321906966
17.926172913416064 306.60589744779145 -291.15346778345508
17.926374485356209 307.81756047029245 -292.34704119409957
17.926576057296355 309.03591770617629 -293.54726011670954
17.926777629236501 310.26101642405979 -294.75417161811612
17.926979201176646 311.49290429886543 -295.96782317032893
17.927180773116792 312.73162941593023 -297.18826265463667
17.927382345056941 313.97724027516205 -298.41553836575565
17.927583916997087 315.2297857952446 -299.64969901602643
17.927785488937232 316.48931531789123 -300.89079373965939
17.927987060877378 317.75587861214831 -302.13887209703012
17.928188632817523 319.02952587874915 -303.39398407902462
17.928390204757669 320.31030775451876 -304.65618011143579
17.928591776697814 321.5982753168301 -305.92551105941129
17.92879334863796 322.89348008811299 -307.2020282319537
17.928994920578109 324.19597404041571 -308.48578338647354
17.929196492518255 325.50580960002048 -309.77682873339609
17.9293980644584 326.82303965211344 -311.07521694082237
17.929599636398546 328.14771754550952 -312.38100113924537
17.929801208338692 329.47989709743359 -313.69423492632211
17.930002780278837 330.81963259835788 -315.01497237170207
17.930204352218983 332.16697881689714 -316.34326802191322
17.930405924159128 333.52199100476167 -317.67917690530578
17.930607496099277 334.88472490176946 -319.02275453705528
17.930809068039423 336.25523674091812 -320.37405692422493
17.931010639979569 337.6335832535172 -321.73314057088862
17.931212211919714 339.01982167438211 -323.10006248331513
17.93141378385986 340.41400974708984 -324.47488017521465
17.931615355800005 341.81620572929825 -325.85765167304788
17.931816927740151 343.2264683981287 -327.24843552139924
17.932018499680296 344.64485705561395 -328.64729078841469
17.932220071620446 346.07143153421129 -330.05427707130497
17.932421643560591 347.50625220238237 -331.46945450191538
17.932623215500737 348.9493799702405 -332.89288375236305
17.932824787440882 350.40087629526619 -334.32462604074209
17.933026359381028 351.86080318809212 -335.76474313689835
17.933227931321174 353.32922321835827 -337.21329736827403
17.933429503261319 354.80619952063819 -338.67035162582363
17.933631075201465 356.29179580043768 -340.1359693700017
17.933832647141614 357.78607634026628 -341.61021463682403
17.934034219081759 359.28910600578337 -343.09315204400264
17.934235791021905 360.80095025201916 -344.58484679715605
17.934437362962051 362.32167512967197 -346.0853646960955
17.934638934902196 363.85134729148297 -347.59477214118857
17.934840506842342 365.39003399868909 -349.11313613980104
17.935042078782487 366.93780312755564 -350.64052431281806
17.935243650722633 368.49472317598929 -352.17700490124577
17.935445222662782 370.06086327023274 -353.72264677289439
17.935646794602928 371.63629317164231 -355.27751942914455
17.935848366543073 373.2210832835496 -356.84169301179668
17.936049938483219 374.81530465820811 -358.4152383100062
17.936251510423364 376.41902900382632 -359.99822676730463
17.93645308236351 378.03232869168835 -361.590730488708
17.936654654303656 379.65527676336336 -363.19282224791442
17.936856226243801 381.28794693800518 -364.80457549459101
17.93705779818395 382.93041361974298 -366.42606436175265
17.937259370124096 384.5827519051648 -368.05736367323266
17.937460942064241 386.24503759089492 -369.69854895124769
17.937662514004387 387.91734718126634 -371.34969642405758
17.937864085944533 389.59975789609024 -373.01088303372171
17.938065657884678 391.29234767852302 -374.68218644395324
17.938267229824824 392.99519520303289 -376.36368504807268
17.938468801764969 394.70837988346739 -378.05545797706196
17.938670373705119 396.4319818812229 -379.75758510772079
17.938871945645264 398.16608211351797 -381.47014707092643
17.93907351758541 399.91076226177194 -383.19322525999877
17.939275089525555 401.66610478009005 -384.92690183917171
17.939476661465701 403.43219290385696 -386.67125975217283
17.939678233405846 405.20911065843995 -388.42638273091256
17.939879805345992 406.99694286800366 -390.19235530428477
17.940081377286138 408.79577516443754 -391.9692628070801
17.940282949226287 410.6056939963982 -393.75719138901383
17.940484521166432 412.42678663846789 -395.55622802386989
17.940686093106578 414.25914120043109 -397.36646051876278
17.940887665046723 416.10284663667062 -399.18797752351873
17.941089236986869 417.95799275568527 -401.02086854017864
17.941290808927015 419.82467022973077 -402.86522393262373
17.94149238086716 421.70297060458557 -404.72113493632617
17.941693952807306 423.59298630944352 -406.58869366822648
17.941895524747455 425.49481066693534 -408.46799313673938
17.942097096687601 427.40853790328066 -410.35912725189002
17.942298668627746 429.33426315857253 -412.26219083558283
17.942500240567892 431.27208249719638 -414.17727963200446
17.942701812508037 433.2220929183855 -416.10449031816319
17.942903384448183 435.18439236691512 -418.04392051456648
17.943104956388328 437.15907974393673 -419.99566879603901
17.943306528328474 439.14625491795528 -421.95983470268328
17.943508100268623 441.14601873595097 -423.93651875098448
17.943709672208769 443.15847303464801 -425.92582244506247
17.943911244148914 445.1837206519325 -427.92784828807237
17.94411281608906 447.2218654384215 -429.94269979375645
17.944314388029206 449.27301226918576 -431.97048149814941
17.944515959969351 451.33726705562827 -434.01129897143937
17.944717531909497 453.41473675752133 -436.06525882998687
17.944919103849642 455.50552939520372 -438.13246874850438
17.945120675789791 457.60975406194132 -440.21303747239858
17.945322247729937 459.727520936453 -442.30707483027805
17.945523819670083 461.85894129560467 -444.41469174662859
17.945725391610228 464.00412752727362 -446.53600025465909
17.945926963550374 466.16319314338631 -448.67111350932026
17.946128535490519 468.33625279313156 -450.82014580049895
17.946330107430665 470.52342227635262 -452.98321256639059
17.946531679370811 472.72481855711987 -455.16043040705279
17.94673325131096 474.94055977748798 -457.35191709814262
17.946934823251105 477.17076527143928 -459.5577916048403
17.947136395191251 479.41555557901728 -461.77817409596241
17.947337967131396 481.67505246065224 -464.01318595826746
17.947539539071542 483.94937891168252 -466.26294981095663
17.947741111011688 486.23865917707428 -468.52758952037283
17.947942682951833 488.54301876634293 -470.80723021490115
17.948144254891979 490.8625844686789 -473.10199830007383
17.948345826832128 493.19748436828166 -475.41202147388259
17.948547398772273 495.54784785990455 -477.7374287423022
17.948748970712419 497.91380566461413 -480.07835043502797
17.948950542652565 500.29548984576707 -482.43491822143068
17.94915211459271 502.69303382520837 -484.80726512673255
17.949353686532856 505.1065723996939 -487.19552554840749
17.949555258473001 507.53624175754106 -489.599835272809
17.949756830413147 509.98217949551139 -492.02033149202981
17.949958402353296 512.44452463592791 -494.45715282099621
17.950159974293442 514.92341764403193 -496.91043931480158
17.950361546233587 517.4190004455827 -499.38033248628193
17.950563118173733 519.9314164447029 -501.86697532383829
17.950764690113878 522.46081054197566 -504.37051230950908
17.950966262054024 525.00732915279548 -506.89108943729667
17.95116783399417 527.57112022597767 -509.42885423175238
17.951369405934315 530.15233326263046 -511.98395576682384
17.951570977874464 532.75111933529433 -514.5565446849688
17.95177254981461 535.36763110735171 -517.14677321653983
17.951974121754755 538.00202285271291 -519.75479519944429
17.952175693694901 540.65445047578135 -522.38076609908364
17.952377265635047 543.32507153170297 -525.02484302857692
17.952578837575192 546.01404524690554 -527.68718476927313
17.952780409515338 548.72153253993019 -530.36795179155638
17.952981981455483 551.44769604256226 -533.06730627594959
17.953183553395633 554.19270012126515 -535.78541213452058
17.953385125335778 556.95671089892153 -538.52243503259638
17.953586697275924 559.73989627688866 -541.2785424107899
17.953788269216069 562.54242595737094 -544.05390350734478
17.953989841156215 565.36447146611636 -546.84868938080297
17.95419141309636 568.20620617544137 -549.66307293300076
17.954392985036506 571.06780532758967 -552.4972289323988
17.954594556976652 573.94944605843068 -555.35133403775058
17.954796128916801 576.85130742150284 -558.22556682211632
17.954997700856946 579.77357041240771 -561.12010779722675
17.955199272797092 582.71641799356064 -564.03513943820337
17.955400844737238 585.68003511930385 -566.97084620864075
17.955602416677383 588.6646087613874 -569.92741458605678
17.955803988617529 591.67032793482565 -572.90503308771679
17.956005560557674 594.69738372413326 -575.90389229683888
17.95620713249782 597.74596930994926 -578.92418488918486
17.956408704437969 600.81627999605394 -581.96610566004517
17.956610276378115 603.90851323678578 -585.0298515516231
17.95681184831826 607.02286866486588 -588.11562168082548
17.957013420258406 610.15954811963513 -591.22361736746666
17.957214992198551 613.31875567571228 -594.35404216289248
17.957416564138697 616.5006976720797 -597.50710187903189
17.957618136078842 619.70558274160351 -600.68300461788215
17.957819708018988 622.93362184099647 -603.88196080143689
17.958021279959137 626.18502828123019 -607.10418320206236
17.958222851899283 629.46001775840455 -610.34988697333154
17.958424423839428 632.75880838508226 -613.6192896813219
17.958625995779574 636.0816207220962 -616.91261133638648
17.95882756771972 639.42867781083817 -620.23007442540529
17.959029139659865 642.80020520603637 -623.5719039445255
17.959230711600011 646.19643100903102 -626.93832743239875
17.95943228354016 649.61758590155569 -630.32957500392433
17.959633855480305 653.06390318003355 -633.74587938450679
17.959835427420451 656.53561879039773 -637.18747594483659
17.960036999360597 660.03297136344406 -640.65460273620363
17.960238571300742 663.55620225072562 -644.14750052635134
17.960440143240888 667.10555556099916 -647.66641283588274
17.960641715181033 670.68127819723225 -651.21158597522617
17.960843287121179 674.28361989418067 -654.78326908217161
17.961044859061328 677.91283325654717 -658.38171415998715
17.961246431001474 681.56917379773063 -662.00717611612538
17.961448002941619 685.25289997917605 -665.65991280153105
17.961649574881765 688.96427325033676 -669.34018505055917
17.96185114682191 692.70355808925854 -673.04825672151571
17.962052718762056 696.47102204379746 -676.78439473783033
17.962254290702202 700.2669357734818 -680.54886912987376
17.962455862642347 704.09157309203044 -684.34195307743039
17.962657434582496 707.94521101053806 -688.16392295283754
17.962859006522642 711.82812978134041 -692.01505836480408
17.963060578462787 715.74061294257058 -695.89564220291959
17.963262150402933 719.68294736341909 -699.80596068286661
17.963463722343079 723.65542329011032 -703.74630339234898
17.963665294283224 727.65833439260837 -707.71696333774855
17.96386686622337 731.69197781206458 -711.71823699152367
17.964068438163515 735.75665420902089 -715.75042434036243
17.964270010103665 739.85266781238249 -719.81382893410455
17.96447158204381 743.98032646917306 -723.90875793544558
17.964673153983956 748.13994169508737 -728.03552217043773
17.964874725924101 752.33182872585587 -732.19443617980176
17.965076297864247 756.55630656943447 -736.3858182710643
17.965277869804392 760.81369805903716 -740.60999057153595
17.965479441744538 765.10432990702384 -744.8672790821455
17.965681013684684 769.42853275966149 -749.15801373214583
17.965882585624833 773.78664125277317 -753.48252843470732
17.966084157564978 778.17899406829144 -757.84116114341498
17.966285729505124 782.60593399173331 -762.23425390968634
17.96648730144527 787.06780797061322 -766.66215294112658
17.966688873385415 791.56496717381106 -771.12520866083855
17.966890445325561 796.09776705191393 -775.62377576770496
17.967092017265706 800.6665673985483 -780.15821329766129
17.967293589205852 805.27173241272237 -784.72888468597728
17.967495161146001 809.91363076219648 -789.33615783056575
17.967696733086147 814.59263564790069 -793.98040515633863
17.967898305026292 819.30912486941986 -798.66200368062903
17.968099876966438 824.06348089156552 -803.38133507969962
17.968301448906583 828.85609091205538 -808.13878575635749
17.968503020846729 833.6873469303207 -812.93474690869652
17.968704592786874 838.55764581746348 -817.76961459998881
17.96890616472702 843.46738938738486 -822.64378982974586
17.969107736667169 848.41698446910652 -827.5576786059728
17.969309308607315 853.40684298030897 -832.51169201863775
17.96951088054746 858.43738200210771 -837.50624631437893
17.969712452487606 863.50902385509323 -842.54176297247443
17.969914024427752 868.62219617665733 -847.61866878209719
17.970115596367897 873.77733199963075 -852.737395920881
17.970317168308043 878.9748698322577 -857.89838203482213
17.970518740248188 884.2152537395325 -863.10207031954189
17.970720312188337 889.49893342592509 -868.3489096029374
17.970921884128483 894.82636431952096 -873.63935442924617
17.971123456068629 900.19800765760465 -878.97386514455252
17.971325028008774 905.61433057371346 -884.352907983764
17.97152659994892 911.07580618619033 -889.77695515908533
17.971728171889065 916.58291368826519 -895.24648495002032
17.971929743829211 922.13613843969472 -900.76198179493076
17.972131315769357 927.73597205999033 -906.32393638418296
17.972332887709506 933.3829125232661 -911.93284575491282
17.972534459649651 939.07746425473886 -917.58921338744187
17.972736031589797 944.82013822891156 -923.29354930337604
17.972937603529942 950.61145206947458 -929.04637016542074
17.973139175470088 956.45193015095822 -934.84819937894622
17.973340747410234 962.34210370217124 -940.69956719533798
17.973542319350379 968.28251091146069 -946.60101081716709
17.973743891290525 974.27369703382999 -952.55307450521764
17.973945463230674 980.31621449995134 -958.55630968740718
17.974147035170819 986.41062302711111 -964.61127506963942
17.974348607110965 992.5574897321269 -970.71853674862689
17.974550179051111 998.75738924627524 -976.87866832672307
17.974751750991256 1005.0109038322711 -983.09225102880544
17.974953322931402 1011.3186235033405 -989.35987382124972
17.975154894871547 1017.6811461444283 -995.68213353303861
17.975356466811693 1024.0990776355848 -1002.0596349790472
17.975558038751842 1030.5730319775741 -1008.4929910855507
17.975759610691988 1037.1036314197534 -1014.9828230179979
17.975961182632133 1043.6915065902631 -1021.5297603110992
17.976162754572279 1050.3372966285815 -1028.1344410012732
17.976364326512424 1057.0416493204889 -1034.7975117615042
17.97656589845257 1063.8052212354912 -1041.5196280386565
17.976767470392716 1070.6286778667547 -1048.3014541932978
17.976969042332861 1077.5126937736022 -1055.1436636420847
17.97717061427301 1084.4579527266258 -1062.0469390027611
17.977372186213156 1091.4651478554683 -1069.0119722418247
17.977573758153301 1098.5349817993315 -1076.0394648249178
17.977775330093447 1105.6681668602641 -1083.130127869998
17.977976902033593 1112.8654251592918 -1090.2846823033476
17.978178473973738 1120.1274887954462 -1097.5038590184818
17.978380045913884 1127.4551000077547 -1104.7883990380142
17.978581617854029 1134.8490113402534 -1112.139053678545
17.978783189794179 1142.3099858100861 -1119.556584718634
17.978984761734324 1149.8387970787562 -1127.0417645699229
17.97918633367447 1157.4362296265963 -1134.5953764514757
17.979387905614615 1165.1030789305264 -1142.2182145674042
17.979589477554761 1172.8401516451684 -1149.9110842878481
17.979791049494906 1180.6482657873896 -1157.6748023333842
17.979992621435052 1188.5282509243498 -1165.5101969629334
17.980194193375198 1196.4809483651236 -1173.4181081652462
17.980395765315347 1204.5072113559804 -1181.3993878540377
17.980597337255492 1212.6079052793948 -1189.4549000668574
17.980798909195638 1220.7839078568725 -1197.5855211677672
17.981000481135784 1229.0361093556733 -1205.7921400539176
17.981202053075929 1237.3654127995142 -1214.0756583661007
17.981403625016075 1245.7727341833418 -1222.4369907033702
17.98160519695622 1254.2590026922608 -1230.8770648418158
17.981806768896366 1262.8251609247106 -1239.3968219575841
17.982008340836515 1271.4721651199836 -1247.9972168542365
17.982209912776661 1280.2009853901793 -1256.6792181945434
17.982411484716806 1289.0126059566926 -1265.4438087368092
17.982613056656952 1297.9080253913385 -1274.2919855758305
17.982814628597097 1306.8882568622123 -1283.2247603885885
17.983016200537243 1315.9543283843932 -1292.2431596847821
17.983217772477389 1325.1072830755986 -1301.348225062309
17.983419344417534 1334.3481794168997 -1310.5410134678052
17.983620916357683 1343.6780915186107 -1319.8225974623563
17.983822488297829 1353.0981093914691 -1329.194065492497
17.984024060237974 1362.6093392232258 -1338.6565221666169
17.98422563217812 1372.2129036607666 -1348.2110885368968
17.984427204118266 1381.9099420978907 -1357.8589023868965
17.984628776058411 1391.7016109688734 -1367.6011185249274
17.984830347998557 1401.5890840479467 -1377.4389090833372
17.985031919938702 1411.5735527548309 -1387.3734638238436
17.985233491878851 1421.6562264664553 -1397.4059904490553
17.985435063818997 1431.8383328350117 -1407.5377149203205
17.985636635759143 1442.1211181124834 -1417.7698817820506
17.985838207699288 1452.5058474818024 -1428.1037544926662
17.986039779639434 1462.9938053947844 -1438.5406157623192
17.986241351579579 1473.5862959170004 -1449.0817678975484
17.986442923519725 1484.2846430797456 -1459.7285331530288
17.986644495459871 1495.0901912392712 -1470.48225409058
17.98684606740002 1506.0043054434477 -1481.3442939456031
17.987047639340165 1517.0283718060346 -1492.3160370011201
17.987249211280311 1528.1637978887334 -1503.3988889695947
17.987450783220456 1539.4120130912097 -1514.5942773827155
17.987652355160602 1550.7744690492698 -1525.9036519893327
17.987853927100748 1562.2526400413851 -1537.3284851617386
17.988055499040893 1573.8480234037643 -1548.87027231049
17.988257070981039 1585.5621399541742 -1560.5305323079776
17.988458642921188 1597.396534424719 -1572.3108079209489
17.988660214861333 1609.3527759037918 -1584.2126662521996
17.988861786801479 1621.4324582874185 -1596.2376991916533
17.989063358741625 1633.6372007402206 -1608.3875238770547
17.98926493068177 1645.9686481662266 -1620.6637831645098
17.989466502621916 1658.4284716897723 -1633.0681461091078
17.989668074562061 1671.0183691467339 -1645.6023084558733
17.989869646502207 1683.7400655863441 -1658.2679931412961
17.990071218442356 1696.595313783851 -1671.0669508056992
17.990272790382502 1709.5858947642823 -1684.0009603167086
17.990474362322647 1722.7136183375897 -1697.0718293040966
17.990675934262793 1735.9803236454511 -1710.2813947062793
17.990877506202938 1749.3878797200191 -1723.6315233287557
17.991079078143084 1762.9381860549106 -1737.1241124147818
17.99128065008323 1776.6331731887408 -1750.7610902285853
17.991482222023375 1790.4748033015137 -1764.5444166514301
17.991683793963524 1804.4650708241902 -1778.4760837908536
17.99188536590367 1818.6060030617607 -1792.5581166034042
17.992086937843816 1832.8996608301643 -1806.7925735312181
17.992288509783961 1847.3481391073997 -1821.1815471527832
17.992490081724107 1861.9535676991873 -1835.7271648482481
17.992691653664252 1876.7181119195498 -1850.4315894796441
17.992893225604398 1891.6439732866893 -1865.2970200863972
17.993094797544543 1906.7333902345508 -1880.3256925965206
17.993296369484693 1921.9886388404716 -1895.5198805538873
17.993497941424838 1937.4120335693276 -1910.881895861992
17.993699513364984 1953.0059280346004 -1926.4140895446292
17.993901085305129 1968.7727157768006 -1942.1188525239193
17.994102657245275 1984.7148310596947 -1957.9986164161319
17.99430422918542 2000.8347496847957 -1974.0558543457671
17.994505801125566 2017.1349898245937 -1990.2930817783681
17.994707373065712 2033.6181128750118 -2006.7128573725531
17.994908945005861 2050.2867243275905 -2023.3177838517681
17.995110516946006 2067.1434746619175 -2040.1105088962772
17.995312088886152 2084.1910602588341 -2057.0937260559226
17.995513660826298 2101.4322243349648 -2074.2701756841998
17.995715232766443 2118.8697578991359 -2091.6426458942142
17.995916804706589 2136.5065007312605 -2109.2139735370956
17.996118376646734 2154.3453423842893 -2126.9870452034702
17.99631994858688 2172.3892232098401 -2144.9647982486026
17.996521520527029 2190.641135408142 -2163.1502218418455
17.996723092467175 2209.1041241029429 -2181.5463580410428
17.99692466440732 2227.7812884420568 -2200.1563028925625
17.997126236347466 2246.6757827242373 -2218.9832075576501
17.997327808287611 2265.7908175530956 -2238.0302794658128
17.997529380227757 2285.1296610187937 -2257.3007834959731
17.997730952167903 2304.695639908271 -2276.7980431861429
17.997932524108048 2324.4921409447816 -2296.5254419724024
17.998134096048197 2344.5226120575521 -2316.4864244579853
17.998335667988343 2364.7905636823798 -2336.6844977132964
17.998537239928488 2385.2995700940296 -2357.1232326077175
17.998738811868634 2406.053270771311 -2377.8062651740806
17.99894038380878 2427.0553717957364 -2398.7372980067148
17.999141955748925 2448.3096472847019 -2419.9201016939996
17.999343527689071 2469.8199408601508 -2441.3585162863956
17.999545099629216 2491.5901671537172 -2463.0564528009372
17.999746671569365 2513.6243133493713 -2485.0178947632207
17.999948243509511 2535.9264407646297 -2507.2468997879409
18.000149815449657 2558.5006864714155 -2529.7476011990666
18.000351387389802 2581.3512649576983 -2552.5242096907841
18.000552959329948 2604.4824698310731 -2575.5810150303655
18.000754531270093 2627.8986755654778 -2598.9223878041626
18.000956103210239 2651.6043392922829 -2622.5527812079586
18.001157675150385 2675.6040026370342 -2646.4767328829603
18.001359247090534 2699.9022936031602 -2670.6988667987393
18.001560819030679 2724.5039285040057 -2695.2238951844865
18.001762390970825 2749.4137139445979 -2720.0566205099822
18.00196396291097 2774.6365488545903 -2745.2019375177292
18.002165534851116 2800.1774265738795 -2770.6648353077458
18.002367106791262 2826.0414369924456 -2796.4503994765632
18.002568678731407 2852.2337687460058 -2822.5638143120218
18.002770250671553 2878.7597114691334 -2849.0103650455144
18.002971822611702 2905.6246581075416 -2875.7954401633788
18.003173394551848 2932.834107291294 -2902.9245337792004
18.003374966491993 2960.3936657707563 -2930.4032480688352
18.003576538432139 2988.3090509171698 -2958.2372957700395
18.003778110372284 3016.586093289784 -2986.4325027486379
18.00397968231243 3045.2307392715588 -3014.9948106332427
18.004181254252575 3074.2490537755034 -3043.9302795205908
18.004382826192721 3103.6472230238019 -3073.2450907536472
18.00458439813287 3133.431557401937 -3102.9455497746844
18.004785970073016 3163.608494390106 -3133.0380890556357
18.004987542013161 3194.1846015742963 -3163.5292711080856
18.005189113953307 3225.1665797394739 -3194.4257915753506
18.005390685893452 3256.5612660474194 -3225.7344824091856
18.005592257833598 3288.3756373018327 -3257.4623151337364
18.005793829773744 3320.616813303423 -3289.616404199453
18.005995401713889 3353.2920602977883 -3322.2040104297685
18.006196973654038 3386.4087945189922 -3355.2325445634524
18.006398545594184 3419.974585831847 -3388.7095708956417
18.00660011753433 3453.997161476012 -3422.6428110206639
18.006801689474475 3488.4844099151351 -3457.0401476798752
18.007003261414621 3523.444384794368 -3491.9096287178468
18.007204833354766 3558.8853090097186 -3527.2594711503589
18.007406405294912 3594.8155788928111 -3563.0980653477741
18.007607977235057 3631.2437685147661 -3599.4339793375025
18.007809549175207 3668.1786341130369 -3636.2759632293923
18.008011121115352 3705.6291186451808 -3673.6329537680249
18.008212693055498 3743.6043564736892 -3711.5140790160362
18.008414264995643 3782.1136781861437 -3749.9286631727341
18.008615836935789 3821.1666155551288 -3788.8862315324373
18.008817408875935 3860.7729066424886 -3828.3965155871251
18.00901898081608 3900.9425010526843 -3868.4694582781535
18.009220552756226 3941.6855653401876 -3909.1152194019696
18.009422124696375 3983.0124885760201 -3950.344181174939
18.00962369663652 4024.9338880787504 -3992.1669539625882
18.009825268576666 4067.4606153154432 -4034.5943821787669
18.010026840516812 4110.6037619782774 -4077.6375503604345
18.010228412456957 4154.3746662427493 -4121.3077894239932
18.010429984397103 4198.7849192136091 -4165.6166831093133
18.010631556337248 4243.8463715649123 -4210.5760746178303
18.010833128277394 4289.5711403808 -4256.1980734513263
18.011034700217543 4335.9716162038894 -4302.4950624582771
18.011236272157689 4383.0604702984037 -4349.4797050948946
18.011437844097834 4430.8506621354563 -4397.1649529082733
18.01163941603798 4479.3554471081879 -4445.5640532493417
18.011840987978125 4528.5883844847458 -4494.6905572236064
18.012042559918271 4578.563345607412 -4544.5583278879967
18.012244131858417 4629.2945223465176 -4595.181548702436
18.012445703798562 4680.7964358181025 -4646.5747322451098
18.012647275738711 4733.0839453746457 -4698.7527292007489
18.012848847678857 4786.1722578785584 -4751.7307376316148
18.013050419619002 4840.0769372685072 -4805.5243125412617
18.013251991559148 4894.8139144290553 -4860.1493757415483
18.013453563499294 4950.3994973744984 -4915.6222260337927
18.013655135439439 5006.8503817582477 -4971.9595497154005
18.013856707379585 5064.1836617195322 -5029.1784314237548
18.014058279319734 5122.4168410796974 -5087.2963653296329
18.014259851259879 5181.5678449008647 -5146.3312666929114
18.014461423200025 5241.6550314202304 -5206.3014837938445
18.014662995140171 5302.6972043738524 -5267.2258102537526
18.014864567080316 5364.7136257243055 -5329.1234977595104
18.015066139020462 5427.7240288072207 -5392.0142692068339
18.015267710960607 5491.7486319123182 -5455.9183322779872
18.015469282900753 5556.808152315205 -5520.8563934701733
18.015670854840902 5622.9238207768976 -5586.8496725915584
18.015872426781048 5690.117396528728 -5653.9199177425999
18.016073998721193 5758.4111827610468 -5722.0894208010805
18.016275570661339 5827.8280426349211 -5791.3810334300433
18.016477142601484 5898.3914158368334 -5861.8181836286367
18.01667871454163 5970.1253356972511 -5933.4248928467314
18.016880286481776 6043.0544468948337 -6006.225793685071
18.017081858421921 6117.2040237689789 -6080.2461482036633
18.01728343036207 6192.5999892643968 -6155.5118668620962
18.017485002302216 6269.268934532437 -6232.0495281164885
18.017686574242362 6347.23813921497 -6309.8863986988872
18.017888146182507 6426.5355924377582 -6389.0504546060374
18.018089718122653 6507.1900145414393 -6469.5704028256505
18.018291290062798 6589.2308795795097 -6551.4757038295356
18.018492862002944 6672.6884386139709 -6634.7965948642814
18.018694433943089 6757.59374384071 -6719.5641140715325
18.018896005883239 6843.9786735781026 -6805.8101254713547
18.019097577823384 6931.8759581538488 -6893.5673448436964
18.01929914976353 7021.3192067266464 -6982.8693665445389
18.019500721703675 7112.3429350809565 -7073.7506912949975
18.019702293643821 7204.9825944348941 -7166.2467549833864
18.019903865583967 7299.2746013030937 -7260.3939585221078
18.020105437524112 7395.2563684583547 -7356.229698803154
18.020307009464258 7492.9663370378867 -7453.7924007980446
18.020508581404407 7592.4440098421392 -7553.12155085017
18.020710153344552 7693.7299858764209 -7654.257731209751
18.020911725284698 7796.865996187903 -7757.2426558639909
18.021113297224844 7901.8949410530795 -7862.119207717501
18.021314869164989 8008.860928573381 -7968.9314771806758
18.021516441105135 8117.8093147394011 -8077.7248022264812
18.02171801304528 8228.7867450270842 -8188.545809978993
18.021919584985426 8341.8411975923118 -8301.4424599001122
18.022121156925575 8457.0220281335096 -8416.4640886440848
18.022322728865721 8574.3800164953245 -8533.6614566528497
18.022524300805866 8693.9674150899955 -8653.0867965688467
18.022725872746012 8815.8379992167884 -8774.7938635456358
18.022927444686157 8940.0471193638878 -8898.8379875407209
18.023129016626303 9066.6517555813061 -9025.2761276791207
18.023330588566449 9195.7105740177994 -9154.1669287806762
18.023532160506594 9327.2839857194813 -9285.5707801487661
18.023733732446743 9461.4342077927267 -9419.5498767230238
18.023935304386889 9598.2253270391939 -9556.1682827038585
18.024136876327034 9737.7233661762784 -9695.4919977621084
18.02433844826718 9879.9963527621512 -9837.5890259529369
18.024540020207326 10025.114390950657 -9982.529447459252
18.024741592147471 10173.149736207853 -10130.385493296428
18.024943164087617 10324.17687312885 -10281.231623116953
18.025144736027762 10478.272596500874 -10435.14460626093
18.025346307967911 10635.516095766157 -10592.203606206011
18.025547879908057 10795.989043046415 -10752.490268578513
18.025749451848203 10959.775684899261 -10916.088812896065
18.025951023788348 11126.962937986082 -11083.086128221265
18.026152595728494 11297.640488840496 -11253.571872915476
18.026354167668639 11471.900897936828 -11427.638578692178
18.026555739608785 11649.839708268848 -11605.381759180087
18.026757311548931 11831.555558660555 -11786.900023217822
18.02695888348908 12017.150302042994 -11972.295193114087
18.027160455429225 12206.729128944055 -12161.672428120284
18.027362027369371 12400.400696451959 -12355.140353376255
18.027563599309516 12598.27726292773 -12552.811194604425
18.027765171249662 12800.474828757462 -12754.800918843132
18.027966743189808 13007.113283451694 -12961.229381526433
18.028168315129953 13218.316559416664 -13172.220480235132
18.028369887070099 13434.212792740893 -13387.902315462459
18.028571459010248 13654.934491360309 -13608.407358757579
18.028773030950394 13880.618710986211 -13833.872628631192
18.028974602890539 14111.407239202777 -14064.439874629936
18.029176174830685 14347.446788164723 -14300.255770010112
18.02937774677083 14588.889196351109 -14541.472113466747
18.029579318710976 14835.891639858406 -14788.246040401045
18.029780890651121 15088.616853744814 -15040.740244238188
18.029982462591267 15347.233363968588 -15299.123208338204
18.030184034531416 15611.915730495992 -15563.569449075498
18.030385606471562 15882.844802189553 -15834.259770697648
18.030587178411707 16160.207984124667 -16111.381532611513
18.030788750351853 16444.199518022611 -16395.128929784609
18.030990322291998 16735.020776530644 -16685.703286992459
18.031191894232144 17032.880572125574 -16983.313367688173
18.03139346617229 17337.995481465885 -17288.175698319359
18.031595038112435 17650.590186069734 -17600.514908969566
18.031796610052584 17970.897830251975 -17920.564091257416
18.03199818199273 18299.160397313139 -18248.565174486237
18.032199753932876 18635.629105037344 -18584.769321101157
18.032401325873021 18980.564821624725 -18929.437342579149
18.032602897813167 19334.238503257526 -19282.840136951101
18.032804469753312 19696.931654577911 -19645.259149233916
18.033006041693458 20068.936813440156 -20016.98685613522
18.033207613633603 20450.558061390828 -20398.327276484175
18.033409185573753 20842.111561428075 -20789.596508939467
18.033610757513898 21243.926124696074 -21191.123298630406
18.033812329454044 21656.343807883382 -21603.249634499804
18.034013901394189 22079.720543215251 -22026.331379238582
18.034215473334335 22514.426803060342 -22460.738933832414
18.034417045274481 22960.848301312832 -22906.857938881352
18.034618617214626 23419.386733862208 -23365.09001500452
18.034820189154772 23890.460560626059 -23835.853544805137
18.035021761094921 24374.505831797112 -24319.584499046941
18.035223333035066 24871.977061145346 -24816.737309882745
18.035424904975212 25383.348149420915 -25327.785794180651
18.035626476915358 25909.113361124695 -25853.224130214654
18.035828048855503 26449.788358152269 -26393.567891225215
18.036029620795649 27005.911294075609 -26949.355139613941
18.036231192735794 27578.043973106229 -27521.147585815939
18.03643276467594 28166.773078086218 -28109.531816196046
18.036634336616089 28772.711472181309 -28715.1205946429
18.036835908556235 29396.499579305331 -29338.554242890004
18.03703748049638 30038.806848690634 -29980.502104978063
18.037239052436526 30700.33330943693 -30641.664101690869
18.037440624376671 31381.811221324897 -31322.772381250794
18.037642196316817 32084.006828673824 -32024.593073052863
18.037843768256963 32807.722224558565 -32747.928151752421
18.038045340197108 33553.797333284107 -33493.617419604336
18.038246912137257 34323.112019650711 -34262.540615586448
18.038448484077403 35116.58833423398 -35055.61966053112
18.038650056017548 35935.192904657648 -35873.821048242469
18.038851627957694 36779.939483659087 -36718.158393398735
18.03905319989784 37651.891665644565 -37589.695147936494
18.039254771837985 38552.16578441154 -38489.547498593449
18.039456343778131 39481.934005786577 -39418.887459357997
18.039657915718276 40442.427630099584 -40378.946173745637
18.039859487658426 41434.940620698064 -41371.01744310544
18.040061059598571 42460.833376110946 -42396.461498565535
18.040262631538717 43521.536765013014 -43456.709035767963
18.040464203478862 44618.556444832182 -44553.265533234466
18.040665775419008 45753.477486699529 -45687.715877062474
18.040867347359153 46927.969331483713 -46861.729316691984
18.041068919299299 48143.791103897136 -48077.064778730011
18.041270491239445 49402.797314134004 -49335.576568291792
18.041472063179594 50706.943979225151 -50639.220490042615
18.041673635119739 52058.295199299311 -51990.060424129028
18.041875207059885 53459.030227258052 -53390.27539550537
18.04207677900003 54911.451074036522 -54842.167178826807
18.042278350940176 56417.990695675697 -56348.168485133014
18.042479922880322 57981.221812918666 -57910.851781033911
18.042681494820467 59603.866419015401 -59532.938796080191
18.042883066760613 61288.806036934642 -61217.31077951585
18.043084638700762 63039.092793303935 -62967.019573731879
18.043286210640908 64857.961383202935 -64785.299578544465
18.043487782581053 66748.842007505096 -66675.580687990747
18.043689354521199 68715.374372893668 -68641.502289765878
18.043890926461344 70761.422854077784 -70686.928426824801
18.04409249840149 72891.09292822631 -72815.964231163889
18.044294070341635 75108.749003361358 -75032.973751521509
18.044495642281781 77419.033775568911 -77342.599309852027
18.04469721422193 79826.889264575133 -79749.78253611851
18.044898786162076 82337.579693710359 -82259.78724742253
18.045100358102221 84956.716398779317 -84878.224355985934
18.045301930042367 87690.284971149944 -87611.079011292415
18.045503501982513 90544.674863778782 -90464.740205102717
18.045705073922658 93526.711715272017 -93446.033094437036
18.045906645862804 96643.692676855077 -96562.254327392613
18.046108217802949 99903.425060774403 -99821.210690313659
18.046309789743098 103314.26866673802 -103231.26143291414
18.046511361683244 106885.18218616558 -106801.36467111661
18.04671293362339 110625.77413301144 -110541.12831636307
18.046914505563535 114546.35880561832 -114460.8660358466
18.047116077503681 118658.01784746755 -118571.65881152052
18.047317649443826 122972.66804699705 -122885.42273804564
18.047519221383972 127503.13609924354 -127414.98378242078
18.047720793324117 132263.24114654798 -132174.1603225228
18.047922365264267 137267.88602384037 -137177.85439005852
18.048123937204412 142533.15825832376 -142442.15266773285
18.048325509144558 148076.44201633317 -147984.43843339162
18.048527081084703 153916.54235485804 -153823.51580860929
18.048728653024849 160073.82332535146 -159979.74785932314
18.048930224964995 166570.36169735747 -166475.21031602254
18.04913179690514 173430.11832433796 -173333.86293584853
18.049333368845286 180679.12947002921 -180581.74082490464
18.049534940785435 188345.72075805505 -188247.16838347423
18.04973651272558 196460.74680916782 -196360.9989384785
18.049938084665726 205057.86009994167 -204956.88359696014
18.050139656605872 214173.81312670786 -214071.57340433617
18.050341228546017 223848.79860432784 -223745.25953696508
18.050542800486163 234126.83318959671 -234021.95701876315
18.050744372426308 245056.19111616415 -244949.93834869238
18.050945944366454 256689.89518923772 -256582.22448731161
18.051147516306603 269086.27384743741 -268977.14190967678
18.051349088246749 282309.59449693793 -282198.95592963242
18.051550660186894 296430.78510979813 -296318.59228728723
18.05175223212704 311528.25821613293 -311414.46112920652
18.051953804067185 327688.85398529761 -327573.40007635287
18.052155376007331 345008.92217975832 -344891.75616328861
18.052356947947477 363595.56649557443 -363476.63016238372
18.052558519887622 383568.07932395418 -383447.31132727931
18.052760091827771 405059.60046571668 -404936.93608719809
18.052961663767917 428219.04004006367 -428094.41093322425
18.053163235708062 453213.3140489083 -453086.64795747487
18.053364807648208 480229.95116745675 -480101.17161548109
18.053566379588354 509480.14181569708 -509349.16776599165
18.053767951528499 541202.31604675169 -541069.06152364088
18.053969523468645 575666.35607084318 -575530.7297426241
18.05417109540879 613178.57336136908 -613040.4780771652
18.05437266734894 654087.61062400974 -653946.94289885636
18.054574239289085 698791.46723768709 -698648.11667869112
18.054775811229231 747745.89545624412 -747599.74412147026
18.054977383169376 801474.47682517534 -801325.39850549074
18.055178955109522 860580.7681067714 -860428.62751917413
18.055380527049667 925763.00915791548 -925607.66103681712
18.055582098989813 997832.01930964796 -997673.30738008895
18.055783670929959 1077733.0842944491 -1077570.8401081951
18.055985242870108 1166572.8670234496 -1166406.9086352095
18.056186814810253 1265652.6824719138 -1265482.8129283614
18.056388386750399 1376509.8875031394 -1376335.8931117796
18.056589958690545 1500969.6900908195 -1500791.3384287267
18.05679153063069 1641210.4353554426 -1641027.4729691125
18.056993102570836 1799846.4592101199 -1799658.6089466033
18.057194674510981 1980034.032376542 -1979840.990271973
18.057396246451127 2185607.9222411602 -2185409.35387481
18.057597818391276 2421258.9373349044 -2421054.4735337058
18.057799390331422 2692766.8819678873 -2692556.1137162149
18.058000962271567 3007309.238939174 -3007091.7113090847
18.058202534211713 3373874.5533267842 -3373649.7581914258
18.058404106151858 3803822.3918881961 -3803589.759110773
18.058605678092004 4311651.2843920635 -4311410.171087414
18.058807250032149 4916066.1226356067 -4915815.7999706175
18.059008821972295 5641483.635409072 -5641223.2722261436
