# serie phase 2 p5_w2.80_c1.05_dt2_k4 : t x1 x2 (dt2=0.00016816819849907813, depart t=34.374000000000002 etat bascule x1 x2 v1 v2 = 4068.1385101043397 -3921.9044949322642 101278.64564013029 -99788.732917331596)
34.374000000000002 4068.1385101043397 -3921.9044949322642
34.374168168198501 4085.2176758745991 -3938.7327269667262
34.374336336397 4102.3919126850014 -3955.6552722783049
34.3745045045955 4119.6618759400517 -3972.672783005135
34.374672672793999 4137.0282264238876 -3989.7859166466328
34.374840840992498 4154.4916303514929 -4006.9953361145876
34.375009009190997 4172.0527594204714 -4024.3017097848033
34.375177177389496 4189.7122908633764 -4041.7057115493017
34.375345345587995 4207.4709075006167 -4059.2080208690945
34.375513513786494 4225.3292977939282 -4076.8093228275284
34.375681681984993 4243.2881559004363 -4094.5103081842112
34.375849850183492 4261.348181727305 -4112.311673429529
34.376018018381991 4279.51008098698 -4130.2141208397552
34.37618618658049 4297.7745652530411 -4148.2183585327657
34.376354354778989 4316.1423520166627 -4166.3251005243619
34.376522522977488 4334.6141647436925 -4184.5350667852144
34.376690691175988 4353.1907329323603 -4202.8489832984305
34.376858859374487 4371.872792171619 -4221.2675821177554
34.377027027572986 4390.6610842001264 -4239.7916014264119
34.377195195771485 4409.5563569658816 -4258.4217855965944
34.377363363969984 4428.5593646865136 -4277.1588852496143
34.377531532168483 4447.6708679102421 -4296.0036573167145
34.377699700366982 4466.8916335775075 -4314.9568651005548
34.377867868565481 4486.2224350832885 -4334.0192783373795
34.37803603676398 4505.6640523401074 -4353.1916732598766
34.378204204962479 4525.2172718417387 -4372.4748326607341
34.378372373160978 4544.8828867276225 -4391.8695459569044
34.378540541359477 4564.6616968479993 -4411.3766092545829
34.378708709557976 4584.5545088297695 -4430.996825414918
34.378876877756475 4604.5621361430894 -4450.7310041204482
34.379045045954975 4624.6853991687094 -4470.5799619422869
34.379213214153474 4644.9251252660715 -4490.5445224080586
34.379381382351973 4665.2821488421641 -4510.6255160705978
34.379549550550472 4685.7573114211564 -4530.8237805774206
34.379717718748971 4706.3514617148121 -4551.1401607409771
34.37988588694747 4727.0654556936952 -4571.5755086096942
34.380054055145969 4747.9001566591814 -4592.1306835398236
34.380222223344468 4768.8564353162828 -4612.8065522680981
34.380390391542967 4789.9351698472929 -4633.6039889852082
34.380558559741466 4811.1372459862669 -4654.5238754101183
34.380726727939965 4832.4635570943492 -4675.567100865218
34.380894896138464 4853.9150042359506 -4696.7345623523306
34.381063064336963 4875.4924962557971 -4718.0271646295878
34.381231232535463 4897.1969498568506 -4739.4458202891765
34.381399400733962 4919.0292896791216 -4760.9914498359731
34.381567568932461 4940.9904483793816 -4782.6649817670796
34.38173573713096 4963.0813667117836 -4804.4673526522629
34.381903905329459 4985.302993609409 -4826.399507215323
34.382072073527958 5007.6562862667452 -4848.4623984163863
34.382240241726457 5030.1422102231145 -4870.6569875351497
34.382408409924956 5052.7617394470581 -4892.9842442550816
34.382576578123455 5075.5158564216936 -4915.4451467485897
34.382744746321954 5098.4055522310564 -4938.040681763172
34.382912914520453 5121.4318266474347 -4960.7718447085645
34.383081082718952 5144.595688219717 -4983.6396397448943
34.383249250917451 5167.8981543627624 -5006.6450798718552
34.383417419115951 5191.3402514478039 -5029.789187018916
34.38358558731445 5214.9230148939023 -5053.0729921365783
34.383753755512949 5238.6474892604647 -5076.4975352886931
34.383921923711448 5262.5147283408369 -5100.063865745853
34.384090091909947 5286.5257952569891 -5123.7730420798753
34.384258260108446 5310.6817625553058 -5147.6261322593873
34.384426428306945 5334.9837123034922 -5171.6242137465279
34.384594596505444 5359.4327361886226 -5195.768373594783
34.384762764703943 5384.0299356163287 -5220.0597085479694
34.384930932902442 5408.7764218111588 -5244.4993251403776
34.385099101100941 5433.6733159181131 -5269.0883397980961
34.38526726929944 5458.7217491053771 -5293.8278789415263
34.385435437497939 5483.9228626682634 -5318.7190790891082
34.385603605696438 5509.2778081343786 -5343.763086962269
34.385771773894938 5534.7877473700401 -5368.9610595916147
34.385939942093437 5560.453852687946 -5394.3141644243779
34.386108110291936 5586.2773069561244 -5419.8235794331422
34.386276278490435 5612.2593037081742 -5445.4904932258569
34.386444446688934 5638.4010472548189 -5471.316105157156
34.386612614887433 5664.7037527967877 -5497.3016254410113
34.386780783085932 5691.1686465390412 -5523.4482752647227
34.386948951284431 5717.7969658063621 -5549.7572869042733
34.38711711948293 5744.5899591603256 -5576.2299038410629
34.387285287681429 5771.5488865176749 -5602.8673808800404
34.387453455879928 5798.675019270112 -5629.6709842692535
34.387621624078427 5825.9696404055294 -5656.6419918208348
34.387789792276926 5853.4340446306978 -5683.7816930334438
34.387957960475426 5881.0695384954324 -5711.0913892161843
34.388126128673925 5908.8774405182585 -5738.5723936140157
34.388294296872424 5936.8590813135897 -5766.2260315346794
34.388462465070923 5965.0158037204519 -5794.0536404771656
34.388630633269422 5993.3489629327578 -5822.0565702617305
34.388798801467921 6021.8599266311703 -5850.236183161498
34.38896696966642 6050.5500751165609 -5878.5938540356556
34.389135137864919 6079.4208014450978 -5907.1309704642736
34.389303306063418 6108.4735115649746 -5935.8489328847681
34.389471474261917 6137.7096244548093 -5964.7491547300315
34.389639642460416 6167.130572263738 -5993.8330625682474
34.389807810658915 6196.7378004532175 -6023.1020962444218
34.389975978857414 6226.5327679405691 -6052.5577090236466
34.390144147055913 6256.5169472442822 -6082.2013677361238
34.390312315254413 6286.6918246311079 -6112.034552923973
34.390480483452912 6317.0589002649585 -6142.0587589898469
34.390648651651411 6347.6196883576476 -6172.275494347381
34.39081681984991 6378.3757173214854 -6202.6862815734985
34.390984988048409 6409.3285299237668 -6233.2926575626034
34.391153156246908 6440.4796834431691 -6264.0961736826821
34.391321324445407 6471.830749828091 -6295.0983959333407
34.391489492643906 6503.3833158569578 -6326.3009051058079
34.391657660842405 6535.1389833005196 -6357.7052969449287
34.391825829040904 6567.0993690861733 -6389.3131823131771
34.391993997239403 6599.266105464334 -6421.1261873567146
34.392162165437902 6631.6408401768831 -6453.1459536735283
34.392330333636401 6664.2252366277298 -6485.3741384836694
34.392498501834901 6697.0209740555028 -6517.8124148016295
34.3926666700334 6730.0297477084177 -6550.4624716108801
34.392834838231899 6763.2532690213357 -6583.3260140406092
34.393003006430398 6796.6932657950556 -6616.4047635446796
34.393171174628897 6830.3514823778642 -6649.7004580828489
34.393339342827396 6864.2296798493808 -6683.2148523042779
34.393507511025895 6898.3296362067276 -6716.9497177333606
34.393675679224394 6932.6531465530543 -6750.9068429579074
34.393843847422893 6967.2020232884606 -6785.0880338197194
34.394012015621392 7001.9780963033363 -6819.4951136075852
34.394180183819891 7036.9832131741705 -6854.1299232527299
34.39434835201839 7072.2192393618488 -6888.9943215267622
34.394516520216889 7107.6880584124856 -6924.0901852421448
34.394684688415389 7143.3915721608228 -6959.4194094552313
34.394852856613888 7179.3317009362327 -6994.9839076719009
34.395021024812387 7215.5103837713605 -7030.7856120558326
34.395189193010886 7251.9295786134508 -7066.8264736394576
34.395357361209385 7288.5912625383862 -7103.1084625376225
34.395525529407884 7325.4974319674884 -7139.6335681640057
34.395693697606383 7362.6501028871144 -7176.4037994503315
34.395861865804882 7400.0513110710899 -7213.4211850684151
34.396030034003381 7437.7031123060233 -7250.6877736550832
34.39619820220188 7475.6075826195383 -7288.2056340400122
34.396366370400379 7513.7668185114699 -7325.9768554765224
34.396534538598878 7552.1829371880676 -7364.0035478753798
34.396702706797377 7590.8580767992507 -7402.2878420416391
34.396870874995876 7629.7943966789535 -7440.8318899145816
34.397039043194376 7668.9940775886125 -7479.6378648107839
34.397207211392875 7708.4593219638436 -7518.707961670375
34.397375379591374 7748.1923541643455 -7558.0443973065148
34.397543547789873 7788.1954207270865 -7597.6494106581549
34.397711715988372 7828.4707906228214 -7637.5252630461209
34.397879884186871 7869.020755515985 -7677.6742384325662
34.39804805238537 7909.8476300280126 -7718.0986436838557
34.398216220583869 7950.9537520041367 -7758.8008088369133
34.398384388782368 7992.3414827837205 -7799.7830873691055
34.398552556980867 8034.0132074741659 -7841.047856471695
34.398720725179366 8075.9713352284616 -7882.5975173269289
34.398888893377865 8118.2182995264211 -7924.4344953888112
34.399057061576364 8160.7565584596605 -7966.5612406676155
34.399225229774864 8203.5885950203847 -8008.9802280181912
34.399393397973363 8246.7169173940256 -8051.6939574321286
34.399561566171862 8290.1440592557956 -8094.7049543338271
34.399729734370361 8333.87258007122 -8138.0157698805388
34.39989790256886 8377.9050654006969 -8181.6289812664363
34.400066070767359 8422.244127208156 -8225.5471920307718
34.400234238965858 8466.8924041738755 -8269.7730323701926
34.400402407164357 8511.8525620115106 -8314.3091594552589
34.400570575362856 8557.1272937894137 -8359.1582577512509
34.400738743561355 8602.7193202562976 -8404.323039343315
34.400906911759854 8648.6313901713129 -8449.8062442660157
34.401075079958353 8694.8662806386128 -8495.6106408373671
34.401243248156852 8741.4267974464565 -8541.7390259974036
34.401411416355351 8788.3157754109379 -8588.1942256513721
34.401579584553851 8835.5360787244044 -8634.9790950175975
34.40174775275235 8883.0906013086369 -8682.0965189801136
34.401915920950849 8930.982267172858 -8729.5494124461147
34.402084089149348 8979.2140307766585 -8777.3407207083164
34.402252257347847 9027.7888773978993 -8825.4734198122878
34.402420425546346 9076.7098235056765 -8873.9505169288459
34.402588593744845 9125.9799171384293 -8922.7750507315741
34.402756761943344 9175.6022382872579 -8971.9500917795613
34.402924930141843 9225.5798992845503 -9021.4787429054268
34.403093098340342 9275.9160451979842 -9071.3641396087278
34.403261266538841 9326.6138542299959 -9121.60945045482
34.40342943473734 9377.676538122796 -9172.217877479261
34.403597602935839 9429.1073425690247 -9223.1926565978465
34.403765771134339 9480.9095476281364 -9274.537058022368
34.403933939332838 9533.0864681485855 -9326.2543866821688
34.404102107531337 9585.6414541959275 -9378.3479826516068
34.404270275729836 9638.5778914869188 -9430.8212215834992
34.404438443928335 9691.8992018296995 -9483.6775151486672
34.404606612126834 9745.6088435701713 -9536.9203114816446
34.404774780325333 9799.7103120446645 -9590.5530956326766
34.404942948523832 9854.2071400389759 -9644.5793900260924
34.405111116722331 9909.1028982539083 -9699.0027549251554
34.40527928492083 9964.4011957773928 -9753.8267889035014
34.405447453119329 10020.105680563298 -9809.0551293232529
34.405615621317828 10076.220039917052 -9864.6914528199341
34.405783789516327 10132.748000988162 -9920.7394757942802
34.405951957714827 10189.693331269757 -9977.2029549110648
34.406120125913326 10247.059839105261 -10034.085687605044
34.406288294111825 10304.851374202313 -10091.391512594142
34.406456462310324 10363.071828154045 -10149.124310399988
34.406624630508823 10421.725134967839 -10207.288003875919
34.406792798707322 10480.815271601688 -10265.886558742593
34.406960966905821 10540.346258508278 -10324.923984131292
34.40712913510432 10600.322160186917 -10384.40433313508
34.407297303302819 10660.747085743436 -10444.331703367925
34.407465471501318 10721.625189458202 -10504.710237531908
34.407633639699817 10782.960671362351 -10565.544123992673
34.407801807898316 10844.757777822411 -10626.837597363221
34.407969976096815 10907.020802133411 -10688.594939096214
34.408138144295314 10969.754085120647 -10750.820478084905
34.408306312493814 11032.962015750229 -10813.518591272852
34.408474480692313 11096.649031748559 -10876.693704272548
34.408642648890812 11160.819620230883 -10940.35029199312
34.408810817089311 11225.478318339075 -11004.492879277244
34.40897898528781 11290.629713888793 -11069.126041547428
34.409147153486309 11356.278446026166 -11134.254405461814
34.409315321684808 11422.429205894181 -11199.882649579667
34.409483489883307 11489.086737308906 -11266.015505036701
34.409651658081806 11556.255837445735 -11332.657756230405
34.409819826280305 11623.941357535818 -11399.814241515543
34.409987994478804 11692.148203572828 -11467.489853909996
34.410156162677303 11760.88133703026 -11535.689541811105
34.410324330875802 11830.145775589426 -11604.418309722714
34.410492499074302 11899.946593878327 -11673.68121899307
34.410660667272801 11970.288924221575 -11743.483388563778
34.4108288354713 12041.177957401584 -11813.829995729984
34.410997003669799 12112.618943431164 -11884.726276911986
34.411165171868298 12184.61719233777 -11956.177528438457
34.411333340066797 12257.178074959556 -12028.189107341483
34.411501508265296 12330.307023753468 -12100.766432163613
34.411669676463795 12404.009533615546 -12173.914983777122
34.411837844662294 12478.291162713676 -12247.640306215697
34.412006012860793 12553.157533332984 -12321.948007518758
34.412174181059292 12628.614332734089 -12396.843760588634
34.412342349257791 12704.667314024444 -12472.333304060796
34.41251051745629 12781.322297042974 -12548.422443187395
34.412678685654789 12858.585169258258 -12625.117050734319
34.412846853853289 12936.461886680465 -12702.42306789199
34.413015022051788 13014.958474787303 -12780.346505200167
34.413183190250287 13094.081029464205 -12858.893443486966
34.413351358448786 13173.835717959009 -12938.070034822373
34.413519526647285 13254.228779851375 -13017.88250348646
34.413687694845784 13335.266528037198 -13098.337146952608
34.413855863044283 13416.955349728285 -13179.440336885948
34.414024031242782 13499.301707467537 -13261.198520157328
34.414192199441281 13582.312140159942 -13343.618219873051
34.41436036763978 13665.993264119619 -13426.706036420659
34.414528535838279 13750.351774133223 -13510.468648531061
34.414696704036778 13835.394444539981 -13594.912814357278
34.414864872235277 13921.128130328647 -13680.045372570092
34.415033040433777 14007.559768251696 -13765.873243470918
34.415201208632276 14094.696377957036 -13852.403430122176
34.415369376830775 14182.545063137562 -13939.643019495492
34.415537545029274 14271.113012698866 -14027.599183638034
34.415705713227773 14360.407501945412 -14116.279180857307
34.415873881426272 14450.435893785525 -14205.690356924735
34.416042049624771 14541.205639955515 -14295.840146298362
34.41621021782327 14632.724282263278 -14386.736073365017
34.416378386021769 14724.999453851722 -14478.385753702285
34.416546554220268 14818.038880482378 -14570.796895360651
34.416714722418767 14911.850381839553 -14663.977300166152
34.416882890617266 15006.441872855397 -14757.934865043942
34.417051058815765 15101.821365056254 -14852.677583363115
34.417219227014265 15197.996967930689 -14948.213546303185
34.417387395212764 15294.976890319578 -15044.550944242614
34.417555563411263 15392.769441828665 -15141.698068169779
34.417723731609762 15491.383034263979 -15239.663311116794
34.417891899808261 15590.826183090554 -15338.455169616602
34.41806006800676 15691.107508914842 -15438.082245183745
34.418228236205259 15792.235738991281 -15538.55324581927
34.418396404403758 15894.219708753444 -15639.876987540194
34.418564572602257 15997.068363370219 -15742.062395933977
34.418732740800756 16100.790759327487 -15845.118507738478
34.418900908999255 16205.396066035759 -15949.054472447842
34.419069077197754 16310.89356746426 -16053.879553944811
34.419237245396253 16417.292663801934 -16159.603132159946
34.419405413594752 16524.602873145883 -16266.234704758244
34.419573581793252 16632.833833217734 -16373.783888853677
34.419741749991751 16741.99530310847 -16482.260422752151
34.41990991819025 16852.097165052233 -16591.674167723442
34.420078086388749 16963.149426229669 -16702.035109802615
34.420246254587248 17075.162220601316 -16813.353361621499
34.420414422785747 17188.145810771672 -16925.639164270782
34.420582590984246 17302.110589884443 -17038.902889193298
34.420750759182745 17417.067083549606 -17153.155040109064
34.420918927381244 17533.025951802865 -17268.406254972724
34.421087095579743 17649.997991098127 -17384.667307963951
34.421255263778242 17767.994136333597 -17501.949111511469
34.421423431976741 17887.025462912148 -17620.262718351314
34.42159160017524 18007.103188836634 -17739.619323620002
34.42175976837374 18128.23867684076 -17860.030266983231
34.421927936572239 18250.44343655623 -17981.507034800852
34.422096104770738 18373.729126716855 -18104.061262328742
34.422264272969237 18498.107557400319 -18227.704735958327
34.422432441167736 18623.590692308349 -18352.449395494463
34.422600609366235 18750.190651085981 -18478.307336472408
34.422768777564734 18877.919711680737 -18605.290812514642
34.422936945763233 19006.790312742425 -18733.412237728317
34.423105113961732 19136.815056064384 -18862.684189144089
34.423273282160231 19268.006709066984 -18993.119409197181
34.42344145035873 19400.378207324138 -19124.73080825145
34.423609618557229 19533.942657133764 -19257.53146716733
34.423777786755728 19668.713338132966 -19391.534639914491
34.423945954954227 19804.70370595884 -19526.753756230093
34.424114123152727 19941.927394955819 -19663.202424323528
34.424282291351226 20080.398220930441 -19800.894433628542
34.424450459549725 20220.130183954483 -19939.843757603718
34.424618627748224 20361.137471217407 -20080.06455658222
34.424786795946723 20503.434459929114 -20221.571180671803
34.424954964145222 20647.035720273976 -20364.378172706067
34.425123132343721 20791.956018417179 -20508.500271247991
34.42529130054222 20938.210319564401 -20653.952413646766
34.425459468740719 21085.813791075918 -20800.749739149003
34.425627636939218 21234.781805636179 -20948.907592065389
34.425795805137717 21385.129944480002 -21098.441524993908
34.425963973336216 21536.874000676504 -21249.367302100767
34.426132141534715 21690.02998247193 -21401.700902460179
34.426300309733215 21844.614116692566 -21555.458523454177
34.426468477931714 22000.642852208948 -21710.6565842337
34.426636646130213 22158.132863462601 -21867.311729242156
34.426804814328712 22317.101054056602 -22025.440831802753
34.426972982527211 22477.564560411218 -22185.060997770892
34.42714115072571 22639.540755485978 -22346.189569252925
34.427309318924209 22803.04725256953 -22508.844128392651
34.427477487122708 22968.101909138655 -22673.042501226937
34.427645655321207 23134.722830787865 -22838.80276161186
34.427813823519706 23302.928375231026 -23006.14323522085
34.427981991718205 23472.737156376505 -23175.082503616279
34.428150159916704 23644.168048477339 -23345.63940839604
34.428318328115203 23817.240190357985 -23517.83305541666
34.428486496313703 23991.972989719234 -23691.682819094505
34.428654664512202 24168.386127522914 -23867.208346786752
34.428822832710701 24346.499562458048 -24044.42956325374
34.4289910009092 24526.33353549015 -24223.366675204408
34.429159169107699 24707.908574495417 -24404.040175926588
34.429327337306198 24891.245498981574 -24586.470850003876
34.429495505504697 25076.365424897205 -24770.679778120957
34.429663673703196 25263.289769531431 -24956.688341959194
34.429831841901695 25452.040256505839 -25144.518229184428
34.430000010100194 25642.638920860605 -25334.191438528909
34.430168178298693 25835.108114236813 -25525.730284969355
34.430336346497192 26029.470510157022 -25719.1574050032
34.430504514695691 26225.749109406144 -25914.495762025108
34.43067268289419 26423.967245514807 -26111.768651805884
34.43084085109269 26624.148590347369 -26310.999708075979
34.431009019291189 26826.317159796832 -26512.212908215846
34.431177187489688 27030.497319588962 -26715.432579055414
34.431345355688187 27236.713791197944 -26920.683402785042
34.431513523886686 27444.991657876013 -27127.990422980372
34.431681692085185 27655.35637079948 -27337.379050743519
34.431849860283684 27867.833755333726 -27548.875070963142
34.432018028482183 28082.450017419706 -27762.504648695969
34.432186196680682 28299.231750084633 -27978.294335672417
34.432354364879181 28518.205940079555 -28196.271076929028
34.43252253307768 28739.399974646578 -28416.462217570494
34.432690701276179 28962.841648418609 -28638.8955096641
34.432858869474678 29188.559170454511 -28863.599119269522
34.433027037673178 29416.581171412661 -29090.601633606926
34.433195205871677 29646.936710865968 -29319.932068366466
34.433363374070176 29879.65528476148 -29551.619875162276
34.433531542268675 30114.766833027796 -29785.694949134184
34.433699710467174 30352.301747333557 -30022.187636700426
34.433867878665673 30592.290879000408 -30261.128743464738
34.434036046864172 30834.765547073854 -30502.549542281253
34.434204215062671 31079.757546555582 -30746.481781480772
34.43437238326117 31327.29915680084 -30992.957693262004
34.434540551459669 31577.423150084611 -31242.010002251514
34.434708719658168 31830.1628003404 -31493.671934236172
34.434876887856667 32085.551892075509 -31747.977225071998
34.435045056055166 32343.624729466821 -32004.960129773441
34.435213224253665 32604.416145641211 -32264.655431787141
34.435381392452165 32867.961512144757 -32527.098452454433
34.435549560650664 33134.296748605098 -32792.325060666852
34.435717728849163 33403.458332591326 -33060.371682719117
34.435885897047662 33675.483309676005 -33331.275312364065
34.436054065246161 33950.409303703877 -33605.073521074257
34.43622223344466 34228.274527272129 -33881.804468514929
34.436390401643159 34509.11779242706 -34161.506913233294
34.436558569841658 34792.97852158211 -34444.220223569086
34.436726738040157 35079.896758662537 -34729.984388791614
34.436894906238656 35369.913180481883 -35018.840030468491
34.437063074437155 35663.069108355725 -35310.82841407154
34.437231242635654 35959.40651995824 -35605.991460825353
34.437399410834153 36258.96806142728 -35904.3717598043
34.437567579032653 36561.797059723845 -36206.012580283728
34.437735747231152 36867.937535251891 -36510.95788435141
34.437903915429651 37177.434214744681 -36819.252339785402
34.43807208362815 37490.332544424004 -37130.941333204617
34.438240251826649 37806.678703438716 -37446.070983498583
34.438408420025148 38126.519617589263 -37764.688155543059
34.438576588223647 38449.902973345073 -38086.840474208366
34.438744756422146 38776.87723216178 -38412.576338667357
34.438912924620645 39107.491645105481 -38741.944937010376
34.439081092819144 39441.796267791462 -39074.996261174434
34.439249261017643 39779.841975644958 -39411.781122194305
34.439417429216142 40121.680479491748 -39752.351165783301
34.439585597414641 40467.36434148658 -40096.758888251687
34.439753765613141 40816.946991387682 -40445.057652771065
34.43992193381164 41170.482743185734 -40797.301705993021
34.440090102010139 41528.026812096075 -41153.546195030824
34.440258270208638 41889.635331922946 -41513.847184813014
34.440426438407137 42255.365372804983 -41878.261675818067
34.440594606605636 42625.274959351373 -42246.847622199486
34.440762774804135 42999.42308917825 -42619.663950311027
34.440930943002634 43377.869751855338 -42996.770577641932
34.441099111201133 43760.675948273012 -43378.228432172386
34.441267279399632 44147.903710440209 -43764.099472159665
34.441435447598131 44539.616121724022 -44154.446706365743
34.44160361579663 44935.877337541999 -44549.334214737399
34.441771783995129 45336.75260651853 -44948.827169550212
34.441939952193628 45742.308292117013 -45352.991857028122
34.442108120392128 46152.611894759837 -45761.895699450593
34.442276288590627 46567.732074448482 -46175.607277759664
34.442444456789126 46987.738673896485 -46594.196354679669
34.442612624987625 47412.702742188325 -47017.73389836261
34.442780793186124 47842.696558977637 -47446.29210657267
34.442948961384623 48277.793659238581 -47879.944431423581
34.443117129583122 48718.068858584542 -48318.765604683147
34.443285297781621 49163.598279168807 -48762.831663659461
34.44345346598012 49614.459376182211 -49212.219977683846
34.443621634178619 50070.73096496323 -49667.009275205972
34.443789802377118 50532.493248736384 -50127.279671517033
34.443957970575617 50999.827846995344 -50593.112697117373
34.444126138774116 51472.817824547565 -51064.591326745336
34.444294306972616 51951.547721237723 -51541.800009084676
34.444462475171115 52436.103582367861 -52024.824697168333
34.444630643369614 52926.572989832486 -52513.752879496948
34.444798811568113 53423.045093987574 -53008.673611890896
34.444966979766612 53925.610646272842 -53509.677550095388
34.445135147965111 54434.362032607372 -54016.856983158519
34.44530331616361 54949.393307579085 -54530.30586760291
34.445471484362109 55470.800229449327 -55050.119862412132
34.445639652560608 55998.680295994389 -55576.396364853696
34.445807820759107 56533.132781206412 -56109.234547161141
34.445975988957606 57074.258772876827 -56648.735394098279
34.446144157156105 57622.161211086204 -57195.001741429529
34.446312325354604 58176.944927625031 -57748.138315320786
34.446480493553103 58738.716686370703 -58308.251772696181
34.446648661751603 59307.585224646842 -58875.450742576737
34.446816829950102 59883.661295591708 -59449.845868427787
34.446984998148601 60467.057711563422 -60031.549851542819
34.4471531663471 61057.889388610485 -60620.677495492149
34.447321334545599 61656.27339203695 -61217.345751665925
34.447489502744098 62262.328983092521 -61821.673765941596
34.447657670942597 62876.177666818796 -62433.782926507105
34.447825839141096 63497.943241083805 -63053.796912871956
34.447994007339595 64127.751846837986 -63681.841746099257
34.448162175538094 64765.732019625786 -64318.045840292958
34.448330343736593 65412.01474238815 -64962.540055375495
34.448498511935092 66066.733499592199 -65615.457751192153
34.448666680133591 66730.024332725618 -66276.934842979681
34.448834848332091 67402.025897194384 -66947.109858237687
34.44900301653059 68082.879520663686 -67626.123995042828
34.449171184729089 68772.729262883222 -68314.121181846742
34.449339352927588 69471.721977039226 -69011.248138800278
34.449507521126087 70180.007372677093 -69717.654440647675
34.449675689324586 70897.738080239651 -70433.492581235987
34.449843857523085 71625.069717267805 -71158.918039686192
34.450012025721584 72362.160956311578 -71894.089348274152
34.450180193920083 73109.173594601278 -72639.168162071117
34.450348362118582 73866.272625529979 -73394.319330394967
34.450516530317081 74633.62631200024 -74159.710970125016
34.45068469851558 75411.406261689684 -74935.514540935081
34.450852866714079 76199.787504291904 -75721.904922501213
34.451021034912579 76998.948570790817 -76519.060493742276
34.451189203111078 77809.071574828762 -77327.163214153494
34.451357371309577 78630.342296230388 -78146.398707295113
34.451525539508076 79462.950266746469 -78976.956346500418
34.451693707706575 80307.088858084084 -79819.02934286918
34.451861875905074 81162.955372291515 -80672.814835615238
34.452030044103573 82030.751134568738 -81538.513984838835
34.452198212302072 82910.681588576583 -82416.332066796895
34.452366380500571 83802.956394320252 -83306.478571746789
34.45253454869907 84707.789528685171 -84209.167304441711
34.452702716897569 85625.399388706079 -85124.61648735842
34.452870885096068 86556.008897652835 -86053.048866740763
34.453039053294567 87499.845614019141 -86994.691821545421
34.453207221493066 88457.141843503661 -87949.777475378971
34.453375389691566 89428.134754075683 -88918.542811518651
34.453543557890065 90413.066494220868 -89901.229791112317
34.453711726088564 91412.184314465878 -90898.085474656211
34.453879894287063 92425.740692283987 -91909.362146852858
34.454048062485562 93453.993460487502 -92935.31744495462
34.454216230684061 94497.205939216234 -93976.214490702347
34.45438439888256 95555.647071635292 -95032.322025972317
34.454552567081059 96629.591563459384 -96103.914552248505
34.454720735279558 97719.320026424786 -97191.2724740415
34.454888903478057 98825.119125834652 -98294.682246379525
34.455057071676556 99947.281732307441 -99414.436526501522
34.455225239875055 101086.10707786323 -100550.83432988681
34.455393408073554 102241.90091648717 -101704.1811907607
34.455561576272054 103414.97568931439 -102874.78932722034
34.455729744470553 104605.65069458596 -104062.97781113021
34.455897912669052 105814.25226253066 -105269.07274294231
34.456066080867551 107041.11393533317 -106493.40743160112
34.45623424906605 108286.57665235475 -107736.32257969992
34.456402417264549 109550.98894077897 -108998.16647406053
34.456570585463048 110834.70711186086 -110279.29518191518
34.456738753661547 112138.09546296464 -111580.07275287531
34.456906921860046 113461.52648558217 -112900.87142687959
34.457075090058545 114805.38107953071 -114242.07184831976
34.457243258257044 116170.04877353672 -115604.06328655071
34.457411426455543 117555.92795241947 -116987.24386299883
34.457579594654042 118963.42609109648 -118392.02078509044
34.457747762852541 120392.95999564105 -119818.81058723058
34.457915931051041 121844.95605163088 -121268.03937907098
34.45808409924954 123319.85048003544 -122740.14310131513
34.458252267448039 124818.08960089964 -124235.56778931752
34.458420435646538 126340.13010509052 -125754.76984474411
34.458588603845037 127886.43933438441 -127298.21631557118
34.458756772043536 129457.4955701821 -128866.38518471015
34.458924940242035 131053.78833115089 -130459.76566755722
34.459093108440534 132675.81868010396 -132078.85851877806
34.459261276639033 134324.09954043897 -133724.17634864961
34.459429444837532 135999.15602247123 -135396.24394929397
34.459597613036031 137701.5257600086 -137095.59863115198
34.45976578123453 139431.75925753004 -138822.79057005764
34.459933949433029 141190.42024834306 -140578.3831652893
34.460102117631529 142978.08606411063 -142362.95340898744
34.460270285830028 144795.34801615309 -144177.09226734514
34.460438454028527 146642.81178894721 -146021.40507399265
34.460606622227026 148521.0978462607 -147896.51193601495
34.460774790425525 150430.84185037887 -149803.04815305836
34.460942958624024 152372.69509489738 -151741.66465000049
34.461111126822523 154347.3249515752 -153713.0284236772
34.461279295021022 156355.41533176097 -155717.82300418004
34.461447463219521 158397.66716292757 -157756.74893125854
34.46161563141802 160474.79888087077 -159830.52424638331
34.461783799616519 162587.54693815127 -161939.88500104923
34.461951967815018 164736.66632938248 -164085.58578192096
34.462120136013517 166922.93113399233 -166268.40025344858
34.462288304212016 169147.13507711195 -168489.12171860674
34.462456472410516 171410.09210927269 -170748.56369843823
34.462624640609015 173712.63700562043 -173047.56053111088
34.462792808807514 176055.625985386 -175386.96799122661
34.462960977006013 178439.93735238211 -177767.66393015289
34.463129145204512 180866.47215732929 -180190.54893817866
34.463297313403011 183336.15488284716 -182656.54702933168
34.46346548160151 185849.93415198399 -185166.60634972915
34.463633649800009 188408.7834611937 -187721.6999103713
34.463801817998508 191013.7019387091 -190322.82634532661
34.463969986197007 193665.71512930127 -192971.01069629774
34.464138154395506 196365.87580645736 -195667.3052246013
34.464306322594005 199115.26481305438 -198412.79025163793
34.464474490792504 201914.99193165352 -201208.57502897774
34.464642658991004 204766.19678558889 -204055.79863923436
34.464810827189503 207670.04977207616 -206955.63092895335
34.464978995388002 210627.75302862108 -209909.27347479441
34.465147163586501 213640.54143406459 -212917.96058434405
34.465315331785 216709.68364566087 -215982.9603329548
34.465483499983499 219836.48317364717 -219105.57563806983
34.465651668181998 223022.27949483035 -222287.14537255745
34.465819836380497 226268.44920678367 -225529.0455186489
34.465988004578996 229576.40722431967 -228832.690364145
34.466156172777495 232947.60801998127 -232199.53374263376
34.466324340975994 236383.546910373 -235631.07031954033
34.466492509174493 239885.76139023787 -239128.83692591474
34.466660677372992 243455.83251627377 -242694.41394195103
34.466828845571492 247095.3863427758 -246329.42673232383
34.466997013769991 250806.09541128806 -250035.54713552579
34.46716518196849 254589.6802965512 -253814.49500949177
34.467333350166989 258447.91121113932 -257668.03983590283
34.467501518365488 262382.60967129271 -261598.00238567698
34.467669686563987 266395.65022657305 -265606.25644827198
34.467837854762486 270488.96225609182 -269694.73062755115
34.468006022960985 274664.53183419519 -273865.41020709556
34.468174191159484 278924.40366862778 -278120.33908798348
34.468342359357983 283270.68311434338 -282461.62180220569
34.468510527556482 287705.53826628509 -286891.42560503865
34.468678695754981 292231.20213461958 -291411.98264985951
34.46884686395348 296849.97490608162 -296025.59224905877
34.469015032151979 301564.22629526444 -300734.62322488584
34.469183200350479 306376.39798988262 -305541.51635425381
34.469351368548978 311289.00619423389 -310448.78691172891
34.469519536747477 316304.64427529834 -315459.02731514338
34.469687704945976 321425.9855161364 -320574.90987849166
34.469855873144475 326655.78598148213 -325799.18967700715
34.470024041342974 331996.88750067801 -331134.70752956357
34.470192209541473 337452.22077335883 -336584.39310380968
34.470360377739972 343024.80860357051 -342151.26814972109
34.470528545938471 348717.76926830196 -347838.44986754784
34.47069671413697 354534.3200267186 -353649.15441644471
34.470864882335469 360477.78077671246 -359586.70057039917
34.471033050533968 366551.57786573085 -365654.51352841809
34.471201218732467 372759.24806321098 -371856.12888629979
34.471369386930967 379104.44270233571 -378195.19677770586
34.471537555129466 385590.93199923506 -384675.48619265633
34.471705723327965 392222.60955819214 -391300.8894820069
34.471873891526464 399003.49707187183 -398075.42705692415
34.472042059724963 405937.74922607647 -405003.25229286397
34.472210227923462 413029.65881904948 -412088.65664807137
34.472378396121961 420283.66210589284 -419336.07500716782
34.47254656432046 427704.34437924449 -426750.09126097098
34.472714732518959 435296.44579797616 -434335.44413430546
34.472882900717458 443064.86747632275 -442097.03327421559
34.473051068915957 451014.67784654628 -450039.92561168165
34.473219237114456 459151.11930897203 -458169.3620106756
34.473387405312955 467479.61518401181 -466490.76421917061
34.473555573511454 476005.77698161895 -475009.74213754723
34.473723741709954 484735.41200449714 -483732.10142071685
34.473891909908453 493674.53130232042 -492663.85143121885
34.474060078106952 502829.35799521557 -501811.21356154006
34.474228246305451 512206.335985813 -511180.62994496239
34.47439641450395 521812.13908029813 -520778.77257536782
34.474564582702449 531653.68054008996 -530612.55285762635
34.474732750900948 541738.12308704748 -540689.13161146536
34.474900919099447 552072.88938646065 -551015.929553075
34.475069087297946 562665.67303352675 -561600.63828014955
34.475237255496445 573524.45007055346 -572451.23178760195
34.475405423694944 584657.49106376991 -583575.97854283242
34.475573591893443 596073.37377037888 -594983.45415118115
34.475741760091942 607780.99642834906 -606682.5546440616
34.475909928290442 619789.59170344099 -618682.51042426529
34.476078096488941 632108.74133008672 -630992.90090505581
34.47624626468744 644748.39148501621 -643623.66988194198
34.476414432885939 657718.86893495254 -656585.14167844946
34.476582601084438 671030.89800229273 -669888.03810980415
34.476750769282937 684695.61839546682 -683543.49631121696
34.476918937481436 698724.6039536366 -697563.08748042828
34.477087105679935 713129.88235857349 -711958.83658734686
34.477255273878434 727923.95586995594 -726743.2431070212
34.477423442076933 743119.82314397022 -741929.30283582199
34.477591610275432 758731.00219900417 -757530.53085462167
34.477759778473931 774771.55459640501 -773560.98570693785
34.47792794667243 791256.11090876372 -790035.2948644975
34.47809611487093 808199.89755300118 -806968.68155749352
34.478264283069429 825618.76507070055 -824376.99305197201
34.478432451267928 843529.21794367931 -842276.73046233808
34.478600619466427 861948.4460387571 -860685.08019293158
34.478768787664926 880894.35778208368 -879619.94710903033
34.478936955863425 900385.61517028208 -899099.989544529
34.479105124061924 920441.67073307361 -919144.65626095445
34.479273292260423 941082.80657003284 -939774.22548045777
34.479441460458922 962330.17559270945 -961009.84612401377
34.479609628657421 984205.84511261317 -982873.58139531338
34.47977779685592 1006732.8429255327 -1005388.4548608146
34.479945965054419 1029935.2060534211 -1028578.4991871734
34.480114133252918 1053838.0323166891 -1052468.8077088878
34.480282301451417 1078467.5349222813 -1077085.5890115185
34.480450469649917 1103851.1002664445 -1102456.2247293876
34.480618637848416 1130017.3491657311 -1128609.3307712837
34.480786806046915 1156996.2017455907 -1155574.8222035174
34.480954974245414 1184818.9462330183 -1183383.9820367827
34.481123142443913 1213518.3119182503 -1212069.5341817986
34.481291310642412 1243128.5465705513 -1241665.7208587672
34.481459478840911 1273685.4986148824 -1272208.3847674143
34.48162764703941 1305226.7043997969 -1303735.0563479536
34.481795815237909 1337791.4809124931 -1336285.0464888755
34.481963983436408 1371421.0243246923 -1369899.5450652214
34.482132151634907 1406158.5147831745 -1404621.7257211485
34.482300319833406 1442049.2278915578 -1440496.857343358
34.482468488031905 1479140.6533655478 -1477572.4227075842
34.482636656230405 1517482.6213826521 -1515898.244819124
34.482804824428904 1557127.4371895851 -1555526.6215106
34.482972992627403 1598130.0245765841 -1596512.4689061593
34.483141160825902 1640548.0788780232 -1638913.4744114622
34.483309329024401 1684442.2302134305 -1682790.2599435379
34.4834774972229 1729876.2177427623 -1728206.5561743292
34.483645665421399 1776917.0757750587 -1775229.3886270176
34.483813833619898 1825635.3326409676 -1823929.276535579
34.483982001818397 1876105.2233176944 -1874380.4454560888
34.484150170016896 1928404.9168804083 -1926661.0547037674
34.484318338215395 1982616.7599477896 -1980853.4407834038
34.484486506413894 2038827.5373920782 -2037044.3780834738
34.484654674612393 2097128.7516966572 -2095325.3582169339
34.484822842810892 2157616.9224679279 -2155792.8895153934
34.484991011009392 2220393.9077441986 -2218548.8183193295
34.485159179207891 2285567.2488938598 -2283700.6738565573
34.48532734740639 2353250.5410597231 -2351362.0386657622
34.485495515604889 2423563.8312877333 -2421652.9467032342
34.485663683803388 2496634.0466782106 -2494700.3114708848
34.485831852001887 2572595.4551183945 -2570638.3867242341
34.486000020200386 2651590.1613987316 -2649609.262562721
34.486168188398885 2733768.6417847071 -2731763.3999740402
34.486336356597384 2819290.3204140286 -2817260.2072022129
34.486504524795883 2908324.1912190043 -2906268.661639119
34.486672692994382 3001049.4894397608 -2998967.9813050181
34.486840861192881 3097656.4171998166 -3095548.3503894438
34.48700902939138 3198346.9280662653 -3196211.7037745868
34.48717719758988 3303335.5760178608 -3301172.5759643032
34.487345365788379 3412850.4348018677 -3410659.0203994522
34.487513533986878 3527134.0942815864 -3524913.6057612919
34.487681702185377 3646444.7410689513 -3644194.4965571375
34.487849870383876 3771057.331509585 -3768776.626055459
34.488018038582375 3901264.865951445 -3898952.9705013242
34.488186206780874 4037379.7741944301 -4035035.9345093113
34.488354374979373 4179735.4231004156 -4177358.8586130897
34.488522543177872 4328687.7585564218 -4326277.6611640798
34.488690711376371 4484617.0953455009 -4482172.6281334674
34.48885887957487 4647930.0700104143 -4645450.3659022832
34.489027047773369 4819061.7735173563 -4816545.933846443
34.489195215971868 4998478.0824671593 -4995925.1754637575
34.489363384170368 5186678.20979001 -5184087.268978497
34.489531552368867 5384197.4983317209 -5381567.5208310578
34.489699720567366 5591610.4835354667 -5588940.4282561019
34.489867888765865 5809534.2545892559 -5806823.0403188439
34.490036056964364 6038632.1470003752 -6035878.6503700772
34.490204225162863 6279617.8036363041 -6276820.856958718
34.490372393361362 6533259.6459099511 -6530418.034878931
34.490540561559861 6800385.8020703131 -6797498.2633120809
34.49070872975836 7081889.5455865469 -7078954.7640505303
34.490876897956859 7378735.3034992814 -7375751.9096760768
34.491045066155358 7691965.3024927163 -7688931.8694453984
34.491213234353857 8022706.9294727882 -8019621.9696665034
34.491381402552356 8372180.8938061502 -8369042.855719517
34.491549570750855 8741710.2903002389 -8738517.5548004787
34.491717738949355 9132730.6757439729 -9129481.5522059612
34.491885907147854 9546801.2876856495 -9543494.0098331049
34.492054075346353 9985617.5524599701 -9982250.2739048433
34.492222243544852 10451025.05071668 -10447595.840170374
34.492390411743351 10945035.13335734 -10941541.969484698
34.49255857994185 11469842.409459831 -11466283.175343774
34.492726748140349 12027844.361185728 -12024216.838367091
34.492894916338848 12621663.379689556 -12617965.241742821
34.493063084537347 13254171.5617211 -13250400.367322475
34.493231252735846 13928518.660184059 -13924671.845623568
34.493399420934345 14648163.644895282 -14644238.515979078
34.493567589132844 15416910.404006753 -15412904.127289806
34.493735757331343 16238948.204222187 -16234857.797504513
34.493903925529843 17118897.631759189 -17114719.953771014
34.494072093728342 18061862.859266609 -18057594.598458927
34.494240261926841 19073491.230632015 -19069128.892978881
34.49440843012534 20160041.330750905 -20155581.226458266
34.494576598323839 21328460.916968603 -21323899.145971246
34.494744766522338 22586476.340575591 -22581808.776688758
34.494912934720837 23942695.389768697 -23937917.663343508
34.495081102919336 25406725.851504445 -25401833.330416389
34.495249271117835 26989312.533173807 -26984300.301950578
34.495417439316334 28702496.024212673 -28697358.861081056
34.495585607514833 30559797.135525811 -30554529.487126548
34.495753775713332 32576431.759885803 -32571027.713369638
34.495921943911831 34769561.885997124 -34764015.138173558
34.49609011211033 37158589.719506562 -37152893.542668171
34.49625828030883 39765503.37583825 -39759650.579826415
34.496426448507329 42615284.489457212 -42609267.379468046
34.496594616705828 45736390.431705967 -45730200.761256218
34.496762784904327 49161326.774252467 -49154955.692631595
34.496930953102826 52927329.346636802 -52920767.340060405
34.497099121301325 57077179.936611459 -57070416.762158908
34.497267289499824 61660185.66448468 -61653210.275745608
34.497435457698323 66733359.717502877 -66726160.180666953
34.497603625896822 72362850.979023308 -72355414.377918795
34.497771794095321 78625682.83169575 -78617995.16000466
34.49793996229382 85611878.005181313 -85603924.043721467
34.498108130492319 93427068.075112715 -93418831.251664445
34.498276298690818 102195714.88573025 -102187177.11437863
34.498444466889318 112065109.23716216 -112056250.73349988
34.498612635087817 123210363.10558769 -123201162.17334682
34.498780803286316 135840680.32131714 -135831113.10502756
34.498948971484815 150207283.94467235 -150197324.14172617
34.499117139683314 166613506.50290737 -166603125.02686641
34.499285307881813 185427726.22090873 -185416890.80593023
34.499453476080312 207100079.56878638 -207088754.30252427
34.499621644278811 232184229.27487177 -232172374.04395849
34.49978981247731 261365964.58721423 -261353534.4151884
34.499957980675809 295501128.77392215 -295488073.02589631
34.500126148874308 335666418.32091123 -335652679.74188054
34.500294317072807 383228152.27596986 -383213665.81975687
34.500462485271306 439936444.22957623 -439921135.62198579
34.500630653469806 508055769.18344641 -508039553.14481699
34.500798821668305 590548437.2045548 -590531215.23137593
34.500966989866804 691336198.8700794 -691317856.43946028
34.501135158065303 815679231.65322304 -815659634.66277933
