# serie phase 2 p5_w2.80_c1.20_dt2_k2 : t x1 x2 (dt2=0.00016816819849907813, depart t=5.6699999999999999 etat bascule x1 x2 v1 v2 = 47022.263305070563 -46628.60422684424 2514792.586859405 -2506331.9475060529)
5.6699999999999999 47022.263305070563 -46628.60422684424
5.670168168198499 47447.665082242034 -47052.578675588848
5.6703363363969981 47878.102599682403 -47481.579773894882
5.6705045045954972 48313.649499717372 -47915.681081141985
5.6706726727939962 48754.380707484437 -48354.957438535232
5.6708408409924953 49200.372456883662 -48799.484995041472
5.6710090091909944 49651.702317126743 -49249.341233923631
5.6711771773894935 50108.449219899834 -49704.604999888565
5.6713453455879925 50570.693487156066 -50165.356526864321
5.6715135137864916 51038.516859554176 -50631.677466423265
5.6716816819849907 51512.002525560092 -51103.65091686786
5.6718498501834897 51991.235151228888 -51581.361452996542
5.6720180183819888 52476.300910684869 -52064.89515656748
5.6721861865804879 52967.287517318298 -52554.339647478613
5.672354354778987 53464.284255717583 -53049.784115682916
5.672522522977486 53967.382014356474 -53551.319353858322
5.6726906911759851 54476.673319056245 -54059.037790852388
5.6728588593744842 54992.252367243607 -54573.033525922277
5.6730270275729833 55514.215063025484 -55093.402363791378
5.6731951957714823 56042.659053102645 -55620.241850544371
5.6733633639699814 56577.683763544621 -56153.651310383306
5.6735315321684805 57119.390437449205 -56693.731883267887
5.6736997003669796 57667.882173510385 -57240.586563463825
5.6738678685654786 58223.26396551932 -57794.320239023909
5.6740360367639777 58785.642742823737 -58355.039732227109
5.6742042049624768 59355.127411771849 -58922.853841001852
5.6743723731609759 59931.828898167776 -59497.873381360354
5.6745405413594749 60515.860190766049 -60080.211230871755
5.674708709557974 61107.336385833958 -60669.982373202576
5.6748768777564731 61706.374732811048 -61267.303943753999
5.6750450459549722 62313.094681096147 -61872.295276426252
5.6752132141534712 62927.617927993255 -62485.077951541396
5.6753813823519703 63550.068467848483 -63105.775844956748
5.6755495505504694 64180.572642411302 -63734.515178402187
5.6757177187489685 64819.259192454345 -64371.424571075528
5.6758858869474675 65466.259310687157 -65016.635092531411
5.6760540551459666 66121.706696000285 -65670.280316899996
5.6762222233444657 66785.73760907726 -66332.496378473181
5.6763903915429648 67458.490929413296 -67003.422028696921
5.6765585597414638 68140.108213780622 -67683.198694609717
5.6767267279399629 68830.733756181726 -68371.97053876851
5.676894896138462 69530.514649332981 -69069.884520704465
5.6770630643369611 70239.600847722657 -69777.090459952509
5.6772312325354601 70958.145232288472 -70493.741100699932
5.6773994007339592 71686.303676761556 -71219.992178100787
5.6775675689324583 72424.23511572498 -71956.002486304307
5.6777357371309574 73172.101614436615 -72701.933948247039
5.6779039053294564 73930.068440467774 -73457.951687260196
5.6780720735279555 74698.304137210711 -74224.224100545194
5.6782402417264546 75476.980599309638 -75000.922934572081
5.6784084099249537 76266.273150071895 -75788.223362457531
5.6785765781234527 77066.360620917723 -76586.304063380696
5.6787447463219518 77877.425432928852 -77395.347304097275
5.6789129145204509 78699.653680558273 -78215.539022613986
5.67908108271895 79533.235217565554 -79047.068914087911
5.679249250917449 80378.363745244103 -79890.130519017141
5.6794174191159481 81235.23690300918 -80744.921313791303
5.6795855873144472 82104.056361417592 -81611.642803673021
5.6797537555129463 82985.027917692321 -82490.500618283637
5.6799219237114453 83878.361593828071 -83381.70460966893
5.6800900919099444 84784.271737355884 -84285.468953023214
5.6802582601084435 85702.97712484801 -85202.012250152693
5.6804264283069426 86634.701068246592 -86131.557635761928
5.6805945965054416 87579.671524102901 -87074.332886649878
5.6807627647039407 88538.121205816497 -88030.570533905004
5.6809309329024398 89510.28769896696 -89000.507978192065
5.6810991011009389 90496.413579834058 -89984.387608226301
5.6812672692994379 91496.746537205152 -90982.456922534009
5.681435437497937 92511.539497572565 -91994.968654602009
5.6816036056964361 93541.050753826756 -93022.180901521948
5.6817717738949352 94585.544097555088 -94064.35725623912
5.6819399420934342 95645.288955059659 -95121.766943519367
5.6821081102919333 96720.560527211754 -96194.684959751394
5.6822762784904324 97811.639933264494 -97283.392216706256
5.6824444466889314 98918.814358749529 -98388.175689379714
5.6826126148874305 100042.37720758827 -99509.32856804796
5.6827807830859296 101182.62825855249 -100647.1504146715
5.6829489512844287 102339.87382621413 -101801.94732378701
5.6831171194829277 103514.42692652908 -102974.03208803193
5.6832852876814268 104706.60744720488 -104163.72436845166
5.6834534558799259 105916.74232300767 -105371.35086974465
5.683621624078425 107145.1657161693 -106597.24552060636
5.683789792276924 108392.21920206152 -107841.74965933881
5.6839579604754231 109658.25196030985 -109105.21222489845
5.6841261286739222 110943.62097152646 -110387.9899535616
5.6842942968724213 112248.69121984768 -111690.44758139284
5.6844624650709203 113573.83590146861 -113012.95805270917
5.6846306332694194 114919.4366393745 -114355.90273473918
5.6847988014679185 116285.88370447575 -115719.67163868436
5.6849669696664176 117673.57624336144 -117104.6636473971
5.6851351378649166 119082.9225128937 -118511.28674989799
5.6853033060634157 120514.34012187424 -119939.95828296339
5.6854714742619148 121968.25628002246 -121391.10518002279
5.6856396424604139 123445.10805451388 -122865.16422761475
5.6858078106589129 124945.34263433707 -124362.58232965918
5.685975978857412 126469.41760273663 -125883.81677981406
5.6861441470559111 128017.80121802069 -127429.33554219437
5.6863123152544102 129590.97270302124 -128999.61754074192
5.6864804834529092 131189.4225435073 -130595.15295754591
5.6866486516514083 132813.65279586206 -132216.44354042521
5.6868168198499074 134464.17740434731 -133864.00292009581
5.6869849880484065 136141.52252829124 -135538.35693725914
5.6871531562469055 137846.22687954822 -137240.04397996032
5.6873213244454046 139578.84207059338 -138969.61533157839
5.6874894926439037 141339.93297362863 -140727.63552982584
5.6876576608424028 143130.07809109183 -142514.68273714854
5.6878258290409018 144949.86993797621 -144331.34912293332
5.6879939972394009 146799.91543638334 -146178.24125794639
5.6881621654379 148680.83632274964 -148055.98052144251
5.6883303336363991 150593.26956820427 -149965.20352140276
5.6884985018348981 152537.86781253447 -151906.56252837658
5.6886666700333972 154515.29981225362 -153880.72592342383
5.6888348382318963 156526.25090328735 -155888.37866067153
5.6890030064303954 158571.42347881393 -157930.22274502172
5.6891711746288944 160651.53748281702 -160006.97772556849
5.6893393428273935 162767.33091993182 -162119.38120530493
5.6895075110258926 164919.56038218943 -164268.18936772482
5.6896756792243917 167109.00159328923 -166454.17752094864
5.6898438474228907 169336.44997105494 -168678.14066002981
5.6900120156213898 171602.72120875801 -170940.89404812414
5.6901801838198889 173908.65187601952 -173243.27381723424
5.690348352018388 176255.10004003253 -175586.13758926987
5.690516520216887 178642.94590787735 -177970.36511819751
5.6906846884153861 181073.09249073538 -180396.85895408399
5.6908528566138852 183546.46629084111 -182866.54512987379
5.6910210248123843 186064.01801204748 -185380.37387177546
5.6911891930108833 188626.72329491787 -187939.32033416964
5.6913573612093833 191235.58347729646 -190544.38535999085
5.6915255294078824 193891.62638135042 -193196.5962675761
5.6916936976063814 196595.90712812013 -195897.00766501631
5.6918618658048805 199349.50898065872 -198646.70229309195
5.6920300340033796 202153.54421688963 -201446.79189792112
5.6921982022018787 205009.15503336035 -204298.41813449821
5.6923663704003777 207917.5144811224 -207202.75350235301
5.6925345385988768 210879.82743502213 -210161.00231461477
5.6927027067973759 213897.33159774396 -213174.40170182253
5.692870874995875 216971.29854000773 -216244.222651883
5.693039043194374 220103.03477838446 -219371.77108764058
5.6932072113928731 223293.88289226094 -222558.38898358928
5.6933753795913722 226545.22268155281 -225805.45552332624
5.6935435477898713 229858.47236683842 -229114.38829941879
5.6937117159883703 233235.08983366197 -232486.64455743338
5.6938798841868694 236676.57392283488 -235923.72248595499
5.6940480523853685 240184.46576864817 -239427.16255450985
5.6942162205838676 243760.35018699747 -242998.54890139232
5.6943843887823666 247405.85711551501 -246639.51077349044
5.6945525569808657 251122.66310790076 -250351.724020302
5.6947207251793648 254912.49288474763 -254136.91264443554
5.6948888933778639 258777.1209432639 -257996.85041099924
5.6950570615763629 262718.37322840944 -261933.36251839402
5.695225229774862 266738.12886808213 -265948.32733314688
5.6953933979733611 270838.3219751165 -270043.67819154623
5.6955615661718602 275020.94351898954 -274221.4052709738
5.6957297343703592 279288.04327026772 -278483.55753396638
5.6958979025688583 283641.7318209763 -282832.24474818911
5.6960660707673574 288084.18268422678 -287269.63958565454
5.6962342389658565 292617.6344766015 -291797.97980468709
5.6964024071643555 297244.39318696578 -296419.57051830227
5.6965705753628546 301966.83453555993 -301136.78655285278
5.6967387435613537 306787.40642741334 -305952.07490098325
5.6969069117598528 311708.63150432543 -310867.9572731377
5.6970750799583518 316733.10979986959 -315887.03275207576
5.6972432481568509 321863.52150210127 -321011.98055507801
5.69741141635535 327102.62982888764 -326245.5629087573
5.6975795845538491 332453.28402102616 -331590.62804164295
5.6977477527523481 337918.42245858262 -337050.1132999679
5.6979159209508472 343501.07590615901 -342627.04839236825
5.6980840891493463 349204.37089309481 -348324.5587694986
5.6982522573478454 355031.53323491692 -354145.86914487724
5.6984204255463444 360985.89170268213 -360094.30716360488
5.6985885937448435 367070.88184720435 -366173.30722594814
5.6987567619433426 373290.04998552572 -372386.41447314626
5.6989249301418416 379647.05735738057 -378737.2889431892
5.6990930983403407 386145.68445981282 -385229.70990472718
5.6992612665388398 392789.83556854341 -391867.58037770697
5.6994294347373389 399583.54345514602 -398654.93184979237
5.6995976029358379 406530.97430957807 -405595.92919811554
5.699765771134337 413636.43287813244 -412694.875826423
5.6999339393328361 420904.36782742443 -419956.21902822994
5.7001021075313352 428339.37734561012 -427384.55558717856
5.7002702757298342 435946.2149926502 -434984.63762641221
5.7004384439283333 443729.7958120876 -442761.37871943414
5.7006066121268324 451695.20271750289 -450719.8602756121
5.7007747803253315 459847.69316754787 -458865.33821422898
5.7009429485238305 468192.70614424197 -467203.24994176254
5.7011111167223296 476735.8694500475 -475739.22164790862
5.7012792849208287 485483.00734012312 -484479.07593674632
5.7014474531193278 494440.14850709488 -493428.83981038263
5.7016156213178268 503613.53443668224 -502594.75302341249
5.7017837895163259 513009.62815357873 -511983.2768275924
5.701951957714825 522635.12337811681 -521601.1031272551
5.7021201259133241 532496.95411544864 -531455.16406719619
5.7022882941118231 542602.30470025551 -541552.6420760419
5.7024564623103222 552958.62032136018 -551900.98038947256
5.7026246305088213 563573.61805207131 -562507.89407912688
5.7027927987073204 574455.29841363418 -573381.38161456003
5.7029609669058194 585611.95750081528 -584529.73698728078
5.7031291351043185 597052.19970040466 -595961.56242764974
5.7032973033028176 608784.95103530167 -607685.78174730053
5.7034654715013167 620819.47316884983 -619711.65434174845
5.7036336396998157 633165.37810622936 -632048.78988999175
5.7038018078983148 645832.64363199938 -644707.16379019478
5.7039699760968139 658831.62952532456 -657697.13337298459
5.704138144295313 672173.09459703125 -671029.45493650355
5.704306312493812 685868.21459542983 -684715.3016501508
5.7044744806923111 699928.60103082459 -698766.28237693047
5.7046426488908102 714366.3209718304 -713194.46146752266
5.7048108170893093 729193.9178700354 -728012.37958261184
5.7049789852878083 744424.43347321404 -743233.07560367405
5.7051471534863074 760071.43089122197 -758870.10969634936
5.7053153216848065 776149.01888291421 -774937.58759473613
5.7054834898833056 792671.87743694126 -791450.18617945898
5.7056516580818046 809655.28472412401 -808423.18042720365
5.7058198262803037 827115.14550430514 -825872.47181461344
5.7059879944788028 845068.02107616002 -843814.61826502392
5.7061561626773019 863531.16086444783 -862266.86573251034
5.7063243308758009 882522.53574563097 -881247.18152417103
5.7064924990743 902060.87321972556 -900774.28946850135
5.7066606672727991 922165.69454370264 -920867.70704517292
5.7068288354712982 942857.3539497907 -941547.78459955996
5.7069970036697972 964157.08008067508 -962835.74677400151
5.7071651718682963 986087.01978290477 -984753.7362971023
5.7073333400667954 1008670.2844098598 -1007324.8602824159
5.7075015082652945 1031930.9987964588 -1030573.2391986817
5.7076696764637935 1055894.3530794743 -1054524.0586854741
5.7078378446622926 1080586.6575499356 -1079203.6244007328
5.7080060128607917 1106035.4007377261 -1104639.4201002698
5.7081741810592908 1132269.3109432063 -1130860.1691640764
5.7083423492577898 1159318.4214466161 -1157895.8998001679
5.7085105174562889 1187214.1396432368 -1185778.0141739352
5.708678685654788 1215989.3203709377 -1214539.3617296175
5.7088468538532871 1245678.3437169308 -1244214.3169907001
5.7090150220517861 1276317.197612439 -1274838.8621479326
5.7091831902502852 1307943.5655477168 -1306450.6747673885
5.7093513584487843 1340596.9197656084 -1339089.2209767331
5.7095195266472833 1374318.6203197774 -1372795.8545158175
5.7096876948457824 1409152.0204141026 -1407613.9220680734
5.7098558630442815 1445142.578472734 -1443588.8753221834
5.7100240312427806 1482337.9774261904 -1480768.3902493829
5.7101921994412796 1520788.2517379343 -1519202.494120813
5.7103603676397787 1560545.9227383907 -1558943.7008318587
5.7105285358382778 1601666.1428797152 -1600047.1551467564
5.7106967040367769 1644206.8495751452 -1642570.7865272772
5.7108648722352759 1688228.9293419039 -1686575.4732644209
5.711033040433775 1733796.3930268115 -1732125.2176922495
5.7112012086322741 1780976.5629595323 -1779287.3333287509
5.7113693768307732 1829840.2729502814 -1828132.6448605217
5.7115375450292722 1880462.0821274957 -1878735.7019667332
5.7117057132277713 1932920.5036970992 -1931175.0080639753
5.7118738814262704 1987298.2497993829 -1985533.2651479442
5.7120420496247695 2043682.493742998 -2041897.6360114361
5.7122102178232685 2102165.1510091317 -2100360.0252316571
5.7123783860217676 2162843.180543643 -2161017.380444576
5.7125465542202667 2225818.9079920044 -2223972.0155611089
5.7127147224187658 2291200.3726826543 -2289331.9577306737
5.7128828906172648 2359101.7003303175 -2357211.3200236093
5.7130510588157639 2429643.503613696 -2427730.701986786
5.713219227014263 2502953.3129835334 -2501017.6204283349
5.7133873952127621 2579166.04027953 -2577206.9730098885
5.7135555634112611 2658424.4779803334 -2656441.5374704697
5.7137237316097602 2740879.8371824888 -2738872.509577815
5.7138918998082593 2826692.3277048152 -2824660.0832034945
5.7140600680067584 2916031.7840475896 -2913974.0762510994
5.7142282362052574 3009078.3413049378 -3006994.6065357728
5.7143964044037565 3106023.1655383105 -3103912.8221228314
5.7145645726022556 3207069.2435736973 -3204931.6910879933
5.7147327408007547 3312432.2376908278 -3310266.8561673039
5.7149009089992537 3422341.411235238 -3420147.560327474
5.7150690771977528 3537040.63181087 -3534817.6499141189
5.7152372453962519 3656789.4594098218 -3654536.6627343218
5.715405413594751 3781864.3276161142 -3779581.0092101791
5.71557358179325 3912559.8268922865 -3910245.2556119054
5.7157417499917491 4049190.0999331465 -4046843.5193545837
5.7159099181902482 4192090.3601635788 -4189710.9874351849
5.7160780863887473 4341618.5456824368 -4339205.5703115975
5.7162462545872463 4498157.1223298851 -4495709.7049007071
5.7164144227857454 4662115.0511013437 -4659632.321918332
5.7165825909842445 4833929.9368707649 -4831410.9945233632
5.7167507591827436 5014070.3773459392 -5011514.2871883875
5.7169189273812426 5203038.5333897099 -5200444.3259302285
5.7170870955797417 5401372.944338779 -5398739.6135315709
5.7172552637782408 5609651.6147770975 -5606978.1162101412
5.7174234319767399 5828495.402420979 -5825780.6513919607
5.7175916001752389 6058571.7404027022 -6055814.6098748026
5.717759768373738 6300598.7313621575 -6297798.0497906739
5.7179279365722371 6555349.6554455347 -6552504.2044655317
5.7180961047707362 6823657.9396522939 -6820766.4516166002
5.7182642729692352 7106422.6420665057 -7103483.7974224184
5.7184324411677343 7404614.5114731751 -7401626.9359651655
5.7186006093662334 7719282.6908309609 -7716244.9525155015
5.7187687775647325 8051562.1422101278 -8048472.7482674709
5.7189369457632315 8402681.8812968079 -8399539.274623096
5.7191051139617306 8773974.1216332074 -8770776.6771947108
5.7192732821602297 9166884.4426695965 -9163630.46359911
5.7194414503587288 9582983.1117559187 -9579670.8251693454
5.7196096185572278 10023977.708764674 -10020605.261273684
5.7197777867557269 10491727.223545544 -10488292.676439704
5.719945954954226 10988257.82138158 -10984759.145450659
5.720114123152725 11515780.500661634 -11512215.570625691
5.7202822913512241 12076710.900838464 -12073077.489349954
5.7204504595497232 12673691.55828598 -12669987.329464244
5.7206186277482223 13309616.953958524 -13305839.456412734
5.7207867959467213 13987661.751061251 -13983808.410353018
5.7209549641452204 14711312.684797989 -14707380.79528938
5.7211231323437195 15484404.641527759 -15480391.357554302
5.7212913005422186 16311161.553586915 -16307063.879888149
5.7214594687407176 17196242.841362439 -17192057.62269469
5.7216276369392167 18144796.259280074 -18140520.169127092
5.7217958051377158 19162518.151296817 -19158147.679583721
5.7219639733362149 20255722.299291912 -20251253.738996159
5.7221321415347139 21431418.760635275 -21426848.193175089
5.722300309733213 22697404.346841231 -22692727.626106597
5.7224684779317121 24062366.703095548 -24057579.43796939
5.7226366461302112 25536004.320411816 -25531101.855608758
5.7228048143287102 27129165.263016786 -27124142.65804369
5.7229729825272093 28854007.941828497 -28848859.947844043
5.7231411507257084 30724187.933931801 -30718908.968251225
5.7233093189242075 32755075.667295225 -32749659.785250112
5.7234774871227065 34964010.797095306 -34958451.66091615
5.7236456553212056 37370600.342718117 -37364891.187058024
5.7238138235197047 39997069.19401665 -39991202.787676729
5.7239819917182038 42868673.510520652 -42862642.113869756
5.7241501599167028 46014189.929925457 -46007985.247426637
5.7243183281152019 49466496.504801363 -49460109.631962627
5.724486496313701 53263265.07218118 -53256686.436135381
5.7246546645122001 57447789.556952372 -57441008.849736772
5.7248228327106991 62069980.817431673 -62062986.920877032
5.7249910009091982 67187566.459766865 -67180347.360712722
5.7251591691076973 72867544.111600175 -72860086.805920362
5.7253273373061964 79187949.674717486 -79180240.058357596
5.7254955055046954 86240019.047386318 -86232041.792271584
5.7256636737031945 94130844.052896097 -94122582.465148538
5.7258318419016936 102986652.66552055 -102978088.52290823
5.7260000101001927 112956882.63229351 -112947995.99719761
5.7261681782986917 124219269.80517268 -124210038.80856663
5.7263363464971908 136986242.94001862 -136976643.5309644
5.7265045146956899 151513012.52769148 -151503018.18161541
5.726672682894189 168107872.66356862 -168097454.04100567
5.726840851092688 187145416.94204134 -187134541.48753333
5.7270090192911871 209083623.76626253 -209072255.23452383
5.7271771874896862 234486125.78964144 -234474223.68278015
5.7273453556881853 264051491.30959228 -264039010.20483807
5.7275135238866843 298652086.72150588 -298638975.46319097
5.7276816920851834 339386173.51343495 -339372374.2353996
5.7278498602836825 387648500.83078372 -387633947.76521713
5.7280180284821816 445227072.15322185 -445211690.16817296
5.7281861966806806 514437456.67710137 -514421159.46599782
5.7283543648791797 598311749.13395667 -598294436.95421994
5.7285225330776788 700868346.23465466 -700849903.05553901
5.7286907012761779 827503322.7607739 -827483612.6277349
