# serie phase 2 p4_w2.27_c1.20_dt2_k2 : t x1 x2 (dt2=0.00020157194014602974, depart t=44.033999999999999 etat bascule x1 x2 v1 v2 = 1926074.3211511692 -1918008.8099415423 98574270.394488052 -98367484.712414443)
44.033999999999999 1926074.3211511692 -1918008.8099415423
44.034201571940145 1946073.0898390524 -1937965.7342229963
44.03440314388029 1966332.4707657434 -1958182.944061507
44.034604715820436 1986856.5523602897 -1978664.5244763761
44.034806287760581 2007649.4980921815 -1999414.6354827515
44.035007859700727 2028715.5480497668 -2020437.5136693402
44.035209431640872 2050059.0205561186 -2041737.4738135606
44.035411003581018 2071684.3138233426 -2063318.9105351223
44.035612575521171 2093595.9076463461 -2085186.299989054
44.035814147461316 2115798.3651371151 -2107344.2015992245
44.036015719401462 2138296.3345005801 -2129797.2598334407
44.036217291341607 2161094.5508531812 -2152550.2060212283
44.036418863281753 2184197.8380852775 -2175607.8602154423
44.036620435221899 2207611.1107685762 -2198975.1330988836
44.036822007162044 2231339.3761097947 -2222657.0279371333
44.03702357910219 2255387.7359518069 -2246658.6425788538
44.037225151042335 2279761.3888235558 -2270985.1715048417
44.037426722982481 2304465.6320400578 -2295641.907927156
44.037628294922627 2329505.8638538634 -2320634.2459396855
44.037829866862772 2354887.5856593787 -2345967.6827215599
44.038031438802918 2380616.4042514926 -2371647.8207948506
44.038233010743063 2406698.0341400048 -2397680.370338052
44.038434582683209 2433138.2999213864 -2424071.1515568811
44.038636154623354 2459943.1387094581 -2450826.0971139702
44.038837726563507 2487118.6026266143 -2477951.2546190936
44.039039298503653 2514670.8613572773 -2505452.7891815999
44.039240870443798 2542606.20476531 -2533336.9860267835
44.039442442383944 2570931.0455771736 -2561610.2531779837
44.039644014324089 2599651.9221326704 -2590279.1242062468
44.039845586264235 2628775.5012051696 -2619350.2610494471
44.040047158204381 2658308.5808932697 -2648830.4569028276
44.040248730144526 2688258.0935859149 -2678726.6391829685
44.040450302084672 2718631.1090030447 -2709045.8725672704
44.040651874024817 2749434.8373139207 -2739795.362111086
44.040853445964963 2780676.6323353411 -2770982.4564447226
44.041055017905109 2812363.9948120252 -2802614.6510525844
44.041256589845254 2844504.5757815186 -2834699.5916368128
44.0414581617854 2877106.180026046 -2867245.0775678507
44.041659733725545 2910176.7696138155 -2900259.0654244311
44.041861305665691 2943724.4675323595 -2933749.6726255738
44.042062877605844 2977757.5614165738 -2967725.181157256
44.042264449545989 3012284.5073742084 -3002194.0413965057
44.042466021486135 3047313.9339116467 -3037164.8760357564
44.04266759342628 3082854.6459629061 -3072646.4841103908
44.042869165366426 3118915.6290248809 -3108647.8451325009
44.043070737306572 3155506.0534019517 -3145178.1233339803
44.043272309246717 3192635.2785631837 -3182246.6720221788
44.043473881186863 3230312.8576154425 -3219863.038051439
44.043675453127008 3268548.5418958655 -3258036.9664139561
44.043877025067154 3307352.2856872338 -3296778.4049535077
44.044078597007299 3346734.2510599163 -3336097.5092057176
44.044280168947445 3386704.812844167 -3376004.6473686402
44.044481740887591 3427274.5637366883 -3416510.4054075759
44.044683312827736 3468454.3195455032 -3457625.5922981547
44.044884884767882 3510255.1245773071 -3499361.2454118663
44.045086456708027 3552688.2571716164 -3541728.6360483458
44.04528802864818 3595765.23538617 -3584739.2751188739
44.045489600588326 3639497.8228381928 -3628404.9189856974
44.045691172528471 3683898.0347062806 -3672737.5754619315
44.045892744468617 3728978.1438978319 -3717749.5099769654
44.046094316408762 3774750.6873871144 -3763453.2519124588
44.046295888348908 3821228.472729228 -3809861.601114192
44.046497460289054 3868424.5847554058 -3856987.6345852069
44.046699032229199 3916352.3924552794 -3904844.7133658645
44.046900604169345 3965025.5560519267 -3953446.4896066408
44.04710217610949 4014458.0342757236 -4002806.9138396736
44.047303748049636 4064664.0918432232 -4052940.2424552883
44.047505319989781 4115658.3071475062 -4103861.0453899428
44.047706891929927 4167455.5801666668 -4155584.2140322556
44.047908463870073 4220071.1405973304 -4208124.9693540111
44.048110035810218 4273520.5562203433 -4261498.87027328
44.048311607750364 4327819.7415060131 -4315721.8222570354
44.048513179690516 4382984.9664665591 -4370810.0861709202
44.048714751630662 4439032.8657636782 -4426780.2873840686
44.048916323570808 4495980.4480794286 -4483649.4251371827
44.049117895510953 4553845.1057589082 -4541434.8821823495
44.049319467451099 4612644.6247335309 -4600154.4347033761
44.049521039391244 4672397.1947339866 -4659826.262525755
44.04972261133139 4733121.4198023221 -4720468.9596256763
44.049924183271536 4794836.3291129041 -4782101.5449478542
44.050125755211681 4857561.3881123867 -4844743.473542287
44.050327327151827 4921316.5099891629 -4908414.6480304226
44.050528899091972 4986122.0674831653 -4973135.4304116014
44.050730471032118 5051998.9050472733 -5038926.6542210327
44.050932042972264 5118968.3513720036 -5105809.6370509639
44.051133614912409 5187052.2322855731 -5173806.1934471522
44.051335186852555 5256272.8840418831 -5242938.6481931629
44.0515367587927 5326653.1670094263 -5313229.8499955125
44.051738330732853 5398216.4797746036 -5384703.1855831305
44.051939902672999 5470986.7736734385 -5457382.5942351287
44.052141474613144 5544988.5677661989 -5531292.5827513803
44.05234304655329 5620246.9642699677 -5606458.2408809587
44.052544618493435 5696787.6644647894 -5682905.2572240494
44.052746190433581 5774636.9850895861 -5760659.9356235322
44.052947762373726 5853821.8752446594 -5839749.2120630452
44.053149334313872 5934369.9338182323 -5920200.6720889816
44.053350906254018 6016309.4274551421 -6002042.5687745279
44.053552478194163 6099669.3090864932 -6085303.8412445486
44.053754050134309 6184479.2370397942 -6170014.1337808426
44.053955622074454 6270769.5947498567 -6256203.8155280408
44.0541571940146 6358571.5110915182 -6343904.0008212002
44.054358765954746 6447916.8813560512 -6433146.5701569701
44.054560337894891 6538838.3888939973 -6523964.1918310393
44.054761909835037 6631369.5274480162 -6616390.3442654805
44.054963481775189 6725544.6242002994 -6710459.339050509
44.055165053715335 6821398.8635600256 -6806206.3447261527
44.055366625655481 6918968.3117173668 -6903667.4113303237
44.055568197595626 7018289.9419915918 -7002879.4957408365
44.055769769535772 7119401.6610018928 -7103880.4878400033
44.055971341475917 7222342.3356907303 -7206709.237531581
44.056172913416063 7327151.8212306527 -7311405.582641039
44.056374485356208 7433870.989846807 -7418010.3777313465
44.056576057296354 7542541.7605886441 -7526565.5238677859
44.0567776292365 7653207.1300856844 -7637113.9993666457
44.056979201176645 7765911.2043236112 -7749699.8915640656
44.057180773116791 7880699.2314784508 -7864368.429642776
44.057382345056936 7997617.6358481226 -7981166.0185560146
44.057583916997082 8116714.0529222721 -8100140.2740895329
44.057785488937228 8238037.3656329662 -8221340.0591042563
44.057987060877373 8361637.7418306032 -8344815.5210039467
44.058188632817526 8487566.6730312202 -8470618.1304740515
44.058390204757671 8615877.0144833066 -8598800.7215398308
44.058591776697817 8746623.0266042352 -8729417.5329938773
44.058793348637963 8879860.4178385455 -8862524.2512452416
44.058994920578108 9015646.3889924791 -8998178.0546445735
44.059196492518254 9154039.6791014988 -9136437.6593419965
44.059398064458399 9295100.6128899064 -9277363.3667368162
44.059599636398545 9438891.1498842109 -9421017.1125807129
44.059801208338691 9585474.9352445137 -9567462.5177986771
44.060002780278836 9734917.3523809575 -9716764.9410947226
44.060204352218982 9887285.5774251595 -9868991.5334122926
44.060405924159127 10042648.635629578 -10024211.294322293
44.060607496099273 10201077.459770929 -10182495.130414871
44.060809068039418 10362644.950637108 -10343915.915774368
44.061010639979564 10527426.039680496 -10508548.554620335
44.06121221191971 10695497.753924254 -10676470.046201179
44.061413783859862 10866939.283211943 -10847759.552030798
44.061615355800008 11041832.049894879 -11022498.465562576
44.061816927740153 11220259.781055795 -11200770.484399315
44.062018499680299 11402308.583371799 -11382661.685142063
44.062220071620445 11588067.020724224 -11568260.600985441
44.06242164356059 11777626.194667822 -11757658.302171908
44.062623215500736 11971079.82787684 -11950948.479422459
44.062824787440881 12168524.350690845 -12148227.530466644
44.063026359381027 12370058.990888761 -12349594.64980034
44.063227931321173 12575785.86682548 -12555151.921805624
44.063429503261318 12785810.084071571 -12765004.41737326
44.063631075201464 13000239.835703112 -12979260.294174796
44.063832647141609 13219186.506395457 -13198030.900738083
44.064034219081755 13442764.780481959 -13421430.884487208
44.0642357910219 13671092.75414614 -13649578.303915322
44.064437362962046 13904292.05192377 -13882594.745066797
44.064638934902199 14142487.947699584 -14120605.442513421
44.064840506842344 14385809.490392145 -14363739.40501814
44.06504207878249 14634389.634529572 -14612129.546089005
44.065243650722635 14888365.375928501 -14865912.819635715
44.065445222662781 15147877.892698871 -15125230.360951291
44.065646794602927 15413072.691807829 -15390227.633252159
44.065848366543072 15684099.761447346 -15661054.580021231
44.066049938483218 15961113.729462054 -15937865.78341043
44.066251510423363 16244274.028106268 -16220820.62897164
44.066453082363509 16533745.065412447 -16510083.476998262
44.066654654303655 16829696.403467149 -16805823.840773437
44.0668562262438 17132302.943905283 -17108216.5720357
44.067057798183946 17441745.120948832 -17417442.053988189
44.067259370124091 17758209.102332577 -17733686.402193934
44.067460942064237 18081886.998476446 -18057141.673716806
44.067662514004383 18412977.080282364 -18388006.084885955
44.067864085944535 18751684.005952489 -18726484.238080595
44.068065657884681 19098219.057245944 -19072787.357952215
44.068267229824826 19452800.38561251 -19427133.537522633
44.068468801764972 19815653.268664211 -19789747.994618762
44.068670373705118 20187010.377469476 -20160863.3391288
44.068871945645263 20567112.05517976 -20540719.851589564
44.069073517585409 20956206.607524935 -20929565.773641359
44.069275089525554 21354550.60574194 -21327657.610914726
44.0694766614657 21762409.202530749 -21735260.448943138
44.069678233405845 22180056.461663168 -22152648.282727055
44.069879805345991 22607775.701903097 -22580104.360607952
44.070081377286137 23045859.855932076 -23017921.54314607
44.070282949226282 23494611.845011074 -23466402.677732795
44.070484521166428 23954344.970148869 -23925860.989707913
44.070686093106573 24425383.32058901 -24396620.490793739
44.070887665046719 24908062.20047158 -24879016.405702185
44.071089236986872 25402728.574572671 -25373395.617817685
44.071290808927017 25909741.534074195 -25880117.134908453
44.071492380867163 26429472.783369113 -26399552.575871147
44.071693952807308 26962307.148963038 -26932086.679569747
44.071895524747454 27508643.111592237 -27478117.836888645
44.0720970966876 28068893.362740874 -28038058.647182655
44.072298668627745 28643485.386806969 -28612336.500373341
44.072500240567891 29232862.070237242 -29201394.186011754
44.072701812508036 29837482.339026231 -29805690.530702818
44.072903384448182 30457821.826054797 -30425701.065366413
44.073104956388327 31094373.569828056 -31061918.723895065
44.073306528328473 31747648.746262901 -31714854.574858271
44.073508100268619 32418177.435271204 -32385038.587999474
44.073709672208764 33106509.423986811 -33073020.43737362
44.07391124414891 33813215.04859294 -33779370.343081795
44.074112816089055 34538886.076822221 -34504679.953675054
44.074314388029208 35284136.633324556 -35249563.271422401
44.074515959969354 36049604.170229055 -36014657.62276917
44.074717531909499 36835950.485365979 -36800624.676451363
44.074919103849645 37643862.790763259 -37608151.511880547
44.07512067578979 38474054.834191054 -38437951.740572445
44.075322247729936 39327268.076696806 -39290766.683561578
44.075523819670082 40204272.929253958 -40167366.607924879
44.075725391610227 41105870.051840097 -41068552.02572985
44.075926963550373 42032891.718466125 -41995155.058928646
44.076128535490518 42986203.25189767 -42948040.87393906
44.076330107430664 43966704.532044917 -43928109.189888343
44.07653167937081 44975331.582247823 -44936295.864746615
44.076733251310955 46013058.237952195 -45973574.563844986
44.076934823251101 47080897.90255893 -47040958.515560485
44.077136395191246 48179905.395536073 -48139502.359257139
44.077337967131392 49311178.898212008 -49270304.090901203
44.077539539071545 50475862.003020197 -50434507.112120554
44.07774111101169 51675145.872343056 -51633302.388855673
44.077942682951836 52910271.513506994 -52867930.726153649
44.078144254891981 54182532.176913738 -54139685.166090138
44.078345826832127 55493275.884758376 -55449913.516269177
44.078547398772272 56843908.09828297 -56800021.016849354
44.078748970712418 58235894.53205058 -58191473.154580675
44.078950542652564 59670764.124299206 -59625798.632911198
44.079152114592709 61150112.173053451 -61104592.507840708
44.079353686532855 62675603.648335598 -62629519.499862626
44.079555258473 64248976.691532217 -64202317.493049644
44.079756830413146 65872046.313740604 -65824801.233106896
44.079958402353292 67546708.305746526 -67498866.23704347
44.080159974293437 69274943.373175025 -69226492.928003266
44.080361546233583 71058821.511315525 -71009751.009755909
44.080563118173728 72900506.635156244 -72850804.096381903
44.080764690113881 74802261.481277928 -74751914.613801152
44.080966262054027 76766452.799459413 -76715448.990996778
44.081167833994172 78795556.853145957 -78743883.160084024
44.081369405934318 80892165.249332666 -80839808.385775864
44.081570977874463 83058991.119930148 -83005937.446311355
44.081772549814609 85298875.67831628 -85245111.189549536
44.081974121754754 87614795.176548317 -87560305.489702135
44.0821756936949 90009868.290625587 -89954638.632093996
44.082377265635046 92487363.963266313 -92431379.155413672
44.082578837575191 95050709.735908866 -94993954.183163032
44.082780409515337 97703500.604081869 -97645958.278448984
44.082981981455482 100449508.43292765 -100391162.85890023
44.083183553395628 103292691.9725273 -103233526.21135591
44.083385125335774 106237207.51578453 -106177204.14908136
44.083586697275919 109287420.24500257 -109226561.35764363
44.083788269216065 112447916.31695798 -112386183.47924864
44.083989841156217 115723515.74026614 -115660889.98933281
44.084191413096363 119119286.10317497 -119055747.9235433
44.084392985036509 122640557.21465063 -122576086.51796861
44.084594556976654 126292936.72676864 -126227512.83063018
44.0847961289168 130082326.81203726 -130015928.41785949
44.084997700856945 134014941.97540204 -133947547.14530659
44.085199272797091 138097328.08736289 -138028914.22000828
44.085400844737237 142336382.7319321 -142266926.53724173
44.085602416677382 146739376.97113723 -146668854.44386297
44.085803988617528 151313978.63649297 -151242365.02855197
44.086005560557673 156068277.26740959 -155995547.05892688
44.086207132497819 161010810.82695517 -160936937.69594112
44.086408704437964 166150594.33683956 -166075551.12742633
44.08661027637811 171497150.58604449 -171420909.2752012
44.086811848318256 177060543.08130282 -176983074.74394342
44.087013420258401 182851411.42275956 -182772686.19515249
44.087214992198554 188881009.30477661 -188800996.34615859
44.087416564138699 195161245.36012805 -195079912.81241882
44.087618136078845 201704727.08595926 -201622042.03146631
44.087819708018991 208524808.11205113 -208440736.52904671
44.088021279959136 215635639.09636638 -215550145.81241074
44.088222851899282 223052222.55981174 -222965271.2026881
44.088424423839427 230790472.0019142 -230702024.94803169
44.088625995779573 238867275.67199665 -238777293.99210739
44.088827567719719 247300565.40681091 -247209008.8088766
44.089029139659864 256109390.98584655 -256016217.75487879
44.08923071160001 265314000.50013176 -265219167.43481681
44.089432283540155 274935927.27979666 -274839389.62570298
44.089633855480301 284998083.98055387 -284899795.35970491
44.089835427420446 295524864.49021286 -295424776.82679278
44.090036999360592 306542254.38413137 -306440317.82607317
44.090238571300745 318077950.73394048 -317974113.57012826
44.09044014324089 330161492.15791702 -330055700.73071325
44.090641715181036 342824400.09507722 -342716598.70786405
44.090843287121182 356100332.38965529 -355990463.20905536
44.091044859061327 370025250.38949347 -369913253.34190941
44.091246431001473 384637600.89256948 -384523413.55465347
44.091448002941618 399978514.42222953 -399862071.90486288
44.091649574881764 416092021.47572714 -415973256.3010574
44.091851146821909 433025288.57472003 -432904130.54576546
44.092052718762055 450828876.15313488 -450705252.21542722
44.092254290702201 469557020.550331 -469430854.64502352
44.092455862642346 489267942.63929725 -489139155.54711729
44.092657434582492 510024185.91473633 -509892695.09010965
44.092859006522637 531892987.19897437 -531758706.59359169
44.093060578462783 554946683.5000236 -554809523.37505674
44.093262150402929 579263158.98198712 -579123025.70809364
44.093463722343081 604926336.49045372 -604783132.33463359
44.093665294283227 632026718.62282681 -631880341.52111125
44.093866866223372 660661983.95522141 -660512327.27008319
44.094068438163518 690937644.74468184 -690784597.00595546
44.094270010103664 722967773.23095655 -722811217.85894489
44.094471582043809 756875804.58085418 -756715619.59017706
44.094673153983955 792795425.56779099 -792631483.25039423
44.0948747259241 830871559.2799226 -830703725.8655163
44.095076297864246 871261457.52614546 -871089592.81817436
44.095277869804391 914135914.18821561 -913959871.17327964
44.095479441744537 959680614.58218217 -959500239.01061988
44.095681013684683 1008097637.9819067 -1007912767.9170271
44.095882585624828 1059607132.8672971 -1059417598.2004918
44.096084157564974 1114449187.2438061 -1114254809.1724887
44.096285729505119 1172885919.6015482 -1172686510.0665548
44.096487301445265 1235203819.8176067 -1234999180.8963366
44.096688873385418 1301716373.6435628 -1301506296.8947418
44.096890445325563 1372767009.4690416 -1372551275.2245512
44.097092017265709 1448732411.9386816 -1448510788.5373931
44.097293589205854 1530026253.8773534 -1529798496.8353517
44.097495161146 1617103406.0297613 -1616869257.1407108
44.097696733086146 1710464693.5658946 -1710223879.9245875
44.097898305026291 1810662279.4085815 -1810414512.3499053
44.098099876966437 1918305767.5241528 -1918050741.4688048
44.098301448906582 2034069134.7700276 -2033806525.9672737
44.098503020846728 2158698618.1853018 -2158428083.3419023
44.098704592786873 2293021706.3161397 -2292742881.0992351
44.098906164727019 2437957408.9879904 -2437669906.3882198
44.099107736667165 2594528010.7293305 -2594231419.2687187
44.09930930860731 2763872549.8718519 -2763566431.6390142
44.099510880547456 2947262309.4982109 -2946946197.9911489
44.099712452487601 3146118659.486536 -3145792057.2406764
44.099914024427754 3362033652.9025578 -3361696028.8786697
44.1001155963679 3596793857.3922396 -3596444644.095386
44.100317168308045 3852407996.1243072 -3852046586.4209585
44.100518740248191 4131139087.0985818 -4130764830.6943369
44.100720312188336 4435541909.1488447 -4435154108.6837845
44.100921884128482 4768506793.8825531 -4768104700.5949001
44.101123456068628 5133310952.9166069 -5132893761.8179722
44.101325028008773 5533678809.0200796 -5533245653.5168905
44.101526599948919 5973853120.8513155 -5973403066.7368078
44.101728171889064 6458679090.178483 -6458211128.9076214
44.10192974382921 6993704138.8120518 -6993217179.9574986
44.102131315769356 7585296667.1885977 -7584789529.9589863
44.102332887709501 8240787893.0897341 -8240259296.7713871
44.102534459649647 8968641863.7705574 -8968090416.9298
44.102736031589792 9778659998.8820419 -9778084187.1364727
44.102937603529938 10682228135.798845 -10681626307.931326
44.103139175470091 11692616120.820461 -11691986472.967724
44.103340747410236 12825342663.147224 -12824683220.744299
44.103542319350382 14098621637.41428 -14097930234.514145
44.103743891290527 15533910547.769924 -15533184803.282177
44.103945463230673 17156587810.884523 -17155825101.183966
44.104147035170818 18996793370.247086 -18995990797.488354
44.104348607110964 21090477603.070824 -21089631958.402718
44.10455017905111 23480717478.177086 -23479825198.872452
44.104751750991255 26219377811.279514 -26218434930.573383
44.104953322931401 29369221149.719975 -29368223237.866875
44.105154894871546 33006605033.440914 -33005547128.144394
44.105356466811692 37224954073.746567 -37223830597.656174
44.105558038751838 42139262238.960686 -42138066901.3423
44.105759610691983 47891976461.285515 -47890702140.206413
44.105961182632129 54660748913.925697 -54659387514.296104
44.106162754572274 62668741295.95295 -62667283577.448433
44.106364326512427 72198449663.286484 -72196885030.423462
44.106565898452573 83610438466.586197 -83608754710.870987
44.106767470392718 97368999455.313812 -97367182436.196793
44.106969042332864 114077700008.43518 -114075733255.4315
44.107170614273009 134529243200.99101 -134527107413.27042
44.107372186213155 159776337774.87064 -159774010186.11426
44.107573758153301 191233891629.14398 -191231345193.36707
44.107775330093446 230828695126.5712 -230825897463.14728
44.107976902033592 281222430531.97931 -281219342542.49396
