# serie phase 2 p4_w2.80_c1.05_dt2_k2 : t x1 x2 (dt2=0.00016816819849907813, depart t=366.81 etat bascule x1 x2 v1 v2 = -2228622.3475803784 2217490.6446688669 -133965750.79608843 133630473.2089569)
366.81 -2228622.3475803784 2217490.6446688669
366.81016816819852 -2251294.3996168035 2240106.0986338472
366.81033633639703 -2274255.9248516951 2263010.5927853561
366.81050450459549 -2297511.3729204023 2286208.5723296637
366.810672672794 -2321065.2734784903 2309704.562436495
366.81084084099251 -2344922.2378508388 2333503.1698872545
366.81100900919103 -2369086.9607190806 2357609.0847615735
366.81117717738948 -2393564.2218483649 2382027.0821631649
366.81134534558799 -2418358.8878544695 2406762.0239860136
366.81151351378651 -2443475.9140123143 2431818.8607219481
366.81168168198502 -2468920.3461069516 2457202.6333106747
366.81184985018348 -2494697.3223281493 2482918.4750333847
366.81201801838199 -2520812.0752097094 2508971.6134510799
366.8121861865805 -2547269.9336146964 2535367.3723887913
366.81235435477902 -2574076.3247677903 2562111.1739669
366.81252252297747 -2601236.7763360068 2589208.5406808108
366.81269069117599 -2628756.9185590693 2616665.097530256
366.8128588593745 -2656642.4864307526 2644486.5741995494
366.81302702757301 -2684899.3219325556 2672678.8072901526
366.81319519577147 -2713533.3763211039 2701247.7426069467
366.81336336396998 -2742550.7124707177 2730199.4374996526
366.8135315321685 -2771957.5072726356 2759540.0632608808
366.81369970036701 -2801760.05409241 2789275.9075823352
366.81386786856547 -2831964.7652870561 2819413.377070745
366.81403603676398 -2862578.174783566 2849958.9998251391
366.81420420496249 -2893606.9407204576 2880919.4280771329
366.81437237316101 -2925057.8481540745 2912301.440895942
366.81454054135946 -2956937.8118314068 2944111.9469598914
366.81470870955798 -2989253.8790312526 2976357.9873962393
366.81487687775649 -3022013.2324755974 3009046.7386911977
366.815045045955 -3055223.193313146 3042185.5156720737
366.81521321415346 -3088891.2241769992 3075781.7745635314
366.81538138235197 -3123024.9323185254 3109843.1161200232
366.81554955055049 -3157632.0728195487 3144377.2888365053
366.815717718749 -3192720.551885026 3179392.1922396184
366.81588588694746 -3228298.4302184703 3214895.8802615814
366.81605405514597 -3264373.9264824269 3250896.564699111
366.81622222334448 -3300955.4208463994 3287402.6187597578
366.816390391543 -3338051.4586246815 3324422.5806981199
366.81655855974145 -3375670.7540066363 3361965.1575444709
366.81672672793997 -3413822.1938820425 3400039.2289284202
366.81689489613848 -3452514.8417642023 3438653.8510003053
366.81706306433699 -3491757.9418135993 3477818.2604530966
366.81723123253545 -3531560.9229649771 3517541.8786476906
366.81739940073396 -3571933.4031607988 3557834.3158445465
366.81756756893247 -3612885.1936941468 3598705.3755447268
366.81773573713099 -3654426.3036642107 3640165.05894349
366.81790390532944 -3696566.9445476211 3682223.5694996887
366.81807207352796 -3739317.5348889804 3724891.3176243282
366.81824024172647 -3782688.705114061 3768178.9254917488
366.81840840992498 -3826691.3024692368 3812097.2319770055
366.81857657812344 -3871336.3960908456 3856657.2977231317
366.81874474632195 -3916635.2822082876 3901870.4103421001
366.81891291452047 -3962599.4894847916 3947748.0897534038
366.81908108271898 -4009240.7844999083 3994302.093664323
366.81924925091744 -4056571.1773779229 4041544.423196062
366.81941741911595 -4104602.9275665153 4089487.3286600886
366.81958558731446 -4153348.549770135 4138143.3154891399
366.81975375551298 -4202820.8200427126 4187525.1503275144
366.81992192371143 -4253032.7820444684 4237645.8672854118
366.82009009190995 -4303997.7534677535 4288518.7743622512
366.82025826010846 -4355729.3326370027 4340157.4600440534
366.82042642830697 -4408241.4052880667 4392575.8000801392
366.82059459650543 -4461548.1515323473 4445787.9644445879
366.82076276470394 -4515664.0530113596 4499808.4244880518
366.82093093290246 -4570603.900247518 4554651.9602857484
366.82109910110097 -4626382.8001971478 4610333.668187608
366.82126726929943 -4683016.1840119185 4666868.9685767926
366.82143543749794 -4740519.8150151158 4724273.61384298
366.82160360569645 -4798909.7968993746 4782563.6965770526
366.82177177389497 -4858202.582152728 4841755.6579940328
366.82193994209342 -4918414.980720059 4901866.2965913573
366.82210811029194 -4979564.1689072922 4962912.7770498144
366.82227627849045 -5041667.698535894 5024912.639384727
366.82244444668896 -5104743.5063555371 5087883.8083552253
366.82261261488742 -5168809.9237230383 5151844.6031397153
366.82278078308593 -5233885.6865559686 5216813.7472859463
366.82294895128445 -5299989.9455696186 5282810.378944356
366.82311711948296 -5367142.2768063191 5349854.0613936856
366.82328528768141 -5435362.6924664145 5417964.7938681729
366.82345345587993 -5504671.6520505287 5487163.0226959493
366.82362162407844 -5575090.0738230962 5557469.6527586123
366.82378979227695 -5646639.3466074755 5628906.0592823001
366.82395796047541 -5719341.3419233505 5701494.0999709554
366.82412612867392 -5793218.4264774797 5775256.1274928469
366.82429429687244 -5868293.475019265 5850215.0023318157
366.82446246507095 -5944589.8835730227 5926394.1060151234
366.82463063326941 -6022131.5830592532 6003817.3547301982
366.82479880146792 -6100943.0533176614 6082509.2133430336
366.82496696966643 -6181049.3375451444 6162494.7098314362
366.82513513786495 -6262476.0571624208 6243799.4501468213
366.8253033060634 -6345249.4271235028 6326449.6335187275
366.82547147426192 -6429396.2716827095 6410472.0682167644
366.82563964246043 -6514944.0406344654 6495894.1877852241
366.82580781065894 -6601920.8260416966 6582744.0677661719
366.8259759788574 -6690355.3794692019 6671050.4429273847
366.82614414705591 -6780277.1297390005 6760842.725012145
366.82631231525443 -6871716.2012252863 6852151.0210285001
366.82648048345294 -6964703.4327072604 6945006.1520962752
366.8266486516514 -7059270.3967988212 7039439.6728708008
366.82681681984991 -7155449.4199747834 7135483.8915630272
366.82698498804842 -7253273.603214046 7233171.8905764427
366.82715315624694 -7352776.843280904 7332537.5477819871
366.82732132444539 -7453993.8546664948 7433615.5584529452
366.82748949264391 -7556960.1922132149 7536441.4578826511
366.82765766084242 -7661712.2744458066 7641051.6447087014
366.82782582904093 -7768287.4076337246 7747483.4049682822
366.82799399723939 -7876723.8106103456 7855774.9369101655
366.8281621654379 -7987060.6403755592 7965965.3765899092
366.82833033363642 -8099338.0185093116 8078094.8242758363
366.82849850183493 -8213597.0584247475 8192204.371694413
366.82866667003339 -8329879.8934907047 8308336.1301448001
366.8288348382319 -8448229.7060544863 8426533.2595134769
366.82900300643041 -8568690.7573970519 8546839.9982210808
366.82917117462893 -8691308.4186540209 8669301.6941348612
366.82933934282738 -8816129.2027372308 8793964.8364814594
366.82950751102589 -8943200.797292931 8920877.0887961127
366.82967567922441 -9072572.0987341776 9050087.3229458258
366.82984384742292 -9204293.2473864499 9181645.6542655397
366.83001201562138 -9338415.6637871172 9315603.4778478984
366.83018018381989 -9474992.086180985 9452013.5060288589
366.8303483520184 -9614076.6092558838 9590929.8071130775
366.83051652021692 -9755724.7241640314 9732407.8453848138
366.83068468841537 -9899993.3598767612 9876504.5224519391
366.83085285661389 -10046940.925922174 10023278.219972571
366.8310210248124 -10196627.356557278 10172788.843815925
366.83118919301091 -10349114.156428318 10325097.869711053
366.83135736120937 -10504464.447775219 10480268.390439399
366.83152552940788 -10662743.01923837 10638365.164629376
366.8316936976064 -10824016.376328437 10799454.667213649
366.83186186580491 -10988352.793622376 10963605.141612299
366.83203003400337 -11155822.368751528 11130886.653707704
366.83219820220188 -11326497.078250399 11301371.147679774
366.83236637040039 -11500450.835337669 11475132.503773047
366.83253453859891 -11677759.549703995 11652246.598070187
366.83270270679736 -11858501.189384338 11832791.364349646
366.83287087499588 -12042755.844795901 12016846.858108521
366.83303904319439 -12230605.795026215 12204495.322835151
366.8332072113929 -12422135.576459574 12395821.258619657
366.83337537959136 -12617432.053833835 12590911.493194377
366.83354354778987 -12816584.493823593 12789855.255500259
366.83371171598839 -13019684.641249929 12992744.25187934
366.8338798841869 -13226826.798021322 13199672.744997926
366.83404805238536 -13438107.904914923 13410737.635609627
366.83421622058387 -13653627.626312193 13626038.547272246
366.83438438878238 -13873488.438007968 13845677.914137585
366.8345525569809 -14097795.718217326 14069761.071938487
366.83472072517935 -14326657.841910176 14298396.352303049
366.83488889337787 -14560186.278609309 14531695.18053172
366.83505706157638 -14798495.693793805 14769772.176979156
366.83522522977489 -15041704.054056063 15012745.262189073
366.83539339797335 -15289932.736167494 15260735.765937129
366.83556156617186 -15543306.640214963 15513868.540343899
366.83572973437037 -15801954.306977516 15772272.077227449
366.83589790256889 -16066008.039720707 16036078.629872806
366.83606607076734 -16335604.03059403 16305424.339403808
366.83623423896586 -16610882.491825592 16580449.365951439
366.83640240716437 -16891987.791917164 16861298.024821773
366.83657057536288 -17179068.59705231 17148118.927876171
366.83673874356134 -17472278.017940212 17441065.130346376
366.83690691175985 -17771773.762328383 17740294.283317611
366.83707507995837 -18077718.293428462 18045968.792123873
366.83724324815688 -18390278.994510949 18358255.980911259
366.83741141635534 -18709628.33993692 18677328.263637304
366.83757958455385 -19035944.072907664 19003363.321787272
366.83774775275236 -19369409.390226718 19336544.289101824
366.83791592095088 -19710213.134383064 19677059.943624772
366.83808408914933 -20058549.9932792 20025104.907394648
366.83825225734785 -20414620.70794373 20380879.854119636
366.83842042554636 -20778632.288584642 20744591.725192036
366.83858859374487 -21150798.239357155 21116453.954416074
366.83875676194333 -21531338.792238403 21496686.701841298
366.83892493014184 -21920481.150420818 21885517.097113375
366.83909309834036 -22318459.741656616 22283179.492774636
366.83926126653887 -22725516.482007515 22689915.727968466
366.83942943473733 -23141901.050476708 23105975.403024476
366.83959760293584 -23567871.17502426 23531616.165425643
366.83976577113435 -24003692.930492681 23967104.007684015
366.83993393933287 -24449641.048996225 24412713.577678569
366.84010210753132 -24905999.243356064 24868728.50203725
366.84027027572984 -25373060.544193406 25335441.723175213
366.84043844392835 -25851127.651324403 25813155.850633088
366.84060661212686 -26340513.300134297 26302183.527392559
366.84077478032532 -26841540.643643614 26802847.811882079
366.84094294852383 -27354543.651016772 27315482.576423004
366.84111111672235 -27879867.523303162 27840432.922906063
366.84127928492086 -28417869.127242614 28378055.616530076
366.84144745311932 -28968917.448011637 28928719.538479172
366.84161562131783 -29533394.061833832 29492806.158461843
366.84178378951634 -30111693.629427537 30070710.0280848
366.84195195771485 -30704224.411316589 30662839.296087392
366.84212012591331 -31311408.806085795 31269616.246518128
366.84228829411182 -31933683.912721951 31891477.860994019
366.84245646231034 -32571502.118243903 32528876.406246077
366.84262463050885 -33225331.711891644 33182280.048220936
366.84279279870731 -33895657.527214937 33852173.494078904
366.84296096690582 -34582981.61347679 34539058.663503669
366.84312913510433 -35287823.937866434 35243455.390818171
366.84329730330285 -36010723.120100759 35965902.159485489
366.8434654715013 -36752237.201082639 36706956.870662987
366.84363363969982 -37512944.447379537 37467197.647572979
366.84380180789833 -38293444.19338683 38247223.677554227
366.84396997609684 -39094357.723147541 39047656.093765751
366.8441381442953 -39916329.193914257 39869138.898628592
366.84430631249381 -40760026.60366033 40712339.931212425
366.84447448069233 -41626142.804876477 41577951.880902939
366.84464264889084 -42515396.567126267 42466693.349823356
366.8448108170893 -43428533.690980166 43379309.966629423
366.84497898528781 -44366328.176103368 44316575.554453023
366.84514715348632 -45329583.446438618 45279293.355935268
366.84531532168484 -46319133.635601662 46268297.318466589
366.84548348988329 -47335844.935795538 47284453.442939654
366.84565165808181 -48380617.013750419 48328661.199521713
366.84581982628032 -49454384.497410119 49401855.014167063
366.84598799447883 -50558118.537314706 50505005.829818904
366.84615616267729 -51692828.446872659 51639122.746493652
366.8463243308758 -52859563.425976366 52805254.744701214
366.84649249907432 -54059414.372692913 54004492.496932849
366.84666066727283 -55293515.788059473 55237970.272245541
366.84682883547129 -56563047.779330052 56506867.939289331
366.8469970036698 -57869238.16736035 57812413.073463872
366.84716517186831 -59213364.704180688 59155883.174253926
366.84733334006683 -60596757.407196015 60538607.99918218
366.84750150826528 -62020801.016868137 61961972.021234222
366.84766967646379 -63486937.58518137 63427417.017056376
366.84783784466231 -64996669.202670425 64936444.793704607
366.84800601286082 -66551560.872301199 66490620.062234811
366.84817418105928 -68153243.539044321 68091573.466973647
366.84834234925779 -69803417.284570009 69741004.779897854
366.8485105174563 -71503854.69712469 71440686.270182103
366.84867868565482 -73256404.427328438 73192466.259653524
366.84884685385327 -75062994.941360578 74998272.875619724
366.84901502205179 -76925638.483783871 76860118.013319939
366.8491831902503 -78846435.263099238 78780101.521090522
366.84935135844881 -80827577.874027908 80760415.622240871
366.84951952664727 -82871355.971491486 82803349.588609323
366.84968769484578 -84980161.21230869 84911294.68181701
366.8498558630443 -87156492.481755778 87086749.379365623
366.85002403124281 -89402961.423353836 89332324.903941393
366.85019219944127 -91722298.291556567 91650751.075597599
366.85036036763978 -94117358.148425281 94044882.50790149
366.85052853583829 -96591127.426902846 96517705.170655876
366.85069670403681 -99146730.884943783 99072343.343451574
366.85086487223526 -101787438.97653544 101712066.98608412
366.85103304043378 -104516675.66756503 104440299.55378813
366.85120120863229 -107338026.72656369 107260626.287319
366.8513693768308 -110255248.52260359 110176803.01015644
366.85153754502926 -113272277.36505407 113192765.46753386
366.85170571322777 -116393239.42253295 116312639.24462827
366.85187388142629 -119622461.26123869 119540750.30409421
366.8520420496248 -122964481.04593782 122881636.18621422
366.85221021782326 -126424060.4502307 126340057.91828667
366.85237838602177 -130006197.32635301 129921012.68350613
366.85254655422028 -133716139.18871514 133629747.30353588
366.8527147224188 -137559397.56966719 137471772.59325778
366.85288289061725 -141541763.31063485 141452878.65084189
366.85305105881577 -145669322.85683665 145579151.15134349
366.85321922701428 -149948475.62930486 149856988.71754649
366.85338739521279 -154385952.55393323 154293121.44777316
366.85355556341125 -158988835.83381307 158894630.68691799
366.85372373160976 -163764580.05824625 163668970.13409072
366.85389189980827 -168721034.74959856 168623988.38802737
366.85406006800679 -173866468.45764273 173767953.03991476
366.85422823620524 -179209594.52030918 179109576.43254152
366.85439640440376 -184759598.61989242 184658043.21481887
366.85456457260227 -190526168.27483991 190423039.83179232
366.85473274080078 -196519524.41937348 196414786.10238886
366.85490090899924 -202750455.23647225 202644069.05042243
366.85506907719775 -209230352.42429665 209122279.16893086
366.85523724539627 -215971250.09209087 215861449.31387427
366.85540541359478 -222985866.49911353 222874296.44073749
366.85557358179324 -230287648.86937994 230174266.41681176
366.85574174999175 -237890821.53613907 237775582.1630699
366.85590991819026 -245810437.693257 245693295.40279776
366.85607808638878 -254062435.05627239 253943342.31973726
366.85624625458723 -262663695.76408035 262542603.45668662
366.85641442278575 -271632110.88328105 271508968.21658266
366.85658259098426 -280986649.91152143 280861404.36238092
366.85675075918277 -290747435.71402323 290620032.94991332
366.85691892738123 -300935825.36933631 300806209.16974831
366.85708709557974 -311574497.44664246 311442609.62036204
366.85725526377826 -322687546.28817165 322553326.58616692
366.85742343197677 -334300583.92706323 334163969.95071077
366.85759160017523 -346440850.33395964 346301777.43831474
366.85775976837374 -359137332.7554993 358995733.94729555
366.85792793657225 -372420894.98550743 372276700.8155477
366.85809610477077 -386324417.49600875 386177555.94558388
366.85826427296922 -400882949.45127451 400733345.81221998
366.85843244116774 -416133873.73517275 415981450.48314345
366.85860060936625 -432117086.24147713 431961762.90198821
366.85876877756476 -448875190.81007397 448716883.81682235
366.85893694576322 -466453711.34094512 466292333.88588643
366.85910511396173 -484901322.78441638 484736784.6590333
366.85927328216025 -504270102.89273727 504102310.31988871
366.85944145035876 -524615806.82721585 524444662.28290856
366.85960961855722 -545998166.94987106 545823568.97424233
366.85977778675573 -568481220.39229441 568303063.38903534
366.85994595495424 -592133667.29106069 591951841.31444788
366.86011412315275 -617029262.91309738 616843653.44172966
366.86028229135121 -643247247.27106583 643057734.96732795
366.86045045954972 -670872816.25398445 670679276.70817614
366.86061862774824 -699997638.77887189 699799942.23684978
366.86078679594675 -730720425.01299381 730518436.08607292
366.86095496414521 -763147551.33250916 762941128.68826091
366.86112313234372 -797393748.38247883 797182744.41494238
366.86129130054223 -833582859.39753675 833367119.87522602
366.86145946874075 -871848676.84623742 871628040.53618002
366.8616276369392 -912335866.49173105 912110164.75761294
366.86179580513772 -955200989.13612902 954970045.50844097
366.86196397333623 -1000613631.6581867 1000377261.3740686
366.86213214153474 -1048757660.4898951 1048515670.0001581
366.8623003097332 -1099832612.4379289 1099584798.8784893
366.86246847793171 -1154055239.776577 1153801390.4012699
366.86263664613023 -1211661228.8619852 1211401120.4334242
366.86280481432874 -1272907114.1930182 1272640512.3278356
366.8629729825272 -1338072412.9303119 1337799071.3947427
366.86314115072571 -1407462008.4514375 1407181668.4027998
366.86330931892422 -1481408815.6484442 1481121204.8176014
366.86347748712274 -1560276765.4616084 1559981597.2709889
366.86364565532119 -1644464151.7055919 1644161124.3167596
366.86381382351971 -1734407389.719008 1734096185.0031295
366.86398199171822 -1830585243.9201903 1830265526.3440187
366.86415015991673 -1933523590.1773021 1933195005.5964763
366.86431832811519 -2043800789.2358792 2043462963.5864162
366.8644864963137 -2162053759.5753374 2161706297.4531541
366.86465466451222 -2288984852.3299713 2288627335.4470944
366.86482283271073 -2425369647.7227602 2425001633.2275558
366.86499100090919 -2572065812.3227763 2571686830.9700136
366.8651591691077 -2730023179.9579411 2729632734.1127949
366.86532733730621 -2900295247.0349364 2899892808.4930763
366.86549550550473 -3084052306.2433724 3083637313.8470597
366.86566367370318 -3282596482.2609248 3282168339.2884965
366.8658318419017 -3497378980.49371 3496937051.7969093
366.86600001010021 -3730019916.7622528 3729563525.6225343
366.86616817829872 -3982331164.2561145 3981859588.9271941
366.86633634649718 -4256342736.6088057 4255855206.5083132
366.86650451469569 -4554333325.7985506 4553829017.3065166
366.8666726828942 -4878865734.7698231 4878343766.585825
366.86684085109272 -5232828092.223752 5232287520.2276592
366.86700901929117 -5619481917.2695084 5618921728.8227987
366.86717718748969 -6042518322.5560331 6041937430.171319
366.8673453556882 -6506123916.2521629 6505521150.5476675
366.86751352388671 -7015058298.7263556 7014432400.569313
366.86768169208517 -7574745465.5071964 7574095077.2351141
366.86784986028368 -8191381945.2975149 8190705600.8885136
366.8680180284822 -8872065147.8509808 8871361261.8934498
366.86818619668071 -9624946206.9037056 9624213062.1906147
366.86835436487917 -10459412624.357628 10458648357.901209
366.86852253307768 -11386307314.136021 11385509901.363049
366.86869070127619 -12418192287.392115 12417359524.23757
366.86885886947471 -13569667320.73341 13568796803.299089
366.86902703767316 -14857756646.574867 14856845747.957689
366.86919520587168 -16302380188.259258 16301426032.078928
366.86936337407019 -17926930386.486092 17925929816.550297
366.8695315422687 -19758981573.002445 19757931118.43578
366.86969971046716 -21831166614.084866 21830062449.109833
366.86986787866567 -24182265819.275246 24181103716.663494
366.87003604686419 -26858566790.365784 26857342067.366081
366.8702042150627 -29915572230.108372 29914279685.393593
366.87037238326116 -33420157512.956619 33418791352.800034
366.87054055145967 -37453313562.480659 37451867313.952301
366.87070871965818 -42113656898.999527 42112123307.439957
366.8708768878567 -47521952856.087234 47520323763.433151
366.87104505605515 -53826987583.627808 53825253783.283676
366.87121322425367 -61213250899.938713 61211401962.745316
366.87138139245218 -69911072295.590652 69909096359.945328
366.87154956065069 -80210112123.291702 80207995640.499908
366.87171772884915 -92477488646.060486 92475216069.36853
366.87188589704766 -107182380446.37585 107179933848.59911
366.87205406524618 -124929779415.2175 124927138015.07736
366.87222223344469 -146507337091.74719 146504476662.43893
366.87239040164314 -172951198993.2059 172948091117.56522
366.87255856984166 -205639776608.50388 205636387732.26517
366.87272673804017 -246429273317.58481 246425563533.86932
366.87289490623868 -297852682005.10785 297848603476.72559
366.87306307443714 -363417069654.54181 363412564541.6571
