# serie phase 2 p5_w1.73_c1.05_dt2_k2 : t x1 x2 (dt2=0.00025022217080867653, depart t=26.634 etat bascule x1 x2 v1 v2 = 37565.146812540552 -37345.358914594173 1298925.2372673866 -1295876.7375935011)
26.634 37565.146812540552 -37345.358914594173
26.63425022217081 37892.006867975506 -37671.453838014648
26.634500444341619 38222.581584822168 -38001.258736058837
26.634750666512428 38556.923110876858 -38334.825715418418
26.635000888683233 38895.08446637958 -38672.207754759605
26.635251110854043 39237.11956096728 -39013.458721669813
26.635501333024852 39583.083211002486 -39358.633389979579
26.635751555195661 39933.031157286678 -39707.787457469094
26.63600177736647 40287.020083167998 -40060.977563968954
26.636251999537279 40645.107633053092 -40418.261309864974
26.636502221708088 41007.352431333311 -40779.697275017155
26.636752443878894 41373.814101735581 -41145.345038103296
26.637002666049703 41744.553287108749 -41515.265196397871
26.637252888220512 42119.631669656308 -41889.519385997213
26.637503110391322 42499.111991626887 -42268.170302502323
26.637753332562131 42883.058076474117 -42651.28172217089
26.63800355473294 43271.534850497781 -43038.918523550514
26.638253776903749 43664.608364978638 -43431.146709605411
26.638503999074558 44062.345818819471 -43828.033430349256
26.638754221245364 44464.815581705421 -44229.647005997125
26.639004443416173 44872.087217796972 -44636.056950649945
26.639254665586982 45284.231509969315 -45047.333996525223
26.639504887757791 45701.320484612297 -45463.550118748135
26.639755109928601 46123.427437005463 -45884.778560717612
26.64000533209941 46550.626957283166 -46311.093860062312
26.640255554270219 46982.994957005249 -46742.571875201989
26.640505776441024 47420.608696349002 -47179.289812530013
26.640755998611834 47863.546811938868 -47621.32625423342
26.641006220782643 48311.889345330579 -48068.761186767268
26.641256442953452 48765.717772167089 -48521.67603000057
26.641506665124261 49225.115032024034 -48980.153667051614
26.64175688729507 49690.165558963083 -49444.278474830971
26.642007109465879 50160.95531281201 -49914.136355311042
26.642257331636685 50637.571811190915 -50389.814767541568
26.642507553807494 51120.104162304582 -50871.402760431061
26.642757775978303 51608.643098521534 -51358.991006314784
26.643007998149113 52103.281010761049 -51852.671835330417
26.643258220319922 52604.111983709889 -52352.539270623296
26.643508442490731 53111.231831891295 -52858.689064403676
26.64375866466154 53624.738136609369 -53371.218734879149
26.644008886832346 54144.730283792742 -53890.227604086183
26.644259109003155 54671.309502762102 -54415.81683664523
26.644509331173964 55204.578905946903 -54948.089479464812
26.644759553344773 55744.643529577363 -55487.150502420707
26.645009775515582 56291.610375378688 -56033.106840037028
26.645259997686392 56845.58845329519 -56586.06743419703
26.645510219857201 57406.688825272919 -57146.143277912146
26.64576044202801 57975.024650130246 -57713.44746017873
26.646010664198815 58550.711229546796 -58288.095211952867
26.646260886369625 59133.866055201979 -58870.203953274555
26.646511108540434 59724.608857095474 -59459.893341573515
26.646761330711243 60323.061653082907 -60057.285321189956
26.647011552882052 60929.348799661071 -60662.504174144582
26.647261775052861 61543.597044038084 -61275.676572193253
26.64751199722367 62165.935577525037 -61896.931630202809
26.647762219394476 62796.496090286761 -62526.40096088576
26.648012441565285 63435.412827490625 -63164.21873093264
26.648262663736094 64082.82264689343 -63810.521718582189
26.648512885906904 64738.865077907809 -64465.449372670671
26.648763108077713 65403.682382190818 -65129.143873203073
26.649013330248522 66077.419615798775 -65801.75019349021
26.649263552419331 66760.224692953867 -66483.416163897244
26.649513774590137 67452.248451469452 -67174.292537250556
26.649763996760946 68153.644719882534 -67874.533055951411
26.650014218931755 68864.570386343476 -68584.294520846495
26.650264441102564 69585.185469314602 -69303.736861906917
26.650514663273373 70315.653190131052 -70033.023210769185
26.650764885444183 71056.140047479043 -70772.319975193037
26.651015107614992 71806.815893848398 -71521.796915493265
26.651265329785797 72567.854014018158 -72281.627223004165
26.651515551956606 73339.431205636094 -73051.987600637396
26.651765774127416 74121.727861954772 -73833.058345596
26.652015996298225 74914.928056789111 -74625.023434309507
26.652266218469034 75719.21963176236 -75428.070609656948
26.652516440639843 76534.794285909855 -76242.391470547169
26.652766662810652 77361.847667712078 -77068.18156392801
26.653016884981461 78200.579469631048 -77905.640479298323
26.653267107152267 79051.193525226568 -78754.971945799232
26.653517329323076 79913.897908931351 -79616.383931963952
26.653767551493885 80788.905038566969 -80490.088748207738
26.654017773664695 81676.431780685074 -81376.303152142616
26.654267995835504 82576.699558821492 -82275.248456804475
26.654518218006313 83489.934464753649 -83187.150641882821
26.654768440177122 84416.367372854962 -84112.240468047035
26.655018662347928 85356.234057643043 -85050.753594465772
26.655268884518737 86309.775314622049 -86002.930699619872
26.655519106689546 87277.237084522756 -86969.017605512505
26.655769328860355 88258.870581047915 -87949.265405383732
26.656019551031164 89254.932422233789 -88943.930595040816
26.656269773201974 90265.684765543105 -89953.275207919156
26.656519995372783 91291.395446808485 -90977.566953992995
26.656770217543588 92332.338123149573 -92017.079362659177
26.657020439714397 93388.792419991791 -93072.091929721777
26.657270661885207 94461.044082318782 -94142.890268609655
26.657520884056016 95549.385130295734 -95229.766265964165
26.657771106226825 96654.114019405431 -96333.018241738799
26.658021328397634 97775.535805244173 -97452.951113957883
26.658271550568443 98913.962313129887 -98589.876568286651
26.658521772739249 100069.71231268045 -99744.113232570671
26.658771994910058 101243.1116975258 -100915.98685650823
26.659022217080867 102434.49367032367 -102105.83049662538
26.659272439251676 103644.19893325468 -103313.98470672952
26.659522661422486 104872.57588417931 -104540.7977340239
26.659772883593295 106119.98081864591 -105786.62572107214
26.660023105764104 107386.77813794577 -107051.83291380889
26.660273327934913 108673.34056341887 -108336.79187580012
26.660523550105719 109980.04935722126 -109641.88370896404
26.660773772276528 111307.29454977319 -110967.49828097173
26.661023994447337 112655.47517411516 -112314.03445955444
26.661274216618146 114024.99950740767 -113681.90035395366
26.661524438788955 115416.28531981961 -115071.51356375858
26.661774660959765 116829.76013105917 -116483.30143538487
26.662024883130574 118265.86147481133 -117917.70132645892
26.662275105301379 119725.03717135562 -119375.16087838096
26.662525327472189 121207.74560864878 -120856.13829735194
26.662775549642998 122714.4560321677 -122361.10264415923
26.663025771813807 124245.64884381965 -123890.53413302841
26.663275993984616 125801.81591023867 -125444.92443985969
26.663526216155425 127383.46088079926 -127024.77702018031
26.663776438326234 128991.09951569211 -128630.60743715738
26.66402666049704 130625.26002441935 -130262.94370002887
26.664276882667849 132286.48341508163 -131922.32661332487
26.664527104838658 133975.32385484385 -133609.31013726568
26.664777327009467 135692.34904198156 -135324.46175973924
26.665027549180277 137438.14058992654 -137068.36288027582
26.665277771351086 139213.29442374653 -138841.60920645538
26.665527993521895 141018.42118951195 -140644.81116319975
26.665778215692701 142854.14667702021 -142478.59431542089
26.66602843786351 144721.11225636807 -144343.59980451522
26.666278660034319 146619.97532888185 -146240.48479921379
26.666528882205128 148551.40979293661 -148169.92296131951
26.666779104375937 150516.10652521692 -150132.60492688385
26.667029326546746 152514.77387799494 -152129.23880339874
26.667279548717556 154548.13819302514 -154160.55068360298
26.667529770888365 156616.94433268017 -156227.28517652751
26.66777999305917 158721.95622897818 -158330.2059564298
26.66803021522998 160863.9574511793 -160470.09633029508
26.668280437400789 163043.75179265783 -162647.75982461084
26.668530659571598 165262.16387778588 -164864.02079215006
26.668780881742407 167520.03978959611 -167119.7250395313
26.669031103913216 169818.24771902361 -169415.74047635496
26.669281326084025 172157.67863656118 -171752.95778675025
26.669531548254831 174539.24698719833 -174132.29112420313
26.66978177042564 176963.89140955172 -176554.67883057258
26.670031992596449 179432.57548013414 -179021.08418024264
26.670282214767258 181946.28848375037 -181532.49615039804
26.670532436938068 184506.04621105164 -184089.93021845527
26.670782659108877 187112.89178432524 -186694.42918772539
26.671032881279686 189767.89651264378 -189347.06404243337
26.671283103450492 192472.16077754818 -192048.9348332673
26.671533325621301 195226.81495049055 -194801.17159468407
26.67178354779211 198033.02034331815 -197604.93529525239
26.672033769962919 200891.97019313689 -200461.4188223714
26.672283992133728 203804.89068295315 -203371.84800276358
26.672534214304537 206773.04199955598 -206337.48266020417
26.672784436475347 209797.71943016833 -209359.61771201505
26.673034658646152 212880.25449946549 -212439.58430592169
26.673284880816961 216022.01614863233 -215578.75099894431
26.673535102987771 219224.41195820799 -218778.52498007182
26.67378532515858 222488.88941654732 -222040.3533385476
26.674035547329389 225816.93723581353 -225365.72437968178
26.674285769500198 229210.086717506 -228756.16899019311
26.674535991671007 232669.91316962065 -232213.26205517852
26.674786213841816 236198.03737763979 -235738.62392890643
26.675036436012622 239796.12713165174 -239333.9219617341
26.675286658183431 243465.89881200989 -243000.87208555875
26.67553688035424 247209.11903605642 -246741.24046032716
26.675787102525049 251027.6063685565 -250556.84518424943
26.676037324695859 254923.23309861647 -254449.55807049049
26.676287546866668 258897.92708599419 -258421.3064932467
26.676537769037477 262953.67367985036 -262474.07530625677
26.676787991208283 267092.51771313982 -266609.90883694548
26.677038213379092 271316.56557599781 -270830.91295955476
26.677288435549901 275627.98737164272 -275139.25725078362
26.67753865772071 280029.01915849047 -279537.17723163206
26.677788879891519 284521.96528236079 -284026.97669932828
26.678039102062328 289109.20080284949 -288611.03015341336
26.678289324233138 293793.17401814507 -293291.78532026184
26.678539546403943 298576.40909278602 -298071.76578053343
26.678789768574752 303461.50879308174 -302953.57370427914
26.679039990745562 308451.15733516257 -307939.8926986666
26.679290212916371 313548.12335087813 -313033.49077354354
26.67954043508718 318755.26297703316 -318237.22343032836
26.679790657257989 324075.52307373413 -323554.0368800002
26.680040879428798 329511.94457792013 -328986.97139626247
26.680291101599604 335067.66599847085 -334539.16481027124
26.680541323770413 340745.92705961905 -340213.8561536565
26.680791545941222 346550.07249975234 -346014.38945691945
26.681041768112031 352483.55603306438 -351944.21771066665
26.68129199028284 358549.94448191539 -358006.90699753957
26.68154221245365 364752.92208818282 -364206.14080312045
26.681792434624459 371096.29501233133 -370545.72451454238
26.682042656795268 377583.99602940376 -377029.59011600574
26.682292878966074 384220.08943163842 -383661.80109090469
26.682543101136883 391008.77614794817 -390446.55754079932
26.682793323307692 397954.39909106353 -397388.20153203455
26.683043545478501 405061.44874373922 -404491.22268140502
26.68329376764931 412334.56899605971 -411760.2639929002
26.683543989820119 419778.56324655353 -419200.12795823975
26.683794211990929 427398.40078054264 -426815.78293462313
26.684044434161734 435199.22343991301 -434612.36981388065
26.684294656332543 443186.35259930196 -442595.20899801911
26.684544878503353 451365.29646455537 -450769.80769701517
26.684795100674162 459741.75771022215 -459141.86756562273
26.685045322844971 468321.64147382422 -467717.29269693122
26.68529554501578 477111.06372567336 -476502.19799144595
26.685545767186589 486116.36003410642 -485502.91792156012
26.685795989357395 495344.09474718053 -494726.01571245986
26.686046211528204 504801.07061311766 -504178.29296174954
26.686296433699013 514494.33886311465 -513866.79972141318
26.686546655869822 524431.20978155255 -523798.84506714408
26.686796878040631 534619.26379014645 -533982.00818158267
26.687047100211441 545066.36307418835 -544424.14997961337
26.68729732238225 555780.66378075106 -555133.42530558794
26.687547544553055 566770.62882055563 -566118.29573417502
26.687797766723865 578045.04130716168 -577387.54300849466
26.688047988894674 589613.01866922877 -588950.28315128409
26.688298211065483 601484.02747383306 -600815.98128707649
26.688548433236292 613667.89900120813 -612994.46721576084
26.688798655407101 626174.8456138355 -625495.95178044587
26.68904887757791 639015.47796553769 -638331.04407527903
26.68929909974872 652200.82309915393 -651510.76954179816
26.689549321919525 665742.34348450438 -665046.58900551975
26.689799544090334 679651.95705170452 -678950.41870782373
26.690049766261144 693942.05827848159 -693234.6513917821
26.690299988431953 708625.540393995 -707912.17850443372
26.690550210602762 723715.81876579532 -722996.41358213418
26.690800432773571 739226.85554098384 -738501.31689004123
26.69105065494438 755173.18561739428 -754441.42139155488
26.691300877115186 771569.94402572385 -770831.86012863496
26.691551099285995 788432.89480903023 -787688.39509940916
26.691801321456804 805778.46149190667 -805027.44772538147
26.692051543627613 823623.75923799386 -822866.1310068951
26.692301765798423 841986.62880130915 -841222.28347232565
26.692551987969232 860885.67238421913 -860114.50503382785
26.692802210140041 880340.29152279196 -879562.19487036695
26.693052432310846 900370.72712879011 -899585.59146729019
26.693302654481656 920998.10182674706 -920205.81495087827
26.693552876652465 942244.46473448444 -941444.9118662267
26.693803098823274 964132.83884611272 -963325.90255749552
26.694053320994083 986687.27118810324 -985872.83132110792
26.694303543164892 1009932.8859314856 -1009110.8195149476
26.694553765335701 1033895.940656699 -1033066.121820075
26.694803987506507 1058603.8859821942 -1057766.1858660525
26.695054209677316 1084085.4287836445 -1083239.7154467311
26.695304431848125 1110370.5992476884 -1109516.7375704094
26.695554654018935 1137490.8220226057 -1136628.6736067636
26.695804876189744 1165478.9917483565 -1164608.4148129651
26.696055098360553 1194369.5532701295 -1193490.4025431236
26.696305320531362 1224198.5868631033 -1223310.7134687507
26.696555542702171 1255003.8988217092 -1254107.1501635201
26.696805764872977 1286825.1177944622 -1285919.3374333815
26.697055987043786 1319703.797275631 -1318788.8248032844
26.697306209214595 1353683.5246978579 -1352759.195604614
26.697556431385404 1388810.0376055893 -1387876.183143181
26.697806653556214 1425131.3474280953 -1424187.7944665353
26.698056875727023 1462697.8714132758 -1461744.4422917797
26.698307097897832 1501562.5733296943 -1500599.0857013119
26.698557320068637 1541781.1135947441 -1540807.380264383
26.698807542239447 1583412.0095419476 -1582427.8382974486
26.699057764410256 1626516.8066005863 -1625522.0000364981
26.699307986581065 1671160.2612266778 -1670154.6165603504
26.699558208751874 1717410.5364963289 -1716393.8453759258
26.699808430922683 1765339.4113513462 -1764311.4596553505
26.700058653093492 1815022.5045733815 -1813983.0722011446
26.700308875264298 1866539.5146576271 -1865488.3753104801
26.700559097435107 1919974.4768610415 -1918911.3978134603
26.700809319605916 1975416.0388142632 -1974340.7806745465
26.701059541776726 2032957.756211852 -2031870.0726717364
26.701309763947535 2092698.4102335284 -2091598.0478061275
26.701559986118344 2154742.3485010257 -2153629.0462464415
26.701810208289153 2219199.8515425799 -2218073.3407804915
26.702060430459959 2286187.5269216723 -2285047.5309301615
26.702310652630768 2355828.7333903513 -2354674.9670901746
26.702560874801577 2428254.0376524855 -2427086.2072759517
26.702811096972386 2503601.7065710579 -2502419.5093146092
26.703061319143195 2582018.2379288697 -2580821.3615884078
26.703311541314005 2663658.9331568852 -2662447.0557448114
26.703561763484814 2748688.515782408 -2747461.3051252826
26.703811985655623 2837281.7997242748 -2836038.9130399171
26.704062207826428 2929624.4119787673 -2928365.4954315363
26.704312429997238 3025913.5747029949 -3024638.2629359029
26.704562652168047 3126358.9522178485 -3125066.8678600583
26.704812874338856 3231183.569026717 -3229874.3221748713
26.705063096509665 3340624.805586359 -3339297.9932580721
26.705313318680474 3454935.4792810855 -3453590.6848388081
26.705563540851283 3574385.0188501035 -3573021.81139343
26.705813763022089 3699260.7414115448 -3697878.6751358928
26.706063985192898 3829869.2422276475 -3828467.8557470739
26.706314207363707 3966537.9084779005 -3965116.7241096497
26.706564429534517 4109616.5695670838 -4108175.0925752693
26.706814651705326 4259479.2979113953 -4258017.0157070169
26.707064873876135 4416526.3757397765 -4415042.7570340438
26.707315096046944 4581186.4452434452 -4579680.9391511343
26.70756531821775 4753918.8614328904 -4752390.8965221979
26.707815540388559 4935216.2693504598 -4933665.2526355144
26.708065762559368 5125607.4298758805 -5124032.745747759
26.708315984730177 5325660.3212948907 -5324061.3303866293
26.708566206900986 5535985.5471277162 -5534361.5851084162
26.708816429071796 5757240.084492865 -5755590.4607855799
26.709066651242605 5990131.4115801156 -5988455.4079977199
26.70931687341341 6235422.0577033395 -6233718.9269960811
26.709567095584219 6493934.6249911319 -6492203.5892989868
26.709817317755029 6766557.3371576797 -6764797.5863600178
26.710067539925838 7054250.1781038875 -7052460.8680582466
26.710317762096647 7358051.6914763544 -7356231.9421373652
26.710567984267456 7679086.5219320664 -7677235.4153407216
26.710818206438265 8018573.7899228288 -8016690.368055339
26.711068428609074 8377836.4045653753 -8375919.6670298185
26.71131865077988 8758311.4338838328 -8756360.3354516346
26.711568872950689 9161561.6687361989 -9159575.1166941859
26.711819095121498 9589288.5364637431 -9587265.3877710681
26.712069317292308 10043346.543205151 -10041285.601437785
26.712319539463117 10525759.4504597 -10523659.462523354
26.712569761633926 11038738.42254073 -11036598.07513109
26.712819983804735 11584702.417839468 -11582520.333626317
26.713070205975541 12166301.139289198 -12164075.872798488
26.71332042814635 12786440.909249142 -12784170.942414174
26.713570650317159 13448313.892624937 -13445997.629974622
26.713820872487968 14155431.161113732 -14153066.924562206
26.714071094658777 14911660.173075542 -14909246.196273303
26.714321316829587 15721267.340210149 -15718801.762412192
26.714571539000396 16588966.467033183 -16586447.326434314
26.714821761171201 17519973.985860962 -17517399.212342359
26.71507198334201 18520072.073258922 -18517439.480483185
26.71532220551282 19595680.929377958 -19592988.206161939
26.715572427683629 20753941.736342564 -20751186.437228255
26.715822649854438 22002812.094608501 -21999991.629541911
26.716072872025247 23351176.077849779 -23348287.70086576
26.716323094196056 24808971.4610717 -24806012.257868946
26.716573316366862 26387337.18032679 -26384304.054601338
26.716823538537671 28098784.697120067 -28095674.355507158
26.71707376070848 29957397.693483952 -29954206.628936712
26.717323982879289 31979065.44926367 -31975789.922672078
26.717574205050099 34181756.39537698 -34178392.41520144
26.717824427220908 36585839.752024218 -36582383.051683769
26.718074649391717 39214464.921568543 -39210910.934283584
26.718324871562523 42094010.50590688 -42090354.336648755
26.718575093733332 45254617.579563163 -45250853.973706864
26.718825315904141 48730825.331891283 -48726948.640100688
26.71907553807495 52562331.60419745 -52558335.742993049
26.719325760245759 56794906.467229791 -56790784.874593668
26.719575982416568 61481494.17958428 -61477239.764842704
26.719826204587378 66683548.130986869 -66679153.218072914
26.720076426758187 72472655.369820446 -72468111.632851943
26.720326648928992 78932522.941878334 -78927821.331782982
26.720576871099802 86161418.756601363 -86156549.417272016
26.720827093270611 94275186.740163103 -94270138.912320435
26.72107731544142 103410991.97885188 -103405753.88941389
26.721327537612229 113731999.68414126 -113726558.41842957
26.721577759783038 125433256.75486079 -125427598.1083872
26.721827981953847 138749133.06783584 -138743241.37367505
26.722078204124653 153962800.88077688 -153956658.8075977
26.722328426295462 171418398.65814555 -171411986.97278386
26.722578648466271 191536760.4667697 -191530057.75369924
26.72282887063708 214835923.89415213 -214828906.22223437
26.72307909280789 241958103.42796892 -241950743.95228711
26.723329314978699 273705501.28406274 -273697769.76725537
26.723579537149508 311088330.20852995 -311080192.44153607
26.723829759320314 355389909.69896179 -355381326.79504883
26.724079981491123 408255934.30749458 -408246861.83524555
26.724330203661932 471818431.22145551 -471808818.13114607
26.724580425832741 548870235.8064003 -548860023.08857
26.72483064800355 643114216.88308096 -643103335.87608743
26.725080870174359 759525041.27003968 -759513411.50190639
