# serie phase 2 p7_w2.80_c1.20_dt2s2_k2 : t x1 x2 (dt2=8.4084099249539065e-05, depart t=4.1219999999999999 etat bascule x1 x2 v1 v2 = 1301.6406380572562 -1274.3589330389564 53345.666851376867 -53021.007298725643)
4.1219999999999999 1301.6406380572562 -1274.3589330389564
4.1220840840992494 1306.136831845406 -1278.8277973677318
4.122168168198499 1310.6544542530071 -1283.3180286651859
4.1222522522977485 1315.1936345859579 -1287.8297560202639
4.122336336396998 1319.7545030939518 -1292.3631094646669
4.1224204204962476 1324.3371909785649 -1296.9182199809331
4.1225045045954971 1328.9418304014223 -1301.4952195105984
4.1225885886947466 1333.5685544924461 -1306.094240962437
4.1226726727939962 1338.2174973581837 -1310.7154182207844
4.1227567568932457 1342.8887940902193 -1315.3588861539417
4.1228408409924953 1347.5825807736683 -1320.0247806226637
4.1229249250917448 1352.2989944957553 -1324.7132384887302
4.1230090091909943 1357.0381733544787 -1329.4243976236039
4.1230930932902439 1361.8002564673586 -1334.1583969171725
4.1231771773894934 1366.5853839802753 -1338.9153762865792
4.1232612614887429 1371.393697076393 -1343.6954766851404
4.1233453455879925 1376.2253379851734 -1348.4988401113521
4.123429429687242 1381.0804499914793 -1353.3256096179875
4.1235135137864916 1385.9591774447697 -1358.175929321284
4.1235975978857411 1390.8616657683856 -1363.0499444102227
4.1236816819849906 1395.7880614689304 -1367.9478011559015
4.1237657660842402 1400.7385121457432 -1372.869646921002
4.1238498501834897 1405.7131665004683 -1377.8156301693505
4.1239339342827392 1410.7121743467194 -1382.7859004755769
4.1240180183819888 1415.7356866198436 -1387.7806085348698
4.1241021024812383 1420.7838553867814 -1392.7999061728299
4.1241861865804879 1425.8568338560278 -1397.8439463554239
4.1242702706797374 1430.9547763876935 -1402.9128831990381
4.1243543547789869 1436.0778385036685 -1408.0068719806345
4.1244384388782365 1441.2261768978881 -1413.1260691480095
4.124522522977486 1446.3999494467032 -1418.2706323301563
4.1246066070767355 1451.5993152193571 -1423.4407203477344
4.1246906911759851 1456.824434488567 -1428.6364932236436
4.1247747752752346 1462.0754687412154 -1433.8581121937066
4.1248588593744842 1467.3525806891489 -1439.1057397174613
4.1249429434737337 1472.6559342800883 -1444.3795394890628
4.1250270275729832 1477.9856947086505 -1449.6796764482967
4.1251111116722328 1483.3420284274825 -1455.0063167917053
4.1251951957714823 1488.7251031585101 -1460.3596279838291
4.1252792798707318 1494.1350879043025 -1465.739778768562
4.1253633639699814 1499.5721529595528 -1471.1469391806249
4.1254474480692309 1505.036469922678 -1476.5812805571568
4.1255315321684805 1510.5282117075374 -1482.0429755494249
4.12561561626773 1516.0475525552733 -1487.5321981346572
4.1256997003669795 1521.5946680462728 -1493.0491236279956
4.1257837844662291 1527.1697351122543 -1498.5939286945745
4.1258678685654786 1532.7729320484798 -1504.1667913617234
4.1259519526647281 1538.404438526092 -1509.767891031297
4.1260360367639777 1544.0644356045823 -1515.3974084921333
4.1261201208632272 1549.7531057443864 -1521.0555259326406
4.1262042049624768 1555.4706328196128 -1526.7424269535177
4.1262882890617263 1561.2172021309023 -1532.4582965806044
4.1263723731609758 1566.9930004184241 -1538.2033212778681
4.1264564572602254 1572.7982158750069 -1543.9776889605264
4.1265405413594749 1578.6330381594064 -1549.7815890083057
4.1266246254587244 1584.4976584097142 -1555.6152122788403
4.126708709557974 1590.3922692569065 -1561.4787511212126
4.1267927936572235 1596.3170648385351 -1567.3723993896338
4.126876877756473 1602.2722408125633 -1573.2963524572715
4.1269609618557226 1608.2579943713474 -1579.2508072302212
4.1270450459549721 1614.274524255766 -1585.235962161626
4.1271291300542217 1620.3220307694985 -1591.2520172659463
4.1272132141534712 1626.4007157934561 -1597.2991741333797
4.1272972982527207 1632.510782800364 -1603.3776359444346
4.1273813823519703 1638.6524368695 -1609.4876074846588
4.1274654664512198 1644.8258847015888 -1615.6292951595237
4.1275495505504693 1651.0313346338564 -1621.8029070094685
4.1276336346497189 1657.2689966552434 -1628.008652725104
4.1277177187489684 1663.539082421782 -1634.2467436625789
4.127801802848218 1669.8418052721368 -1640.5173928591107
4.1278858869474675 1676.1773802433124 -1646.8208150486832
4.127969971046717 1682.5460240865295 -1653.1572266779119
4.1280540551459666 1688.9479552832715 -1659.5268459220797
4.1281381392452161 1695.3833940615029 -1665.9298927013458
4.1282222233444656 1701.8525624120641 -1672.3665886971289
4.1283063074437152 1708.3556841052409 -1678.837157368667
4.1283903915429647 1714.8929847075146 -1685.3418239697555
4.1284744756422143 1721.4646915984929 -1691.8808155656679
4.1285585597414638 1728.0710339880231 -1698.4543610502583
4.1286426438407133 1734.7122429334925 -1705.0626911632496
4.1287267279399629 1741.3885513573152 -1711.7060385077109
4.1288108120392124 1748.1001940646108 -1718.3846375677231
4.1288948961384619 1754.8474077610733 -1725.0987247262378
4.1289789802377115 1761.6304310710373 -1731.8485382831311
4.129063064336961 1768.4495045557394 -1738.6343184734546
4.1291471484362106 1775.304870731781 -1745.4563074858856
4.1292312325354601 1782.1967740897924 -1752.3147494813797
4.1293153166347096 1789.1254611133015 -1759.2098906120284
4.1293994007339592 1796.0911802978108 -1766.1419790401226
4.1294834848332087 1803.0941821700819 -1773.1112649574272
4.1295675689324582 1810.1347193076358 -1780.1180006046675
4.1296516530317078 1817.2130463584647 -1787.1624402912298
4.1297357371309573 1824.3294200609641 -1794.2448404150814
4.1298198212302069 1831.4840992640848 -1801.3654594829088
4.1299039053294564 1838.6773449477064 -1808.5245581304805
4.1299879894287059 1845.9094202432395 -1815.7223991432354
4.1300720735279555 1853.1805904544551 -1822.9592474770998
4.130156157627205 1860.4911230785456 -1830.2353702795353
4.1302402417264545 1867.8412878274207 -1837.5510369108231
4.1303243258257041 1875.2313566492421 -1844.9065189655835
4.1304084099249536 1882.6616037501963 -1852.3020902945375
4.1304924940242032 1890.1323056165131 -1859.7380270265112
4.1305765781234527 1897.64374103673 -1867.2146075906869
4.1306606622227022 1905.1961911242067 -1874.732112739104
4.1307447463219518 1912.7899393398916 -1882.2908255694124
4.1308288304212013 1920.4252715153457 -1889.8910315478824
4.1309129145204508 1928.1024758760254 -1897.5330185326741
4.1309969986197004 1935.8218430648285 -1905.217076797368
4.1310810827189499 1943.5836661659052 -1912.9434990547643
4.1311651668181995 1951.3882407287399 -1920.7125804809484
4.131249250917449 1959.2358647925048 -1928.5246187396322
4.1313333350166985 1967.1268389106913 -1936.3799140067688
4.1314174191159481 1975.0614661760198 -1944.2787689954498
4.1315015032151976 1983.0400522456343 -1952.2214889810846
4.1315855873144471 1991.0629053665834 -1960.2083818268663
4.1316696714136967 1999.1303364015935 -1968.2397580095303
4.1317537555129462 2007.2426588551346 -1976.3159306454052
4.1318378396121958 2015.4001888997868 -1984.4372155167637
4.1319219237114453 2023.603245402908 -1992.6039310984756
4.1320060078106948 2031.8521499536075 -2000.8163985849658
4.1320900919099444 2040.1472268900311 -2009.0749419174833
4.1321741760091939 2048.488803326959 -2017.379887811685
4.1322582601084434 2056.8772091837236 -2025.7315657855356
4.132342344207693 2065.312777212449 -2034.1303081875328
4.1324264283069425 2073.7958430266167 -2042.5764502252559
4.132510512406192 2082.3267451299635 -2051.0703299942484
4.1325945965054416 2090.9058249457134 -2059.6122885072336
4.1326786806046911 2099.5334268461515 -2068.2026697236702
4.1327627647039407 2108.2098981825393 -2076.8418205796529
4.1328468488031902 2116.9355893153797 -2085.5300910181609
4.1329309329024397 2125.7108536450373 -2094.2678340196585
4.1330150170016893 2134.536047642714 -2103.055405633057
4.1330991011009388 2143.4115308817882 -2111.8931650070344
4.1331831852001883 2152.3376660695212 -2120.7814744217267
4.1332672692994379 2161.3148190791385 -2129.7206993207883
4.1333513533986874 2170.3433589822844 -2138.7112083438315
4.133435437497937 2179.423658081861 -2147.7533733592477
4.1335195215971865 2188.5560919452564 -2156.8475694974159
4.133603605696436 2197.7410394379613 -2165.994175184303
4.1336876897956856 2206.9788827575871 -2175.193572175463
4.1337717738949351 2216.2700074682857 -2184.4461455904375
4.1338558579941846 2225.6148025355783 -2193.7522839475669
4.1339399420934342 2235.0136603615974 -2203.1123791992127
4.1340240261926837 2244.4669768207486 -2212.5268267674014
4.1341081102919333 2253.9751512957996 -2221.9960255798942
4.1341921943911828 2263.5385867143968 -2231.520378106683
4.1342762784904323 2273.1576895860221 -2241.1002903969293
4.1343603625896819 2282.8328700393895 -2250.7361721163406
4.1344444466889314 2292.5645418602917 -2260.4284365849981
4.1345285307881809 2302.3531225299034 -2270.1775008156369
4.1346126148874305 2312.199033263541 -2279.9837855523892
4.13469669898668 2322.102699049894 -2289.8477153099943
4.1347807830859296 2332.0645486907274 -2299.769718413479
4.1348648671851791 2342.085014841065 -2309.750227038322
4.1349489512844286 2352.1645340498599 -2319.7896772511021
4.1350330353836782 2362.3035468011562 -2329.8885090506401
4.1351171194829277 2372.5024975557535 -2340.0471664096412
4.1352012035821772 2382.7618347933767 -2350.2660973168431
4.1352852876814268 2393.0820110553586 -2360.5457538196783
4.1353693717806763 2403.4634829878469 -2370.8865920674571
4.1354534558799259 2413.9067113855353 -2381.2890723550786
4.1355375399791754 2424.4121612359327 -2391.753659167277
4.1356216240784249 2434.9803017641748 -2402.2808212234104
4.1357057081776745 2445.6116064783846 -2412.8710315227991
4.135789792276924 2456.3065532155933 -2423.5247673906233
4.1358738763761735 2467.0656241882252 -2434.2425105243847
4.1359579604754231 2477.8893060311561 -2445.0247470409422
4.1360420445746726 2488.7780898493547 -2455.8719675241291
4.1361261286739222 2499.7324712661125 -2466.7846670729609
4.1362102127731717 2510.7529504718723 -2477.7633453504377
4.1362942968724212 2521.8400322736634 -2488.8085066329559
4.1363783809716708 2532.9942261451511 -2499.9206598603341
4.1364624650709203 2544.216046277309 -2511.1003186864614
4.1365465491701698 2555.5060116297263 -2522.3480015305768
4.1366306332694194 2566.8646459825532 -2533.6642316291923
4.1367147173686689 2578.2924779890982 -2545.0495370886651
4.1367988014679185 2589.7900412290855 -2556.5044509384275
4.136882885567168 2601.35787426258 -2568.0295111848868
4.1369669696664175 2612.9965206845909 -2579.6252608660038
4.1370510537656671 2624.7065291803633 -2591.2922481065575
4.1371351378649166 2636.488453581369 -2603.0310261741088
4.1372192219641661 2648.3428529220018 -2614.8421535356711
4.1373033060634157 2660.270291496995 -2626.7261939150976
4.1373873901626652 2672.2713389195628 -2638.6837163511982
4.1374714742619148 2684.3465701802825 -2650.7152952565934
4.1375555583611643 2696.4965657067264 -2662.8215104773176
4.1376396424604138 2708.7219114238519 -2675.0029473531822
4.1377237265596634 2721.0231988151631 -2687.2601967789087
4.1378078106589129 2733.401024984656 -2699.5938552660441
4.1378918947581624 2745.8559927195538 -2712.0045250056696
4.137975978857412 2758.3887105538497 -2724.4928139319127
4.1380600629566615 2770.9997928326652 -2737.0593357862758
4.138144147055911 2783.6898597774366 -2749.7047101827948
4.1382282311551606 2796.4595375519425 -2762.4295626740341
4.1383123152544101 2809.3094583291822 -2775.2345248179372
4.1383963993536597 2822.2402603591217 -2788.1202342455413
4.1384804834529092 2835.252588037315 -2801.0873347295669
4.1385645675521587 2848.3470919744177 -2814.136476253901
4.1386486516514083 2861.5244290666033 -2827.2683150839825
4.1387327357506578 2874.7852625668957 -2840.4835138381022
4.1388168198499073 2888.1302621574341 -2853.7827415596357
4.1389009039491569 2901.5601040226802 -2867.1666737902192
4.1389849880484064 2915.0754709235848 -2880.6359926438809
4.139069072147656 2928.6770522727247 -2894.1913868821484
4.1391531562469055 2942.3655442104277 -2907.8335519901384
4.139237240346155 2956.1416496818997 -2921.5631902536493
4.1393213244454046 2970.0060785153646 -2935.38101083727
4.1394054085446541 2983.9595475012397 -2949.2877298635176
4.1394894926439036 2998.0027804723545 -2963.2840704930245
4.1395735767431532 3012.1365083852329 -2977.3707630057834
4.1396576608424027 3026.3614694024536 -2991.5485448834747
4.1397417449416523 3040.6784089761059 -3005.8181608928844
4.1398258290409018 3055.088079932354 -3020.1803631704333
4.1399099131401513 3069.591242557131 -3034.6359113078352
4.1399939972394009 3084.1886646829757 -3049.1855724388952
4.1400780813386504 3098.8811217770321 -3063.8301213274749
4.1401621654378999 3113.6693970302281 -3078.5703404566311
4.1402462495371495 3128.5542814476512 -3093.4070201189552
4.140330333636399 3143.5365739401404 -3108.3409585081258
4.1404144177356486 3158.617081417111 -3123.3729618116954
4.1404985018348981 3173.7966188806308 -3138.503844305128
4.1405825859341476 3189.0760095207715 -3153.734428447111
4.1406666700333972 3204.4560848122483 -3169.0655449761539
4.1407507541326467 3219.9376846123714 -3184.4980330085014
4.1408348382318962 3235.5216572603285 -3200.0327401373738
4.1409189223311458 3251.2088596778194 -3215.6705225335618
4.1410030064303953 3267.0001574710614 -3231.4122450473897
4.1410870905296449 3282.8964250341892 -3247.2587813120736
4.1411711746288944 3298.8985456540699 -3263.2110138484945
4.1412552587281439 3315.0074116165542 -3279.2698341714063
4.1413393428273935 3331.2239243141858 -3295.4361428971029
4.141423426926643 3347.5489943553957 -3311.7108498525681
4.1415075110258925 3363.9835416751976 -3328.094874186128
4.1415915951251421 3380.5284956474134 -3344.5891444796307
4.1416756792243916 3397.1847951984505 -3361.1945988621801
4.1417597633236412 3413.9533889226559 -3377.9121851254431
4.1418438474228907 3430.8352351992698 -3394.7428608405594
4.1419279315221402 3447.8313023110072 -3411.6875934766745
4.1420120156213898 3464.9425685642896 -3428.7473605211262
4.1420960997206393 3482.1700224111551 -3445.9231496013072
4.1421801838198888 3499.5146625728726 -3463.2159586082307
4.1422642679191384 3516.9774981652877 -3480.6267958218295
4.1423483520183879 3534.5595488259255 -3498.1566800380087
4.1424324361176375 3552.2618448428811 -3515.8066406974881
4.142516520216887 3570.085427285524 -3533.5777180164555
4.1426006043161365 3588.0313481370476 -3551.4709631190667
4.1426846884153861 3606.1006704288898 -3569.487438171815
4.1427687725146356 3624.294468377057 -3587.6282165198049
4.1428528566138851 3642.6138275203834 -3605.8943828249576
4.1429369407131347 3661.0598448607511 -3624.2870332061798
4.1430210248123842 3679.63362900531 -3642.8072753815309
4.1431051089116337 3698.3363003107224 -3661.4562288124139
4.1431891930108833 3717.1689910294717 -3680.2350248498283
4.1432732771101328 3736.1328454582613 -3699.1448068827167
4.1433573612093832 3755.2290200885445 -3718.1867304884381
4.1434414453086328 3774.4586837592155 -3737.3619635854038
4.1435255294078823 3793.8230178114982 -3756.671686587908
4.1436096135071319 3813.3232162460672 -3776.1170925631941
4.1436936976063814 3832.9604858824409 -3795.6993873907882
4.1437777817056309 3852.7360465206784 -3815.4197899241385
4.1438618658048805 3872.6511311054223 -3835.2795321546
4.14394594990413 3892.7069858923251 -3855.2798593777993
4.1440300340033795 3912.9048706168965 -3875.4220303624229
4.1441141181026291 3933.2460586658121 -3895.7073175214659
4.1441982022018786 3953.7318372507266 -3916.1370070859816
4.1442822863011282 3974.3635075846278 -3936.7123992813754
4.1443663704003777 3995.1423850607794 -3957.4348085062825
4.1444504544996272 4016.0697994342904 -3978.3055635140759
4.1445345385988768 4037.1470950063572 -3999.3260075970434
4.1446186226981263 4058.3756308112238 -4020.4974987732826
4.1447027067973758 4079.7567808059025 -4041.8214099763559
4.1447867908966254 4101.2919340627041 -4063.2991292477541
4.1448708749958749 4122.9824949646218 -4084.9320599322145
4.1449549590951245 4144.8298834036195 -4106.7216208759401
4.145039043194374 4166.8355349818712 -4128.6692466277709
4.1451231272936235 4189.0009012160035 -4150.7763876433564
4.1452072113928731 4211.3274497443872 -4173.0445104923783
4.1452912954921226 4233.8166645375359 -4195.4750980688768
4.1453753795913721 4256.4700461116581 -4218.0696498047319
4.1454594636906217 4279.289111745421 -4240.8296818863528
4.1455435477898712 4302.2753956999768 -4263.7567274746361
4.1456276318891208 4325.4304494423113 -4286.8523369282329
4.1457117159883703 4348.7558418719673 -4310.1180780302029
4.1457958000876198 4372.253159551201 -4333.555536218093
4.1458798841868694 4395.9240069386351 -4357.166314817513
4.1459639682861189 4419.7700066264606 -4380.9520352792615
4.1460480523853684 4443.7927995812552 -4404.9143374200657
4.146132136484618 4467.9940453884783 -4429.0548796669946
4.1462162205838675 4492.3754225007042 -4453.3753393056149
4.1463003046831171 4516.9386284896609 -4477.8774127319475
4.1463843887823666 4541.6853803021359 -4502.5628157082929
4.1464684728816161 4566.6174145198265 -4527.4332836229933
4.1465525569808657 4591.7364876231868 -4552.4905717542042
4.1466366410801152 4617.0443762593604 -4577.7364555377344
4.1467207251793647 4642.5428775142518 -4603.1727308390346
4.1468048092786143 4668.2338091888205 -4628.8012142294074
4.1468888933778638 4694.1190100796712 -4654.623743266503
4.1469729774771134 4720.2003402640075 -4680.6421767791917
4.1470570615763629 4746.4796813890371 -4706.8583951568735
4.1471411456756124 4772.958936965897 -4733.2743006433147
4.147225229774862 4799.6400326681851 -4759.891817635088
4.1473093138741115 4826.5249166351778 -4786.712892984694
4.147393397973361 4853.6155597798133 -4813.7394963084562
4.1474774820726106 4880.9139561015345 -4840.9736202992617
4.1475615661718601 4908.4221230040666 -4868.4172810442478
4.1476456502711097 4936.1421016182258 -4896.0725183475097
4.1477297343703592 4964.0759571298458 -4923.9413960579313
4.1478138184696087 4992.225779112915 -4952.0260024022209
4.1478979025688583 5020.5936818680157 -4980.3284503232489
4.1479819866681078 5049.1818047661654 -5008.8508778237883
4.1480660707673573 5077.9923125981522 -5037.5954483157466
4.1481501548666069 5107.0273959294664 -5066.5643509749907
4.1482342389658564 5136.2892714609297 -5095.7598011018745
4.148318323065106 5165.7801823951277 -5125.1840404875593
4.1484024071643555 5195.5023988087423 -5154.8393377862412
4.148486491263605 5225.4582180309044 -5184.7279888933926
4.1485705753628546 5255.6499650276673 -5214.8523173301255
4.1486546594621041 5286.0799927927146 -5245.2146746337867
4.1487387435613536 5316.7506827444195 -5275.8174407549031
4.1488228276606032 5347.6644451293732 -5306.663024460594
4.1489069117598527 5378.8237194324938 -5337.7538637445659
4.1489909958591022 5410.2309747938461 -5369.092426243813
4.1490750799583518 5441.8887104322921 -5400.6812096621488
4.1491591640576013 5473.7994560760999 -5432.5227422006938
4.1492432481568509 5505.9657724006383 -5464.6195829954477
4.1493273322561004 5538.3902514732927 -5496.9743225620814
4.1494114163553499 5571.0755172057297 -5529.5895832480783
4.1494955004545995 5604.0242258136595 -5562.4680196923682
4.149579584553849 5637.2390662842245 -5595.612319292587
4.1496636686530985 5670.7227608511657 -5629.0252026801145
4.1497477527523481 5704.4780654779088 -5662.7094242030271
4.1498318368515976 5738.5077703487168 -5696.6677724171195
4.1499159209508472 5772.8147003680733 -5730.9030705851519
4.1500000050500967 5807.4017156684349 -5765.418177184466
4.1500840891493462 5842.2717121265268 -5800.2159864231435
4.1501681732485958 5877.427621888336 -5835.2994287648571
4.1502522573478453 5912.87241390297 -5870.6714714625878
4.1503363414470948 5948.609094465548 -5906.3351191013753
4.1504204255463444 5984.6407077693011 -5942.293414150271
4.1505045096455939 6020.9703364670586 -5978.5494375236758
4.1505885937448435 6057.6011022422927 -6015.1063091522392
4.150672677844093 6094.5361663899166 -6051.9671885635034
4.1507567619433425 6131.778730407018 -6089.1352754724858
4.1508408460425921 6169.3320365937207 -6126.6138103823841
4.1509249301418416 6207.1993686643709 -6164.4060751956094
4.1510090142410911 6245.3840523692506 -6202.5153938353369
4.1510930983403407 6283.8894561270226 -6240.9451328777923
4.1511771824395902 6322.7189916681127 -6279.698702195471
4.1512612665388398 6361.8761146892493 -6318.7795556115125
4.1513453506380893 6401.3643255193738 -6358.1911915654437
4.1514294347373388 6441.1871697971474 -6397.9371537905172
4.1515135188365884 6481.3482391602865 -6438.0210320028746
4.1515976029358379 6521.8511719469507 -6478.4464626027602
4.1516816870350874 6562.6996539094289 -6519.2171293880338
4.151765771134337 6603.8974189403689 -6560.3367642802205
4.1518498552335865 6645.4482498117941 -6601.8091480633457
4.1519339393328361 6687.355978927164 -6643.6381111358151
4.1520180234320856 6729.6244890867411 -6685.8275342755951
4.1521021075313351 6772.2577142665259 -6728.3813494189608
4.1521861916305847 6815.2596404110391 -6771.3035404530865
4.1522702757298342 6858.6343062402193 -6814.5981440227542
4.1523543598290837 6902.3858040707337 -6858.2692503514645
4.1524384439283333 6946.518280651977 -6902.3210040772401
4.1525225280275828 6991.0359380170685 -6946.7576051034248
4.1526066121268324 7035.9430343491485 -6991.5833094647714
4.1526906962260819 7081.2438848632792 -7036.8024302091426
4.1527747803253314 7126.9428627042771 -7082.4193382951307
4.152858864424581 7173.0443998607943 -7128.4384635059278
4.1529429485238305 7219.5529880959848 -7174.8642953797807
4.15302703262308 7266.4731798950988 -7221.7013841573662
4.1531111167223296 7313.8095894303469 -7268.9543417464347
4.1531952008215791 7361.5668935433969 -7316.6278427040843
4.1532792849208287 7409.7498327458616 -7364.7266252370237
4.1533633690200782 7458.3632122381523 -7413.2554922201962
4.1534474531193277 7507.4119029470849 -7462.2193122341523
4.1535315372185773 7556.9008425826169 -7511.6230206215541
4.1536156213178268 7606.8350367141284 -7561.471620563213
4.1536997054170763 7657.2195598666412 -7611.7701841740709
4.1537837895163259 7708.0595566374077 -7662.5238536195429
4.1538678736155754 7759.3602428332879 -7713.7378422526435
4.1539519577148249 7811.1269066293562 -7765.4174357723441
4.1540360418140745 7863.3649097491834 -7817.5679934035998
4.154120125913324 7916.0796886672588 -7870.1949490995094
4.1542042100125736 7969.2767558340156 -7923.3038127660784
4.1542882941118231 8022.961700923941 -7976.9001715100658
4.1543723782110726 8077.1401921072656 -8030.9896909104
4.1544564623103222 8131.8179773457368 -8085.5781163136789
4.1545405464095717 8187.0008857129842 -8140.6712741542606
4.1546246305088212 8242.6948287400191 -8196.2750732994755
4.1547087146080708 8298.9058017863936 -8252.3955064205056
4.1547927987073203 8355.6398854375802 -8309.03865138947
4.1548768828065699 8412.9032469291469 -8366.210672703306
4.1549609669058194 8470.7021415982872 -8423.9178229350055
4.1550450510050689 8529.0429143633282 -8482.1664442128149
4.1551291351043185 8587.9320012317949 -8540.9629697280016
4.155213219203568 8647.3759308376884 -8600.3139252718065
4.1552973033028175 8707.3813260085826 -8660.2259308022403
4.1553813874020671 8767.9549053632254 -8720.7057020413558
4.1554654715013166 8829.1034849402949 -8781.7600521036802
4.1555495556005662 8890.8339798590041 -8843.3958931564921
4.1556336396998157 8953.1534060122613 -8905.6202381126514
4.1557177237990652 9016.0688817931059 -8968.4402023566872
4.1558018078983148 9079.5876298551611 -9031.8630055049125
4.1558858919975643 9143.7169789078562 -9095.895973200295
4.1559699760968138 9208.4643655471973 -9160.5465389428773
4.1560540601960634 9273.8373361228932 -9225.8222459565368
4.1561381442953129 9339.8435486426333 -9291.7307490929034
4.1562222283945625 9406.4907747143698 -9358.2798167732744
4.156306312493812 9473.7869015274609 -9425.4773329693744
4.1563903965930615 9541.7399338735413 -9493.331299223848
4.1564744806923111 9610.357996208033 -9561.849836711388
4.1565585647915606 9679.6493347532269 -9631.0411883414145
4.1566426488908101 9749.6223196438586 -9700.9137209032633
4.1567267329900597 9820.2854471161809 -9771.4759272548472
4.1568108170893092 9891.6473417415073 -9842.7364285557869
4.1568949011885588 9963.7167587052554 -9914.7039765460449
4.1569789852878083 10036.502586132543 -9987.3874558710922
4.1570630693870578 10110.01384746141 -10060.795886454704
4.1571471534863074 10184.259703864767 -10134.938425920467
4.1572312375855569 10259.2494567222 -10209.824372063149
4.1573153216848064 10334.992550142802 -10285.463165371073
4.157399405784056 10411.498573540215 -10361.864391600708
4.1574834898833055 10488.777264261105 -10439.03778440468
4.1575675739825551 10566.838510268331 -10516.993228014469
4.1576516580818046 10645.692352880083 -10595.740759979069
4.1577357421810541 10725.348989566328 -10675.290573960945
4.1578198262803037 10805.818776803893 -10755.653022590634
4.1579039103795532 10887.112232991614 -10836.838620381381
4.1579879944788027 10969.240041426943 -10918.858046705243
4.1580720785780523 11052.213053345498 -11001.722148832125
4.1581561626773018 11136.042291025064 -11085.44194503325
4.1582402467765514 11220.738950955578 -11170.028627750618
4.1583243308758009 11306.314407076703 -11255.493566834039
4.1584084149750504 11392.780214084602 -11341.848312847344
4.1584924990743 11480.148110809596 -11429.1046004455
4.1585765831735495 11568.430023666424 -11517.274351824299
4.158660667272799 11657.638070178871 -11606.369680244405
4.1587447513720486 11747.784562580578 -11696.402893631579
4.1588288354712981 11838.88201149389 -11787.386498254935
4.1589129195705477 11930.943129688661 -11879.333202485139
4.1589970036697972 12023.98083592299 -11972.255920634527
4.1590810877690467 12118.008258867887 -12066.167776881155
4.1591651718682963 12213.038741117973 -12161.082109278854
4.1592492559675458 12309.085843290317 -12257.012473855428
4.1593333400667953 12406.163348213626 -12353.972648801187
4.1594174241660449 12504.285265210028 -12451.976638750068
4.1595015082652944 12603.465834471772 -12551.038679155645
4.1595855923645439 12703.719531535211 -12651.173240764439
4.1596696764637935 12805.061071854538 -12752.395034188947
4.159753760563043 12907.505415477766 -12854.719014582908
4.1598378446622926 13011.067771827562 -12958.160386421421
4.1599219287615421 13115.763604589572 -13062.734608388528
4.1600060128607916 13221.608636710995 -13168.45739837504
4.1600900969600412 13328.618855512188 -13275.344738589394
4.1601741810592907 13436.810517914244 -13383.412880784441
4.1602582651585402 13546.200155785462 -13492.678351603139
4.1603423492577898 13656.804581409808 -13603.157958046217
4.1604264333570393 13768.640893080506 -13714.86879306495
4.1605105174562889 13881.726480822001 -13827.828241282292
4.1605946015555384 13996.079032243608 -13942.053984845692
4.1606786856547879 14111.716538528317 -14057.564009415039
4.1607627697540375 14228.657300560242 -14174.37661028924
4.160846853853287 14346.919935194375 -14292.510398675093
4.1609309379525365 14466.52338167237 -14411.984308102166
4.1610150220517861 14587.486908188213 -14532.817600987561
4.1610991061510356 14709.830118607737 -14655.029875354485
4.1611831902502852 14833.572959346064 -14778.641071708755
4.1612672743495347 14958.735726407172 -14903.671480077393
4.1613513584487842 15085.339072589917 -15030.141747213671
4.1614354425480338 15213.404014864944 -15158.072883973022
4.1615195266472833 15342.951941927107 -15287.486272864448
4.1616036107465328 15474.004621928103 -15418.403675782109
4.1616876948457824 15606.584210394174 -15550.847241921985
4.1617717789450319 15740.713258333921 -15684.839515888614
4.1618558630442815 15876.414720541368 -15820.403445997066
4.161939947143531 16013.711964099619 -15957.562392775486
4.1620240312427805 16152.628777090566 -16096.34013767368
4.1621081153420301 16293.189377516333 -16236.760891983402
4.1621921994412796 16435.418422438252 -16378.849305976162
4.1622762835405291 16579.341017339379 -16522.630478264557
4.1623603676397787 16724.982725716756 -16668.129965393306
4.1624444517390282 16872.369578909791 -16815.373791666399
4.1625285358382778 17021.528086171304 -16964.388459216894
4.1626126199375273 17172.485244988082 -17115.200958326172
4.1626967040367768 17325.268551657875 -17267.838777999645
4.1627807881360264 17479.906012130094 -17422.329916806117
4.1628648722352759 17636.426153117616 -17578.702893988237
4.1629489563345254 17794.858033487399 -17736.986760851731
4.163033040433775 17955.231255937804 -17897.21111244132
4.1631171245330245 18117.575978970803 -18059.4060995115
4.1632012086322741 18281.922929167493 -18223.602440800601
4.1632852927315236 18448.303413775633 -18389.831435616827
4.1633693768307731 18616.749333618151 -18558.124976745261
4.1634534609300227 18787.29319633191 -18728.515563685083
4.1635375450292722 18959.968129946286 -18901.036316226578
4.1636216291285217 19134.807896811442 -19075.720988377805
4.1637057132277713 19311.846907886462 -19252.603982651101
4.1637897973270208 19491.120237397914 -19431.720364719982
4.1638738814262704 19672.663637879679 -19613.105878457278
4.1639579655255199 19856.513555605285 -19796.79696136573
4.1640420496247694 20042.707146424331 -19982.830760412664
4.164126133724019 20231.282292015007 -20171.245148280697
4.1642102178232685 20422.277616565039 -20362.078740046869
4.164294301922518 20615.732503893891 -20555.370910302969
4.1643783860217676 20811.687115029406 -20751.161810730271
4.1644624701210171 21010.182406252559 -20949.492388142346
4.1645465542202666 21211.260147624416 -21150.404403010049
4.1646306383195162 21414.962942009915 -21353.940448483259
4.1647147224187657 21621.334244613514 -21560.143969924495
4.1647988065180153 21830.418383042335 -21769.059284969942
4.1648828906172648 22042.260577912915 -21980.73160413406
4.1649669747165143 22256.906964018221 -22195.207051974416
4.1650510588157639 22474.404612072209 -22412.532688834006
4.1651351429150134 22694.801551049732 -22632.756533178901
4.1652192270142629 22918.146791140298 -22855.927584549667
4.1653033111135125 23144.490347334711 -23082.095847145647
4.165387395212762 23373.883263664415 -23311.312354061884
4.1654714793120116 23606.377638113947 -23543.629192199107
4.1655555634112611 23842.026648227697 -23779.099527867966
4.1656396475105106 24080.88457743284 -24017.777633109396
4.1657237316097602 24323.006842101167 -24259.718912753829
4.1658078157090097 24568.450019373275 -24504.979932242702
4.1658918998082592 24817.271875769427 -24753.618446236575
4.1659759839075088 25069.531396612281 -25005.693428035072
4.1660600680067583 25325.288816287575 -25261.265099834716
4.1661441521060079 25584.605649369772 -25520.394963851661
4.1662282362052574 25847.544722640687 -25783.145834337338
4.1663123203045069 26114.170208030082 -26049.581870516024
4.1663964044037565 26384.547656508312 -26319.76861047437
4.166480488503006 26658.74403296216 -26593.773006034087
4.1665645726022555 26936.827752086188 -26871.663458640032
4.1666486567015051 27218.868715323046 -27153.509856297242
4.1667327408007546 27504.93834888751 -27439.383611591562
4.1668168249000042 27795.109642910211 -27729.357700829933
4.1669009089992537 28089.457191738402 -28023.506704337633
4.1669849930985032 28388.057235432523 -28321.906847951235
4.1670690771977528 28690.987702498707 -28624.636045747426
4.1671531612970023 28998.328253898952 -28931.773944049401
4.1672372453962518 29310.16032838219 -29243.401966754089
4.1673213294955014 29626.56718918118 -29559.603362025111
4.1674054135947509 29947.633972121828 -29880.463250398068
4.1674894976940005 30273.447735193306 -30206.068674346549
4.16757358179325 30604.097509629213 -30536.508649359079
4.1676576658924995 30939.674352551974 -30871.87421657921
4.1677417499917491 31280.271401234608 -31212.258497062892
4.1678258340909986 31625.983929036196 -31557.756747709434
4.1679099181902481 31976.909403069505 -31908.466418924527
4.1679940022894977 32333.147543661529 -32264.48721407606
4.1680780863887472 32694.800385670074 -32625.921150805898
4.1681621704879968 33061.972341722038 -32992.872624263211
4.1682462545872463 33434.77026744157 -33365.448472327611
4.1683303386864958 33813.303528739089 -33743.75804289298
4.1684144227857454 34197.684071234871 -34127.91326328578
4.1684985068849949 34588.026491893928 -34518.028711894513
4.1685825909842444 34984.448112951992 -34914.221692090148
4.168666675083494 35387.069058215558 -35316.61230852054
4.1687507591827435 35796.012331822436 -35725.323545865132
4.1688348432819931 36211.403899552621 -36140.481350139889
4.1689189273812426 36633.372772783092 -36562.214712646004
4.1690030114804921 37062.05109518391 -36990.655756659755
4.1690870955797417 37497.574232257044 -37425.939826964954
4.1691711796789912 37940.08086382351 -37868.205582333525
4.1692552637782407 38389.713079568806 -38317.595091064257
4.1693393478774903 38846.616477761294 -38774.25392969427
4.1694234319767398 39310.940267262798 -39238.331285002627
4.1695075160759894 39782.837372955924 -39709.980059430403
4.1695916001752389 40262.464544717703 -40189.356980046949
4.1696756842744884 40749.982470074763 -40676.62271119748
4.169759768373738 41245.555890680938 -41171.941970972905
4.1698438524729875 41749.353722764266 -41675.483651648872
4.169927936572237 42261.549181696697 -42187.420944247315
4.1700120206714866 42782.319910846396 -42707.931467380346
4.1700961047707361 43311.848114879453 -43237.197400543417
4.1701801888699856 43850.320697685158 -43775.405622031773
4.1702642729692352 44397.929405106574 -44322.747851661959
4.1703483570684847 44954.87097266606 -44879.420798488114
4.1704324411677343 45521.347278483961 -45445.626313711109
4.1705165252669838 46097.565501597259 -46021.571548987464
4.1706006093662333 46683.738285894353 -46607.469120354093
4.1706846934654829 47280.083909891749 -47203.537277994721
4.1707687775647324 47886.826462588586 -47810.000082083854
4.1708528616639819 48504.196025645622 -48427.087584954927
4.1709369457632315 49132.428862146495 -49055.036019850428
4.171021029862481 49771.767612210751 -49694.087996523529
4.1711051139617306 50422.461495740667 -50344.492703973141
4.1711891980609801 51084.766522596605 -51006.50612060725
4.1712732821602296 51758.945710509579 -51680.391232143083
4.1713573662594792 52445.269311053766 -52366.418257566904
4.1714414503587287 53144.015044016967 -53064.864883491413
4.1715255344579782 53855.468340522813 -53776.016507264518
4.1716096185572278 54579.922595275159 -54500.166489199917
4.1716937026564773 55317.679428312695 -55237.616414317548
4.1717777867557269 56069.048956680272 -55988.676364000305
4.1718618708549764 56834.350076442861 -56753.665197993003
4.1719459549542259 57613.91075548857 -57532.910847189989
4.1720300390534755 58408.068337588651 -58326.750617679274
4.172114123152725 59217.169858205227 -59135.531506533946
4.1721982072519745 60041.572372561328 -59959.610529865451
4.1722822913512241 60881.643296513095 -60799.355063678493
4.1723663754504736 61737.76076079061 -61655.14319809412
4.1724504595497232 62610.313979201841 -62527.36410553538
4.1725345436489727 63499.703631423828 -63416.418423499679
4.1726186277482222 64406.3422610364 -64322.718652573138
4.1727027118474718 65330.654689486721 -65246.689570375165
4.1727867959467213 66273.078446707717 -66188.768662156348
4.1728708800459708 67234.064219150154 -67149.406568809398
4.1729549641452204 68214.076316027029 -68129.067553091707
4.1730390482444699 69213.593154609829 -69128.229984899168
4.1731231323437195 70233.10776545963 -70147.386846474154
4.173207216442969 71273.128318521718 -71187.046258476286
4.1732913005422185 72334.178671061003 -72247.732027893275
4.1733753846414681 73416.798938466556 -73329.984218820129
4.1734594687407176 74521.546089008029 -74434.359747189417
4.1735435528399671 75648.994563683853 -75561.433000592588
4.1736276369392167 76799.736922362179 -76711.796484393111
4.1737117210384662 77974.384517479513 -77886.06149539644
4.1737958051377158 79173.568196630484 -79084.858824410214
4.1738798892369653 80397.939035454183 -80308.839489100137
4.1739639733362148 81648.169102299289 -81558.675498623546
4.1740480574354644 82924.952256231132 -82835.060651604043
4.1741321415347139 84229.004980030251 -84138.711369096462
4.1742162256339634 85561.067249923188 -85470.367564283006
4.174300309733213 86921.90344388329 -86830.793550738279
4.1743843938324625 88312.303290442404 -88220.778991204017
4.1744684779317121 89733.082860063558 -89641.139888923572
4.1745525620309616 91185.085601240935 -91092.719623702418
4.1746366461302111 92669.183423617244 -92576.390034984739
4.1747207302294607 94186.277830539402 -94093.052554366965
4.1748048143287102 95737.301103613674 -95643.639390109238
4.1748888984279597 97323.217541969512 -97229.114766354265
4.1749729825272093 98945.024759100022 -98850.476219921096
4.1750570666264588 100603.75504031476 -100508.75595770968
4.1751411507257083 102300.47676402044 -102205.02227793165
4.1752252348249579 104036.295890236 -103940.38105857375
4.1753093189242074 105812.35751995223 -105715.97731670392
4.175393403023457 107629.84752916331 -107532.99684244748
4.1754774871227065 109489.99428162936 -109392.66791169238
4.175561571221956 111394.07042467649 -111296.26308182976
4.1756456553212056 113343.39477260428 -113245.10107509996
4.1757297394204551 115339.3342825532 -115240.54875439609
4.1758138235197046 117383.30612798517 -117284.02319667854
4.1758979076189542 119476.77987525248 -119376.99386947532
4.1759819917182037 121621.27976907465 -121520.98491628788
4.1760660758174533 123818.38713311069 -123717.57755708964
4.1761501599167028 126069.74289220864 -125968.41261049901
4.1762342440159523 128377.0502233359 -128275.19314463047
4.1763183281152019 130742.07734264586 -130639.68726407873
4.1764024122144514 133166.66043662044 -133063.73104097578
4.1764864963137009 135652.70674574727 -135549.23159857927
4.1765705804129505 138202.19780974748 -138098.17035640808
4.1766546645122 140817.19288396649 -140712.60644653728
4.1767387486114496 143499.83253718272 -143394.68031130717
4.1768228327106991 146252.34244177694 -146146.61749338917
4.1769069168099486 149077.037367946 -148970.73262989198
4.1769910009091982 151976.32539443989 -151869.4336629865
4.1770750850084477 154952.71234915673 -154845.22628038452
4.1771591691076972 158008.80649385246 -157900.71859992718
4.1772432532069468 161147.32346821224 -161038.6261135301
4.1773273373061963 164371.09150959938 -164261.77690680124
4.1774114214054459 167683.05696594936 -167573.11717179781
4.1774955055046954 171086.29012051661 -170975.71703163083
4.1775795896039449 174583.99134852257 -174472.77669696446
4.1776636737031945 178179.49762719823 -178067.63297590398
4.177747757802444 181876.28942227658 -181763.76616032666
4.1778318419016935 185677.99797567725 -185564.80731339817
4.1779159260009431 189588.41302095127 -189474.54598484165
4.1780000101001926 193611.49095502682 -193496.93838250023
4.1780840941994422 197751.36349693502 -197636.11603087146
4.1781681782986917 202012.34686650807 -201896.39494960554
4.1782522623979412 206398.95151855171 -206282.28538746908
4.1783363464971908 210915.89247071452 -210798.50214999623
4.1784204305964403 215568.10026622756 -215449.97556200033
4.1785045146956898 220360.73261589382 -220241.86310932477
4.1785885987949394 225299.18676718915 -225179.56180769455
4.1786726828941889 230389.11265212245 -230268.72135031541
4.1787567669934385 235636.42686962173 -235515.25808998654
4.178840851092688 241047.32756269569 -240925.36991597607
4.1789249351919375 246628.31025550529 -246505.55209079286
4.1790090192911871 252386.18472080381 -252262.6141173123
4.1790931033904366 258328.09295401114 -258203.69771252133
4.1791771874896861 264461.52833652898 -264336.29597048811
4.1792612715889357 270794.3560778278 -270668.27380408649
4.1793453556881852 277334.83503340965 -277207.88976257859
4.1794294397874348 284091.64100403129 -283963.81933043827
4.1795135238866843 291073.89163064054 -290945.1798218679
4.1795976079859338 298291.17300941632 -298161.55699539738
4.1796816920851834 305753.56816219585 -305623.0335238477
4.1797657761844329 313471.68750952871 -313340.21946689714
4.1798498602836824 321456.70150672778 -321324.28490661923
4.179933944382932 329720.37561772089 -329586.99492079386
4.1800180284821815 338275.10781738296 -338140.74708467047
4.1801021125814311 347133.9688305133 -346998.61170934548
4.1801861966806806 356310.74533488462 -356174.37504417921
4.1802702807799301 365819.98637704167 -365682.58569192752
4.1803543648791797 375677.05327298178 -375538.60450871865
4.1804384489784292 385898.17329177278 -385758.65828692814
4.1805225330776787 396500.49744882615 -396359.89754766691
4.1806066171769283 407502.16276728181 -407360.45880133641
4.1806907012761778 418922.3594011275 -418779.53166987072
4.1807747853754273 430781.40305268124 -430637.43130329077
4.1808588694746769 443100.81316037604 -442955.67656650615
4.1809429535739264 455903.39738092403 -455757.07452043844
4.181027037673176 469213.34294349566 -469065.81177509692
4.1811111217724255 483056.31551320746 -482907.55335189635
4.181195205871675 497459.56626772473 -497309.54975901812
4.1812792899709246 512452.04796503717 -512300.75305786764
4.1813633740701741 528064.54086344026 -527911.94278165489
4.1814474581694236 544329.78944759176 -544175.86265996215
4.1815315422686732 561282.65101849951 -561127.36920714739
4.1816156263679227 578960.25732192548 -578803.5933490626
4.1816997104671723 597402.19052062498 -597244.11639349582
4.1817837945664218 616650.67496308952 -616491.16179699998
4.1818678786656713 636750.78636718658 -636589.80434648925
4.1819519627649209 657750.68022390897 -657588.1985608082
4.1820360468641704 679701.84143733291 -679537.82832835964
4.1821201309634199 702659.35745521553 -702493.78003521147
4.1822042150626695 726682.21741445491 -726515.04170789185
4.182288299161919 751833.64013140742 -751664.83100085217
4.1823723832611686 778181.43411420227 -778010.95520572318
4.1824564673604181 805798.39316883532 -805626.20685412805
4.1825405514596676 834762.73162016878 -834588.79893516016
4.1826246355589172 865158.56368145614 -864982.84426112357
4.1827087196581667 897076.43209138315 -896898.88410050445
4.1827928037574162 930613.89180743275 -930434.47186695482
4.1828768878566658 965876.15531206818 -965694.81842075579
4.1829609719559153 1002976.8069696437 -1002793.506420637
4.1830450560551649 1042038.5948857893 -1041853.282177666
4.1831291401544144 1083194.3098892611 -1083006.9346311581
4.1832132242536639 1126587.7626050131 -1126398.2724153239
4.1832973083529135 1172374.8711474063 -1172183.2115455186
4.183381392452163 1220724.8737707925 -1220530.9880612807
4.1834654765514125 1271821.6829150203 -1271625.5120636488
4.1835495606506621 1325865.3995277886 -1325666.8820286158
4.1836336447499116 1383074.0093969516 -1382873.0811297488
4.1837177288491612 1443685.2865590402 -1443481.8806361628
4.1838018129484107 1507958.9327555797 -1507752.9793573308
4.1838858970476602 1576178.9864954883 -1575970.4126929129
4.1839699811469098 1648656.5406819326 -1648445.2702458659
4.1840540652461593 1725732.8141356441 -1725518.7673307031
4.1841381493454088 1807782.6298889115 -1807565.7232509714
4.1842222334446584 1895218.3620735265 -1894998.5081690555
4.1843063175439079 1988494.4238731901 -1988271.5310386231
4.1843904016431575 2088112.3817153599 -2087886.3537744777
4.184474485742407 2194626.7960806661 -2194397.5320376954
4.1845585698416565 2308651.9075569813 -2308419.3012628495
4.1846426539409061 2430869.308739773 -2430633.2485286281
4.1847267380401556 2562036.7691267575 -2561797.1374194911
4.1848108221394051 2702998.4123328659 -2702755.0852039503
4.1848949062386547 2854696.4840926509 -2854449.3307961086
4.1849789903379042 3018184.9973017718 -3017933.8797515212
4.1850630744371538 3194645.5989051634 -3194390.3711043326
4.1851471585364033 3385406.07547655 -3385146.5828895709
4.1852312426356528 3591962.0033161491 -3591698.0821765536
4.1853153267349033 3816002.1592746964 -3815733.6358204866
4.1853994108341528 4059438.4460386918 -4059165.135665921
4.1854834949334023 4324441.2577512907 -4324162.9640750447
4.1855675790326519 4613481.4283370972 -4613197.9421473462
4.1856516631319014 4929380.1785391141 -4929091.2766368818
4.1857357472311509 5275368.8253533514 -5275074.2692502048
4.1858198313304005 5655160.4617109522 -5654859.9961719457
