# serie phase 2 p5_w2.27_c1.05_dt2_k4 : t x1 x2 (dt2=0.00020157194014602974, depart t=22.806000000000001 etat bascule x1 x2 v1 v2 = 3364.3462708597544 -3253.02820499871 68675.383656465827 -67755.27702368921)
22.806000000000001 3364.3462708597544 -3253.02820499871
22.806201571940147 3378.2268751067645 -3266.723068990816
22.806403143880292 3392.1829625613914 -3280.4928695013227
22.806604715820438 3406.2150392750514 -3294.3381102657268
22.806806287760587 3420.3236153416933 -3308.259299049349
22.807007859700732 3434.5092049353216 -3322.2569476847743
22.807209431640878 3448.7723263479179 -3336.3315721096856
22.807411003581024 3463.1135020277648 -3350.4836924050987
22.807612575521169 3477.5332586181721 -3364.7138328340052
22.807814147461315 3492.0321269966198 -3379.022521880423
22.80801571940146 3506.6106423143119 -3393.4102922888637
22.808217291341606 3521.2693440361545 -3407.8776811042198
22.808418863281755 3536.0087759811586 -3422.4252297120765
22.808620435221901 3550.8294863632746 -3437.0534838794556
22.808822007162046 3565.7320278326615 -3451.7629937959941
22.809023579102192 3580.7169575174012 -3466.5543141155622
22.809225151042337 3595.7848370656552 -3481.42800399833
22.809426722982483 3610.9362326882765 -3496.384627153283
22.809628294922629 3626.1717152018778 -3511.4247518811967
22.809829866862774 3641.4918600723631 -3526.5489511180717
22.810031438802923 3656.8972474589291 -3541.7578024790387
22.810233010743069 3672.3884622585392 -3557.0518883027339
22.810434582683214 3687.9660941508782 -3572.4317956961586
22.81063615462336 3703.6307376437935 -3587.8981165800178
22.810837726563506 3719.3829921192287 -3603.4514477345565
22.811039298503651 3735.2234618796524 -3619.0923908458872
22.811240870443797 3751.1527561949938 -3634.8215525528235
22.811442442383942 3767.1714893500866 -3650.6395444942232
22.811644014324092 3783.2802806926297 -3666.5469833568445
22.811845586264237 3799.4797546816708 -3682.5444909237253
22.812047158204383 3815.7705409366167 -3698.6326941230909
22.812248730144528 3832.153274286783 -3714.8122250777951
22.812450302084674 3848.6285948214813 -3731.0837211553039
22.812651874024819 3865.1971479406584 -3747.4478250182251
22.812853445964965 3881.8595844060892 -3763.9051846753928
22.813055017905111 3898.6165603931308 -3780.4564535335144
22.81325658984526 3915.468737543049 -3797.1022904493843
22.813458161785405 3932.4167830159176 -3813.8433597826738
22.813659733725551 3949.4613695441017 -3830.6803314493022
22.813861305665696 3966.6031754863329 -3847.6138809753988
22.814062877605842 3983.842884882381 -3864.6446895518602
22.814264449545988 4001.1811875083304 -3881.7734440895129
22.814466021486133 4018.6187789324704 -3899.0008372748875
22.814667593426279 4036.1563605718052 -3916.3275676266117
22.814869165366428 4053.7946397491914 -3933.7543395524303
22.815070737306574 4071.5343297511131 -3951.2818634068608
22.815272309246719 4089.3761498860981 -3968.9108555494909
22.815473881186865 4107.3208255437885 -3986.6420384039279
22.81567545312701 4125.3690882546698 -4004.4761405174058
22.815877025067156 4143.5216757504677 -4022.4138966210608
22.816078597007301 4161.7793320252249 -4040.4560476908805
22.816280168947447 4180.1428073970583 -4058.6033410093405
22.816481740887596 4198.6128585706138 -4076.8565302277307
22.816683312827742 4217.1902487002208 -4095.2163754291837
22.816884884767887 4235.8757474537606 -4113.6836431924148
22.817086456708033 4254.6701310772542 -4132.2591066561808
22.817288028648179 4273.5741824601791 -4150.9435455844641
22.817489600588324 4292.5886912015239 -4169.7377464324018
22.81769117252847 4311.7144536765945 -4188.6425024129521
22.817892744468615 4330.9522731045736 -4207.6586135643256
22.818094316408764 4350.3029596168517 -4226.7868868181786
22.81829588834891 4369.7673303261317 -4246.0281360685822
22.818497460289056 4389.3462093963217 -4265.3831822417778
22.818699032229201 4409.0404281132242 -4284.8528533667295
22.818900604169347 4428.8508249560355 -4304.4379846464817
22.819102176109492 4448.7782456696586 -4324.1394185303316
22.819303748049638 4468.8235433378459 -4343.9580047868303
22.819505319989783 4488.9875784571796 -4363.8946005776224
22.819706891929933 4509.2712190119046 -4383.9500705321298
22.819908463870078 4529.6753405496183 -4404.1252868230977
22.820110035810224 4550.2008262578338 -4424.4211292430127
22.820311607750369 4570.8485670414238 -4444.8384852813952
22.820513179690515 4591.6194616009616 -4465.3782502029935
22.820714751630661 4612.5144165119655 -4486.0413271268762
22.820916323570806 4633.5343463050631 -4506.8286271064426
22.821117895510952 4654.6801735470817 -4527.7410692103622
22.821319467451101 4675.952828923083 -4548.7795806044533
22.821521039391246 4697.3532513193495 -4569.945096634513
22.821722611331392 4718.8823879073398 -4591.2385609101138
22.821924183271538 4740.5411942286191 -4612.6609253893785
22.822125755211683 4762.3306342807855 -4634.2131504647414
22.822327327151829 4784.2516806043968 -4655.8962050497166
22.822528899091974 4806.3053143709185 -4677.7110666666813
22.82273047103212 4828.4925254717009 -4699.6587215356876
22.822932042972269 4850.8143126080013 -4721.7401646643202
22.823133614912415 4873.2716833820641 -4743.9563999386073
22.82333518685256 4895.8656543892766 -4766.308440215008
22.823536758792706 4918.5972513114066 -4788.797307413477
22.823738330732851 4941.4675090109449 -4811.4240326116387
22.823939902672997 4964.477471626562 -4834.1896561400663
22.824141474613143 4987.6281926696929 -4857.0952276786938
22.824343046553288 5010.9207351222722 -4880.1418063543715
22.824544618493437 5034.3561715356245 -4903.330460839582
22.824746190433583 5057.935584130536 -4926.6622694523267
22.824947762373728 5081.6600648985132 -4950.1383202572069
22.825149334313874 5105.5307157042535 -4973.7597111677078
22.82535090625402 5129.5486483893346 -4997.5275500497046
22.825552478194165 5153.7149848771514 -5021.4429548262124
22.825754050134311 5178.0308572791018 -5045.5070535833829
22.825955622074456 5202.497408002052 -5069.7209846777805
22.826157194014606 5227.11578985709 -5094.0858968449438
22.826358765954751 5251.8871661695903 -5118.6029493092537
22.826560337894897 5276.8127108905992 -5143.2733118951282
22.826761909835042 5301.8936087095708 -5168.0981651395578
22.826963481775188 5327.1310551684592 -5193.0787004059985
22.827165053715333 5352.5262567771952 -5218.2161199996508
22.827366625655479 5378.080431130561 -5243.5116372841276
22.827568197595625 5403.794807026482 -5268.9664767995446
22.827769769535774 5429.6706245857586 -5294.5818743820428
22.827971341475919 5455.7091353732521 -5320.359077284771
22.828172913416065 5481.9116025205531 -5346.299344300337
22.82837448535621 5508.2793008501412 -5372.4039458847601
22.828576057296356 5534.8135170010646 -5398.6741642829356
22.828777629236502 5561.5155495561612 -5425.1112936556383
22.828979201176647 5588.3867091708362 -5451.7166402080838
22.829180773116793 5615.4283187034216 -5478.4915223200651
22.829382345056942 5642.6417133471396 -5505.4372706776967
22.829583916997088 5670.0282407636896 -5532.5552284067762
22.829785488937233 5697.5892612184862 -5559.8467512077941
22.829987060877379 5725.3261477175629 -5587.3132074926116
22.830188632817524 5753.2402861461733 -5614.9559785228294
22.83039020475767 5781.3330754091066 -5642.7764585498708
22.830591776697815 5809.6059275727448 -5670.7760549568038
22.830793348637961 5838.0602680088878 -5698.9561884019286
22.83099492057811 5866.6975355403629 -5727.3182929641489
22.831196492518256 5895.5191825884531 -5755.863816290157
22.831398064458401 5924.5266753221649 -5784.5942197434579
22.831599636398547 5953.7214938093612 -5813.510978555255
22.831801208338693 5983.105132169786 -5842.6155819772275
22.832002780278838 6012.6790987300083 -5871.9095334362228
22.832204352218984 6042.4449161803113 -5901.3943506908918
22.832405924159129 6072.4041217335543 -5931.0715659902953
22.832607496099278 6102.5582672860382 -5960.9427262345098
22.832809068039424 6132.9089195803936 -5991.0093931372585
22.83301063997957 6163.4576603705355 -6021.2731433905974
22.833212211919715 6194.2060865886961 -6051.7355688316866
22.833413783859861 6225.1558105145814 -6082.398276611676
22.833615355800006 6256.3084599466702 -6113.2628893667352
22.833816927740152 6287.6656783756916 -6144.3310453912554
22.834018499680298 6319.2291251603119 -6175.6043988132624
22.834220071620447 6351.0004757050592 -6207.0846197720593
22.834421643560592 6382.9814216405221 -6238.7733945981454
22.834623215500738 6415.1736710058494 -6270.6724259954326
22.834824787440883 6447.5789484335919 -6302.783433225798
22.835026359381029 6480.198995336912 -6335.1081522960058
22.835227931321175 6513.0355700991995 -6367.6483361470273
22.83542950326132 6546.0904482661263 -6400.4057548458031
22.835631075201466 6579.3654227401776 -6433.3821957794744
22.835832647141615 6612.862303977693 -6466.5794638521229
22.83603421908176 6646.5829201884562 -6499.9993816840561
22.836235791021906 6680.5291175378661 -6533.6437898136701
22.836437362962052 6714.7027603517317 -6567.514546901938
22.836638934902197 6749.105731323727 -6601.6135299395455
22.836840506842343 6783.7399317255422 -6635.9426344567319
22.837042078782488 6818.6072816197766 -6670.5037747358565
22.837243650722634 6853.7097200756043 -6705.2988840267499
22.837445222662783 6889.0492053872649 -6740.3299147648695
22.837646794602929 6924.6277152954081 -6775.5988387923217
22.837848366543074 6960.4472472113439 -6811.1076475817772
22.83804993848322 6996.5098184442359 -6846.8583524633295
22.838251510423365 7032.8174664312846 -6882.8529848543358
22.838453082363511 7069.3722489709389 -6919.093596492291
22.838654654303657 7106.1762444591886 -6955.5822596707703
22.838856226243802 7143.2315521289775 -6992.3210674784941
22.839057798183951 7180.5402922927842 -7029.3121340415564
22.839259370124097 7218.1046065884211 -7066.5575947688676
22.839460942064242 7255.9266582280961 -7104.0596066008538
22.839662514004388 7294.0086322507859 -7141.8203482614681
22.839864085944534 7332.3527357779685 -7179.8420205135571
22.840065657884679 7370.9611982727747 -7218.1268464176383
22.840267229824825 7409.8362718025946 -7256.6770715941348
22.84046880176497 7448.9802313052051 -7295.4949644891212
22.84067037370512 7488.3953748584599 -7334.5828166436331
22.840871945645265 7528.0840239536046 -7373.9429429665961
22.841073517585411 7568.0485237722678 -7413.5776820114233
22.841275089525556 7608.291243467178 -7453.4893962563428
22.841476661465702 7648.8145764466763 -7493.680472388508
22.841678233405847 7689.6209406630678 -7534.1533215919471
22.841879805345993 7730.7127789048782 -7574.9103798394162
22.842081377286139 7772.0925590930747 -7615.9541081882053
22.842282949226288 7813.762774581307 -7657.286993079967
22.842484521166433 7855.725944460235 -7698.9115466446247
22.842686093106579 7897.9846138660005 -7740.8303070084194
22.842887665046725 7940.5413542929109 -7783.0458386061664
22.84308923698687 7983.3987639103952 -7825.5607324977791
22.843290808927016 8026.5594678843036 -7868.3776066891305
22.843492380867161 8070.0261187026081 -7911.4991064573123
22.843693952807307 8113.8013965055825 -7954.9279046803695
22.843895524747456 8157.8880094205206 -7998.6667021715712
22.844097096687602 8202.288693901075 -8042.718228018286
22.844298668627747 8247.0062150712729 -8087.0852399255455
22.844500240567893 8292.0433670742932 -8131.7705245643519
22.844701812508038 8337.4029734260766 -8176.7768979248203
22.844903384448184 8383.0878873738384 -8222.1072056742141
22.845104956388329 8429.1009922595622 -8267.7643235199612
22.845306528328475 8475.4452018885604 -8313.7511575777316
22.845508100268624 8522.1234609031708 -8360.0706447446355
22.84570967220877 8569.1387451616665 -8406.7257530776496
22.845911244148915 8616.4940621224814 -8453.7194821773319
22.846112816089061 8664.1924512338064 -8501.0548635769192
22.846314388029207 8712.2369843286597 -8548.7349611368809
22.846515959969352 8760.6307660255206 -8596.7628714450384
22.846717531909498 8809.3769341345906 -8645.1417242223088
22.846919103849643 8858.4786600698026 -8693.8746827341747
22.847120675789792 8907.9391492666437 -8742.9649442079844
22.847322247729938 8957.7616416058936 -8792.4157402561468
22.847523819670084 9007.9494118433777 -8842.2303373053419
22.847725391610229 9058.5057700458219 -8892.4120370318196
22.847926963550375 9109.4340620329094 -8942.9641768029032
22.84812853549052 9160.7376698256376 -8993.8901301247843
22.848330107430666 9212.4200121010817 -9045.193307096717
22.848531679370812 9264.4845446536565 -9096.8771548717032
22.848733251310961 9316.9347608629942 -9148.9451581237918
22.848934823251106 9369.774192168532 -9201.4008395220735
22.849136395191252 9423.0064085509239 -9254.2477602115032
22.849337967131397 9476.6350190203902 -9307.489520300649
22.849539539071543 9530.6636721121049 -9361.1297593564705
22.849741111011689 9585.0960563887493 -9415.1721569062574
22.849942682951834 9639.9359009503387 -9469.6204329468419
22.85014425489198 9695.1869759514448 -9524.4783484611835
22.850345826832129 9750.8530931259265 -9579.749705942475
22.850547398772274 9806.9381063193014 -9635.4383499258711
22.85074897071242 9863.445912028883 -9691.5481675279716
22.850950542652566 9920.3804499517973 -9748.0830889941844
22.851152114592711 9977.7457035410189 -9805.0470882541067
22.851353686532857 10035.545700569563 -9862.4441834850368
22.851555258473002 10093.784513702951 -9920.2784376837662
22.851756830413148 10152.466261080104 -9978.5539592467885
22.851958402353297 10211.595106902787 -10037.274902559047
22.852159974293443 10271.175262033756 -10096.445468591392
22.852361546233588 10331.210984603753 -10156.069905506851
22.852563118173734 10391.70658062749 -10216.152509275908
22.852764690113879 10452.666404628761 -10276.697624300888
22.852966262054025 10514.094860274869 -10337.709644049652
22.853167833994171 10575.996401020479 -10399.193011698704
22.853369405934316 10638.375530761088 -10461.15222078592
22.853570977874465 10701.236804496255 -10523.591815873015
22.853772549814611 10764.584829002766 -10586.516393217942
22.853974121754757 10828.424263517891 -10649.930601457374
22.854175693694902 10892.759820432904 -10713.839142299443
22.854377265635048 10957.596265997054 -10778.246771226912
22.854578837575193 11022.938421032137 -10843.15829821095
22.854780409515339 11088.791161657877 -10908.578588435701
22.854981981455484 11155.159420028273 -10974.512563033808
22.855183553395634 11222.048185079117 -11040.965199833105
22.855385125335779 11289.462503286868 -11107.941534114649
22.855586697275925 11357.407479439071 -11175.446659382287
22.85578826921607 11425.888277416518 -11243.485728143967
22.855989841156216 11494.910120987362 -11312.063952704975
22.856191413096361 11564.478294613384 -11381.18660597332
22.856392985036507 11634.598144268599 -11450.859022277464
22.856594556976653 11705.275078270466 -11521.086598196618
22.856796128916802 11776.514568123859 -11591.874793403811
22.856997700856947 11848.322149378064 -11663.229131521965
22.857199272797093 11920.703422496996 -11735.155200993178
22.857400844737239 11993.664053742899 -11807.658655961488
22.857602416677384 12067.209776073727 -11880.745217169288
22.85780398861753 12141.346390054465 -11954.420672867695
22.858005560557675 12216.079764782633 -12028.690879741072
22.858207132497821 12291.415838828212 -12103.561763845968
22.85840870443797 12367.360621188249 -12179.039321564718
22.858610276378116 12443.920192256395 -12255.12962057398
22.858811848318261 12521.100704807652 -12331.838800828446
22.859013420258407 12598.908384998564 -12409.173075560009
22.859214992198552 12677.349533383167 -12487.13873229266
22.859416564138698 12756.430525944943 -12565.74213387338
22.859618136078844 12836.157815145074 -12644.989719519324
22.859819708018989 12916.537930987286 -12724.888005881579
22.860021279959138 12997.577482099572 -12805.443588125783
22.860222851899284 13079.283156833102 -12886.663141029929
22.860424423839429 13161.661724378613 -12968.553420099624
22.860625995779575 13244.720035900609 -13051.121262701159
22.860827567719721 13328.46502568968 -13134.373589212659
22.861029139659866 13412.903712333255 -13218.317404193684
22.861230711600012 13498.043199905142 -13302.959797573578
22.861432283540161 13583.890679174177 -13388.307945858929
22.861633855480306 13670.45342883233 -13474.369113360459
22.861835427420452 13757.738816742618 -13561.150653439716
22.862036999360598 13845.754301207195 -13648.66000977592
22.862238571300743 13934.507432255969 -13736.904717653326
22.862440143240889 14024.005852956121 -13825.892405269475
22.862641715181034 14114.257300742924 -13915.630795064722
22.86284328712118 14205.269608772229 -14006.127705073424
22.863044859061329 14297.050707295024 -14097.391050297174
22.863246431001475 14389.608625054472 -14189.428844100512
22.86344800294162 14482.951490705836 -14282.249199629488
22.863649574881766 14577.08753425971 -14375.86033125354
22.863851146821911 14672.025088548993 -14470.270556031068
22.864052718762057 14767.772590720042 -14565.488295199191
22.864254290702203 14864.338583748444 -14661.522075688097
22.864455862642348 14961.731717979868 -14758.380531660459
22.864657434582497 15059.96075269647 -14856.072406076379
22.864859006522643 15159.034557709309 -14954.606552284333
22.865060578462788 15258.962114977277 -15053.991935638609
22.865262150402934 15359.752520253031 -15154.237635143723
22.86546372234308 15461.414984756424 -15255.352845126323
22.865665294283225 15563.958836875971 -15357.346876935098
22.865866866223371 15667.393523898849 -15460.229160669216
22.866068438163516 15771.728613769998 -15564.009246935828
22.866270010103666 15876.973796880849 -15668.696808637185
22.866471582043811 15983.138887888255 -15774.301642787941
22.866673153983957 16090.23382756418 -15880.833672363189
22.866874725924102 16198.268684676746 -15988.302948177834
22.867076297864248 16307.253657903238 -16096.719650797897
22.867277869804393 16417.199077775644 -16206.094092484351
22.867479441744539 16528.115408659396 -16316.436719170106
22.867681013684685 16640.013250765915 -16427.758112470805
22.867882585624834 16752.90334219961 -16540.068991730037
22.868084157564979 16866.796561040028 -16653.380216099675
22.868285729505125 16981.703927459781 -16767.702786655962
22.868487301445271 17097.636605878968 -16883.047848552105
22.868688873385416 17214.605907156816 -16999.426693208003
22.868890445325562 17332.623290821204 -17116.850760537891
22.869092017265707 17451.700367336882 -17235.33164121662
22.869293589205853 17571.848900413061 -17354.881078985291
22.869495161146002 17693.080809351202 -17475.510972997068
22.869696733086148 17815.408171433759 -17597.233380203907
22.869898305026293 17938.843224354681 -17720.06051778503
22.870099876966439 18063.398368692495 -17844.004765617945
22.870301448906584 18189.086170426814 -17969.078668792867
22.87050302084673 18315.919363499117 -18095.294940171385
22.870704592786876 18443.910852418681 -18222.666462990233
22.870906164727021 18573.073714914539 -18351.206293511106
22.87110773666717 18703.421204634418 -18480.927663717368
22.871309308607316 18834.966753891549 -18611.843984058636
22.871510880547461 18967.723976460318 -18743.968846244185
22.871712452487607 19101.70667042175 -18877.316026086115
22.871914024427753 19236.928821059784 -19011.899486393322
22.872115596367898 19373.404603809391 -19147.733379917252
22.872317168308044 19511.148387257566 -19284.832052350506
22.872518740248189 19650.174736198249 -19423.210045379343
22.872720312188338 19790.498414742284 -19562.882099791186
22.872921884128484 19932.134389483494 -19703.863158638211
22.87312345606863 20075.097832722047 -19846.168370458192
22.873325028008775 20219.404125746267 -19989.813092553752
22.873526599948921 20365.068862174034 -20134.812894331182
22.873728171889066 20512.107851355071 -20281.183560700094
22.873929743829212 20660.537121835288 -20428.941095535109
22.874131315769358 20810.372924884494 -20578.101725200861
22.874332887709507 20961.631738088759 -20728.681902141634
22.874534459649652 21114.33026900878 -20880.698308536936
22.874736031589798 21268.485458905576 -21034.167860024394
22.874937603529943 21424.114486534931 -21189.107709491345
22.875139175470089 21581.234772012005 -21345.53525093654
22.875340747410235 21739.863980747567 -21503.468123403451
22.87554231935038 21900.020027457314 -21662.924214986622
22.875743891290526 22061.721080245861 -21823.921666912629
22.875945463230675 22224.985564766888 -21986.478877697173
22.87614703517082 22389.832168461107 -22150.614507379942
22.876348607110966 22556.279844873625 -22316.347481838828
22.876550179051112 22724.347818052414 -22483.696997185201
22.876751750991257 22894.055587029579 -22652.682524241951
22.876953322931403 23065.422930387176 -22823.323813106002
22.877154894871548 23238.469910909378 -22995.640897797159
22.877356466811694 23413.216880322805 -23169.654100995056
22.877558038751843 23589.684484126912 -23345.384038866123
22.877759610691989 23767.893666516349 -23522.851625982457
22.877961182632134 23947.865675397261 -23702.078080334595
22.87816275457228 24129.62206749952 -23883.084928440177
22.878364326512425 24313.184713586998 -24065.894010550575
22.878565898452571 24498.575803767915 -24250.527485957573
22.878767470392717 24685.817852907508 -24437.007838402282
22.878969042332862 24874.933706145166 -24625.357881588483
22.879170614273011 25065.946544518316 -24815.600764802683
22.879372186213157 25258.879890695396 -25007.759978643164
22.879573758153303 25453.757614820268 -25201.859360860435
22.879775330093448 25650.603940470501 -25397.923102311514
22.879976902033594 25849.443450732044 -25595.975753030489
22.880178473973739 26050.301094392806 -25796.04222841798
22.880380045913885 26253.20219225777 -25998.147815552042
22.88058161785403 26458.17244358833 -26202.318179623238
22.88078318979418 26665.237932668566 -26408.579370496587
22.880984761734325 26874.425135501311 -26616.957829403229
22.881186333674471 27085.760926636831 -26827.480395764651
22.881387905614616 27299.272586137118 -27040.174314152453
22.881589477554762 27514.987806678793 -27255.067241386652
22.881791049494907 27732.934700797719 -27472.187253775628
22.881992621435053 27953.141808278509 -27691.562854500906
22.882194193375199 28175.638103692174 -27913.222981149978
22.882395765315348 28400.453004085233 -28137.197013400553
22.882597337255493 28627.616376823735 -28363.514780859605
22.882798909195639 28857.158547595656 -28592.206571060742
22.883000481135785 29089.110308575295 -28823.303137623509
22.88320205307593 29323.502926753335 -29056.835708578234
22.883403625016076 29560.368152436342 -29292.835994860277
22.883605196956221 29799.738227919574 -29531.336198977489
22.883806768896367 30041.645896337075 -29772.36902385487
22.884008340836516 30286.124410693108 -30015.967681860482
22.884209912776662 30533.207543079108 -30262.165904016809
22.884411484716807 30782.929594080437 -30510.997949401808
22.884613056656953 31035.325402377315 -30762.498614744076
22.884814628597098 31290.430354544449 -31016.703244216602
22.885016200537244 31548.280395053956 -31273.64773943372
22.88521777247739 31808.912036486327 -31533.368569656028
22.885419344417535 32072.362369954273 -31795.902782208079
22.885620916357684 32338.669075744478 -32061.288013113885
22.88582248829783 32607.870434182318 -32329.562497955281
22.886024060237975 32880.005336724833 -32600.765082958456
22.886225632178121 33155.113297287317 -32874.935236313984
22.886427204118267 33433.234463809065 -33152.113059735908
22.886628776058412 33714.409630063907 -33432.339300265521
22.886830347998558 33998.680247721408 -33715.655362325691
22.887031919938703 34286.088438664679 -34002.103320031667
22.887233491878852 34576.677007570885 -34291.725929764514
22.887435063818998 34870.48945476082 -34584.566643013473
22.887636635759144 35167.569989323958 -34880.669619493674
22.887838207699289 35467.963542525635 -35180.079740545851
22.888039779639435 35771.715781503131 -35482.842622824894
22.88824135157958 36078.873123257727 -35789.004632284166
22.888442923519726 36389.482748949806 -36098.61289846283
22.888644495459872 36703.592618504481 -36411.715329083476
22.888846067400021 37021.251485535227 -36728.360624967703
22.889047639340166 37342.508912593366 -37048.598295277392
22.889249211280312 37667.415286751355 -37372.478673089608
22.889450783220457 37996.021835528081 -37700.052931313447
22.889652355160603 38328.380643164615 -38031.373098957127
22.889853927100749 38664.54466725907 -38366.492077754076
22.890055499040894 39004.567755769458 -38705.463659156878
22.89025707098104 39348.504664393709 -39048.342541708189
22.890458642921189 39696.411074336196 -39395.184348798066
22.890660214861335 40048.343610470482 -39746.045646817322
22.89086178680148 40404.359859908196 -40100.983963716833
22.891063358741626 40764.51839098418 -40460.057807983008
22.891264930681771 41128.878772668468 -40823.326688039895
22.891466502621917 41497.501594415815 -41190.851132088668
22.891668074562062 41870.448486463894 -41562.692708395596
22.891869646502208 42247.782140591502 -41938.914046039892
22.892071218442357 42629.566331348527 -42319.578856133085
22.892272790382503 43015.865937769704 -42704.751953522049
22.892474362322648 43406.746965584513 -43094.499278987969
22.892675934262794 43802.276569935995 -43488.887921954018
22.892877506202939 44202.523078621569 -43887.986143714843
22.893079078143085 44607.556015869275 -44291.863401201343
22.893280650083231 45017.446126663388 -44700.590371294507
22.893482222023376 45432.265401633551 -45114.238975702661
22.893683793963525 45852.087102522193 -45532.882406416727
22.893885365903671 46276.98578824522 -45956.5951517586
22.894086937843817 46707.037341561612 -46385.45302303815
22.894288509783962 47142.318996367801 -46819.533181834806
22.894490081724108 47582.909365633335 -47258.914167920229
22.894691653664253 48028.888469994716 -47703.6759278389
22.894893225604399 48480.337767024881 -48153.899844164072
22.895094797544544 48937.340181196167 -48609.668765447044
22.895296369484694 49399.980134555306 -49071.067036878172
22.895497941424839 49868.343578129396 -49538.180531678605
22.895699513364985 50342.518024082456 -50011.096683242351
22.89590108530513 50822.592578642652 -50489.904518048759
22.896102657245276 51308.657975821036 -50974.694689366239
22.896304229185422 51800.806611943051 -51465.559511768464
22.896505801125567 52299.132581014921 -51962.592996485189
22.896707373065713 52803.731710947512 -52465.890887610265
22.896908945005862 53314.701600661079 -52975.550699190222
22.897110516946007 53832.141658094923 -53491.671753217459
22.897312088886153 54356.153139146743 -54014.355218552868
22.897513660826299 54886.839187567275 -54543.704150803387
22.897715232766444 55424.304875836482 -55079.823533180825
22.89791680470659 55968.657247048475 -55622.820318369035
22.898118376646735 56520.005357833084 -56172.803471427476
22.898319948586881 57078.460322342951 -56729.884013759896
22.89852152052703 57644.135357335785 -57294.175068177887
22.898723092467176 58217.145828382505 -57865.791905089907
22.898924664407321 58797.609297232768 -58444.851989847397
22.899126236347467 59385.645570370507 -59031.475031280468
22.899327808287612 59981.376748793053 -59625.783031456842
22.899529380227758 60584.927279048432 -60227.900336698585
22.899730952167904 61196.424005566667 -60837.953689892391
22.899932524108049 61815.996224321825 -61456.072284130278
22.900134096048198 62443.775737862896 -62082.387817718656
22.900335667988344 63079.896911752738 -62717.034550595061
22.900537239928489 63724.496732455511 -63360.149362192926
22.900738811868635 64377.714866714392 -64011.87181079622
22.900940383808781 65039.693722462711 -64672.344194427023
22.901141955748926 65710.578511312939 -65341.711613310516
22.901343527689072 66390.517312669472 -66020.122033963271
22.901545099629217 67079.661139512653 -66707.726354952334
22.901746671569366 67778.164005902901 -67404.678474373854
22.901948243509512 68486.182996255549 -68111.135359102031
22.902149815449658 69203.87833643856 -68827.257115860266
22.902351387389803 69931.413466747006 -69553.207064168673
22.902552959329949 70668.955116809957 -70289.15181122339
22.902754531270094 71416.673382487279 -71035.261328765322
22.90295610321024 72174.741804815843 -71791.709031997583
22.903157675150386 72943.337451066269 -72558.671860613089
22.903359247090535 73722.640997973926 -73336.330361995584
22.90356081903068 74512.836817209391 -74124.868776659772
22.903762390970826 75314.113063156372 -74924.47512599804
22.903963962910971 76126.661763066877 -75735.341302403962
22.904165534851117 76950.678909666065 -76557.663161844772
22.904367106791263 77786.364556281565 -77391.640618957637
22.904568678731408 78633.922914574592 -78237.477744747026
22.904770250671554 79493.562454952815 -79095.382866963177
22.904971822611703 80365.496009747687 -79965.568673244241
22.905173394551849 81249.940879241709 -80848.252317107705
22.905374966491994 82147.118940634187 -81743.655526879491
22.90557653843214 83057.256760036908 -82652.004717652191
22.905778110372285 83980.585707594408 -83573.531106367212
22.905979682312431 84917.342075826906 -84508.470830118618
22.906181254252576 85867.767201297203 -85457.065067780233
22.906382826192722 86832.1075897064 -86419.56016506067
22.906584398132871 87810.615044527251 -87396.207763095081
22.906785970073017 88803.546799287273 -88387.26493068588
22.906987542013162 89811.165653618329 -89392.994300308885
22.907189113953308 90833.740113192922 -90413.664208005328
22.907390685893454 91871.544533672175 -91449.548837284558
22.907592257833599 92924.859268794651 -92500.92836716662
22.907793829773745 93993.970822739968 -93568.089124498583
22.90799540171389 95079.172006905836 -94651.323740683249
22.908196973654039 96180.762101242202 -95750.931312963978
22.908398545594185 97299.047020291458 -96867.217570414359
22.908600117534331 98434.339484088865 -98000.495044787109
22.908801689474476 99586.959194083276 -99151.083246382055
22.909003261414622 100757.23301424374 -100319.30884509881
22.909204833354767 101945.49515752395 -101505.50585684612
22.909406405294913 103152.08737786258 -102710.01583548586
22.909607977235058 104377.3591679044 -103933.18807049644
22.909809549175208 105621.6679626336 -105175.37979054733
22.910011121115353 106885.37934911816 -106436.95637318306
22.910212693055499 108168.86728257136 -107718.29156082311
22.910414264995644 109472.51430894433 -109019.7676832914
22.91061583693579 110796.71179427153 -110341.77588709726
22.910817408875936 112141.86016099947 -111684.71637169817
22.911018980816081 113508.36913153769 -113048.99863298319
22.911220552756227 114896.65797928013 -114435.04171422524
22.911422124696376 116307.15578735445 -115843.27446475976
22.911623696636521 117740.3017153668 -117274.13580665708
22.911825268576667 119196.54527441977 -118728.07500966631
22.912026840516813 120676.34661069188 -120205.55197471908
22.912228412456958 122180.17679787851 -121707.03752629283
22.912429984397104 123708.51813880529 -123233.01371394472
22.912631556337249 125261.86447653759 -124783.97412333987
22.912833128277395 126840.72151532212 -126360.42419710963
22.913034700217544 128445.60715171011 -127962.88156588953
22.91323627215769 130077.05181622514 -129591.87638989967
22.913437844097835 131735.59882595314 -131247.95171144538
22.913639416037981 133421.80474844729 -132931.66381873039
22.913840987978126 135136.23977735578 -134643.58262139084
22.914042559918272 136879.48812019735 -136384.29203817464
22.914244131858418 138652.14839872619 -138154.39039720772
22.914445703798563 140454.83406234582 -139954.4908493071
22.914647275738712 142288.17381504999 -141785.22179481827
22.914848847678858 144152.81205638862 -143647.2273244751
22.915050419619003 146049.40933697656 -145541.1676748
22.915251991559149 147978.64282908459 -147467.71969858342
22.915453563499295 149941.20681287433 -149427.57735100455
22.91565513543944 151937.81317886154 -151421.45219197767
22.915856707379586 153969.19194721739 -153450.07390533315
22.916058279319735 156036.09180454162 -155514.19083546771
22.916259851259881 158139.28065876939 -157614.5705421248
22.916461423200026 160279.54621289996 -159752.00037399394
22.916662995140172 162457.69655826583 -161927.28806184695
22.916864567080317 164674.5607880904 -164141.26233195927
22.917066139020463 166930.98963211471 -166394.77354059686
22.917267710960608 169227.85611310668 -168688.6943303821
22.917469282900754 171566.05622610173 -171023.92030938703
22.917670854840903 173946.50964125982 -173401.37075383932
22.917872426781049 176370.16043126251 -175821.98933536423
22.918073998721194 178837.97782421371 -178286.74487372607
22.91827557066134 181350.95698304984 -180796.63211607502
22.918477142601485 183910.11981250934 -183352.67254374863
22.918678714541631 186516.51579475758 -185955.91520772455
22.918880286481777 189171.22285481173 -188607.43759386826
22.919081858421922 191875.34825696104 -191308.34651917155
22.919283430362071 194630.02953343111 -194059.77906023007
22.919485002302217 197436.43544659697 -196862.90351526457
22.919686574242363 200295.76698610821 -199718.92040104888
22.919888146182508 203209.25840235135 -202629.06348616967
22.920089718122654 206178.17827773863 -205594.60086210712
22.920291290062799 209203.83063738132 -208616.83605369428
22.920492862002945 212287.55610077616 -211697.10917058337
22.92069443394309 215430.7330762085 -214836.79810142313
22.92089600588324 218634.77899965533 -218037.319752529
22.921097577823385 221901.15162005255 -221300.13133291158
22.921299149763531 225231.35033287946 -224626.73168761513
22.921500721703676 228626.91756410367 -228018.66268140951
22.921702293643822 232089.44020662605 -231477.51063497507
22.921903865583968 235620.5511114671 -235004.90781582129
22.922105437524113 239221.93063604133 -238602.53398628579
22.922307009464259 242895.30825197944 -242272.11801107295
22.922508581404408 246642.46421507475 -246015.43952690877
22.922710153344553 250465.23130005554 -249834.33067701283
22.922911725284699 254365.49660301441 -253730.67791321853
22.923113297224845 258345.20341446446 -257706.42386871093
22.92331486916499 262406.35316613613 -261763.56930449588
22.923516441105136 266551.00745478214 -265904.17513286712
22.923718013045281 270781.29014641792 -270130.36452129931
22.923919584985427 275099.38956459617 -274444.32508036407
22.924121156925576 279507.56076649169 -278848.31113944569
22.924322728865722 284008.12791076215 -283344.6461142216
22.924524300805867 288603.48672135029 -287935.72497007251
22.924725872746013 293296.10705160227 -292624.01678579656
22.924927444686158 298088.53555329936 -297412.06742222444
22.925129016626304 302983.39845543465 -302302.50230056647
22.92533058856645 307983.40445781412 -307298.02929557068
22.925532160506595 313091.34774482239 -312401.44174883171
22.925733732446744 318310.11112497078 -317615.6216078673
22.92593530438689 323642.66930213629 -322943.54269687121
22.926136876327035 329092.09228471061 -328388.27412536024
22.926338448267181 334661.54893920309 -333952.9838412595
22.926540020207327 340354.31069518923 -339640.9423353161
22.926741592147472 346173.75540886039 -345455.52650409716
22.926943164087618 352123.37139281858 -351400.22367921472
22.927144736027763 358206.76162016985 -357478.63583083067
22.927346307967913 364427.64811140386 -363694.48395392863
22.927547879908058 370789.87651300762 -370051.61264629947
22.927749451848204 377297.42087724817 -376553.99488767557
22.927951023788349 383954.38865307672 -383205.7370299644
22.928152595728495 390765.02589865425 -390011.08400908113
22.92835416766864 397733.72272657917 -396974.42478946026
22.928555739608786 404865.01899351616 -404100.29805294349
22.928757311548932 412163.61024657765 -411393.3981443955
22.928958883489081 419634.35393950657 -418858.58128709462
22.929160455429226 427282.27593244554 -426500.87208168232
22.929362027369372 435112.5772898625 -434325.47030324116
22.929563599309517 443130.64139203634 -442337.75801190297
22.929765171249663 451342.04137639148 -450543.30699327501
22.929966743189809 459752.5479259126 -458947.88654591475
22.930168315129954 468368.13742287352 -467557.47163408512
22.9303698870701 477195.0004871799 -476378.25142508873
22.930571459010249 486239.55091976147 -485416.638231616
22.930773030950395 495508.43507265794 -494679.27688074886
22.93097460289054 505008.54166873137 -504173.05453255179
22.931176174830686 514747.01209530927 -513905.11097255262
22.931377746770831 524731.25119752646 -523882.8494038799
22.931579318710977 534968.93859869416 -534113.94776638225
22.931780890651122 545468.04057668778 -544606.37061172083
22.931982462591268 556236.82252712338 -555368.38156520179
22.932184034531417 567283.86204598716 -566408.55640701076
22.932385606471563 578618.06266640814 -577735.79680753918
22.932587178411708 590248.66828642937 -589359.34475365269
22.932788750351854 602185.27832694352 -601288.79770506721
22.932990322292 614437.86366143369 -613534.12452247052
22.933191894232145 627016.78336180432 -626105.68221167033
22.933393466172291 639932.80230741843 -639014.23353088438
22.933595038112436 653197.10970748751 -652270.96551131352
22.933796610052585 666821.33859020518 -665887.50894438778
22.933998181992731 680817.58631549543 -679875.95889255172
22.934199753932877 695198.43617196986 -694248.89628418093
22.934401325873022 709976.98012268927 -709019.41065722005
22.934602897813168 725166.84276860894 -724201.12412041926
22.934804469753313 740782.20660319284 -739808.21660565003
22.935006041693459 756837.83863662055 -755855.45248971845
22.935207613633604 773349.11847332062 -772358.20866940764
22.935409185573754 790332.06793226907 -789332.50417918083
22.935610757513899 807803.38230562594 -806795.03144711477
22.935812329454045 825780.46335788094 -824763.18929122831
22.93601390139419 844281.45417478215 -843255.11776547506
22.936215473334336 863325.27597896778 -862289.73497231351
22.936417045274482 882931.66703745932 -881886.77596700797
22.936618617214627 903121.2237950532 -902066.83388768951
22.936820189154773 923915.44437722198 -922851.40345478186
22.937021761094922 945336.77461646637 -944262.92699372594
22.937223333035067 967408.65676720953 -966324.84314608702
22.937424904975213 990155.58108636655 -989061.63844616816
22.937626476915359 1013603.1404697363 -1012498.9019532698
22.937828048855504 1037778.0883484302 -1036663.3831438007
22.93802962079565 1062708.4000647715 -1061583.0532826614
22.938231192735795 1088423.3379635678 -1087287.170509798
22.938432764675941 1114953.5204525015 -1113806.3488956536
22.93863433661609 1142330.9953047035 -1141172.6317385759
22.938835908556236 1170589.3174975365 -1169419.5693981925
22.939037480496381 1199763.6319043397 -1198582.3019814931
22.939239052436527 1229890.7611805601 -1228697.6472230316
22.939440624376672 1261009.2992124967 -1259804.1939274548
22.939642196316818 1293159.710525994 -1291942.4013716849
22.939843768256964 1326384.4360840975 -1325154.7050957456
22.940045340197109 1360728.0059371339 -1359485.6295456814
22.940246912137258 1396237.1592261929 -1394981.9080695244
22.940448484077404 1432960.9720818542 -1431692.6108081343
22.940650056017549 1470950.9940045686 -1469669.2810672976
22.940851627957695 1510261.3933616979 -1508966.0808060691
22.941053199897841 1550949.112689289 -1549639.9459294036
22.941254771837986 1593074.0345446139 -1591750.7521310884
22.941456343778132 1636699.1587188758 -1635361.4920963424
22.941657915718277 1681890.7916887938 -1680538.4649427696
22.941859487658427 1728718.749261657 -1727351.4788542243
22.942061059598572 1777256.5734515688 -1775874.0679452722
22.942262631538718 1827581.7647157283 -1826183.7244850618
22.942464203478863 1879776.030779588 -1878362.147709403
22.942665775419009 1933925.5533895032 -1932495.5105596262
22.942867347359154 1990121.274452128 -1988674.7458074363
22.9430689192993 2048459.2031524717 -2046995.8531576188
22.943270491239446 2109040.7457885286 -2107560.2290664683
22.943472063179595 2171973.0602212283 -2170475.021174625
22.94367363511974 2237369.4370157397 -2235853.5094302925
22.943875207059886 2305349.7095457856 -2303815.5161744328
22.944076779000032 2376040.6955486303 -2374487.8476755321
22.944278350940177 2449576.6728571733 -2448004.7698402875
22.944479922880323 2526099.8922996866 -2524508.5210906849
22.944681494820468 2605761.1310502132 -2604149.8656903873
22.944883066760614 2688720.2900367333 -2687088.6911274539
22.945084638700763 2775147.0393737741 -2773494.6535199648
22.945286210640909 2865221.5161853721 -2863547.8754103431
22.945487782581054 2959135.0796280466 -2957439.7007579268
22.9456893545212 3057091.1284171529 -3055373.5124330246
22.945890926461345 3159305.9867098113 -3157565.6180655141
22.946092498401491 3266009.8648106186 -3264246.2107140408
22.946294070341636 3377447.9018504759 -3375660.4115059907
22.946495642281782 3493881.2983532012 -3492069.4021627265
22.946697214221931 3615588.5474594547 -3613751.6561794244
22.946898786162077 3742866.7745347652 -3741004.2783860951
22.947100358102222 3876033.1959614372 -3874144.4636893366
22.947301930042368 4015426.709118417 -4013511.0869986573
22.947503501982514 4161409.6269063326 -4159466.4376943116
22.947705073922659 4314369.5716971997 -4312398.1135158483
22.947906645862805 4474721.5453029657 -4472721.0904652243
22.94810821780295 4642910.1934909075 -4640879.9872521488
22.948309789743099 4819412.2857577372 -4817351.5449931324
22.948511361683245 5004739.433543616 -5002647.3453450203
22.948712933623391 5199441.0728633357 -5197316.7930498095
22.948914505563536 5404107.7405022476 -5401950.3920378266
22.949116077503682 5619374.676524221 -5617183.347835999
22.949317649443827 5845925.7899319977 -5843699.5331209712
22.949519221383973 6084498.0289815888 -6082235.8579180464
22.949720793324119 6335886.2029682519 -6333587.091262755
22.949922365264268 6600948.3083737027 -6598611.1872138819
22.950123937204413 6880611.4192111148 -6878235.1750536207
22.950325509144559 7175878.2093648929 -7173461.6814708291
22.950527081084704 7487834.1838592123 -7485376.1616602913
22.95072865302485 7817655.7064948129 -7815154.9267762415
22.950930224964996 8166618.9233933128 -8164074.0672780685
22.951131796905141 8536109.6959494464 -8533519.3856670931
22.951333368845287 8927634.672829736 -8924997.4682512432
22.951534940785436 9342833.6493461337 -9340148.0442643184
22.951736512725581 9783493.3842197973 -9780757.8023528829
22.951938084665727 10251563.068964649 -10248775.85965813
22.952139656605873 10749171.674495466 -10746331.108094845
22.952341228546018 11278647.433859337 -11275751.696723368
22.952542800486164 11842539.760112569 -11839586.949233346
22.952744372426309 12443643.945411716 -12440632.062604258
22.952945944366455 13085029.04267717 -13081955.988296963
22.953147516306604 13770069.396317856 -13766932.96246011
22.95334908824675 14502480.365411861 -14499278.228540901
22.953550660186895 15286358.873774458 -15283088.586725667
22.953752232127041 16126229.529384 -16122888.512673829
22.953953804067186 17027097.184190776 -17023682.716562565
22.954155376007332 17994506.958716612 -17991016.166841108
22.954356947947478 19034612.939370472 -19031042.786609739
22.954558519887623 20154256.976613749 -20150604.250745576
22.954760091827772 21361059.277137622 -21357320.576924238
22.954961663767918 22663522.803165302 -22659694.523634844
22.955163235708063 24071153.87948795 -24067232.19577951
22.955364807648209 25594601.879688878 -25590582.729291573
22.955566379588355 27245821.437097095 -27241700.500289973
22.9557679515285 29038261.328454658 -29034034.006726801
22.955969523468646 30987085.040939864 -30982746.433138162
22.956171095408791 33109429.096642978 -33104973.972557701
22.956372667348941 35424706.524759404 -35420129.295814015
22.956574239289086 37954964.507403888 -37950259.19406423
22.956775811229232 40725307.26627674 -40720467.461734191
22.956977383169377 43764397.81636706 -43759416.645978734
22.957178955109523 47105055.435564771 -47099925.511448964
22.957380527049668 50784969.777163297 -50779683.147247173
22.957582098989814 54847557.738789886 -54842105.829485692
22.95778367092996 59342995.832162917 -59337369.383703791
22.957985242870109 64329469.321903035 -64323658.315194905
22.958186814810254 69874690.421616465 -69868683.995250806
22.9583883867504 76057752.168109238 -76051538.523924619
22.958589958690546 82971403.352891266 -82964969.648157313
22.958791530630691 90724854.602653027 -90718186.826565266
22.958993102570837 99447258.482835874 -99440341.314534396
22.959194674510982 109292050.30300863 -109284866.94774362
22.959396246451128 120442395.2850426 -120434927.28437403
22.959597818391277 133118067.81714511 -133110294.82814007
22.959799390331423 147584198.12243825 -147576097.65966284
22.960000962271568 164162473.08006418 -164154020.2126826
22.960202534211714 183245589.10060728 -183236756.09499997
22.960404106151859 205316052.45844004 -205306808.35429853
22.960605678092005 230970846.16201302 -230961156.26667637
22.960807250032151 260954092.78346768 -260943918.06507325
22.961008821972296 296200732.75401312 -296190029.10848188
22.961210393912445 337895552.82456833 -337884270.18401456
22.961411965852591 387553870.27125108 -387541951.51136053
22.961613537792736 447133176.9371407 -447120556.52731782
22.961815109732882 519189684.27990413 -519176286.60096109
22.962016681673028 607101009.48851907 -607086746.71597362
22.962218253613173 715387953.93916726 -715372723.35219252
