# serie phase 2 p7_w2.27_c1.20_dt2s2_k2 : t x1 x2 (dt2=0.00010078597007301487, depart t=9.5099999999999998 etat bascule x1 x2 v1 v2 = 1588.7572222103768 -1563.7228956229496 58645.041828169771 -58377.784326780384)
9.5099999999999998 1588.7572222103768 -1563.7228956229496
9.5101007859700726 1594.6828963619841 -1569.6216010714559
9.5102015719401454 1600.6388542436969 -1575.5505242910206
9.5103023579102182 1606.6252924397838 -1581.5098616160788
9.5104031438802927 1612.6424090820678 -1587.499810927337
9.5105039298503655 1618.6904038642372 -1593.5205716660764
9.5106047158204383 1624.7694780563083 -1599.5723448486074
9.5107055017905111 1630.8798345192433 -1605.6553330808781
9.5108062877605839 1637.0216777197218 -1611.7697405732386
9.5109070737306567 1643.1952137450717 -1617.9157731553623
9.5110078597007295 1649.4006503183589 -1624.0936382913274
9.5111086456708023 1655.6381968136379 -1630.303545094858
9.5112094316408768 1661.9080642713664 -1636.5457043447309
9.5113102176109496 1668.2104654139848 -1642.8203285003458
9.5114110035810224 1674.5456146616634 -1649.1276317174629
9.5115117895510952 1680.9137281482178 -1655.4678298641106
9.511612575521168 1687.3150237371976 -1661.8411405366637
9.5117133614912408 1693.7497210381464 -1668.2477830760954
9.5118141474613136 1700.2180414230395 -1674.6879785844048
9.5119149334313864 1706.7202080428974 -1681.1619499412218
9.512015719401461 1713.2564458445804 -1687.6699218205918
9.5121165053715337 1719.826981587765 -1694.2121207079429
9.5122172913416065 1726.4320438621046 -1700.7887749172367
9.5123180773116793 1733.0718631045763 -1707.4001146083062
9.5124188632817521 1739.7466716170175 -1714.0463718043823
9.5125196492518249 1746.4567035838529 -1720.7277804098103
9.5126204352218977 1753.2021950900155 -1727.4445762279624
9.5127212211919705 1759.9833841390634 -1734.1969969793433
9.5128220071620451 1766.8005106714947 -1740.9852823198958
9.5129227931321179 1773.6538165832637 -1747.8096738595068
9.5130235791021907 1780.5435457444999 -1754.670415180716
9.5131243650722634 1787.4699440184331 -1761.5677518576306
9.5132251510423362 1794.433259280527 -1768.5019314750489
9.513325937012409 1801.4337414378235 -1775.4732036477935
9.5134267229824818 1808.4716424485005 -1782.4818200402597
9.5135275089525546 1815.5472163416462 -1789.528034386178
9.5136282949226292 1822.6607192372521 -1796.6121025085974
9.513729080892702 1829.8124093664287 -1803.7342823400891
9.5138298668627748 1837.0025470918436 -1810.8948339431747
9.5139306528328476 1844.2313949283887 -1818.0940195309829
9.5140314388029203 1851.4992175640773 -1825.332103488134
9.5141322247729931 1858.8062818811736 -1832.6093523918589
9.5142330107430659 1866.152856977558 -1839.9260350333541
9.5143337967131387 1873.5392141883328 -1847.2824224393746
9.5144345826832133 1880.9656271076678 -1854.6787878940693
9.5145353686532861 1888.4323716108929 -1862.1154069610611
9.5146361546233589 1895.9397258768372 -1869.5925575057752
9.5147369405934317 1903.487970410421 -1877.1105197180186
9.5148377265635045 1911.0773880655001 -1884.6695761348135
9.5149385125335773 1918.7082640679707 -1892.270011663489
9.51503929850365 1926.3808860391323 -1899.9121136050333
9.5151400844737228 1934.095544019317 -1907.5961716777101
9.5152408704437974 1941.8525304917855 -1915.322478040943
9.5153416564138702 1949.6521404068949 -1923.0913273194701
9.515442442383943 1957.4946712065405 -1930.9030166277742
9.5155432283540158 1965.3804228488762 -1938.7578455947898
9.5156440143240886 1973.3096978333158 -1946.656116388893
9.5157448002941614 1981.2828012258208 -1954.5981337431756
9.5158455862642342 1989.3000406844765 -1962.5842049810083
9.5159463722343069 1997.3617264853608 -1970.6146400418972
9.5160471582043815 2005.4681715487097 -1978.6897515076357
9.5161479441744543 2013.6196914653831 -1986.8098546287574
9.5162487301445271 2021.8166045236351 -1994.9752673512928
9.5163495161145999 2030.0592317361918 -2003.1863103438343
9.5164503020846727 2038.3478968676427 -2011.4433070249129
9.5165510880547455 2046.6829264621465 -2019.7465835906919
9.5166518740248183 2055.0646498714591 -2028.0964690429798
9.5167526599948911 2063.4933992832848 -2036.4932952175689
9.5168534459649656 2071.9695097499575 -2044.9373968129007
9.5169542319350384 2080.493319217454 -2053.4291114190673
9.5170550179051112 2089.0651685547455 -2061.9687795471468
9.517155803875184 2097.6854015834915 -2070.5567446588839
9.5172565898452568 2106.3543651080781 -2079.1933531967134
9.5173573758153296 2115.07240894601 -2087.878954614137
9.5174581617854024 2123.8398859586569 -2096.6139014064565
9.5175589477554752 2132.6571520823591 -2105.398549141863
9.5176597337255497 2141.5245663599007 -2114.2332564928961
9.5177605196956225 2150.4424909723512 -2123.1183852682689
9.5178613056656953 2159.4112912712817 -2132.054300445071
9.5179620916357681 2168.4313358113618 -2141.0413702013493
9.5180628776058409 2177.5029963833417 -2150.0799659490731
9.5181636635759137 2186.6266480474233 -2159.1704623674909
9.5182644495459865 2195.8026691670266 -2168.313237436882
9.5183652355160593 2205.0314414429586 -2177.5086724727075
9.5184660214861339 2214.3133499479854 -2186.7571521601667
9.5185668074562066 2223.6487831618178 -2196.0590645891675
9.5186675934262794 2233.0381330065129 -2205.4148012897108
9.5187683793963522 2242.4817948822974 -2214.8247572676974
9.518869165366425 2251.9801677038222 -2224.2893310411655
9.5189699513364978 2261.5336539368463 -2233.8089246769596
9.5190707373065706 2271.1426596353649 -2243.3839438278392
9.5191715232766434 2280.8075944791808 -2253.0147977700353
9.519272309246718 2290.5288718119295 -2262.701899441256
9.5193730952167908 2300.3069086795599 -2272.4456654791516
9.5194738811868636 2310.1421258692812 -2282.2465162602434
9.5195746671569363 2320.0349479489805 -2292.1048759393234
9.5196754531270091 2329.9858033071159 -2302.0211724893288
9.5197762390970819 2339.9951241930939 -2311.9958377417038
9.5198770250671547 2350.0633467581379 -2322.0293074272463
9.5199778110372275 2360.1909110966512 -2332.1220212174567
9.5200785970073021 2370.3782612880877 -2342.2744227663852
9.5201793829773749 2380.6258454393278 -2352.4869597529932
9.5202801689474477 2390.9341157275762 -2362.7600839240313
9.5203809549175205 2401.3035284437842 -2373.0942511374396
9.5204817408875932 2411.7345440366007 -2383.4899214062839
9.520582526857666 2422.2276271568676 -2393.9475589432277
9.5206833128277388 2432.7832467026569 -2404.4676322055534
9.5207840987978116 2443.4018758648667 -2415.0506139407357
9.5208848847678862 2454.0839921733773 -2425.6969812325779
9.520985670737959 2464.830077543776 -2436.4072155479193
9.5210864567080318 2475.640618324664 -2447.1818027839186
9.5211872426781046 2486.5161053455445 -2458.0212333159234
9.5212880286481774 2497.4570339653096 -2468.9260020459355
9.5213888146182502 2508.4639041213259 -2479.8966084516765
9.5214896005883229 2519.5372203791335 -2490.9335566362652
9.5215903865583957 2530.6774919827649 -2502.0373553785143
9.5216911725284703 2541.8852329056904 -2513.2085181838561
9.5217919584985431 2553.1609619024025 -2524.4475633359043
9.5218927444686159 2564.5052025606451 -2535.7550139486616
9.5219935304386887 2575.9184833543004 -2547.1313980193841
9.5220943164087615 2587.4013376969369 -2558.5772484821077
9.5221951023788343 2598.9543039960358 -2570.0931032618514
9.5222958883489071 2610.577925707898 -2581.6795053295018
9.5223966743189798 2622.272751393245 -2593.3370027573919
9.5224974602890544 2634.0393347735253 -2605.0661487755829
9.5225982462591272 2645.878234787931 -2616.8675018288586
9.5226990322292 2657.7900156511405 -2628.7416256344445
9.5227998181992728 2669.775246911795 -2640.689089240459
9.5229006041693456 2681.8345035117177 -2652.7104670851113
9.5230013901394184 2693.9683658458907 -2664.8063390566513
9.5231021761094912 2706.1774198231956 -2676.9772905540881
9.523202962079564 2718.4622569279336 -2689.223912548684
9.5233037480496385 2730.8234742821332 -2701.5468016462369
9.5234045340197113 2743.2616747086563 -2713.9465601501629
9.5235053199897841 2755.7774667951185 -2726.4237961253893
9.5236061059598569 2768.37146495863 -2738.979123463072
9.5237068919299297 2781.0442895113733 -2751.6131619461453
9.5238076779000025 2793.7965667270287 -2764.3265373157224
9.5239084638700753 2806.6289289080573 -2777.1198813383512
9.5240092498401481 2819.5420144538593 -2789.9938318741465
9.5241100358102226 2832.5364679298145 -2802.9490329458044
9.5242108217802954 2845.6129401372236 -2815.9861348085151
9.5243116077503682 2858.7720881841592 -2829.1057940207861
9.524412393720441 2872.0145755572412 -2842.3086735161919
9.5245131796905138 2885.3410721943528 -2855.5954426760604
9.5246139656605866 2898.7522545583056 -2868.9667774031104
9.5247147516306594 2912.2488057114738 -2882.4233601960568
9.5248155376007322 2925.8314153914071 -2895.9658802251952
9.5249163235708068 2939.5007800874405 -2909.5950334089825
9.5250171095408795 2953.2576031183116 -2923.3115224916255
9.5251178955109523 2967.1025947108064 -2937.1160571216956
9.5252186814810251 2981.0364720794423 -2951.0093539317832
9.5253194674510979 2995.059959507209 -2964.992136619207
9.5254202534211707 3009.1737884273798 -2979.0651360277966
9.5255210393912435 3023.3786975064108 -2993.22909023076
9.5256218253613163 3037.6754327279468 -3007.4847446146568
9.5257226113313909 3052.064747477943 -3021.832851964492
9.5258233973014637 3066.5474026309284 -3036.2741725499441
9.5259241832715364 3081.124166637424 -3050.8094742127528
9.5260249692416092 3095.7958156125296 -3065.4395324552743
9.526125755211682 3110.563133425705 -3080.165130530228
9.5262265411817548 3125.4269117917561 -3094.9870595316506
9.5263273271518276 3140.3879503630492 -3109.906118487077
9.5264281131219004 3155.4470568229704 -3124.9231144509654
9.526528899091975 3170.6050469806482 -3140.0388625993869
9.5266296850620478 3185.8627448669604 -3155.2541863259967
9.5267304710321206 3201.2209828318432 -3170.56991733931
9.5268312570021934 3216.6806016429255 -3185.9868957612994
9.5269320429722661 3232.2424505855033 -3201.5059702273356
9.5270328289423389 3247.9073875638819 -3217.1279979874935
9.5271336149124117 3263.6762792041004 -3232.8538450092387
9.5272344008824845 3279.5500009580642 -3248.6843860815261
9.5273351868525591 3295.5294372091048 -3264.6205049203213
9.5274359728226319 3311.6154813789926 -3280.663094275576
9.5275367587927047 3327.8090360364181 -3296.8130560396726
9.5276375447627775 3344.1110130069737 -3313.0713013573668
9.5277383307328503 3360.5223334846514 -3329.438750737248
9.5278391167029231 3377.0439281448853 -3345.9163341647422
9.5279399026729958 3393.6767372591607 -3362.5049912166814
9.5280406886430686 3410.4217108112134 -3379.2056711774644
9.5281414746131432 3427.2798086148478 -3396.0193331568344
9.528242260583216 3444.2520004333951 -3412.946946209297
9.5283430465532888 3461.3392661008406 -3429.9894894552058
9.5284438325233616 3478.5425956446447 -3447.1479522035429
9.5285446184934344 3495.8629894102837 -3464.4233340764181
9.5286454044635072 3513.3014581875414 -3481.8166451353177
9.52874619043358 3530.8590233385735 -3499.3289060091261
9.5288469764036527 3548.5367169277788 -3516.961148023955
9.5289477623737273 3566.335581853501 -3534.7144133348015
9.5290485483438001 3584.256671981595 -3552.5897550590685
9.5291493343138729 3602.3010522808818 -3570.5882374119788
9.5292501202839457 3620.4697989605288 -3588.710935843907
9.5293509062540185 3638.7639996093812 -3606.9589371796678
9.5294516922240913 3657.1847533372784 -3625.3333397597848
9.5295524781941641 3675.733170918385 -3643.8352535837776
9.5296532641642369 3694.4103749365731 -3662.4658004554949
9.5297540501343114 3713.2174999328854 -3681.2261141305312
9.5298548361043842 3732.1556925551126 -3700.1173404657566
9.529955622074457 3751.2261117095227 -3719.1406375709971
9.5300564080445298 3770.4299287147724 -3738.2971759628986
9.5301571940146026 3789.7683274580427 -3757.5881387210115
9.5302579799846754 3809.2425045534274 -3777.0147216461296
9.5303587659547482 3828.8536695026155 -3796.5781334209228
9.530459551924821 3848.6030448579068 -3816.2795957729018
9.5305603378948955 3868.4918663875942 -3836.1203436397477
9.5306611238649683 3888.5213832437553 -3856.1016253370526
9.5307619098350411 3908.692858132491 -3876.2247027285048
9.5308626958051139 3929.0075674866516 -3896.4908513985624
9.5309634817751867 3949.4668016410938 -3916.9013608276559
9.5310642677452595 3970.0718650105064 -3937.45753456996
9.5311650537153323 3990.824076269852 -3958.1606904337796
9.5312658396854051 4011.7247685374632 -3979.0121606645912
9.5313666256554797 4032.775289560841 -4000.013292130785
9.5314674116255524 4053.9770019051998 -4021.1654465121533
9.5315681975956252 4075.3312831448052 -4042.4700004911688
9.531668983565698 4096.8395260571479 -4063.9283459471035
9.5317697695357708 4118.5031388200068 -4085.5418901530315
9.5318705555058436 4140.3235452114468 -4107.3120559757663
9.5319713414759164 4162.3021848127973 -4129.2402820787829
9.5320721274459892 4184.4405132146721 -4151.3280231281733
9.5321729134160638 4206.7400022260672 -4173.5767500016846
9.5322736993861366 4229.2021400866051 -4195.9879500009001
9.5323744853562093 4251.8284316819627 -4218.5631270666072
9.5324752713262821 4274.6203987625504 -4241.303801997411
9.5325760572963549 4297.5795801654904 -4264.2115126716471
9.5326768432664277 4320.7075320399508 -4287.2878142726549
9.5327776292365005 4344.0058280758976 -4310.5342795174583
9.5328784152065733 4367.4760597363147 -4333.9524988889252
9.5329792011766479 4391.1198364929633 -4357.5440808714566
9.5330799871467207 4414.938786065728 -4381.3106521902655
9.5331807731167935 4438.9345546656241 -4405.2538580543151
9.5332815590868663 4463.1088072415187 -4429.3753624029714
9.533382345056939 4487.4632277306373 -4453.6768481564395
9.5334831310270118 4511.9995193129189 -4478.160017470047
9.5335839169970846 4536.7194046692848 -4502.8265919924415
9.5336847029671574 4561.6246262438899 -4527.6783131277689
9.533785488937232 4586.7169465104307 -4552.7169423019086
9.5338862749073048 4611.9981482425719 -4577.9442612328257
9.5339870608773776 4637.4700347885728 -4603.3620722051219
9.5340878468474504 4663.1344303501792 -4628.9721983488516
9.5341886328175232 4688.9931802658639 -4654.7764839226847
9.5342894187875959 4715.0481512984825 -4680.7767946014865
9.5343902047576687 4741.3012319274349 -4706.9750177683982
9.5344909907277415 4767.7543326453979 -4733.3730628114909
9.5345917766978161 4794.4093862597229 -4759.9728614250835
9.5346925626678889 4821.2683481985705 -4786.7763679157952
9.5347933486379617 4848.3331968218772 -4813.7855595134297
9.5348941346080345 4875.6059337372299 -4841.0024366867665
9.5349949205781073 4903.0885841207437 -4868.429023464354
9.5350957065481801 4930.783197043027 -4896.0673677603891
9.5351964925182529 4958.6918458003274 -4923.9195417057781
9.5352972784883256 4986.8166282509555 -4951.9876419844713
9.5353980644584002 5015.1596671570733 -4980.2737901751616
9.535498850428473 5043.723110531947 -5008.7801330984548
9.5355996363985458 5072.5091319927724 -5037.5088431695949
9.5357004223686186 5101.5199311191554 -5066.4621187568609
9.5358012083386914 5130.7577338173705 -5095.6421845457271
9.5359019943087642 5160.2247926904838 -5125.0512919088951
9.536002780278837 5189.923387414462 -5154.6917192823075
9.5361035662489098 5219.8558251203685 -5184.5657725472474
9.5362043522189843 5250.0244407827604 -5214.675785418639
9.5363051381890571 5280.4315976144007 -5245.0241198396598
9.5364059241591299 5311.0796874674015 -5275.6131663827855
9.5365067101292027 5341.9711312409145 -5306.4453446573798
9.5366074960992755 5373.1083792954933 -5337.5231037239528
9.5367082820693483 5404.4939118742477 -5368.8489225152143
9.5368090680394211 5436.1302395309194 -5400.4253102640423
9.5369098540094939 5468.0199035650012 -5432.2548069385011
9.5370106399795684 5500.1654764640407 -5464.3399836840326
9.5371114259496412 5532.5695623532529 -5496.683443272962
9.537212211919714 5565.234797452581 -5529.2878205614516
9.5373129978897868 5598.163850541353 -5562.1557829540416
9.5374137838598596 5631.3594234306602 -5595.2900308759208
9.5375145698299324 5664.8242514436215 -5628.6932982530743
9.5376153558000052 5698.5611039036685 -5662.3683530004519
9.5377161417700798 5732.5727846310074 -5696.3179975183175
9.5378169277401526 5766.8621324474143 -5730.5450691969218
9.5379177137102253 5801.4320216895203 -5765.0524409296722
9.5380184996802981 5836.2853627307477 -5799.8430216349425
9.5381192856503709 5871.4251025120611 -5834.9197567867068
9.5382200716204437 5906.8542250817063 -5870.2856289541487
9.5383208575905165 5942.575752144101 -5905.9436583504312
9.5384216435605893 5978.5927436180637 -5941.8969033907952
9.5385224295306639 6014.9082982045466 -5978.1484612601644
9.5386232155007367 6051.5255539640721 -6014.7014684904507
9.5387240014708095 6088.4476889040425 -6051.5591015477321
9.5388247874408822 6125.6779215761289 -6088.7245774295079
9.538925573410955 6163.2195116839275 -6126.2011542722184
9.5390263593810278 6201.075760701081 -6163.9921319692276
9.5391271453511006 6239.2500125000743 -6202.1008527994836
9.5392279313211734 6277.7456539919103 -6240.5307020670516
9.539328717291248 6316.56611577688 -6279.2851087517383
9.5394295032613208 6355.7148728066404 -6318.3675461710291
9.5395302892313936 6395.1954450578251 -6357.781532653551
9.5396310752014664 6435.0113982174198 -6397.5306322242986
9.5397318611715392 6475.1663443801235 -6437.6184553018466
9.5398326471416119 6515.6639427579448 -6478.0486594077929
9.5399334331116847 6556.5079004022655 -6518.8249498886671
9.5400342190817575 6597.7019729386266 -6559.9510806505632
9.5401350050518321 6639.2499653144869 -6601.4308549067364
9.5402357910219049 6681.1557325602143 -6643.2681259384344
9.5403365769919777 6723.4231805635709 -6685.4667978692232
9.5404373629620505 6766.0562668579687 -6728.030826453075
9.5405381489321233 6809.0590014247709 -6770.9642198765032
9.5406389349021961 6852.4354475099153 -6814.2710395750164
9.5407397208722688 6896.1897224551576 -6857.9554010641932
9.5408405068423416 6940.3259985442273 -6902.0214747856598
9.5409412928124162 6984.8485038641975 -6946.4734869682879
9.541042078782489 7029.7615231823765 -6991.3157205049074
9.5411428647525618 7075.0693988390458 -7036.5525158448609
9.5412436507226346 7120.7765316563555 -7082.188271902719
9.5413444366927074 7166.8873818637185 -7128.2274469834892
9.5414452226627802 7213.4064700400395 -7174.6745597246536
9.541546008632853 7260.3383780731192 -7221.5341900553858
9.5416467946029258 7307.6877501365971 -7268.810980173298
9.5417475805730003 7355.4592936847857 -7316.5096355390833
9.5418483665430731 7403.6577804657791 -7364.6349258894197
9.5419491525131459 7452.2880475532002 -7413.1916862685212
9.5420499384832187 7501.354998396986 -7462.1848180787192
9.5421507244532915 7550.8636038936074 -7511.619290150471
9.5422515104233643 7600.8189034761208 -7561.5001398322065
9.5423522963934371 7651.2260062244777 -7611.8324741004226
9.5424530823635099 7702.0900919965115 -7662.6214706904557
9.5425538683335844 7753.4164125800417 -7713.8723792483679
9.5426546543036572 7805.2102928665363 -7765.5905225043862
9.54275544027373 7857.4771320467926 -7817.7812974683611
9.5428562262438028 7910.2224048291009 -7870.4501766477015
9.5429570122138756 7963.4516626803725 -7923.6027092882705
9.5430577981839484 8017.1705350907177 -7977.2445226387317
9.5431585841540212 8071.3847308619761 -8031.3813232388411
9.543259370124094 8126.1000394207131 -8086.0188982322034
9.5433601560941685 8181.3223321562118 -8141.1631167040177
9.5434609420642413 8237.0575637839884 -8196.819931044347
9.5435617280343141 8293.3117737353878 -8252.9953783374658
9.5436625140043869 8350.09108757383 -8309.6955817778453
9.5437632999744597 8407.4017184382737 -8366.9267521133643
9.5438640859445325 8465.2499685144921 -8424.6951891163171
9.5439648719146053 8523.6422305347733 -8483.0072830828558
9.5440656578846781 8582.584989306657 -8541.869516361452
9.5441664438547527 8642.0848232713524 -8601.2884649110456
9.5442672298248254 8702.1484060924831 -8661.2707998895057
9.5443680157948982 8762.7825082758281 -8721.8232892730939
9.544468801764971 8823.993998820737 -8782.9527995075969
9.5445695877350438 8885.7898469039392 -8844.6662971918413
9.5446703737051166 8948.1771235964352 -8906.970850794296
9.5447711596751894 9011.1630036142396 -8969.8736324035108
9.5448719456452622 9074.7547671037009 -9033.3819195131364
9.5449727316153368 9138.9598014621861 -9097.5030968423052
9.5450735175854096 9203.7856031949214 -9162.2446581921577
9.5451743035554824 9269.2397798087986 -9227.6142083393333
9.5452750895255551 9335.3300517439784 -9293.6194649672507
9.5453758754956279 9402.0642543441463 -9360.2682606360395
9.5454766614657007 9469.4503398662946 -9427.568544791995
9.5455774474357735 9537.4963795309286 -9495.5283858174444
9.5456782334058463 9606.2105656136155 -9564.1559731219568
9.5457790193759209 9675.6012135788187 -9633.4596192758363
9.5458798053459937 9745.6767642569866 -9703.4477621868537
9.5459805913160665 9816.4457860658858 -9774.1289673212286
9.5460813772861393 9887.9169772771984 -9845.5119299698599
9.546182163256212 9960.099168329416 -9917.6054775608591
9.5462829492262848 10033.001324188119 -9990.4185720194546
9.5463837351963576 10106.632546754727 -10063.960312176363
9.5464845211664304 10181.002077324842 -10138.239936225753
9.546585307136505 10256.119299097352 -10213.266824233951
9.5466860931065778 10331.993739735473 -10289.050500700094
9.5467868790766506 10408.635073980944 -10365.60063716992
9.5468876650467234 10486.053126322626 -10442.927054903967
9.5469884510167962 10564.257873720791 -10521.039727601434
9.547089236986869 10643.259448388406 -10599.948784181051
9.5471900229569417 10723.068140630763 -10679.664511620287
9.5472908089270145 10803.694401744846 -10760.197357854275
9.5473915948970891 10885.14884697985 -10841.557934735893
9.5474923808671619 10967.442258560312 -10923.757021058449
9.5475931668372347 11050.58558877336 -11006.805565642471
9.5476939528073075 11134.5899631216 -11090.714690488141
9.5477947387773803 11219.466683543245 -11175.495693994944
9.5478955247474531 11305.227231701087 -11261.160054250171
9.5479963107175259 11391.88327234198 -11347.719432387916
9.5480970966875987 11479.446656728567 -11435.185676020306
9.5481978826576732 11567.92942614497 -11523.5708227427
9.548298668627746 11657.343815478282 -11612.887103714665
9.5483994545978188 11747.702256877688 -11703.146947318592
9.5485002405678916 11839.01738349315 -11794.362982897837
9.5486010265379644 11931.302033295568 -11886.548044576377
9.5487018125080372 12024.569252980476 -11979.71517516194
9.54880259847811 12118.832301957309 -12073.877630134733
9.5489033844481828 12214.104656426356 -12169.048881723837
9.5490041704182573 12310.400013545617 -12265.242623073489
9.5491049563883301 12407.732295689766 -12362.472772501475
9.5492057423584029 12506.115654803549 -12460.753477851935
9.5493065283284757 12605.564476851978 -12560.099120944962
9.5494073142985485 12706.093386369754 -12660.52432212542
9.5495081002686213 12807.717251112426 -12762.043944913486
9.5496088862386941 12910.451186811862 -12864.67310075949
9.5497096722087669 13014.31056203867 -12968.427153905704
9.5498104581788414 13119.311003174304 -13073.321726357797
9.5499112441489142 13225.468399495639 -13179.372702968752
9.550012030118987 13332.798908374911 -13286.596236638134
9.5501128160890598 13441.318960597962 -13395.008753629656
9.5502136020591326 13551.045265803867 -13504.626959010111
9.5503143880292054 13661.994818049034 -13615.467842212773
9.5504151739992782 13774.184901499049 -13727.548682728515
9.550515959969351 13887.633096251546 -13840.887055927958
9.5506167459394256 14002.357284293528 -13955.500839018054
9.5507175319094983 14118.375655596668 -14071.408217136617
9.5508183178795711 14235.706714354175 -14188.62768958844
9.5509191038496439 14354.369285362973 -14307.178076226683
9.5510198898197167 14474.382520555004 -14427.078523983388
9.5511206757897895 14595.765905681623 -14548.348513553059
9.5512214617598623 14718.539267155111 -14671.007866233362
9.5513222477299351 14842.722779051517 -14795.076750927126
9.5514230337000097 14968.336970279122 -14920.575691309954
9.5515238196700825 15095.402731916947 -15047.52557316787
9.5516246056401553 15223.94132472789 -15175.947651909572
9.551725391610228 15353.97438685118 -15305.863560257991
9.5518261775803008 15485.523941678995 -15437.295316125999
9.5519269635503736 15618.612405922244 -15570.265330681254
9.5520277495204464 15753.262597870626 -15704.796416605321
9.5521285354905192 15889.497745852303 -15840.91179655238
9.5522293214605938 16027.341496898607 -15978.635111812955
9.5523301074306666 16166.817925619436 -16117.990431188309
9.5524308934007394 16307.951543295108 -16259.002260081288
9.5525316793708122 16450.767307190676 -16401.695549809599
9.5526324653408849 16595.290630098847 -16546.095707147677
9.5527332513109577 16741.547390117863 -16692.228604103489
9.5528340372810305 16889.563940670869 -16840.120587936824
9.5529348232511033 17039.367120773575 -16989.79849142583
9.5530356092211779 17190.984265557101 -17141.289643388736
9.5531363951912507 17344.443217053242 -17294.621879467959
9.5532371811613235 17499.772335249534 -17449.823553183996
9.5533379671313963 17657.000509421763 -17606.923547266746
9.5534387531014691 17816.157169751805 -17765.951285272113
9.5535395390715419 17977.272299238914 -17926.936743492068
9.5536403250416146 18140.376445912869 -18089.910463166536
9.5537411110116874 18305.500735357626 -18254.903563005737
9.553841896981762 18472.676883554399 -18421.947752031978
9.5539426829518348 18641.937210053424 -18591.07534275006
9.5540434689219076 18813.314651483888 -18762.319264655867
9.5541442548919804 18986.842775411893 -18935.713078092922
9.5542450408620532 19162.555794556567 -19111.290988467088
9.554345826832126 19340.488581374822 -19289.087860829881
9.5544466128021988 19520.676683025569 -19469.139234841216
9.5545473987722715 19703.156336724576 -19651.481340122766
9.5546481847423461 19887.964485501499 -19836.151112013467
9.5547489707124189 20075.138794371029 -20023.186207739105
9.5548497566824917 20264.717666930454 -20212.625023008291
9.5549505426525645 20456.740262396397 -20404.506709047571
9.5550513286226373 20651.246513093833 -20598.871190088805
9.5551521145927101 20848.277142411043 -20795.759181322421
9.5552529005627829 21047.873683234498 -20995.212207330602
9.5553536865328557 21250.078496878243 -21197.272621014898
9.5554544725029302 21454.934792522767 -21401.98362303332
9.555555258473003 21662.486647178896 -21609.389281762411
9.5556560444430758 21872.779026192769 -21819.534553800357
9.5557568304131486 22085.857804308489 -22032.465305027745
9.5558576163832214 22301.769787305624 -22248.228332243132
9.5559584023532942 22520.562734229326 -22466.871385391187
9.556059188323367 22742.285380231442 -22688.443190401787
9.5561599742934398 22966.987460041626 -22912.993472659076
9.5562607602635143 23194.719732088135 -23140.572981120164
9.5563615462335871 23425.534003288671 -23371.233513103816
9.5564623322036599 23659.483154532325 -23605.027939770232
9.5565631181737327 23896.621166874462 -23842.010232313689
9.5566639041438055 24137.003148467124 -24082.235488890663
9.5567646901138783 24380.685362248329 -24325.759962306816
9.5568654760839511 24627.725254414494 -24572.641088487035
9.5569662620540239 24878.181483701046 -24822.937515753631
9.5570670480240985 25132.11395149722 -25076.709134938646
9.5571678339941712 25389.583832821925 -25334.017110357217
9.557268619964244 25650.653608188601 -25594.92391166983
9.5573694059343168 25915.387096387894 -25859.493346662373
9.5574701919043896 26183.849488218173 -26127.790594973954
9.5575709778744624 26456.107381194834 -26399.882242803462
9.5576717638445352 26732.228815270617 -26675.836318627065
9.557772549814608 27012.283309600261 -26955.722329960012
9.5578733357846826 27296.341900384079 -27239.611301197259
9.5579741217547554 27584.47717982631 -27527.575812568837
9.5580749077248282 27876.763336245443 -27819.690040247104
9.5581756936949009 28173.276195375081 -28116.029797644485
9.5582764796649737 28474.093262895374 -28416.672577941707
9.5583772656350465 28779.293768236537 -28721.697597888051
9.5584780516051193 29088.958709697577 -29031.185842916733
9.5585788375751921 29403.170900924899 -29345.220113620086
9.5586796235452667 29722.01501879725 -29663.885073631038
9.5587804095153395 30045.577652765216 -29987.267298958999
9.5588811954854123 30373.947355695254 -30315.45532883027
9.5589819814554851 30707.21469627029 -30648.5397180849
9.5590827674255578 31045.472313000813 -30986.613091183954
9.5591835533956306 31388.814969902567 -31329.770197883299
9.5592843393657034 31737.339613899054 -31678.107970632111
9.5593851253357762 32091.145434009395 -32031.725583756652
9.5594859113058508 32450.333922384463 -32390.724514492209
9.5595866972759236 32815.008937256636 -32755.208605928576
9.5596874832459964 33185.276767871146 -33125.28413193702
9.5597882692160692 33561.246201469708 -33501.059864149414
9.559889055186142 33943.02859239986 -33882.647141063011
9.5599898411562148 34330.737933426506 -34270.159939347279
9.5600906271262875 34724.490929325097 -34663.714947432258
9.5601914130963603 35124.407072839182 -35063.431641461219
9.5602921990664349 35530.608723088379 -35469.432363693581
9.5603929850365077 35943.221186516334 -35881.842403447707
9.5604937710065805 36362.37280047188 -36300.790080676765
9.5605945569766533 36788.195019520426 -36726.406832274741
9.5606953429467261 37220.822504586664 -37158.827301213554
9.5607961289167989 37660.393215033793 -37598.189428616628
9.5608969148868717 38107.048503788836 -38044.634548878406
9.5609977008569444 38560.933215628313 -38498.30748794401
9.561098486827019 39022.195788743113 -38959.356664868057
9.5611992727970918 39490.988359706658 -39427.934196776521
9.5613000587671646 39967.466871975485 -39904.196007360937
9.5614008447372374 40451.791188057003 -40388.301939039535
9.5615016307073102 40944.125205484801 -40880.415868925847
9.561602416677383 41444.636976748094 -41380.705828751205
9.5617032026474558 41953.498833327903 -41889.34412889387
9.5618039886175286 42470.887513999522 -42406.507486674185
9.5619047745876031 42996.984297567382 -42932.377159082025
9.5620055605576759 43531.975140205985 -43467.139080110057
9.5621063465277487 44076.050817587944 -44010.984002873949
9.5622071324978215 44629.407071988287 -44564.107646708631
9.5623079184678943 45192.244764562471 -45126.710849438045
9.5624087044379671 45764.77003300433 -45698.999725024609
9.5625094904080399 46347.194454799341 -46281.185826813817
9.5626102763781127 46939.735216298373 -46873.486316599032
9.5627110623481872 47542.615287847002 -47476.124139741652
9.56281184831826 48156.06360521631 -48089.328206592523
9.5629126342883328 48780.315257592127 -48713.333580471503
9.5630134202584056 49415.611682391456 -49348.381672473959
9.5631142062284784 50062.200867187101 -49994.720443385246
9.5632149921985512 50720.337559034509 -50652.604612997064
9.563315778168624 51390.283481508428 -51322.295877133365
9.5634165641386968 52072.30755977126 -52004.063132707684
9.5635173501087714 52766.686154010022 -52698.182711148758
9.5636181360788441 53473.703301594724 -53404.938620547226
9.5637189220489169 54193.6509683275 -54124.622796892785
9.5638197080189897 54926.829309169399 -54857.53536478868
9.5639204939890625 55673.546938850195 -55603.984908048842
9.5640212799591353 56434.121212785889 -56364.288750602376
9.5641220659292081 57208.878518749079 -57138.773248150537
9.5642228518992809 57998.154579758848 -57927.774091042847
9.5643236378693555 58802.294768679509 -58731.636618861696
9.5644244238394283 59621.654435041426 -59550.716147228573
9.564525209809501 60456.599244622281 -60385.378307370367
9.5646259957795738 61307.50553235376 -61235.999399010601
9.5647267817496466 62174.760669146512 -62102.966757178554
9.5648275677197194 63058.76344325595 -62986.679133558675
9.5649283536897922 63959.924456842396 -63887.547093033943
9.5650291396598668 64878.66653841221 -64805.993426109642
9.5651299256299396 65815.425171860988 -65742.453577938781
9.5652307116000124 66770.648942876884 -66697.376094706953
9.5653314975700852 67744.80000350051 -67671.223088173414
9.565432283540158 68738.354555679121 -68664.470719205696
9.5655330695102307 69751.803354695774 -69677.609701188718
9.5656338554803035 70785.652233400077 -70711.145824234831
9.5657346414503763 71840.422648215361 -71765.600501169625
9.5658354274204509 72916.652247948354 -72841.511336319629
9.5659362133905237 74014.895466481437 -73939.432718181895
9.5660369993605965 75135.724140485137 -75059.93643711308
9.5661377853306693 76279.728153348784 -76203.61232923597
9.5662385713007421 77447.516106591778 -77371.06894782593
9.5663393572708149 78639.716020085936 -78562.934263507501
9.5664401432408877 79856.976062491362 -79779.856394663802
9.5665409292109604 81099.965313384964 -81022.504369537724
9.566641715181035 82369.374558641633 -82291.568921584883
9.5667425011511078 83665.917120714221 -83587.763319724414
9.5668432871211806 84990.329725549673 -84911.824235225067
9.5669440730912534 86343.373407975523 -86264.51264706059
9.5670448590613262 87725.834457493824 -87646.614787671555
9.567145645031399 89138.525406528861 -89058.943131179913
9.5672464310014718 90582.286063291074 -90502.337426218655
9.5673472169715446 92057.984591542889 -91977.665775662186
9.5674480029416191 93566.518639683389 -93485.825765674395
9.5675487889116919 95108.816521708475 -95027.745646630923
9.5676495748817647 96685.838452751137 -96604.385568620302
9.5677503608518375 98298.577842065075 -98216.738874387054
9.5678511468219103 99948.062646482605 -99865.833452747669
9.5679519327919831 101635.35678755729 -101552.73315568993
9.5680527187620559 103361.56163579263 -103278.53928255665
9.5681535047321287 105127.81756556159 -105044.39213491877
9.5682542907022032 106935.30558453889 -106851.47264595957
9.568355076672276 108785.24904169948 -108701.00408842327
9.5684558626423488 110678.91541818374 -110594.25386542865
9.5685566486124216 112617.61820559351 -112532.53538871159
9.5686574345824944 114602.71887656528 -114517.2100491429
9.5687582205525672 116635.62895276732 -116549.68928466795
9.56885900652264 118717.81217578964 -118631.43675113711
9.5689597924927128 120850.78678673966 -120763.97060183965
9.5690605784627873 123036.12792072454 -122948.8658819221
9.5691613644328601 125275.4701227951 -125187.7570442656
9.5692621504029329 127570.50999234771 -127482.3405938189
9.5693629363730057 129923.00896343285 -129834.37786783536
9.5694637223430785 132334.79622890282 -132245.69795994632
9.5695645083131513 134807.77181685017 -134718.20079652237
9.5696652942832241 137343.90982834535 -137253.86037433083
9.5697660802532969 139945.26184607937 -139854.72816909512
9.5698668662233715 142613.96052415876 -142522.93672520321
9.5699676521934443 145352.22336998873 -145260.70343750084
9.570068438163517 148162.35672992122 -148070.33453684582
9.5701692241335898 151046.75999114008 -150954.22929189619
9.5702700101036626 154007.93001311226 -153914.88444045998
9.5703707960737354 157048.46580285413 -156954.89886465625
9.5704715820438082 160171.07344925572 -160076.97852512973
9.570572368013881 163378.57133277282 -163283.94167062864
9.5706731539839556 166673.89562794971 -166578.72434040869
9.5707739399540284 170060.10611747732 -169964.38617816716
9.5708747259241012 173540.39233783144 -173444.11657755219
9.5709755118941739 177118.08007798292 -177021.24118073835
9.5710762978642467 180796.63825423428 -180699.22875312288
9.5711770838343195 184579.68618592661 -184481.69845888636
9.5712778698043923 188471.00129858649 -188372.42756398683
9.5713786557744651 192474.52728305897 -192375.35959513349
9.5714794417445397 196594.3827413118 -196494.61298542441
9.5715802277146125 200834.87035191382 -200734.49023965132
9.5716810136846853 205200.48659070159 -205099.48765478461
9.5717817996547581 209695.93204487223 -209594.30563387644
9.5718825856248309 214326.12236169705 -214223.85963457616
9.5719833715949036 219096.19987625978 -218993.29179666104
9.5720841575649764 224011.54596611118 -223907.98329647395
9.5721849435350492 229077.79418452395 -228973.56747995125
9.5722857295051238 234300.84422815734 -234195.94383004968
9.5723865154751966 239686.87679943198 -239581.29282887236
9.5724873014452694 245242.36942880898 -245136.09177968692
9.5725880874153422 250974.11332750201 -250867.13165936453
9.572688873385415 256889.23134697002 -256781.5350775859
9.5727896593554878 262995.19712789101 -262886.77542551461
9.5728904453255605 269299.85552825895 -269190.69730357872
9.5729912312956333 275811.44442783255 -275701.53832558845
9.5730920172657079 282538.61801446893 -282427.95240472228
9.5731928032357807 289490.47166696406 -289379.03463600244
9.5732935892058535 296676.568558981 -296564.34789983911
9.5733943751759263 304106.96811957419 -303993.95132215135
9.5734951611459991 311792.25649780367 -311678.43073855696
9.5735959471160719 319743.57919210062 -319628.93132329115
9.5736967330861447 327972.67601952085 -327857.19255798997
9.5737975190562175 336491.91861594963 -336375.58573139965
9.573898305026292 345314.35067585774 -345197.1541786106
9.5739990909963648 354453.73115953419 -354335.65648773994
9.5740998769664376 363924.58071704151 -363805.61292330612
9.5742006629365104 373742.23160167603 -373622.35533907649
9.5743014489065832 383922.88137172844 -383802.08087918081
9.574402234876656 394483.65070811391 -394361.90979505813
9.5745030208467288 405442.64570729161 -405319.9477376538
9.5746038068168016 416819.02504419716 -416695.35291958787
9.5747045927868761 428633.0724390783 -428508.4085811823
9.5748053787569489 440906.27490561281 -440780.60123772308
9.5749061647270217 453661.40730602643 -453534.70523367141
9.5750069506970945 466922.6237927269 -466794.87418333668
9.5751077366671673 480715.55677588953 -480586.73993744294
9.5752085226372401 495067.42412325891 -494937.51978184865
9.5753093086073129 510007.1453730333 -509876.13264928281
9.5754100945773857 525565.46782408305 -525433.32520834298
9.5755108805474602 541775.10346105753 -541641.80878730468
9.575611666517533 558670.87777645723 -558536.40819481295
9.5757124524876058 576289.89166900457 -576154.22361678362
9.5758132384576786 594671.69772930373 -594534.80690049764
9.5759140244277514 613858.49237184727 -613720.35368493828
9.5760148103978242 633895.32543911366 -633755.91300310823
9.576115596367897 654830.32909144566 -654689.61617000657
9.5762163823379698 676714.96800855466 -676572.92698210175
9.5763171683080444 699604.31316833803 -699460.91549397737
9.5764179542781172 723557.34174021939 -723412.55790934828
9.5765187402481899 748637.2659380167 -748491.06543143943
9.5766195262182627 774911.89402685431 -774764.2452672302
9.5767203121883355 802454.02707603422 -802304.89737746399
9.5768210981584083 831341.8955023383 -831191.25101687759
9.5769218841284811 861659.63996450626 -861507.44562537782
9.5770226700985539 893497.84175941942 -893344.06122067396
9.5771234560686285 926954.10854551964 -926798.70411787345
9.5772242420387013 962133.72199281328 -961976.65457536606
9.5773250280087741 999150.35484743316 -998991.58385494258
9.5774258139788468 1038126.8659210398 -1037966.3492063978
9.5775265999489196 1079196.1826936619 -1079033.8764651851
9.5776273859189924 1122502.2825792755 -1122338.1413123852
9.5777281718890652 1168201.2854777498 -1168035.2618205743
9.577828957859138 1216462.6720619414 -1216294.7167343285
9.5779297438292126 1267470.6443690825 -1267300.7060544584
9.5780305297992854 1321425.6477340043 -1321253.6729634553
9.5781313157693582 1378546.0759817422 -1378372.0090096365
9.578232101739431 1439070.1851646809 -1438893.9678350701
9.5783328877095038 1503258.2450761951 -1503079.8166791582
9.5784336736795765 1571394.9624096118 -1571214.2595266108
9.5785344596496493 1643792.2148919269 -1643609.1712291432
9.5786352456197221 1720792.142168791 -1720606.6883772949
9.5787360315897967 1802770.6468487403 -1802582.710330215
9.5788368175598695 1890141.3681725797 -1889950.8728691747
9.5789376035299423 1983360.201554158 -1983167.0677208777
9.5790383895000151 2082930.4501062613 -2082734.5940641034
9.5791391754700879 2189408.7096694619 -2189210.0435373052
9.5792399614401607 2303411.6073584403 -2303210.0387614281
9.5793407474102334 2425623.5359214735 -2425418.9676733594
9.5794415333803062 2556805.5531362393 -2556597.8828928298
9.5795423193503808 2697805.6481188945 -2697594.7679993524
9.5796431053204536 2849570.6161592412 -2849356.4123315751
9.5797438912905264 3013159.8322267551 -3012942.1844533221
9.5798446772605992 3189761.2727914602 -3189540.0539297229
9.579945463230672 3380710.2088354086 -3380485.2842885125
9.5800462492007448 3587511.0834341762 -3587282.3105451246
9.5801470351708176 3811863.1996114855 -3811630.4269937598
9.5802478211408904 4055690.98419338 -4055454.0509897717
9.5803486071109649 4321179.7687493134 -4320938.5038094493
9.5804493930810377 4610818.2493810002 -4610572.4703465337
9.5805501790511105 4927449.0662108893 -4927198.5784955313
9.5806509650211833 5274329.2982506948 -5274073.8939001188
9.5807517509912561 5655203.1229287256 -5654942.5793428216
