# serie phase 2 p4_w1.73_c1.20_dt2_k4 : t x1 x2 (dt2=0.00025022217080867653, depart t=12.414 etat bascule x1 x2 v1 v2 = 93740.608889466923 -92514.563501205455 1854586.8088744329 -1842367.5278881656)
12.414 93740.608889466923 -92514.563501205455
12.414250222170809 94206.115828867463 -92977.007162525158
12.414500444341616 94674.533687600386 -93442.350218643114
12.414750666512425 95145.884381777927 -93910.614527799378
12.415000888683235 95620.190020415903 -94381.822140773831
12.415251110854044 96097.472907377378 -94855.995302827068
12.415501333024851 96577.755543338368 -95333.156455663309
12.41575155519566 97061.060627775878 -95813.328239415699
12.416001777366469 97547.4110609786 -96296.533494654126
12.416251999537279 98036.829946080499 -96782.795264415967
12.416502221708086 98529.340591117594 -97272.136796260034
12.416752443878895 99024.966511108243 -97764.581544343935
12.417002666049704 99523.731430157219 -98260.153171525235
12.417252888220512 100025.6592835839 -98758.875551486708
12.417503110391321 100530.77422007488 -99260.772770885931
12.41775333256213 101039.10060386122 -99765.869131529602
12.418003554732939 101550.66301692084 -100274.18915257284
12.418253776903747 102065.48626120616 -100785.75757274379
12.418503999074556 102583.5953608975 -101300.59935259397
12.418754221245365 103105.01556468244 -101818.73967677448
12.419004443416172 103629.77234806155 -102340.20395633859
12.419254665586982 104157.89141568077 -102865.01783107099
12.419504887757791 104689.39870369081 -103393.207171844
12.4197551099286 105224.32038213397 -103924.79808300112
12.420005332099407 105762.68285735868 -104459.81690476833
12.420255554270216 106304.51277446203 -104998.29021569336
12.420505776441026 106849.83701976085 -105540.24483511345
12.420755998611835 107398.6827232916 -106085.70782565189
12.421006220782642 107951.07726133936 -106634.70649574364
12.421256442953451 108507.04825899651 -107187.26840219059
12.42150666512426 109066.62359275125 -107743.42135274668
12.421756887295068 109629.83139310653 -108303.19340873336
12.422007109465877 110196.70004722974 -108866.61288768575
12.422257331636686 110767.25820163345 -109433.70836602988
12.422507553807495 111341.53476488779 -110004.50868179149
12.422757775978303 111919.55891036475 -110579.04293733674
12.423007998149112 112501.36007901483 -111157.34050214526
12.423258220319921 113086.96798217659 -111739.43101561602
12.42350844249073 113676.41260441933 -112325.34438990628
12.423758664661538 114269.72420641949 -112915.11081280434
12.424008886832347 114866.93332787119 -113508.76075063625
12.424259109003156 115468.0707904313 -114106.32495120713
12.424509331173963 116073.16770069956 -114707.8344467774
12.424759553344773 116682.25545323417 -115313.32055707455
12.425009775515582 117295.36573360336 -115922.8148923408
12.425259997686391 117912.53052147335 -116536.34935641715
12.425510219857198 118533.78209373332 -117153.95614986427
12.425760442028007 119159.15302765767 -117775.66777312089
12.426010664198817 119788.67620410632 -118401.51702969991
12.426260886369624 120422.38481076331 -119031.53702942301
12.426511108540433 121060.31234541439 -119665.76119169408
12.426761330711242 121702.49261926407 -120304.22324881208
12.427011552882052 122348.95976029258 -120946.95724932385
12.427261775052859 122999.74821665342 -121593.99756141739
12.427511997223668 123654.89276011192 -122245.37887635613
12.427762219394477 124314.42848952544 -122901.1362119548
12.428012441565286 124978.39083436571 -123561.3049160974
12.428262663736094 125646.81555828392 -124225.92067029796
12.428512885906903 126319.73876271916 -124895.01949330438
12.428763108077712 126997.19689055068 -125568.63774474639
12.42901333024852 127679.22672979471 -126246.81212882769
12.429263552419329 128365.86541734639 -126929.57969806337
12.429513774590138 129057.15044276736 -127616.97785706287
12.429763996760947 129753.11965211973 -128309.04436635927
12.430014218931754 130453.81125184694 -129005.8173462855
12.430264441102564 131159.26381270232 -129707.33528089809
12.430514663273373 131869.51627372587 -130413.63702194914
12.430764885444182 132584.60794626983 -131124.76179290714
12.431015107614989 133304.57851807409 -131840.74919302741
12.431265329785798 134029.46805739161 -132561.6392014726
12.431515551956608 134759.31701716493 -133287.47218148422
12.431765774127415 135494.16623925426 -134018.28888460572
12.432015996298224 136234.05695871802 -134754.13045495792
12.432266218469033 136979.03080814634 -135495.03843356739
12.432516440639843 137729.12982204853 -136241.05476274874
12.43276666281065 138484.39644129493 -136992.22179054131
12.433016884981459 139244.87351761424 -137748.5822752011
12.433267107152268 140010.60431814683 -138510.17938974881
12.433517329323076 140781.63253005495 -139277.05672657472
12.433767551493885 141558.00226519062 -140049.25830210105
12.434017773664694 142339.75806482183 -140826.82856150277
12.434267995835503 143126.94490441823 -141609.81238348765
12.434518218006311 143919.60819849669 -142398.25508513633
12.43476844017712 144717.79380552802 -143192.20242680327
12.435018662347929 145521.54803290524 -143991.70061707942
12.435268884518738 146330.91764197461 -144796.7963178175
12.435519106689545 147145.94985313033 -145607.53664922077
12.435769328860355 147966.69235097335 -146423.96919499611
12.436019551031164 148793.19328953588 -147246.14200757243
12.436269773201971 149625.50129757175 -148074.10361338523
12.43651999537278 150463.6654839144 -148907.90301822836
12.436770217543589 151307.73544290254 -149747.58971267374
12.437020439714399 152157.76125987535 -150593.21367756024
12.437270661885206 153013.79351673738 -151444.82538955248
12.437520884056015 153875.88329759479 -152302.47582677068
12.437771106226824 154744.08219446355 -153166.21647449257
12.438021328397634 155618.44231305082 -154036.09933092826
12.438271550568441 156499.01627861036 -154912.17691306933
12.43852177273925 157385.85724187331 -155794.50226261289
12.438771994910059 158279.01888505506 -156683.12895196199
12.439022217080867 159178.55542793978 -157578.11109030331
12.439272439251676 160084.52163404311 -158479.50332976325
12.439522661422485 160996.97281685469 -159387.36087164356
12.439772883593294 161915.96484616134 -160301.73947273774
12.440023105764102 162841.55415445229 -161222.69545172915
12.440273327934911 163773.79774340725 -162150.28569567227
12.44052355010572 164712.75319046914 -163084.56766655811
12.440773772276527 165658.47865550203 -164025.59940796517
12.441023994447336 166611.03288753593 -164973.43955179694
12.441274216618146 167570.47523159967 -165928.14732510748
12.441524438788955 168536.8656356431 -166889.78255701612
12.441774660959762 169510.26465754965 -167858.40568571276
12.442024883130571 170490.73347224106 -168834.07776555495
12.44227510530138 171478.33387887527 -169816.86047425817
12.44252532747219 172473.12830813887 -170806.81612018059
12.442775549642997 173475.1798296356 -171804.00764970385
12.443025771813806 174484.55215937234 -172808.49865471115
12.443275993984615 175501.30966734368 -173820.35338016396
12.443526216155423 176525.51738521713 -174839.63673177912
12.443776438326232 177557.24101411976 -175866.41428380748
12.444026660497041 178596.54693252835 -176900.75228691581
12.44427688266785 179643.50220426411 -177942.71767617337
12.444527104838658 180698.17458659399 -178992.37807914475
12.444777327009467 181760.63253843965 -180049.80182409042
12.445027549180276 182830.94522869607 -181115.05794827695
12.445277771351085 183909.18254466131 -182188.21620639801
12.445527993521893 184995.41510057892 -183269.34707910821
12.445778215692702 186089.71424629504 -184358.52178167127
12.446028437863511 187192.15207603146 -185455.81227272435
12.446278660034318 188302.80143727668 -186561.29126316003
12.446528882205127 189421.73593979661 -187675.03222512806
12.446779104375937 190549.02996476681 -188797.10940115832
12.447029326546746 191684.75867402795 -189927.59781340708
12.447279548717553 192828.99801946638 -191066.57327302822
12.447529770888362 193981.82475252176 -192214.11238967144
12.447779993059171 195143.31643382373 -193370.29258110927
12.448030215229979 196313.55144295917 -194535.19208299485
12.448280437400788 197492.6089883727 -195708.88995875246
12.448530659571597 198680.5691174017 -196891.46610960294
12.448780881742406 199877.51272644853 -198083.00128472567
12.449031103913214 201083.52157129152 -199283.57709155974
12.449281326084023 202298.6782775372 -200493.27600624587
12.449531548254832 203523.06635121576 -201712.18138421161
12.449781770425641 204756.77018952192 -202940.37747090185
12.450031992596449 205999.87509170352 -204177.94941265686
12.450282214767258 207252.46727009999 -205424.98326774017
12.450532436938067 208514.63386133304 -206681.56601751855
12.450782659108874 209786.46293765193 -207947.7855777964
12.451032881279684 211068.04351843565 -209223.73081030702
12.451283103450493 212359.46558185449 -210509.49153436307
12.451533325621302 213660.82007669334 -211805.15853866868
12.451783547792109 214972.19893433945 -213110.82359329579
12.452033769962918 216293.6950809368 -214426.57946182726
12.452283992133728 217625.40244971009 -215752.51991366921
12.452534214304535 218967.41599346072 -217088.73973653527
12.452784436475344 220319.8316972375 -218435.33474910553
12.453034658646153 221682.74659118487 -219792.40181386282
12.453284880816962 223056.25876357118 -221160.03885010886
12.45353510298777 224440.46737400026 -222538.34484716359
12.453785325158579 225835.47266680858 -223927.41987775019
12.454035547329388 227241.37598465144 -225327.36511156856
12.454285769500197 228658.27978228088 -226738.28282906074
12.454535991671005 230086.28764051828 -228160.27643537067
12.454786213841814 231525.50428042485 -229593.45047450197
12.455036436012623 232976.03557767317 -231037.91064367621
12.455286658183431 234437.98857712271 -232493.76380789542
12.45553688035424 235911.47150760278 -233961.11801471162
12.455787102525049 237396.59379690618 -235440.0825092071
12.456037324695858 238893.46608699666 -236930.76774918821
12.456287546866665 240402.20024943404 -238433.2854205966
12.456537769037475 241922.90940101986 -239947.74845314113
12.456787991208284 243455.70791966759 -241474.27103615395
12.457038213379093 245000.71146050075 -243012.96863467427
12.4572884355499 246558.03697218257 -244563.95800576371
12.457538657720709 248127.80271348089 -246127.35721505669
12.457788879891519 249710.12827007234 -247703.28565354977
12.458039102062326 251305.13457158909 -249291.86405463371
12.458289324233135 252912.94390891283 -250893.21451137209
12.458539546403944 254533.6799517191 -252507.46049403073
12.458789768574754 256167.46776627676 -254134.72686786161
12.459039990745561 257814.43383350639 -255775.13991114567
12.45929021291637 259474.70606730165 -257428.82733349854
12.459540435087179 261148.41383311831 -259095.91829444355
12.459790657257987 262835.68796683481 -260776.54342225628
12.460040879428796 264536.6607938892 -262470.83483308507
12.460291101599605 266251.46614869667 -264178.92615035229
12.460541323770414 267980.23939435236 -265900.95252444025
12.460791545941222 269723.11744262418 -267637.05065266724
12.461041768112031 271480.23877424002 -269387.35879955796
12.46129199028284 273251.74345947494 -271152.01681741304
12.461542212453649 275037.7731790425 -272931.16616718326
12.461792434624456 276838.47124529548 -274724.94993965252
12.462042656795266 278653.9826237415 -276533.51287693548
12.462292878966075 280484.45395487791 -278357.00139429473
12.462543101136882 282330.03357635217 -280195.56360228261
12.462793323307691 284190.87154545233 -282049.34932921332
12.4630435454785 286067.11966193351 -283918.51014397084
12.46329376764931 287958.93149118603 -285803.19937915792
12.463543989820117 289866.46238775039 -287703.57215459226
12.463794211990926 291789.86951918562 -289619.78540115512
12.464044434161735 293729.31189029611 -291551.99788499903
12.464294656332545 295684.95036772353 -293500.37023211946
12.464544878503352 297656.9477049096 -295465.06495329802
12.464795100674161 299645.46856743639 -297446.24646942207
12.46504532284497 301650.67955874966 -299444.08113718784
12.465295545015778 303672.74924627267 -301458.73727519339
12.465545767186587 305711.84818791639 -303490.38519042794
12.465795989357396 307768.14895899303 -305539.197205164
12.466046211528205 309841.82617953984 -307605.34768425976
12.466296433699013 311933.05654205981 -309689.01306287805
12.466546655869822 314042.0188396867 -311790.37187462935
12.466796878040631 316168.89399478125 -313909.60478014586
12.467047100211438 318313.86508796661 -316046.89459609421
12.467297322382247 320477.11738760944 -318202.42632463394
12.467547544553057 322658.83837975533 -320376.38718332973
12.467797766723866 324859.2177985257 -322568.96663552499
12.468047988894673 327078.44765698438 -324780.35642118478
12.468298211065482 329316.72227848158 -327010.75058821606
12.468548433236291 331574.23832848429 -329260.34552427358
12.468798655407101 333851.1948469003 -331529.33998905972
12.469048877577908 336147.79328090552 -333817.93514712685
12.469299099748717 338464.23751828278 -336126.33460119099
12.469549321919526 340800.73392128071 -338454.74442596553
12.469799544090334 343157.49136100232 -340803.37320252397
12.470049766261143 345534.72125233233 -343172.43205320113
12.470299988431952 347932.63758941222 -345562.13467704214
12.470550210602761 350351.4569816732 -347972.69738580851
12.470800432773569 352791.39869043638 -350404.33914055151
12.471050654944378 355252.6846660903 -352857.2815887623
12.471300877115187 357735.53958585596 -355331.7491021094
12.471551099285996 360240.19089214964 -357827.96881477337
12.471801321456804 362766.86883155396 -360346.17066238984
12.472051543627613 365315.80649440823 -362886.58742161072
12.472301765798422 367887.23985502834 -365449.45475029561
12.472551987969229 370481.40781256836 -368035.0112283437
12.472802210140038 373098.55223253445 -370643.49839917786
12.473052432310848 375738.91798896273 -373275.16081189265
12.473302654481657 378402.75300727348 -375930.24606407783
12.473552876652464 381090.30830781313 -378609.00484532956
12.473803098823273 383801.8380500967 -381311.69098146155
12.474053320994082 386537.599577763 -384038.56147942855
12.47430354316489 389297.85346425563 -386789.87657297548
12.474553765335699 392082.86355924251 -389565.89976902428
12.474803987506508 394892.89703578758 -392366.89789481298
12.475054209677317 397728.2244382879 -395193.14114579931
12.475304431848125 400589.11973119027 -398044.90313434374
12.475554654018934 403475.86034850118 -400922.46093918546
12.475804876189743 406388.72724410484 -403826.09515572555
12.476055098360552 409328.00494290364 -406756.08994713257
12.47630532053136 412293.98159279616 -409712.7330962852
12.476555542702169 415286.94901750784 -412696.31605856708
12.476805764872978 418307.20277029031 -415707.13401552959
12.477055987043785 421355.04218850477 -418745.48592943861
12.477306209214595 424430.77044910577 -421811.67459872091
12.477556431385404 427534.69462504232 -424906.00671432749
12.477806653556213 430667.12574259238 -428028.79291702999
12.47805687572702 433828.37883964903 -431180.34785566782
12.478307097897829 437018.77302497468 -434360.99024636351
12.478557320068639 440238.63153844239 -437571.042932724
12.478807542239448 443488.28181228176 -440810.83294704626
12.479057764410255 446768.05553334829 -444080.69157254614
12.479307986581064 450078.28870643553 -447380.95440662897
12.479558208751873 453419.32171864912 -450711.96142522176
12.479808430922681 456791.49940486258 -454074.05704818672
12.48005865309349 460195.17111427529 -457467.59020583617
12.480308875264299 463630.69077809306 -460892.91440656973
12.480559097435108 467098.41697835276 -464350.38780565461
12.480809319605916 470598.71301791188 -467840.37327517086
12.481059541776725 474131.94699162582 -471363.23847514315
12.481309763947534 477698.49185873452 -474919.35592588159
12.481559986118341 481298.72551648202 -478509.10308155493
12.481810208289151 484933.03087499173 -482132.86240501865
12.48206043045996 488601.79593342164 -485791.02144392265
12.482310652630769 492305.41385742388 -489483.97290812212
12.482560874801576 496044.28305793292 -493212.11474841717
12.482811096972386 499818.80727130856 -496975.85023664602
12.483061319143195 503629.39564085921 -500775.58804715791
12.483311541314004 507476.46279977192 -504611.74233969237
12.483561763484811 511360.42895547632 -508484.73284369119
12.48381198565562 515281.71997546992 -512394.9849440718
12.48406220782643 519240.76747463323 -516342.92976848892
12.484312429997237 523238.00890406308 -520329.00427611446
12.484562652168046 527273.88764145412 -524353.65134796419
12.484812874338855 531348.85308305756 -528417.31987880182
12.485063096509665 535463.36073724937 -532520.46487065032
12.485313318680472 539617.87231973722 -536663.54752794292
12.485563540851281 543812.85585044022 -540847.03535434511
12.48581376302209 548048.78575207258 -545071.40225127968
12.486063985192899 552326.14295046532 -549337.12861818983
12.486314207363707 556645.4149766604 -553644.70145457296
12.486564429534516 561007.09607081104 -557994.61446382047
12.486814651705325 565411.68728792516 -562387.36815889971
12.487064873876133 569859.69660548738 -566823.46996991313
12.487315096046942 574351.63903299673 -571303.43435357348
12.487565318217751 578888.03672345914 -575827.78290463146
12.48781554038856 583469.41908687213 -580397.04446929542
12.488065762559367 588096.32290574221 -585011.75526068313
12.488315984730177 592769.29245267517 -589672.45897634502
12.488566206900986 597488.87961008085 -594379.70691790117
12.488816429071793 602255.6439920346 -599134.05811283388
12.489066651242602 607070.15306833899 -603936.07943848008
12.489316873413411 611932.98229082942 -608786.34574826562
12.489567095584221 616844.71522196964 -613685.44000022952
12.489817317755028 621805.94366578211 -618633.95338788163
12.490067539925837 626817.26780116232 -623632.48547344294
12.490317762096646 631879.29631762323 -628681.64432351571
12.490567984267456 636992.64655352116 -633782.04664723284
12.490818206438263 642157.94463681185 -638934.31793693779
12.491068428609072 647375.82562838995 -644139.09261144535
12.491318650779881 652646.93366806291 -649397.01416193717
12.491568872950689 657971.92212321528 -654708.735300545
12.491819095121498 663351.45374021668 -660074.91811167763
12.492069317292307 668786.20079863083 -665496.23420614761
12.492319539463116 674276.8452682835 -670973.36487815494
12.492569761633924 679824.07896924776 -676507.00126518775
12.492819983804733 685428.60373480711 -682097.84451089904
12.493070205975542 691091.13157745858 -687746.6059310222
12.493320428146351 696812.38485801825 -693454.00718238822
12.493570650317158 702593.09645789443 -699220.78043510846
12.493820872487968 708434.00995459408 -705047.66854799015
12.494071094658777 714335.87980053062 -710935.42524725094
12.494321316829584 720299.47150520096 -716884.81530860253
12.494571539000393 726325.56182080449 -722896.61474277417
12.494821761171202 732414.93893137481 -728971.61098454718
12.495071983342012 738568.40264549828 -735110.60308537586
12.495322205512819 744786.76459269645 -741314.40190967009
12.495572427683628 751070.84842354874 -747583.83033481636
12.495822649854437 757421.49001363444 -753919.7234550179
12.496072872025245 763839.53767137695 -760322.92878903437
12.496323094196054 770325.85234987095 -766794.30649190338
12.496573316366863 776881.30786277994 -773334.72957073071
12.496823538537672 783506.79110438912 -779945.08410463447
12.49707376070848 790203.20227390423 -786626.26946893323
12.497323982879289 796971.45510408701 -793379.19856366934
12.497574205050098 803812.47709432 -800204.79804656014
12.497824427220907 810727.20974819758 -807104.00857047283
12.498074649391715 817716.60881573986 -814077.78502552176
12.498324871562524 824781.64454033051 -821127.09678588656
12.498575093733333 831923.30191048048 -828252.92796145543
12.49882531590414 839142.58091652312 -835456.27765439718
12.499075538074949 846440.49681234779 -842738.16022077028
12.499325760245759 853818.08038228261 -850099.60553727928
12.499575982416568 861276.37821323867 -857541.65927329042
12.499826204587375 868816.45297223143 -865065.38316822273
12.500076426758184 876439.38368939818 -872671.85531443264
12.500326648928993 884146.26604663127 -880362.17044571333
12.500576871099803 891938.2126719529 -888137.44023153267
12.50082709327061 899816.35343975748 -895998.79357713705
12.501077315441419 907781.83577705279 -903947.37692965148
12.501327537612228 915835.82497583213 -911984.35459030909
12.501577759783036 923979.5045117155 -920110.90903294692
12.501827981953845 932214.07636899885 -928328.2412289076
12.502078204124654 940540.76137225586 -936637.57097849145
12.502328426295463 948960.79952463834 -945040.13724910468
12.502578648466271 957475.45035302674 -953537.19852025551
12.50282887063708 966085.99326018512 -962130.03313555196
12.503079092807889 974793.72788407851 -970819.93966185988
12.503329314978696 983599.97446451522 -979608.23725578329
12.503579537149506 992506.07421728002 -988496.26603763318
12.503829759320315 1001513.3897159296 -997485.38747305528
12.504079981491124 1010623.3052814238 -1006576.9847624921
12.504330203661931 1019837.2273797726 -1015772.4632386569
12.50458042583274 1029156.5850278814 -1025073.2507722045
12.50483064800355 1038582.8302077858 -1034480.7981857866
12.505080870174359 1048117.4382894642 -1043996.5796766846
12.505331092345166 1057761.9084624308 -1053622.0932482183
12.505581314515975 1067517.7641763089 -1063358.8611501323
12.505831536686784 1077386.5535905939 -1073208.4303281694
12.506081758857592 1087369.8500338204 -1083172.3728830442
12.506331981028401 1097469.2524723492 -1093252.2865390347
12.50658220319921 1107686.3859890033 -1103449.7951224181
12.506832425370019 1118022.9022717781 -1113766.5490499798
12.507082647540827 1128480.4801128674 -1124204.2258278322
12.507332869711636 1139060.825918243 -1134764.5305607859
12.507583091882445 1149765.6742280398 -1145449.1964725216
12.507833314053254 1160596.7882479993 -1156259.9854368176
12.508083536224062 1171555.9603922346 -1167198.6885200958
12.508333758394871 1182645.0128375865 -1178267.1265355526
12.50858398056568 1193865.7980898423 -1189467.1506091524
12.508834202736487 1205220.1995621056 -1200800.6427577655
12.509084424907297 1216710.1321656026 -1212269.5164797399
12.509334647078106 1228337.5429132269 -1223875.7173582076
12.509584869248915 1240104.4115361248 -1235621.2236774268
12.509835091419722 1252012.7511136383 -1247508.0470524787
12.510085313590531 1264064.6087169261 -1259538.2330726366
12.510335535761341 1276262.0660665936 -1271713.8619587424
12.510585757932148 1288607.240204673 -1284037.0492349251
12.510835980102957 1301102.2841813001 -1296509.9464150157
12.511086202273766 1313749.3877564475 -1309134.7417040109
12.511336424444575 1326550.7781170816 -1321913.6607149572
12.511586646615383 1339508.7206101196 -1334848.9672016311
12.511836868786192 1352625.5194915773 -1347942.9638074033
12.512087090957001 1365903.5186923025 -1361197.9928306858
12.51233731312781 1379345.1026007051 -1374616.4370073695
12.512587535298618 1392952.6968629046 -1388200.7203106745
12.512837757469427 1406728.7692007245 -1401953.3087688424
12.513087979640236 1420675.8302479801 -1415876.7113011156
12.513338201811044 1434796.4344055117 -1429973.4805724586
12.513588423981853 1449093.1807154347 -1444246.2138674895
12.513838646152662 1463568.7137550858 -1458697.5539841016
12.514088868323471 1478225.7245511601 -1473330.1901472714
12.514339090494278 1493066.9515145465 -1488146.8589435583
12.514589312665088 1508095.181396385 -1503150.3452768207
12.514839534835897 1523313.2502658805 -1518343.4833456825
12.515089757006706 1538724.0445104272 -1533729.1576433033
12.515339979177513 1554330.5018586072 -1549310.3039800178
12.515590201348322 1570135.6124266493 -1565089.9105294289
12.515840423519132 1586142.4197889466 -1581071.0188985511
12.516090645689939 1602354.022073247 -1597256.7252226227
12.516340867860748 1618773.5730811527 -1613650.1812852193
12.516591090031557 1635404.2834345798 -1630254.5956643187
12.516841312202367 1652249.4217488458 -1647073.2349049896
12.517091534373174 1669312.3158330768 -1664109.4247193914
12.517341756543983 1686596.353918642 -1681366.551214793
12.517591978714792 1704104.9859163442 -1698848.062150341
12.5178422008856 1721841.7247031163 -1716557.4682233268
12.518092423056409 1739810.1474389965 -1734498.3443857234
12.518342645227218 1758013.8969151734 -1752674.3311917842
12.518592867398027 1776456.682933921 -1771089.1361775249
12.518843089568835 1795142.2837212614 -1789746.5352729224
12.519093311739644 1814074.5473732203 -1808650.3742477002
12.519343533910453 1833257.3933365669 -1827804.5701915885
12.519593756081262 1852694.8139249524 -1847213.1130299738
12.519843978252069 1872390.8758713913 -1866880.0670758823
12.520094200422879 1892349.7219180544 -1886809.5726192666
12.520344422593688 1912575.5724443744 -1907005.847554594
12.520594644764495 1933072.727134492 -1927473.1890477671
12.520844866935304 1953845.5666851013 -1948215.9752434324
12.521095089106113 1974898.5545547851 -1969238.6670137704
12.521345311276923 1996236.238755964 -1990545.8097498873
12.52159553344773 2017863.2536906141 -2012142.0351969667
12.521845755618539 2039784.3220309466 -2034032.0633343705
12.522095977789348 2062004.2566462744 -2056220.7043019168
12.522346199960158 2084527.9625773306 -2078712.860373599
12.522596422130965 2107360.4390593409 -2101513.5279800459
12.522846644301774 2130506.7815951891 -2124627.799781065
12.523096866472583 2153972.1840800638 -2148060.866789652
12.523347088643391 2177761.9409790016 -2171818.020548888
12.5235973108142 2201881.4495588019 -2195904.6553631942
12.523847532985009 2226336.2121758233 -2220326.2705854545
12.524097755155818 2251131.8386212187 -2245088.4729615655
12.524347977326626 2276274.0485252198 -2270196.9790340206
12.524598199497435 2301768.6738221245 -2295657.6176061844
12.524848421668244 2327621.6612776951 -2321476.3322689654
12.525098643839051 2353839.0750807314 -2347659.1839916455
12.52534886600986 2380427.0995006296 -2374212.3537786836
12.52559908818067 2407392.041612803 -2401142.1453943653
12.525849310351479 2434740.3340938925 -2428454.9881572281
12.526099532522286 2462478.5380887622 -2456157.4398062523
12.526349754693095 2490613.3461513291 -2484256.1894408748
12.526599976863904 2519151.5852613514 -2512758.0605369424
12.526850199034714 2548100.2199193565 -2541670.0140407882
12.527100421205521 2577466.3553219675 -2570999.1515436908
12.52735064337633 2607257.2406199551 -2600752.7185390387
12.527600865547139 2637480.2722614156 -2630938.1077646045
12.527851087717947 2668142.9974225527 -2661562.8626324069
12.528101309888756 2699253.1175286248 -2692634.6807487137
12.528351532059565 2730818.491867695 -2724161.4175268337
12.528601754230374 2762847.1412999104 -2756151.0898954151
12.528851976401182 2795347.2520651268 -2788611.8801050708
12.529102198571991 2828327.1796917822 -2821552.1396362297
12.5293524207428 2861795.4530100212 -2854980.3932112204
12.529602642913609 2895760.7782721673 -2888905.3429136802
12.529852865084417 2930232.0433837459 -2923335.8724184921
12.530103087255226 2965218.3222483601 -2958281.0513355522
12.530353309426035 3000728.8792298362 -2993750.1396707837
12.530603531596842 3036773.1737351655 -3029752.5924079232
12.530853753767651 3073360.8649218865 -3066298.0642147246
12.531103975938461 3110501.816533675 -3103396.4142773431
12.53135419810927 3148206.1018680301 -3141057.7112667933
12.531604420280077 3186484.0088800839 -3179292.2384415003
12.531854642450886 3225346.0454266849 -3218110.4988901024
12.532104864621695 3264802.944655058 -3257523.2209187993
12.532355086792503 3304865.6705404804 -3297541.3635876896
12.532605308963312 3345545.4235775662 -3338176.1224006899
12.532855531134121 3386853.6466299118 -3379438.9351537824
12.53310575330493 3428802.03094301 -3421341.4879465005
12.533355975475738 3471402.522325513 -3463895.7213617368
12.533606197646547 3514667.3275040979 -3507113.8368191174
12.533856419817356 3558608.9206573726 -3551008.3031073851
12.534106641988165 3603240.0501344358 -3595591.8631014056
12.534356864158973 3648573.7453639191 -3640877.5406696172
12.534607086329782 3694623.3239595206 -3686878.6477779429
12.534857308500591 3741402.3990282672 -3733608.7917963886
12.535107530671398 3788924.8866879456 -3781081.8830147791
12.535357752842208 3837205.0138003808 -3829312.1423742995
12.535607975013017 3886257.3259274685 -3878314.1094217543
12.535858197183826 3936096.6955171116 -3928102.6504936898
12.536108419354633 3986738.330326471 -3978692.9671377903
12.536358641525442 4038197.7820901945 -4030100.6047792104
12.536608863696252 4090490.9554415713 -4082341.4616397894
12.536859085867061 4143634.1170948339 -4135431.7979183709
12.537109308037868 4197643.9052971331 -4189388.2452407493
12.537359530208677 4252537.3395590149 -4244227.8163880697
12.537609752379486 4308331.8306725426 -4299967.9153128294
12.537859974550294 4365045.1910265489 -4356626.3474519597
12.538110196721103 4422695.6452288413 -4414221.330346806
12.538360418891912 4481301.8410455398 -4472771.5045801969
12.538610641062721 4540882.8606681079 -4532295.9450411471
12.538860863233529 4601458.2323190132 -4592814.1725281393
12.539111085404338 4663047.9422073746 -4654346.1657023355
12.539361307575147 4725672.446846352 -4716912.3734024754
12.539611529745954 4789352.6857444867 -4780533.7273336621
12.539861751916764 4854110.0944836494 -4845231.6551427022
12.540111974087573 4919966.6181967258 -4911028.0938931173
12.540362196258382 4986944.7254586611 -4977945.5039534504
12.540612418429189 5055067.4226049986 -5046006.8833130039
12.540862640599999 5124358.2684925823 -5115235.7823396726
12.541112862770808 5194841.3897176441 -5185656.3189950902
12.541363084941617 5266541.4963070815 -5257293.1945229014
12.541613307112424 5339483.8978993278 -5330171.709626548
12.541863529283233 5413694.5204318482 -5404317.7811536109
12.542113751454043 5489199.9233529521 -5479757.9593043867
12.54236397362485 5566027.3173762858 -5556519.4453830682
12.542614195795659 5644204.5827970849 -5634630.1101106042
12.542864417966468 5723760.2883900078 -5714118.5125190541
12.543114640137278 5804723.7109091403 -5795013.919448032
12.543364862308085 5887124.8552115709 -5877346.3256646274
12.543615084478894 5970994.4750267621 -5961146.4746290362
12.543865306649703 6056364.0943948403 -6046445.8799290136
12.544115528820512 6143266.0297978204 -6133276.8474071687
12.54436575099132 6231733.413008743 -6221672.498006071
12.544615973162129 6321800.2146846941 -6311666.7913571354
12.544866195332938 6413501.2687307149 -6403294.5501402989
12.545116417503746 6506872.2974626916 -6496591.4852425596
12.545366639674555 6601949.9375984399 -6591594.2217446128
12.545616861845364 6698771.7671073927 -6688340.3257659646
12.545867084016173 6797376.3329505119 -6786868.3322001584
12.54611730618698 6897803.1797433505 -6887217.7733730292
12.54636752835779 7000092.8793765223 -6989429.2086582389
12.546617750528599 7104287.0616292441 -7093544.2550857617
12.546867972699406 7210428.4458130859 -7199605.6189804394
12.547118194870215 7318560.8734845947 -7307657.1286692778
12.547368417041024 7428729.3422670569 -7417743.7682977384
12.547618639211834 7540980.0408233441 -7529911.7127969768
12.547868861382641 7655360.385023538 -7644208.3640457001
12.54811908355345 7771919.0553528564 -7760682.3882721839
12.548369305724259 7890706.0356073286 -7879383.754743875
12.548619527895069 8011772.6529266564 -8000363.7757940134
12.548869750065876 8135171.6192158088 -8123675.1482368307
12.549119972236685 8260957.0740090841 -8249371.9962250339
12.549370194407494 8389184.6288326681 -8377509.9156056093
12.549620416578302 8519911.4131241255 -8508146.0198323838
12.549870638749111 8653196.1217697803 -8641338.9874962717
12.55012086091992 8789099.0643235631 -8777149.1115368027
12.550371083090729 8927682.2159736715 -8915638.3502012659
12.550621305261537 9069009.270326294 -9056870.3798206933
12.550871527432346 9213145.6940786447 -9200910.6494749561
12.551121749603155 9360158.7836567666 -9347826.4376224
12.551371971773964 9510117.7238968555 -9497686.9107727762
12.551622193944771 9663093.6488523744 -9650563.1842857227
12.551872416115581 9819159.7048128583 -9806528.3853807002
12.55212263828639 9978391.1156241558 -9965657.7184481062
12.552372860457197 10140865.25040389 -10128028.532755354
12.552623082628006 10306661.69375011 -10293720.392645871
12.552873304798815 10475862.318545548 -10462815.150333436
12.553123526969625 10648551.361464577 -10635397.021398911
12.553373749140432 10824815.501294754 -10811552.663101291
12.553623971311241 11004743.940190069 -10991371.255620131
12.55387419348205 11188428.487978298 -11174944.586351773
12.554124415652858 11375963.649650564 -11362367.137387458
12.554374637823667 11567446.716167137 -11553736.176307335
12.554624859994476 11762977.858719707 -11749151.850430598
12.554875082165285 11962660.22659697 -11948717.284668578
12.555125304336093 12166600.048807207 -12152538.68313445
12.555375526506902 12374906.739618801 -12360725.434670502
12.555625748677711 12587693.008187247 -12573390.222461501
12.55587597084852 12805074.97244525 -12790649.137910716
12.556126193019328 13027172.277440865 -13012621.798963591
12.556376415190137 13254108.218317596 -13239431.473072909
12.556626637360946 13486009.868139623 -13471205.205008635
12.556876859531753 13723008.210775191 -13708073.949725466
12.557127081702562 13965238.279061569 -13950172.710511435
12.557377303873372 14212839.298485823 -14197640.682651849
12.557627526044181 14465954.836627189 -14450621.402854292
12.557877748214988 14724732.9586189 -14709262.904692534
12.558127970385797 14989326.388900079 -14973717.880339971
12.558378192556606 15259892.679541757 -15244143.848876571
12.558628414727414 15536594.385445245 -15520703.331467602
12.558878636898223 15819599.246726034 -15803564.033727255
12.559128859069032 16109080.378612196 -16092899.035596108
12.559379081239841 16405216.469202846 -16388886.989078008
12.559629303410649 16708191.985449856 -16691712.324199475
12.559879525581458 17018197.38774449 -17001565.463573344
12.560129747752267 17335429.353510268 -17318643.045967851
12.560379969923076 17660091.010224 -17643148.159303136
12.560630192093884 17992392.1783088 -17975290.583518926
12.560880414264693 18332549.624366 -18315287.04378026
12.561130636435502 18680787.325237233 -18663361.474512532
12.561380858606309 19037336.743413828 -19019745.294782959
12.561631080777119 19402437.114337906 -19384677.695572771
12.561881302947928 19776335.746168416 -19758405.939513434
12.562131525118737 20159288.332615975 -20141185.67369061
12.562381747289544 20551559.279482603 -20533281.256152011
12.562631969460353 20953422.045576781 -20934966.096789453
12.562882191631163 21365159.498710394 -21346523.0133017
12.563132413801972 21787064.287522636 -21768244.602983072
12.563382635972779 22219439.229916524 -22200433.631123446
12.563632858143588 22662597.718936868 -22643403.436848447
12.563883080314397 23116864.146964233 -23097478.357274316
12.564133302485205 23582574.34914789 -23562994.170900386
12.564383524656014 24060076.067052193 -24040298.561213568
12.564633746826823 24549729.433545407 -24529751.601533774
12.564883968997632 25051907.480017859 -25031726.262187157
12.56513419116844 25566996.667077884 -25546608.941155508
12.565384413339249 26095397.43993922 -26074800.019415446
12.565634635510058 26637524.809782978 -26616714.442250412
12.565884857680865 27193808.962451003 -27172782.327892262
12.566135079851675 27764695.8959058 -27743449.604927517
12.566385302022484 28350648.087975562 -28329178.679986749
12.566635524193293 28952145.195991479 -28930449.137324188
12.5668857463641 29569684.790018808 -29547758.47198895
12.56713596853491 30203783.121483587 -30181622.858389661
12.567386190705719 30854975.929103751 -30832577.956161179
12.567636412876528 31523819.284147263 -31501179.755355872
12.567886635047335 32210890.47716115 -32188005.463103276
12.568136857218144 32916788.948444605 -32893654.434011169
12.568387079388954 33642137.264677107 -33618749.146718904
12.568637301559761 34387582.144259557 -34363936.229160868
12.56888752373057 35153795.534083113 -35129887.535254627
12.569137745901379 35941475.740607917 -35917301.275895812
12.569387968072188 36751348.618312456 -36726903.20732034
12.569638190242996 37584168.818765171 -37559447.880085483
12.569888412413805 38440721.103773832 -38415719.95212508
12.570138634584614 39321821.726286031 -39296535.569552094
12.570388856755423 40228319.882947154 -40202743.819114752
12.570639078926231 41161099.242471427 -41135228.256461643
12.57088930109704 42121079.554248206 -42094908.514637738
12.571139523267849 43109218.341891095 -43082741.997518748
12.571389745438657 44126512.686743118 -44099725.663196832
12.571639967609466 45174001.106678568 -45146897.90265803
12.571890189780275 46252765.535892949 -46225340.519442625
12.572140411951084 47363933.411748648 -47336180.81635581
12.572390634121891 48508679.875147395 -48480593.795699477
12.572640856292701 49688230.091333419 -49659804.479928754
12.57289107846351 50903861.69849588 -50875090.360101543
12.573141300634317 52156907.392038114 -52127783.979988374
12.573391522805126 53448757.652917363 -53419275.664245799
12.573641744975935 54780863.629034758 -54751016.399632931
12.573891967146745 56154740.179274961 -56124520.878869966
12.574142189317552 57571969.090461142 -57541370.717404157
12.574392411488361 59034202.478208415 -59003217.85406588
12.57464263365917 60543166.383431062 -60511788.14736969
12.57489285582998 62100664.577090673 -62068885.180047102
12.575143078000787 63708582.586668998 -63676394.285294354
12.575393300171596 65368891.958815828 -65336286.809184998
12.575643522342405 67083654.773665041 -67050624.624739982
12.575893744513213 68855028.427437261 -68821564.914272919
12.576143966684022 70685270.701162651 -70651365.237843752
12.576394188854831 72576745.134670272 -72542388.906966284
12.57664441102564 74531926.726408839 -74497110.684134126
12.576894633196448 76553407.981198624 -76518122.830263644
12.577144855367257 78643905.329673439 -78608141.523812458
12.577395077538066 80806265.94496955 -80770013.677129447
12.577645299708875 83043474.984163776 -83006724.177537486
12.577895521879682 85358663.284072638 -85321403.582760125
12.578145744050492 87755115.543311089 -87717336.302589595
12.578395966221301 90236279.024990022 -90197969.301174447
12.578646188392108 92805772.817124605 -92766921.356997699
12.578896410562917 95467397.690749973 -95427992.920540884
12.579146632733726 98225146.598918617 -98185176.612807184
12.579396854904536 101083215.86320944 -101042668.41133216
12.579647077075343 104046017.09813757 -104004879.57406993
12.579897299246152 107118189.92794646 -107076449.35563467
12.580147521416961 110304615.55472188 -110262258.57483569
12.580397743587769 113610431.24162529 -113567444.09730162
12.580647965758578 117041045.78034335 -116997414.30228879
12.580898187929387 120602156.01763234 -120557865.60855074
12.581148410100196 124299764.52215111 -124254800.14046021
12.581398632271004 128140198.47967565 -128094544.62247448
12.581648854441813 132130129.91233319 -132083770.59758005
12.581899076612622 136276597.32574821 -136229516.07360584
12.582149298783431 140587028.89703071 -140539208.7103332
12.582399520954239 145069267.32644069 -145020690.67023322
12.582649743125048 149731596.48641953 -149682245.26651943
12.582899965295857 154582770.01359293 -154532625.55411682
12.583150187466664 159632042.00243062 -159581085.02222919
12.583400409637473 164889199.97362077 -164837410.56155863
12.583650631808283 170364600.3060222 -170311957.89503604
12.583900853979092 176069206.33845136 -176015689.67831579
12.584151076149899 182014629.36671582 -181960216.49544087
12.584401298320708 188213172.78241765 -188157840.99619702
12.584651520491517 194677879.62333938 -194621605.44496328
12.584901742662327 201422583.83093277 -201365342.97657281
12.585151964833134 208461965.53883544 -208403732.88310298
12.585402187003943 215811610.74774957 -215752360.2869218
12.585652409174752 223488075.77677581 -223427780.59007663
12.58590263134556 231508956.91980076 -231447589.12861505
12.586152853516369 239892965.77822271 -239830496.50311467
12.586403075687178 248660010.78866726 -248596410.10406306
12.586653297857987 257831285.51695138 -257766522.40333697
12.586903520028795 267429364.34804025 -267363406.64151409
12.587153742199604 277478306.26681662 -277411120.60582459
12.587403964370413 288003767.49696326 -287935319.26603061
12.58765418654122 299033123.8460719 -298963377.11633289
12.58790440871203 310595603.69527102 -310524521.16158158
12.588154630882839 322722432.67241561 -322649975.58681762
12.588404853053648 335446991.16054118 -335373119.26182908
12.588655075224455 348804985.91941023 -348729657.35853124
12.588905297395264 362834637.23931795 -362757808.50031483
12.589155519566074 377576883.20489132 -377498509.02107471
12.589405741736883 393075602.82471478 -392995636.08972514
12.58965596390769 409377859.98285884 -409296251.65625113
12.589906186078499 426534170.39382243 -426450869.40077579
12.590156408249308 444598793.99646688 -444513747.12118864
12.590406630420116 463630055.5092057 -463543207.28156179
12.590656852590925 483690696.19261807 -483601988.76748264
12.590907074761734 504848260.23206383 -504757633.26083672
12.591157296932543 527175519.56788391 -527082910.06157607
12.591407519103351 550750941.47145319 -550656283.65468729
12.59165774127416 575659203.69990611 -575562428.85512173
12.591907963444969 601991762.67022645 -601892798.97131348
12.592158185615778 629847480.78566849 -629746253.12018335
12.592408407786586 659333319.8369447 -659229749.61598408
12.592658629957395 690565108.30224478 -690459113.2569654
12.592908852128204 723668391.40147698 -723559885.3651545
12.593159074299011 758779373.94147873 -758668266.61589265
12.593409296469821 796045967.34435177 -795932164.04916418
12.59365951864063 835628953.80867743 -835512355.21234548
12.593909740811439 877703282.34614313 -877583784.17675591
12.594159962982246 922459513.50312102 -922337006.23739326
12.594410185153055 970105431.96400869 -969979800.49248075
12.594660407323865 1020867848.9949843 -1020738972.2612777
12.594910629494672 1074994619.8879998 -1074862370.4997518
12.595160851665481 1132756905.2817974 -1132621149.090647
12.59541107383629 1194451709.5609457 -1194312305.2086587
12.595661296007099 1260404734.5741882 -1260261533.0016954
12.595911518177907 1330973592.8001263 -1330826436.7158897
12.596161740348716 1406551430.9773564 -1406400154.2810762
12.596411962519525 1487571023.2956419 -1487415450.452868
12.596662184690334 1574509402.7401407 -1574349348.1028359
12.596912406861142 1667893110.3651495 -1667728377.4326787
12.597162629031951 1768304155.4776459 -1768134536.0920036
12.59741285120276 1876386795.3349404 -1876212068.8032897
12.597663073373567 1992855261.4932477 -1992675193.6299911
12.597913295544377 2118502581.9804168 -2118316924.0600586
12.598163517715186 2254210674.7358899 -2254019162.3468451
12.598413739885995 2400961919.1590333 -2400764270.9472747
12.598663962056802 2559852450.2361479 -2559648366.5261397
12.598914184227612 2732107464.9387908 -2731896626.2174959
12.599164406398421 2919098885.0888901 -2918880950.3367181
12.599414628569228 3122365786.7703013 -3122140391.6206646
12.599664850740037 3343638086.2496729 -3343404840.9562597
12.599915072910846 3584864069.5336099 -3584622556.7215223
12.600165295081656 3848242471.2580271 -3847992243.431489
12.600415517252463 4136259953.781383 -4136000530.5567131
12.600665739423272 4451735015.7284594 -4451465880.7563143
12.600915961594081 4797869579.1886921 -4797590176.7240992
12.601166183764891 5178309777.0198107 -5178019508.0920486
12.601416405935698 5597217799.9834814 -5596916018.1102705
12.601666628106507 6059357085.4484148 -6059043091.8298855
12.601916850277316 6570193658.059515 -6569866696.1767702
12.602167072448124 7136017097.9180403 -7135676347.4484367
12.602417294618933 7764085452.4551201 -7763730022.4012642
12.602667516789742 8462799475.582468 -8462428396.4937868
12.602917738960551 9241912939.6617126 -9241525154.8056335
12.603167961131359 10112787512.458292 -10112381867.771759
12.603418183302168 11088702943.062746 -11088278175.682865
12.603668405472977 12185236219.942535 -12184790945.076311
12.603918627643786 13420727170.498608 -13420259866.344238
12.604168849814593 14816852964.269907 -14816361954.643778
12.604419071985403 16399340572.602016 -16398824006.85355
12.604669294156212 18198854995.243015 -18198310824.950245
12.604919516327019 20252112782.422115 -20251538734.249523
12.605169738497828 22603286174.820129 -22602679718.780655
12.605419960668637 25305784634.725647 -25305142946.912704
12.605670182839447 28424529911.628807 -28423849830.260643
12.605920405010254 32038881341.362534 -32038159314.695801
12.606170627181063 36246424585.008598 -36245656609.310791
12.606420849351872 41167916497.006142 -41167098042.300865
12.60667107152268 46953791743.738686 -46952917664.416504
12.606921293693489 53792798972.233025 -53791863398.803024
12.607171515864298 61923569886.783035 -61922566093.954453
12.607421738035107 71650270892.345551 -71649191137.173538
12.607671960205915 83364002684.747681 -83362838006.607468
12.607922182376724 97572391873.861481 -97571131845.320068
12.608172404547533 114941012070.28659 -114939644484.21223
12.608422626718342 136352129995.83875 -136350640468.86418
12.60867284888915 162989215569.22153 -162987587034.26202
12.608923071059959 196460404897.85172 -196458616947.70123
12.609173293230768 238981926727.63693 -238979954756.04974
