# serie phase 2 p7_w1.73_c1.20_dt2_k2 : t x1 x2 (dt2=0.00025022217080867653, depart t=12.222 etat bascule x1 x2 v1 v2 = 1572.4013732844148 -1552.1655072542242 43949.286764076533 -43781.746340422367)
12.222 1572.4013732844148 -1552.1655072542242
12.222250222170809 1583.4525649748437 -1563.1746801838506
12.222500444341616 1594.6128716297551 -1574.2927742970605
12.222750666512425 1605.8836637862676 -1585.5211587463107
12.223000888683234 1617.2663327312343 -1596.8612234200427
12.223251110854044 1628.7622908691317 -1608.3143793103982
12.223501333024851 1640.3729720974382 -1619.8820588884219
12.22375155519566 1652.099832189677 -1631.5657164869253
12.224001777366469 1663.9443491862987 -1643.3668286911886
12.224251999537278 1675.9080237935852 -1655.2868947376794
12.224502221708086 1687.9923797907618 -1667.3274369209789
12.224752443878895 1700.198964445508 -1679.4900010091023
12.225002666049704 1712.5293489380635 -1691.7761566674124
12.225252888220512 1724.9851287941306 -1704.1874978913249
12.225503110391321 1737.5679243267771 -1716.7256434480146
12.22575333256213 1750.2793810875557 -1729.392237327331
12.226003554732939 1763.1211703270533 -1742.1889492021439
12.226253776903746 1776.0949894650948 -1755.1174748983383
12.226503999074556 1789.202562570832 -1768.1795368746916
12.226754221245365 1802.4456408529486 -1781.3768847128647
12.227004443416172 1815.8260031602267 -1794.7112956177493
12.227254665586981 1829.3454564927204 -1808.18457492842
12.227504887757791 1843.0058365237903 -1821.7985566399445
12.2277551099286 1856.8090081332623 -1835.5551039363124
12.228005332099407 1870.7568659519759 -1849.4561097347523
12.228255554270216 1884.851334918 -1863.5034972417102
12.228505776441025 1899.0943708447971 -1877.6992205207753
12.228755998611835 1913.4879610016276 -1892.0452650728391
12.229006220782642 1928.034124706491 -1906.5436484287907
12.229256442953451 1942.7349139319131 -1921.1964207550507
12.22950666512426 1957.5924139238912 -1936.0056654722612
12.229756887295068 1972.6087438343218 -1950.973499887454
12.230007109465877 1987.786057367244 -1966.10207584003
12.230257331636686 2003.1265434392387 -1981.3935803618895
12.230507553807495 2018.6324268543358 -1996.8502363520668
12.230757775978303 2034.3059689937886 -2012.4743032662275
12.231007998149112 2050.1494685210878 -2028.2680778214003
12.231258220319921 2066.1652621025933 -2044.2338947163232
12.23150844249073 2082.3557251441798 -2060.374127367797
12.231758664661537 2098.7232725442946 -2076.6911886634471
12.232008886832347 2115.2703594638424 -2093.1875317313074
12.232259109003156 2131.9994821133246 -2109.8656507266546
12.232509331173963 2148.9131785576692 -2126.7280816365264
12.232759553344772 2166.0140295392021 -2143.777403102375
12.233009775515582 2183.3046593192194 -2161.0162372613204
12.233259997686391 2200.7877365386425 -2178.4472506064767
12.233510219857198 2218.465975098241 -2196.0731548668423
12.233760442028007 2236.3421350589265 -2213.8967079072572
12.234010664198816 2254.4190235626415 -2231.9207146489457
12.234260886369624 2272.6994957743668 -2250.1480280111755
12.234511108540433 2291.186455845806 -2268.5815498745851
12.234761330711242 2309.8828579013034 -2287.2242320667415
12.235011552882051 2328.791707046581 -2306.0790773705066
12.235261775052859 2347.9160604008898 -2325.1491405558168
12.235511997223668 2367.259028153193 -2344.4375294354827
12.235762219394477 2386.82377464301 -2363.947405945647
12.236012441565286 2406.6135194665803 -2383.6819872515525
12.236262663736094 2426.63153860901 -2403.6445468792895
12.236512885906903 2446.8811656030998 -2423.8384158742128
12.236763108077712 2467.36579271556 -2444.2669839867444
12.237013330248519 2488.0888721613505 -2464.9337008862872
12.237263552419329 2509.0539173468956 -2485.8420774040119
12.237513774590138 2530.264504142955 -2506.9956868052896
12.237763996760947 2551.7242721879516 -2528.3981660925733
12.238014218931754 2573.4369262225764 -2550.05321733955
12.238264441102563 2595.4062374565269 -2571.9646090574161
12.238514663273373 2617.6360449682506 -2594.1361775941518
12.238764885444182 2640.1302571385972 -2616.5718285676949
12.239015107614989 2662.8928531193096 -2639.2755383339436
12.239265329785798 2685.9278843373118 -2662.2513554905499
12.239515551956607 2709.2394760357834 -2685.5034024174879
12.239765774127415 2732.8318288530363 -2709.0358768554156
12.240015996298224 2756.7092204402452 -2732.8530535228842
12.240266218469033 2780.8760071191164 -2756.959285773471
12.240516440639842 2805.3366255806072 -2781.3590072939578
12.24076666281065 2830.0955946258496 -2806.0567338447008
12.241016884981459 2855.1575169504663 -2831.0570650433833
12.241267107152268 2880.5270809735016 -2856.3646861933726
12.241517329323075 2906.2090627122316 -2881.9843701579457
12.241767551493885 2932.2083277041565 -2907.9209792816869
12.242017773664694 2958.5298329775205 -2934.1794673603999
12.242267995835503 2985.178629071745 -2960.7648816609258
12.24251821800631 3012.1598621092089 -2987.6823649922899
12.24276844017712 3039.478775919853 -3014.9371578296677
12.243018662347929 3067.1407142201319 -3042.5346004926828
12.243268884518738 3095.1511228478921 -3070.4801353796161
12.243519106689545 3123.5155520547969 -3098.7793092591542
12.243769328860354 3152.2396588579791 -3127.4377756213507
12.244019551031164 3181.329209452655 -3156.4612970895341
12.244269773201971 3210.7900816874885 -3185.855747894951
12.24451999537278 3240.6282676045516 -3215.627116415998
12.244770217543589 3270.8498760457951 -3245.7815077839414
12.245020439714398 3301.4611353279979 -3276.3251465571079
12.245270661885206 3332.468395988235 -3307.2643794655746
12.245520884056015 3363.8781336019683 -3338.6056782284677
12.245771106226824 3395.6969516759373 -3370.3556424460471
12.246021328397633 3427.9315846180962 -3402.5210025688202
12.246271550568441 3460.5889007869264 -3435.1086229460129
12.24652177273925 3493.675905622521 -3468.1255049557999
12.246771994910059 3527.199744861929 -3501.5787902197753
12.247022217080866 3561.1677078413286 -3535.4757639042336
12.247272439251676 3595.587230887681 -3569.8238581109167
12.247522661422485 3630.4659008026169 -3604.6306553599707
12.247772883593294 3665.811458441392 -3639.903892167958
12.248023105764101 3701.631802389853 -3675.6514627238566
12.248273327934911 3737.9349927424541 -3711.8814226660934
12.24852355010572 3774.7292549844701 -3748.6019929637505
12.248773772276527 3812.0229839816598 -3785.8215639052037
12.249023994447336 3849.8247480807504 -3823.5486991975604
12.249274216618145 3888.1432933242299 -3861.7921401803846
12.249524438788955 3926.9875477830583 -3900.5608101573157
12.249774660959762 3966.3666260110308 -3939.8638188493205
12.250024883130571 4006.2898336246699 -3979.7104669734467
12.25027510530138 4046.7666720126467 -4020.1102509510865
12.250525327472189 4087.8068431788874 -4061.0728677498964
12.250775549642997 4129.4202547236609 -4102.608219863675
12.251025771813806 4171.6170249671013 -4144.726420434652
12.251275993984615 4214.4074882197838 -4187.437798522802
12.251526216155423 4257.8022002051321 -4230.7529045269612
12.251776438326232 4301.8119436386132 -4274.6825157627081
12.252026660497041 4346.4477339688583 -4319.2376422021389
12.25227688266785 4391.72082528603 -4364.4295323808637
12.252527104838657 4437.6427164029665 -4410.2696794777421
12.252777327009467 4484.2251571148117 -4456.7698275730854
12.253027549180276 4531.4801546430836 -4503.9419780912567
12.253277771351085 4579.419980270327 -4551.7983964338246
12.253527993521892 4628.0571761717401 -4600.3516188096664
12.253778215692702 4677.4045624504097 -4649.6144592686314
12.254028437863511 4727.4752443830157 -4699.6000169456511
12.254278660034318 4778.2826198831544 -4750.3216835224284
12.254528882205127 4829.8403871896799 -4801.7931509141072
12.254779104375936 4882.1625527877513 -4854.0284191886112
12.255029326546746 4935.2634395705718 -4907.0418047266367
12.255279548717553 4989.1576952500991 -4960.8479486305787
12.255529770888362 5043.8603010253491 -5015.4618253910057
12.255779993059171 5099.3865805172136 -5070.89875181961
12.256030215229979 5155.7522089790964 -5127.1743962579321
12.256280437400788 5212.9732227930044 -5184.3047880715012
12.256530659571597 5271.0660292611292 -5242.3063274394099
12.256780881742406 5330.0474167033317 -5301.1957954497584
12.257031103913214 5389.9345648713661 -5360.9903645117847
12.257281326084023 5450.7450556911026 -5421.7076090959417
12.257531548254832 5512.4968843444585 -5483.3655168136374
12.257781770425641 5575.2084707032063 -5545.9824998488002
12.258031992596448 5638.8986711273337 -5609.5774067539396
12.258282214767258 5703.5867906411177 -5674.1695346238712
12.258532436938067 5769.2925955006303 -5739.7786416608124
12.258782659108874 5836.0363261669254 -5806.4249601451056
12.259032881279683 5903.8387106997634 -5874.1292098264184
12.259283103450493 5972.7209785873174 -5942.912611750864
12.259533325621302 6042.7048750279455 -6012.7969025401289
12.259783547792109 6113.8126756807878 -6083.8043491393555
12.260033769962918 6186.0672019026279 -6155.9577640512243
12.260283992133727 6259.4918364891855 -6229.2805210744045
12.260534214304535 6334.110539939782 -6303.796571565299
12.260784436475344 6409.9478672650912 -6379.5304612428108
12.261034658646153 6487.0289853585455 -6456.5073475566842
12.261284880816962 6565.3796909528137 -6534.7530176408445
12.26153510298777 6645.0264291836957 -6614.2939068740761
12.261785325158579 6725.9963127847277 -6695.1571180713299
12.262035547329388 6808.3171419367882 -6777.3704413299456
12.262285769500197 6892.0174247980458 -6860.9623745561339
12.262535991671005 6977.1263987406828 -6945.9621446981464
12.262786213841814 7063.674052321986 -7032.3997297137175
12.263036436012623 7151.6911480185909 -7120.3058813005682
12.26328665818343 7241.2092457539311 -7209.7121484200215
12.263536880354239 7332.2607272502773 -7300.6509016451018
12.263787102525049 7424.8788212381269 -7393.1553583658879
12.264037324695858 7519.0976295571709 -7487.2596088863347
12.264287546866665 7614.952154184587 -7582.9986434483144
12.264537769037474 7712.4783252280231 -7680.4083802202331
12.264787991208284 7811.7130299223027 -7779.5256942892556
12.265038213379093 7912.6941426706699 -7880.3884476979483
12.2652884355499 8015.4605561732305 -7983.035520567998
12.265538657720709 8120.052213687216 -8087.5068433556244
12.265788879891518 8226.5101424657241 -8193.8434302853384
12.266039102062326 8334.8764884237644 -8302.0874140108717
12.266289324233135 8445.1945520826794 -8412.28208155434
12.266539546403944 8557.5088258464202 -8524.471911577115
12.266789768574753 8671.8650326656116 -8638.7026130383492
12.267039990745561 8788.3101661480323 -8755.0211652997405
12.26729021291637 8906.8925321768529 -8873.4758597379187
12.267540435087179 9027.6617921009165 -8994.1163429286971
12.267790657257986 9150.669007564411 -9116.9936614705475
12.268040879428796 9275.9666870464971 -9242.1603085178685
12.268291101599605 9403.608834184879 -9369.6702720979956
12.268541323770414 9533.6509979608654 -9499.5790852895316
12.268791545941221 9666.1503248272511 -9631.9438783433015
12.269041768112031 9801.1656128643444 -9766.8234328312446
12.26929199028284 9938.7573680536152 -9904.2782379127384
12.269542212453649 10078.987862762917 -10044.370548812265
12.269792434624456 10221.921196541845 -10187.164447607005
12.270042656795265 10367.623359330764 -10332.725906427866
12.270292878966075 10516.16229719217 -10481.122853182622
12.270543101136882 10667.607980678604 -10632.425239915343
12.270793323307691 10822.032475957059 -10786.705113922077
12.2710435454785 10979.510018815969 -10944.036691748845
12.271293767649309 11140.117091687302 -11104.496436204485
12.271543989820117 11303.932503823136 -11268.163136527679
12.271794211990926 11471.037474773271 -11435.117991854733
12.272044434161735 11641.515721318068 -11605.444698142288
12.272294656332544 11815.45354801879 -11779.229538707217
12.272544878503352 11992.939941556218 -11956.56147855448
12.272795100674161 12174.066669037389 -12137.532262672752
12.27304532284497 12358.928380459798 -12322.236518487185
12.273295545015777 12547.622715532603 -12510.771862668804
12.273545767186587 12740.250415065029 -12703.239012510729
12.273795989357396 12936.915437143562 -12899.741902092801
12.274046211528205 13137.72507833155 -13100.387803468224
12.274296433699012 13342.790100137599 -13305.287453118563
12.274546655869822 13552.224861012684 -13514.555183937042
12.274796878040631 13766.147454150247 -13728.309063014385
12.275047100211438 13984.679851378834 -13946.671035516709
12.275297322382247 14207.948053452947 -14169.767074961163
12.275547544553056 14436.082247065 -14397.727340212174
12.275797766723866 14669.216968919543 -14630.686339539418
12.276047988894673 14907.49127723025 -14868.783102098028
12.276298211065482 15151.048931020852 -15112.161357212186
12.276548433236291 15400.038577633079 -15360.969721865122
12.2767986554071 15654.613948868013 -15615.361896821929
12.277048877577908 15914.934066212083 -15875.496871836376
12.277299099748717 16181.163455625325 -16141.539140419327
12.277549321919526 16453.472372397693 -16413.658924674532
12.277799544090334 16732.037036609196 -16692.03241073752
12.278049766261143 17017.039879761505 -16976.841995385228
12.278299988431952 17308.669803182845 -17268.276544418124
12.278550210602761 17607.122448844188 -17566.531663452835
12.278800432773568 17912.600483263599 -17871.809981802093
12.279050654944378 18225.313895216928 -18184.321450160129
12.279300877115187 18545.480308017162 -18504.283652855844
12.279551099285996 18873.325307171999 -18831.922135483223
12.279801321456803 19209.082784279566 -19167.470748768901
12.280051543627613 19552.995298076097 -19511.172009590678
12.280301765798422 19905.314453607105 -19863.277480118413
12.280551987969229 20266.301300555118 -20224.04816611038
12.280802210140038 20636.226751823226 -20593.75493546424
12.281052432310847 21015.37202354426 -20972.67895819242
12.281302654481657 21404.029097761228 -21361.112169067466
12.281552876652464 21802.501209105791 -21759.357754264092
12.281803098823273 22211.103356888627 -22167.730663411705
12.282053320994082 22630.16284410892 -22586.558148564596
12.28230354316489 23060.019844990413 -23016.180331697153
12.282553765335699 23501.02800275914 -23456.950802439158
12.282803987506508 23953.555059493534 -23909.237247881763
12.283054209677317 24417.983520001897 -24373.422116409085
12.283304431848125 24894.711351815873 -24849.903317643944
12.283554654018934 25384.152723532272 -25339.094960740054
12.283804876189743 25886.738783890436 -25841.428133407684
12.284055098360552 26402.918484138907 -26357.351724226548
12.284305320531359 26933.15944642483 -26887.333290979193
12.284555542702169 27477.948881133023 -27431.859977931719
12.284805764872978 28037.794556310499 -27991.439485197508
12.285055987043785 28613.225822537588 -28566.601093544996
12.285306209214594 29204.794696850106 -29157.896748253781
12.285556431385404 29813.077009579876 -29765.902205886283
12.285806653556213 30438.673618265169 -30391.218248126315
12.28605687572702 31082.211693089826 -31034.471967143258
12.286307097897829 31744.346078642626 -31696.318127273142
12.286557320068638 32425.760737148441 -32377.440608168119
12.286807542239448 33127.170278713151 -33078.55393495602
12.287057764410255 33849.321584547179 -33800.404901374721
12.287307986581064 34592.995529591528 -34543.774292304995
12.287558208751873 35359.008811468389 -35309.478712623662
12.287808430922681 36148.215893219392 -36098.372529839944
12.28805865309349 36961.511067882573 -36911.349938565829
12.288308875264299 37799.830653598779 -37749.347155510855
12.288559097435108 38664.155328634086 -38613.34475438769
12.288809319605916 39555.512616462685 -39504.370150872666
12.289059541776725 40474.979531880599 -40423.50024859127
12.289309763947534 41423.685400021182 -41371.864257999245
12.289559986118341 42402.814861125997 -42350.646701012534
12.28981020828915 43413.611074997978 -43361.090615312627
12.29006043045996 44457.379140236349 -44404.500973426344
12.290310652630769 45535.489744635495 -45482.248332961848
12.290560874801576 46649.383064533336 -46595.772735785969
12.290811096972385 47800.572932432246 -47746.587875465397
12.291061319143195 48990.651293900526 -48936.285553979251
12.291311541314004 50221.292976610806 -50166.540450558816
12.291561763484811 51494.260796401053 -51439.115227539543
12.29181198565562 52811.411027473441 -52755.866000339935
12.292062207826429 54174.699266298121 -54118.748201133654
12.292312429997237 55586.18672148724 -55529.82286847951
12.292562652168046 57048.046964876849 -56991.263398146111
12.292812874338855 58562.573182331165 -58505.36279364489
12.293063096509664 60132.185966399549 -60074.541458600906
12.293313318680472 61759.441696950133 -61701.355577084345
12.293563540851281 63447.041560318794 -63388.506132440496
12.29381376302209 65197.841262397465 -65138.848620040924
12.294063985192899 67014.861496496073 -66955.403514789039
12.294314207363707 68901.29923281123 -68841.367560211773
12.294564429534516 70860.539902991557 -70800.125952625909
12.294814651705325 72896.170560684986 -72835.265501262897
12.295064873876132 75011.99410717671 -74950.588853459049
12.295315096046942 77212.044680381819 -77150.12988317362
12.295565318217751 79500.604315658682 -79438.170351298657
12.29581554038856 81882.220998290839 -81819.257957606445
12.296065762559367 84361.728240198456 -84298.225916893338
12.296315984730176 86944.266327654754 -86880.214206092947
12.296566206900986 89635.30540269558 -89570.692645044051
12.296816429071793 92440.670558746453 -92375.48599143498
12.297066651242602 95366.569151006071 -95300.801250459976
12.297316873413411 98419.620544613004 -98353.257422211173
12.29756709558422 101606.88854892191 -101539.91793512854
12.297817317755028 104935.91681471431 -104868.32604232902
12.298067539925837 108414.76750331423 -108346.5434897805
12.298317762096646 112052.06357288832 -111983.19280159561
12.298567984267455 115857.03506827752 -115787.50356878705
12.298818206438263 119839.569847224 -119769.3631743424
12.299068428609072 124010.26922862216 -123939.37244024078
12.299318650779881 128380.50910836562 -128308.90674197656
12.299568872950688 132962.50715656206 -132890.18320435414
12.299819095121498 137769.39678760435 -137696.33467003383
12.300069317292307 142815.30868328962 -142741.49122101156
12.300319539463116 148115.46075058664 -148040.87013462212
12.300569761633923 153686.25751177935 -153610.87527178301
12.300819983804733 159545.40005793291 -159469.20702841252
12.301070205975542 165712.00784971516 -165634.9841340413
12.301320428146351 172206.75382585081 -172128.87875787978
12.301570650317158 179052.01448276587 -178973.26658588136
12.301820872487967 186272.03682389544 -186192.39376725687
12.302071094658777 193893.12434913436 -193812.5629008977
12.302321316829584 201943.84457049519 -201862.34054774986
12.302571539000393 210455.260906963 -210372.78912210191
12.302821761171202 219461.19223903716 -219377.72644224815
12.303071983342011 228998.50390265288 -228914.01672018768
12.303322205512819 239107.43448640054 -239021.8973542403
12.303572427683628 249831.963481304 -249745.34657380066
12.303822649854437 261220.22563829424 -261132.49779131994
12.304072872025245 273324.97883847944 -273236.10746656527
12.304323094196054 286204.13340398419 -286114.08441087074
12.304573316366863 299921.35210739495 -299830.08978935104
12.304823538537672 314546.73171837744 -314454.21865956823
12.305073760708479 330157.5788091888 -330063.77576828975
12.305323982879289 346839.29479103023 -346744.1605781861
12.305574205050098 364686.3878500681 -364589.87919318565
12.305824427220907 383803.63269419636 -383705.70409343293
12.306074649391714 404307.40293199936 -404208.00650116435
12.306324871562524 426327.20563726022 -426226.29093068052
12.306575093733333 450007.45339801186 -449904.9672212195
12.30682531590414 475509.51615066943 -475405.40235304943
12.307075538074949 503014.10366327845 -502908.30291055673
12.307325760245758 532724.04004615708 -532616.48957031197
12.307575982416568 564867.50462907704 -564758.13795290992
12.307826204587375 599701.82958733302 -599590.57622052857
12.308076426758184 637517.96464348375 -637404.7497465153
12.308326648928993 678645.74407756364 -678530.48808924109
12.308576871099802 723460.12252622796 -723342.74075002584
12.30882709327061 772388.58544760209 -772268.98759112624
12.309077315441419 825919.99005220062 -825798.07971322327
12.309327537612228 884615.15610266733 -884490.83019405592
12.309577759783036 949119.60746711097 -948992.75557164848
12.309827981953845 1020178.9703103229 -1020049.4739548235
12.310078204124654 1098657.669943477 -1098525.4017796721
12.310328426295463 1185561.7459973479 -1185426.5688746786
12.31057864846627 1282066.8389646199 -1281928.6048772091
12.31082887063708 1389552.7099493966 -1389411.2588359746
12.311079092807889 1509646.0671067829 -1509501.2254780098
12.311329314978696 1644274.0253685787 -1644125.604730841
12.311579537149505 1795731.2754889741 -1795579.0705270313
12.311829759320315 1966765.0629168677 -1966608.8493893002
12.312079981491124 2160683.4906471898 -2160523.0229379409
12.312330203661931 2381494.6304040384 -2381329.638659752
12.31258042583274 2634086.7016708539 -2633916.8884362467
12.312830648003549 2924463.5315839793 -2924288.5678248582
12.313080870174359 3260055.2094224878 -3259874.7297964431
12.313331092345166 3650132.1767705004 -3649945.77396625
12.313581314515975 4106363.3291921429 -4106170.5471064243
12.313831536686784 4643577.2520628106 -4643377.5775134787
12.314081758857592 5280814.0561006777 -5280606.9086787924
12.314331981028401 6042799.3585900199 -6042584.0781211304
12.31458220319921 6962041.8347069956 -6961817.6656058803
