# serie phase 2 p4_w2.27_c1.05_dt2_k2 : t x1 x2 (dt2=0.00020157194014602974, depart t=23.334 etat bascule x1 x2 v1 v2 = -1718140.7509984067 1710523.97707853 -85434728.4527217 85244966.02208066)
23.334 -1718140.7509984067 1710523.97707853
23.334201571940145 -1735470.589245385 1727815.4198996683
23.334403143880291 -1753019.8156380695 1745325.9596272076
23.334604715820436 -1770791.7735433455 1763058.9366748733
23.334806287760586 -1788789.8659359827 1781017.7510267526
23.335007859700731 -1807017.5566164386 1799205.8634545251
23.335209431640877 -1825478.371456726 1817626.7967627454
23.335411003581022 -1844175.8996750645 1836284.1370629007
23.335612575521168 -1863113.7951400557 1855181.5350769809
23.335814147461313 -1882295.7777051458 1874322.707471326
23.336015719401459 -1901725.6345741581 1893711.4382215305
23.336217291341605 -1921407.2216987014 1913351.5800092136
23.336418863281754 -1941344.4652082827 1933247.0556514831
23.336620435221899 -1961541.3628739787 1953401.8595639435
23.336822007162045 -1982001.9856065409 1973820.0592581281
23.33702357910219 -2002730.4789898396 1994505.7968742561
23.337225151042336 -2023731.0648505713 2015463.2907502428
23.337426722982482 -2045008.0428651911 2036696.8370279183
23.337628294922627 -2066565.7922050466 2058210.8112974379
23.337829866862773 -2088408.7732207314 2080009.6702808964
23.338031438802922 -2110541.5291666943 2102097.953556187
23.338233010743068 -2132968.6879671812 2124480.2853221754
23.338434582683213 -2155694.9640246085 2147161.3762062946
23.338636154623359 -2178725.1600715094 2170146.0251156949
23.338837726563504 -2202064.1690672161 2193439.1211331184
23.33903929850365 -2225716.9761404875 2217045.6454587011
23.339240870443795 -2249688.660579321 2240970.6733989427
23.339442442383941 -2273984.3978692228 2265219.3764041234
23.33964401432409 -2298609.461781255 2289797.0241554766
23.339845586264236 -2323569.2265112116 2314708.9867034764
23.340047158204381 -2348869.1688713189 2339960.7366586318
23.340248730144527 -2374514.870535898 2365557.8514362266
23.340450302084673 -2400512.0203424687 2391506.0155564812
23.340651874024818 -2426866.4166498198 2417811.0230016648
23.340853445964964 -2453583.9697546181 2444478.7796317269
23.341055017905109 -2480670.704368175 2471515.3056600667
23.341256589845258 -2508132.7621550388 2498926.7381911096
23.341458161785404 -2535976.4043351319 2526719.3338214108
23.34165973372555 -2564208.0143512068 2554899.4713060544
23.341861305665695 -2592834.1006034468 2583473.6542921769
23.342062877605841 -2621861.2992530945 2612448.5141215008
23.342264449545986 -2651296.3770970507 2641830.812703812
23.342466021486132 -2681146.234515443 2671627.4454633906
23.342667593426278 -2711417.9084942327 2701845.4443604518
23.342869165366427 -2742118.5757249831 2732491.9809897295
23.343070737306572 -2773255.5557839884 2763574.3697583941
23.343272309246718 -2804836.3143930263 2795100.0711455713
23.343473881186863 -2836868.4667640659 2827076.695045793
23.343675453127009 -2869359.7810303466 2859512.0041987891
23.343877025067155 -2902318.181766307 2892413.9177081101
23.3440785970073 -2935751.7535989312 2925790.5146511341
23.344280168947446 -2969668.7449131575 2959650.0377831147
23.344481740887595 -3004077.5716540776 2994000.8973379894
23.34468331282774 -3038986.8212287487 3028851.6749287718
23.344884884767886 -3074405.2565105213 3064211.1275504315
23.345086456708032 -3110341.8199488879 3100088.1916882657
23.345288028648177 -3146805.6377879488 3136491.9875348583
23.345489600588323 -3183806.0243966975 3173431.8233188246
23.345691172528468 -3221352.4867144255 3210917.1997486469
23.345892744468614 -3259454.7288146573 3248957.8145750067
23.346094316408763 -3298122.6565911416 3287563.567275139
23.346295888348909 -3337366.382569531 3326744.5638628425
23.346497460289054 -3377196.2308485121 3366511.1218279037
23.3466990322292 -3417622.742174264 3406873.7752088145
23.346900604169345 -3458656.6791522554 3447843.279802795
23.347102176109491 -3500309.0316005265 3489430.6185172559
23.347303748049637 -3542591.0220487295 3531647.0068669897
23.347505319989782 -3585514.1113873567 3574503.8986215056
23.347706891929931 -3629090.0046717268 3618012.9916070821
23.347908463870077 -3673330.6570854508 3662186.2336682607
23.348110035810222 -3718248.2800682667 3707035.828793664
23.348311607750368 -3763855.3476132886 3752574.2434111862
23.348513179690514 -3810164.6027388922 3798814.2128577749
23.348714751630659 -3857189.0641406351 3845768.7480292027
23.348916323570805 -3904942.0330287917 3893451.1422154075
23.34911789551095 -3953437.1001572781 3941874.9781271736
23.3493194674511 -4002688.1530499374 3991054.1351201255
23.349521039391245 -4052709.3834303608 4041002.7966222083
23.349722611331391 -4103515.2948616361 4091735.4577710419
23.349924183271536 -4155120.7106026346 4143266.9332677629
23.350125755211682 -4207540.781687676 4195612.3654541895
23.350327327151827 -4260790.9952366538 4248787.2326203929
23.350528899091973 -4314887.1830029469 4302807.3575499961
23.350730471032119 -4369845.5301666986 4357688.9163107853
23.350932042972268 -4425682.5843813205 4413448.4472984821
23.351133614912413 -4482415.265081347 4470102.8605418075
23.351335186852559 -4540060.8730600514 4527669.4472772488
23.351536758792705 -4598637.1003255509 4586165.8898022436
23.35173833073285 -4658162.0402444154 4645610.2716158042
23.351939902672996 -4718654.1979821334 4706021.087855936
23.352141474613141 -4780132.5012501255 4767417.2560435282
23.352343046553287 -4842616.3113693269 4829818.1271427441
23.352544618493436 -4906125.4346607449 4893243.4969483167
23.352746190433582 -4970680.1341737602 4957713.6178105054
23.352947762373727 -5036301.141763337 5023249.210708892
23.353149334313873 -5103009.6705277087 5089871.477686571
23.353350906254018 -5170827.4276185464 5157602.1146567371
23.353552478194164 -5239776.6274360279 5226463.3245940981
23.353754050134309 -5309880.0052217199 5296477.8311240068
23.353955622074455 -5381160.8310626308 5367668.8925226824
23.354157194014604 -5453642.9243203048 5440060.3161423802
23.35435876595475 -5527350.668499344 5513676.4732758943
23.354560337894895 -5602309.0265702698 5588542.314475311
23.354761909835041 -5678543.556762211 5664683.3853404829
23.354963481775187 -5756080.4288414773 5742125.8427932952
23.355165053715332 -5834946.4408926815 5820896.4718543729
23.355366625655478 -5915169.0366197126 5901022.7029395364
23.355568197595623 -5996776.3231845172 5982532.6296939515
23.355769769535772 -6079797.0896023242 6065455.027382616
23.355971341475918 -6164260.8257126678 6149819.3718565293
23.356172913416064 -6250197.7417463083 6235655.8591146367
23.356374485356209 -6337638.7885089172 6322995.4254824193
23.356576057296355 -6426615.6782032046 6411869.7684288053
23.3567776292365 -6517160.90591201 6502311.3680439088
23.356979201176646 -6609307.771765749 6594353.5092009986
23.357180773116792 -6703090.4038185254 6688030.3044269923
23.357382345056941 -6798543.7816581735 6783376.717506744
23.357583916997086 -6895703.7607764862 6880428.5878473734
23.357785488937232 -6994607.0977269197 6979222.6556299217
23.357987060877377 -7095291.4760981565 7079796.5877767168
23.358188632817523 -7197795.5333330259 7182189.0047639394
23.358390204757669 -7302158.8884234671 7286439.5083100656
23.358591776697814 -7408422.1705134455 7392588.7099721059
23.35879334863796 -7516627.0484430185 7500678.2606828157
23.358994920578109 -7626816.2612680849 7610750.8812634191
23.359196492518254 -7739033.6497917548 7722850.3939477662
23.3593980644584 -7853324.1891447287 7837021.7549553234
23.359599636398546 -7969734.0224536173 7953311.0881519048
23.359801208338691 -8088310.4956377111 8071765.7198386602
23.360002780278837 -8209102.1933763856 8192434.2147114919
23.360204352218982 -8332158.9762910604 8315366.4130348256
23.360405924159128 -8457532.0193874612 8440613.4690754581
23.360607496099277 -8585273.8518058304 8568227.8908441346
23.360809068039423 -8715438.3979287073 8698263.5811944753
23.361010639979568 -8848081.0198980141 8830775.8803309612
23.361212211919714 -8983258.5615953151 8965821.6097798571
23.361413783859859 -9121029.3941414226 9103459.1178792343
23.361615355800005 -9261453.4629739001 9243748.3268466201
23.361816927740151 -9404592.3365634903 9386750.7814853191
23.362018499680296 -9550509.25683311 9532529.6995930243
23.362220071620445 -9699269.1913457923 9681150.0241390951
23.362421643560591 -9850938.8873308077 9832678.4772797097
23.362623215500737 -10005586.927620165 9987183.6162831225
23.362824787440882 -10163283.788570883 10144735.891440352
23.363026359381028 -10324101.900051631 10305407.706039952
23.363227931321173 -10488115.707575856 10469273.478488903
23.363429503261319 -10655401.736667041 10636409.706665326
23.363631075201464 -10826038.659545578 10806895.034592444
23.363832647141614 -11000107.364230672 10980810.321527213
23.364034219081759 -11177691.026154825 11158238.713561172
23.364235791021905 -11358875.18239286 11339265.717835423
23.36443736296205 -11543747.808611933 11523979.279476229
23.364638934902196 -11732399.398853855 11712469.861362485
23.364840506842341 -11924923.048266003 11904830.52684137
23.365042078782487 -12121414.538902413 12101157.02551374
23.365243650722633 -12321972.428722186 12301547.88221637
23.365445222662782 -12526698.143918121 12506104.489333965
23.365646794602927 -12735696.074714638 12714931.202579979
23.365848366543073 -12949073.674780425 12928135.440391647
23.366049938483219 -13166941.564408002 13145827.787091428
23.366251510423364 -13389413.637619492 13368122.099974113
23.36645308236351 -13616607.173365256 13595135.620486248
23.366654654303655 -13848642.950989973 13826989.089672437
23.366856226243801 -14085645.370148867 14063806.868071185
23.36705779818395 -14327742.575365499 14305717.060251713
23.367259370124096 -14575066.585431596 14552851.644192168
23.367460942064241 -14827753.427858984 14805346.60570929
23.367662514004387 -15085943.27860372 15063342.078159589
23.367864085944532 -15349780.607293168 15326982.487642787
23.368065657884678 -15619414.32819787 15596416.703949308
23.368267229824824 -15894997.957201833 15871798.19750545
23.368468801764969 -16176689.775037216 16153285.202582175
23.368670373705118 -16464652.99706245 16441040.887046525
23.368871945645264 -16759055.949876517 16735233.528948374
23.369073517585409 -17060072.255076636 17036036.700249713
23.369275089525555 -17367881.020481814 17343629.458018914
23.369476661465701 -17682667.03916084 17658196.54342851
23.369678233405846 -18004620.996620245 17979928.588911988
23.369879805345992 -18333939.686525661 18309022.333852962
23.370081377286137 -18670826.235348888 18645680.84919906
23.370282949226286 -19015490.336352907 18990113.771412667
23.370484521166432 -19368148.493348159 19342537.546191815
23.370686093106578 -19729024.274675526 19703175.682416666
23.370887665046723 -20098348.577895049 20072259.016800493
23.371089236986869 -20476359.905684128 20450025.989748925
23.371290808927014 -20863304.653475132 20836722.932957344
23.37149238086716 -21259437.409390122 21232604.369304024
23.371693952807306 -21665021.267059583 21637933.325625919
23.371895524747455 -22080328.15194308 22052981.658994932
23.3720970966876 -22505639.161802456 22478030.397145238
23.372298668627746 -22941244.922012921 22913370.093736958
23.372500240567891 -23387445.956433982 23359301.199178047
23.372701812508037 -23844553.074601039 23816134.447765205
23.372903384448183 -24312887.776039597 24284191.261945646
23.373104956388328 -24792782.67254759 24763804.174545176
23.373306528328474 -25284581.929337446 25255317.269854158
23.373508100268623 -25788641.725978505 25759086.64451186
23.373709672208768 -26305330.738132164 26275480.889181513
23.373911244148914 -26835030.64112721 26804881.592063434
23.37411281608906 -27378136.636481039 27347683.865351874
23.374314388029205 -27935058.002534468 27904296.895803131
23.374515959969351 -28506218.670433402 28475144.520648189
23.374717531909496 -29092057.826760512 29060665.830152858
23.374919103849642 -29693030.54419402 29661315.798202477
23.375120675789791 -30309608.441649482 30277565.942366909
23.375322247729937 -30942280.375443973 30909905.014985163
23.375523819670082 -31591553.163111087 31558839.726897918
23.375725391610228 -32257952.341589566 32224895.505550642
23.375926963550373 -32942022.961608969 32908617.289290592
23.376128535490519 -33644330.42020274 33610570.359787934
23.376330107430665 -34365461.333392866 34331341.214625001
23.37653167937081 -35106024.451211542 35071538.482218981
23.376733251310959 -35866651.617354341 35831793.881372392
23.376934823251105 -36647998.775896952 36612763.227883205
23.377136395191251 -37450747.027654052 37415127.490793072
23.377337967131396 -38275603.73891525 38239593.901008308
23.377539539071542 -39123303.705459572 39086897.115195058
23.377741111011687 -39994610.374927886 39957800.438027762
23.377942682951833 -40890317.130822308 40853097.106059715
23.378144254891978 -41811248.641604222 41773611.636687249
23.378345826832128 -42758262.278578952 42720201.245895252
23.378547398772273 -43732249.606486164 43693757.338702917
23.378748970712419 -44734137.950962231 44695207.07647568
23.378950542652564 -45764892.047304742 45725515.025533259
23.37915211459271 -46825515.775251999 46785684.891766399
23.379353686532856 -47917053.984792441 47876761.34627685
23.379555258473001 -49040594.418342531 48999831.947379045
23.379756830413147 -50197269.734978124 50156029.164647885
23.379958402353296 -51388259.642775223 51346532.511068366
23.380159974293441 -52614793.14571394 52572570.789740548
23.380361546233587 -53878150.912025668 53835424.462019302
23.380563118173733 -55179667.771320678 55136428.144425839
23.380764690113878 -56520735.348324113 56476973.24215848
23.380966262054024 -57902804.841574743 57858510.727556594
23.381167833994169 -59327389.956006482 59282554.072437249
23.381369405934315 -60796069.998940066 60750682.343831472
23.381570977874464 -62310493.149665184 62264543.473299913
23.38177254981461 -63872379.913495474 63825857.710709713
23.381974121754755 -65483526.771933839 65436421.274109513
23.382175693694901 -67145810.041398361 67098110.208152249
23.382377265635046 -68861189.953833893 68812884.464390144
23.382578837575192 -70631714.97347717 70582792.21770899
23.382780409515338 -72459526.36505875 72409974.434184536
23.382981981455483 -74346863.029820532 74296669.706738621
23.383183553395632 -76296066.626908407 76245219.37615402
23.383385125335778 -78309586.9989748 78258072.956281871
23.383586697275923 -80389987.922202319 80337793.883651972
23.383788269216069 -82539953.202446416 82487065.613182753
23.383989841156215 -84762293.1408021 84708698.083295181
23.38419141309636 -87059951.393637702 87005634.575472236
23.384392985036506 -89436012.254018754 89380958.99518609
23.384594556976651 -91893708.383480206 91837903.603149861
23.3847961289168 -94436429.02530925 94379857.228054956
23.384997700856946 -97067728.732889667 97010373.994343445
23.385199272797092 -99791336.649248004 99733182.601154447
23.385400844737237 -102611166.37675112 102552196.19139236
23.385602416677383 -105531326.47895372 105471522.85291399
23.385803988617528 -108556131.65990563 108495476.79714251
23.386005560557674 -111690114.66982688 111628590.26401439
23.38620713249782 -114938038.98997051 114875626.20607729
23.386408704437969 -118304912.35374929 118241591.80881299
23.386610276378114 -121796001.16583534 121731752.90889183
23.38681184831826 -125416845.88598728 125351649.3771112
23.387013420258405 -129173277.44986004 129107111.53827028
23.387214992198551 -133071434.8050492 133004277.70623049
23.387416564138697 -137117783.64716721 137049612.91895559
23.387618136078842 -141319136.44789505 141249928.96547225
23.387819708018988 -145682673.8747617 145612405.8044998
23.388021279959137 -150215967.71094167 150144614.48303598
23.388222851899283 -154927005.3927021 154854541.67252621
23.388424423839428 -159824216.29235792 159750615.95047072
23.388625995779574 -164916499.88579869 164841735.96652886
23.388827567719719 -170213255.95593518 170137300.64446366
23.389029139659865 -175724416.99689233 175647241.58474857
23.38923071160001 -181460482.9985733 181382057.84745508
23.38943228354016 -187432558.8074787 187352853.31129995
23.389633855480305 -193652394.27754363 193571376.82260808
23.389835427420451 -200132427.44442847 200050065.36762023
23.390036999360596 -206885830.97836474 206802090.52323973
23.390238571300742 -213926562.19453484 213841408.46518898
23.390440143240887 -221269416.92630062 221182813.83888242
23.390641715181033 -228930087.59566826 228841997.82739422
23.390843287121179 -236925225.84749472 236835610.78301615
23.391044859061328 -245272510.14945489 245181329.82441437
23.391246431001473 -253990718.7990891 253897931.84069321
23.391448002941619 -263099808.82277951 263005372.38720199
23.391649574881765 -272621001.2997604 272524871.00617707
23.39185114682191 -282576873.69780964 282479003.55885148
23.392052718762056 -292991459.86673009 292891802.21512568
23.392254290702201 -303890358.40183097 303788863.81299216
23.392455862642347 -315300850.16316301 315197467.37344998
23.392657434582496 -327252025.81817114 327146701.6385529
23.392859006522642 -339774924.36673617 339667603.59154046
23.393060578462787 -352902683.70947808 352793309.01990253
23.393262150402933 -366670704.43401188 366559216.29604143
23.393463722343078 -381116828.12112296 381003164.677472
23.393665294283224 -396281531.61529857 396165628.57096541
23.39386686622337 -412208138.86369336 412089929.36468244
23.394068438163515 -428943052.10670352 428822466.61143434
23.394270010103664 -446536004.40443987 446412970.54732323
23.39447158204381 -465040335.70952398 464914778.15614313
23.394673153983955 -484513294.95116323 484385135.24445099
23.394874725924101 -505016370.88229978 504885527.27905154
23.395076297864247 -526615654.7652815 526482042.06228834
23.395277869804392 -549382238.33712268 549245767.68614757
23.395479441744538 -573392650.90897763 573253229.61973059
23.395681013684683 -598729339.92281294 598586871.25300658
23.395882585624832 -625481199.81943071 625335582.75091755
23.396084157564978 -653744154.67512357 653595283.67502582
23.396285729505124 -683621800.7500813 683469565.51572716
23.396487301445269 -715226115.87261117 715070401.05898106
23.396688873385415 -748678243.47373092 748518928.40199924
23.39689044532556 -784109360.10361791 783946318.44924212
23.397092017265706 -821661636.42440248 821494735.88306558
23.397293589205852 -861489303.00589466 861318404.93544436
23.397495161146001 -903759833.77898407 903584792.81533241
23.397696733086146 -948655261.75731909 948475925.4020654
23.397898305026292 -996373643.6586467 996189851.83596635
23.398099876966437 -1047130692.3867466 1046942276.9668382
23.398301448906583 -1101161599.0249815 1100968383.3110919
23.398503020846729 -1158723069.1043482 1158524867.2800846
23.398704592786874 -1220095601.5151446 1219892218.0484416
23.39890616472702 -1285586042.6181698 1285377271.6178913
23.399107736667169 -1355530452.9813797 1355316077.5021062
23.399309308607315 -1430297329.8436255 1430077121.1336927
23.39951088054746 -1510291235.0347793 1510064951.7220891
23.399712452487606 -1595956885.8367848 1595724273.0462971
23.399914024427751 -1687783775.363574 1687544563.7596953
23.400115596367897 -1786311399.7234533 1786065304.4697597
23.400317168308042 -1892135181.8115242 1891881901.4393713
23.400518740248188 -2005913196.4332089 2005652411.609781
23.400720312188337 -2128373819.0328257 2128105191.2180386
23.400921884128483 -2260324441.1413856 2260047611.121768
23.401123456068628 -2402661420.4335098 2402376006.7197132
23.401325028008774 -2556381462.8126664 2556087059.8855681
23.401526599948919 -2722594669.2310209 2722290845.6194701
23.401728171889065 -2902539522.230865 2902225818.4019084
23.401929743829211 -3097600137.9959865 3097276064.0358791
23.402131315769356 -3309326170.9150672 3308991203.9764576
23.402332887709505 -3539455831.6375628 3539109413.1248803
23.402534459649651 -3789942569.2790561 3789584101.7402277
23.402736031589797 -4062986077.4824686 4062614921.1705928
23.402937603529942 -4361068417.0789747 4360683886.1423244
23.403139175470088 -4686996210.9419498 4686597569.194581
23.403340747410233 -5043950066.662219 5043536522.8803129
23.403542319350379 -5435542629.2694921 5435113331.9502087
23.403743891290524 -5865886971.3562775 5865441002.8660793
23.403945463230674 -6339677406.9803648 6339213777.0081921
23.404147035170819 -6862285288.4097528 6861802926.6267662
23.404348607110965 -7439872936.7352886 7439370684.546689
23.40455017905111 -8079529601.9068193 8079006203.1619701
23.404751750991256 -8789434288.3803844 8788888378.8844585
23.404953322931402 -9579051476.5020981 9578481572.1449032
23.405154894871547 -10459367292.579659 10458771775.864178
23.405356466811693 -11443175632.746166 11442552737.459364
23.405558038751842 -12545426261.463238 12544774055.183218
23.405759610691987 -13783650165.429916 13782966529.504604
23.405961182632133 -15178481692.216166 15177764298.776592
23.406162754572279 -16754302573.322798 16753548858.805679
23.406364326512424 -18540040280.841633 18539247415.386734
23.40656589845257 -20570162927.770012 20569327779.722569
23.406767470392715 -22885925975.355595 22885045069.935356
23.406969042332861 -25536943594.247566 25536013065.234699
23.40717061427301 -28583181393.212479 28582196926.234043
23.407372186213156 -32097499886.425255 32096456652.087952
23.407573758153301 -36168923135.227745 36167815709.911034
23.407775330093447 -40906869745.316101 40905692016.884964
23.407976902033592 -46446671591.64502 46445416646.62326
23.408178473973738 -52956830848.157234 52955490835.964706
23.408380045913884 -60648645550.820656 60647211519.444626
23.408581617854029 -69789094624.7854 69787556320.619858
23.408783189794178 -80718256205.266907 80716601827.661804
23.408984761734324 -93873102720.892822 93871318618.990982
23.409186333674469 -109820375383.22025 109818445678.60724
23.409387905614615 -129302555834.39761 129300461947.48807
23.409589477554761 -153302997832.73187 153300717882.97559
23.409791049494906 -183139517023.13077 183137025062.00513
23.409992621435052 -220600949928.55505 220598214948.32077
23.410194193375197 -268149763655.03802 268146748292.88013
