# serie phase 2 p4_w2.27_c1.05_dt2s2_k2 : t x1 x2 (dt2=0.00010078597007301487, depart t=23.334 etat bascule x1 x2 v1 v2 = -1718140.7509984067 1710523.97707853 -85434728.4527217 85244966.02208066)
23.334 -1718140.7509984067 1710523.97707853
23.334100785970072 -1726778.4532699683 1719142.5178589604
23.334201571940145 -1735470.5892485071 1727815.4199027861
23.334302357910218 -1744217.5713507677 1736543.0952610848
23.334403143880291 -1753019.8156443769 1745325.9596335061
23.334503929850364 -1761877.7418848304 1754164.432405242
23.334604715820436 -1770791.7735529034 1763058.9366844178
23.334705501790509 -1779762.3378924869 1772009.8993399125
23.334806287760586 -1788789.8659488584 1781017.7510396102
23.334907073730658 -1797874.7926073901 1790082.9262890911
23.335007859700731 -1807017.5566327015 1799205.8634707651
23.335108645670804 -1816218.6007082621 1808387.0048834558
23.335209431640877 -1825478.3714764479 1817626.7967824396
23.335310217610949 -1834797.3195790621 1826925.6894199455
23.335411003581022 -1844175.8996983194 1836284.1370861228
23.335511789551095 -1853614.5705983064 1845702.5981504805
23.335612575521168 -1863113.7951669197 1855181.5351038072
23.335713361491241 -1872674.0404582899 1864721.4146005749
23.335814147461313 -1882295.7777356973 1874322.707501835
23.335914933431386 -1891979.4825149854 1883985.8889186124
23.336015719401459 -1901725.6346084785 1893711.438255803
23.336116505371532 -1911534.7181694112 1903499.8392565825
23.336217291341605 -1921407.2217368742 1913351.5800473331
23.336318077311677 -1931343.638281286 1923267.1531830924
23.336418863281754 -1941344.4652503941 1933247.0556935356
23.336519649251827 -1951410.2046158146 1943291.7891294938
23.336620435221899 -1961541.3629201176 1953401.8596100176
23.336721221191972 -1971738.4513244634 1963577.7778699931
23.336822007162045 -1982001.9856567991 1973820.0593083156
23.336922793132118 -1992332.486460621 1984129.2240366314
23.33702357910219 -2002730.4790443114 1994505.7969286519
23.337124365072263 -2013196.4935310567 2004950.3076700496
23.337225151042336 -2023731.0649093546 2015463.290808944
23.337325937012409 -2034334.7330841185 2026045.2858069823
23.337426722982482 -2045008.0429283865 2036696.8370910257
23.337527508952554 -2055751.5443356421 2047418.494105448
23.337628294922627 -2066565.792272758 2058210.8113650552
23.3377290808927 -2077451.3468335657 2069074.3485086325
23.337829866862773 -2088408.7732930656 2080009.6703531304
23.337930652832846 -2099438.6421622802 2091017.346948494
23.338031438802922 -2110541.5292437621 2102097.9536331478
23.338132224772995 -2121718.0156877674 2113252.0710901432
23.338233010743068 -2132968.6880490966 2124480.2854039767
23.33833379671314 -2144294.1383446194 2135783.188118089
23.338434582683213 -2155694.9641114888 2147161.3762930539
23.338535368653286 -2167171.7684660531 2158615.4525654651
23.338636154623359 -2178725.1601634761 2170146.025207533
23.338736940593432 -2190355.7536580763 2181753.7081873957
23.338837726563504 -2202064.1691643936 2193439.1212301604
23.338938512533577 -2213851.0327189909 2205202.8898796798
23.33903929850365 -2225716.9762430051 2217045.6455610758
23.339140084473723 -2237662.6376054543 2228968.0256440202
23.339240870443795 -2249688.6606873116 2240970.6735067829
23.339341656413868 -2261795.6954463585 2253054.2386010559
23.339442442383941 -2273984.3979828237 2265219.3765175664
23.339543228354014 -2286255.4306058232 2277466.7490524882
23.33964401432409 -2298609.4619006081 2289797.0242746635
23.339744800294163 -2311047.166796634 2302210.8765936415
23.339845586264236 -2323569.2266364628 2314708.986828553
23.339946372234309 -2336176.3292455049 2327292.0422778246
23.340047158204381 -2348869.1690026191 2339960.7367897485
23.340147944174454 -2361648.4469115762 2352715.7708339179
23.340248730144527 -2374514.8706734027 2365557.851573539
23.3403495161146 -2387469.1547596115 2378487.6929386351
23.340450302084673 -2400512.0204863381 2391506.0157001498
23.340551088054745 -2413644.1960893897 2404613.5475449669
23.340651874024818 -2426866.41680022 2417811.023151855
23.340752659994891 -2440179.4249228467 2431099.1842683535
23.340853445964964 -2453583.9699117201 2444478.7797886091
23.340954231935036 -2467080.8084505568 2457950.56583218
23.341055017905109 -2480670.7045321553 2471515.3058238169
23.341155803875182 -2494354.4295392004 2485173.7705742382
23.341256589845258 -2508132.762326079 2498926.73836191
23.341357375815331 -2522006.4893017113 2512774.9950158475
23.341458161785404 -2535976.4045134201 2526719.3339994494
23.341558947755477 -2550043.3097318476 2540760.5564953815
23.34165973372555 -2564208.0145369368 2554899.4714915245
23.341760519695622 -2578471.3364049895 2569136.8958679978
23.341861305665695 -2592834.1007968192 2583473.6544852788
23.341962091635768 -2607297.1412470127 2597910.580273428
23.342062877605841 -2621861.2994543156 2612448.5143224406
23.342163663575914 -2636527.4253731575 2627088.3059737361
23.342264449545986 -2651296.3773063337 2641830.8129128031
23.342365235516059 -2666169.0219988585 2656676.9012630186
23.342466021486132 -2681146.2347330083 2671627.4456806527
23.342566807456205 -2696228.8994245692 2686683.3294510799
23.342667593426278 -2711417.9087203075 2701845.4445862123
23.34276837939635 -2726714.16409668 2717114.6919231722
23.342869165366427 -2742118.5759598021 2732491.9812242221
23.342969951336499 -2757632.0637466894 2747978.2312779692
23.343070737306572 -2773255.5560277943 2763574.3700018614
23.343171523276645 -2788989.9906108542 2779281.334545997
23.343272309246718 -2804836.3146460685 2795100.0713982629
23.343373095216791 -2820795.4847326265 2811031.5364908213
23.343473881186863 -2836868.4670266025 2827076.6953079659
23.343574667156936 -2853056.2373502403 2843236.5229953649
23.343675453127009 -2869359.7813026439 2859512.0044707102
23.343776239097082 -2885780.094371899 2875904.1345357979
23.343877025067155 -2902318.1820486402 2892413.9179900535
23.343977811037227 -2918975.0599410892 2909042.3697455283
23.3440785970073 -2935751.7538915845 2925790.5149433841
23.344179382977373 -2952649.3000946203 2942659.3890718925
23.344280168947446 -2969668.7452164236 2959650.0380859645
23.344380954917519 -2986811.1465160833 2976763.5185282375
23.344481740887595 -3004077.5719682602 2994000.8976517413
23.344582526857668 -3021469.1003874983 3011363.253544163
23.34468331282774 -3038986.8215541607 3028851.6752537377
23.344784098797813 -3056631.8363420139 3046467.2629167885
23.344884884767886 -3074405.2568474854 3064211.1278869342
23.344985670737959 -3092308.2065206165 3082084.3928659991
23.345086456708032 -3110341.8202977376 3100088.192036639
23.345187242678104 -3128507.2447358919 3118223.6711967159
23.345288028648177 -3146805.6381490286 3136491.9878954459
23.34538881461825 -3165238.1707459972 3154894.3115713419
23.345489600588323 -3183806.0247703637 3173431.8236919828
23.345590386558396 -3202510.394642083 3192105.7178956331
23.345691172528468 -3221352.4871010454 3210917.2001347425
23.345791958498541 -3240333.5213525333 3229867.4888213491
23.345892744468614 -3259454.729214611 3248957.8149744193
23.345993530438687 -3278717.3552674791 3268189.4223691495
23.346094316408763 -3298122.6570048211 3287563.5676882602
23.346195102378836 -3317671.9049871727 3307081.5206753132
23.346295888348909 -3337366.3829973419 3326744.5642900774
23.346396674318981 -3357207.3881979147 3346553.99486598
23.346497460289054 -3377196.2312908727 3366511.12226967
23.346598246259127 -3397334.2366793565 3386617.2700627269
23.3466990322292 -3417622.7426316072 3406873.7756655449
23.346799818199273 -3438063.1014471175 3427281.9905234301
23.346900604169345 -3458656.6796250283 3447843.280274936
23.347001390139418 -3479404.8580347989 3468559.0249224803
23.347102176109491 -3500309.032089191 3489430.6190052689
23.347202962079564 -3521370.6119195996 3510459.4717745674
23.347303748049637 -3542591.0225537629 3531647.0073713521
23.347404534019709 -3563971.7040958917 3552994.6650063796
23.347505319989782 -3585514.1119092526 3574503.89914271
23.347606105959855 -3607219.7168012434 3596176.1796807186
23.347706891929931 -3629090.0052109952 3618012.9921456384
23.347807677900004 -3651126.479399546 3640015.8378776698
23.347908463870077 -3673330.6576426188 3662186.2342246952
23.34800924984015 -3695704.0744260452 3684525.7147376402
23.348110035810222 -3718248.280643879 3707035.829368521
23.348210821780295 -3740964.8437992372 3729718.1446712194
23.348311607750368 -3763855.3482079082 3752574.2440050277
23.348412393720441 -3786921.3952047769 3775605.727741004
23.348513179690514 -3810164.6033531018 3798814.2134711831
23.348613965660586 -3833586.6086566928 3822201.3362206873
23.348714751630659 -3857189.0647750362 3845768.7486627791
23.348815537600732 -3880973.6432414046 3869518.1213369053
23.348916323570805 -3904942.0336840069 3893451.1428697738
23.349017109540878 -3929095.9440502198 3917569.5201995149
23.34911789551095 -3953437.100833951 3941874.9788029725
23.349218681481023 -3977967.2493061805 3966369.2629261725
23.3493194674511 -4002688.1537487335 3991054.1358180223
23.349420253421172 -4027601.5976913306 4015931.3799672858
23.349521039391245 -4052709.3841519691 4041002.7973428909
23.349621825361318 -4078013.3358806879 4066270.2096376177
23.349722611331391 -4103515.2956067682 4091735.4585152217
23.349823397301464 -4129217.1262894217 4117400.4058610457
23.349924183271536 -4155120.7113720262 4143266.9340361753
23.350024969241609 -4181227.9550399594 4169336.9461351945
23.350125755211682 -4207540.7824820895 4195612.3662475953
23.350226541181755 -4234061.1401559813 4222095.1397229051
23.350327327151827 -4260790.9960568771 4248787.2334395805
23.3504281131219 -4287732.3399905059 4275690.6360777384
23.350528899091973 -4314887.1838497939 4302807.3583957795
23.350629685062046 -4342257.5618955232 4330139.4335109629
23.350730471032119 -4369845.5310410131 4357688.9171840055
23.350831257002191 -4397653.171140885 4385457.8881077534
23.350932042972268 -4425682.5852839742 4413448.4482000107
23.351032828942341 -4453935.9000904532 4441662.7229005732
23.351133614912413 -4482415.2660132423 4470102.8614725471
23.351234400882486 -4511122.8576437635 4498771.0373080168
23.351335186852559 -4540060.8740221225 4527669.4482381316
23.351435972822632 -4569231.538951776 4556800.3168476811
23.351536758792705 -4598637.1013187645 4586165.8907942344
23.351637544762777 -4628279.835415585 4615768.443131919
23.35173833073285 -4658162.0412697718 4645610.2726399032
23.351839116702923 -4688286.0449772682 4675693.7041556742
23.351939902672996 -4718654.1990406681 4706021.0889131781
23.352040688643068 -4749268.882712394 4736594.8048859015
23.352141474613141 -4780132.5023429105 4767417.2571349842
23.352242260583214 -4811247.49173404 4798490.8781624315
23.352343046553287 -4842616.3124974715 4829818.1282695234
23.35244383252336 -4874241.4544185447 4861401.4959204923
23.352544618493436 -4906125.4358253982 4893243.4981115665
23.352645404463509 -4938270.8039635653 4925346.6807454629
23.352746190433582 -4970680.1353761125 4957713.6190114152
23.352846976403654 -5003356.0362894097 4990346.9177708346
23.352947762373727 -5036301.1430046204 5023249.2119486937
23.3530485483438 -5069518.1222950155 5056423.1669307258
23.353149334313873 -5103009.6718091993 5089871.4789665397
23.353250120283946 -5136778.5204803487 5123596.8755787462
23.353350906254018 -5170827.4289415656 5157602.1159781925
23.353451692224091 -5205159.1899474412 5191889.991485416
23.353552478194164 -5239776.6288019437 5226463.3259584075
23.353653264164237 -5274682.6037927233 5261324.9762268001
23.353754050134309 -5309880.0066319508 5296477.8325325875
23.353854836104382 -5345371.7629037937 5331924.818977478
23.353955622074455 -5381160.8325186456 5367668.8939770013
23.354056408044528 -5417250.2101742206 5403713.0507214768
23.354157194014604 -5453642.9258236252 5440060.3176439581
23.354257979984677 -5490342.0451505277 5476713.758895278
23.35435876595475 -5527350.6700515468 5513676.4748263061
23.354459551924823 -5564671.9391259793 5550951.6024775458
23.354560337894895 -5602309.0281729894 5588542.3160761902
23.354661123864968 -5640265.1506963894 5626451.8275407711
23.354761909835041 -5678543.5584171414 5664683.3869935228
23.354862695805114 -5717147.541793705 5703240.2832805952
23.354963481775187 -5756080.4305503741 5742125.8445002502
23.355064267745259 -5795345.5942137316 5781343.4385391753
23.355165053715332 -5834946.4426573645 5820896.4736170601
23.355265839685405 -5874886.4266549805 5860788.3988395659
23.355366625655478 -5915169.0384420687 5901022.7047598418
23.355467411625551 -5955797.8122862568 5941602.9239487341
23.355568197595623 -5996776.3250665031 5982532.6315738307
23.355668983565696 -6038108.1968612904 6023815.445987504
23.355769769535772 -6079797.0915459674 6065455.0293240966
23.355870555505845 -6121846.717399396 6107455.088106419
23.355971341475918 -6164260.8277200721 6149819.3738617124
23.356072127445991 -6207043.2214518813 6192551.6837472431
23.356172913416064 -6250197.7438196549 6235655.8611857016
23.356273699386136 -6293728.2869746974 6279135.7965105679
23.356374485356209 -6337638.7906504683 6322995.4276216272
23.356475271326282 -6381933.2428285796 6367238.7406508029
23.356576057296355 -6426615.6804153072 6411869.7706385003
23.356676843266428 -6471690.1899287887 6456892.6022206321
23.3567776292365 -6517160.9081970993 6502311.3703265246
23.356878415206573 -6563032.0230673999 6548130.2608878892
23.356979201176646 -6609307.7741263499 6594353.5115590589
23.357079987146719 -6655992.4534319844 6640985.4124486884
23.357180773116792 -6703090.4062572587 6688030.3068631161
23.357281559086864 -6750606.03184547 6735492.5920616025
23.357382345056941 -6798543.7841777606 6783376.7200236497
23.357483131027013 -6846908.1727529271 6831687.1982286219
23.357583916997086 -6895703.7633797489 6880428.5904478822
23.357684702967159 -6944935.1789820595 6929605.5175496722
23.357785488937232 -6994607.1004167898 6979222.6583169624
23.357886274907305 -7044724.2673052205 7029284.7502785064
23.357987060877377 -7095291.4788776748 7079796.5905533303
23.35808784684745 -7146313.5948318951 7130763.0367089119
23.358188632817523 -7197795.5362053514 7182189.0076332809
23.358289418787596 -7249742.2862617327 7234079.4844213054
23.358390204757669 -7302158.8913918789 7286439.5112754125
23.358490990727741 -7355050.4620294143 7339274.1964210076
23.358591776697814 -7408422.1735813487 7392588.7130368613
23.358692562667887 -7462279.2673739186 7446388.3002007334
23.35879334863796 -7516627.0516139492 7500678.2638505129
23.358894134608033 -7571470.9023660198 7555463.9777611597
23.358994920578109 -7626816.2645457163 7610750.8845377285
23.359095706548182 -7682668.6529292734 7666544.4966247855
23.359196492518254 -7739033.6531799026 7722850.3973325007
23.359297278488327 -7795916.9228911158 7779674.2418797379
23.3593980644584 -7853324.1926473565 7837021.7584544448
23.359498850428473 -7911261.2671022555 7894898.7492916696
23.359599636398546 -7969734.0260748435 7953311.0917695286
23.359700422368618 -8028748.4256640486 8012264.7395234536
23.359801208338691 -8088310.4993818169 8071765.723579064
23.359901994308764 -8148426.3593052085 8131820.1535040075
23.360002780278837 -8209102.197247819 8192434.2185791228
23.36010356624891 -8270344.2859508842 8253614.1889892844
23.360204352218982 -8332158.9802944446 8315366.4170343028
23.360305138189055 -8394552.7185289375 8377697.3383602481
23.360405924159128 -8457532.0235276036 8440613.4732115865
23.360506710129201 -8521103.5040601026 8504121.4277045149
23.360607496099277 -8585273.8560877293 8568227.8951219078
23.36070828206935 -8650049.8640806489 8632939.6572302654
23.360809068039423 -8715438.4023575597 8698263.5856190883
23.360909854009495 -8781446.4364482146 8764206.6430631112
23.361010639979568 -8848081.0244792253 8830775.8849078156
23.361111425949641 -8915349.3185836077 8897978.4604786728
23.361212211919714 -8983258.5663345065 8965821.6145145725
23.361312997889787 -9051816.1122035701 9034312.6886258852
23.361413783859859 -9121029.3990444429 9103459.1227776539
23.361514569829932 -9190905.9696018603 9173268.4567983653
23.361615355800005 -9261453.4680468328 9243748.3319148254
23.361716141770078 -9332679.64153843 9314906.4923136104
23.361816927740151 -9404592.3418126646 9386750.7867296357
23.361917713710223 -9477199.5267990157 9459289.1700623408
23.362018499680296 -9550509.2622651141 9532529.7050200384
23.362119285650373 -9624529.7234901357 9606480.5637929756
23.362220071620445 -9699269.1969674807 9681150.0297556575
23.362320857590518 -9774736.0821372773 9756546.4991990086
23.362421643560591 -9850938.8931493144 9832678.4830929507
23.362522429530664 -9927886.2606569976 9909554.6088799965
23.362623215500737 -10005586.933642918 9987183.6223004628
23.362724001470809 -10084049.781276684 10065574.389249919
23.362824787440882 -10163283.794805614 10144735.89766952
23.362925573410955 -10243298.089478973 10224677.259469859
23.363026359381028 -10324101.906506393 10305407.712488996
23.3631271453511 -10405704.615051154 10386936.62248536
23.363227931321173 -10488115.714259034 10469273.485166201
23.363328717291246 -10571344.835323414 10552427.928252291
23.363429503261319 -10655401.743587369 10636409.71357961
23.363530289231392 -10740296.340683486 10721228.739238754
23.363631075201464 -10826038.666712156 10806895.041752808
23.363731861171541 -10912638.902459107 10893418.798294459
23.363832647141614 -11000107.371652981 10980810.328943135
23.363933433111686 -11088454.543263743 11069080.098982992
23.364034219081759 -11177691.033842748 11158238.721242528
23.364135005051832 -11267827.609905323 11248296.958476722
23.364235791021905 -11358875.190356692 11339265.725792505
23.364336576991978 -11450844.848962158 11431156.093118479
23.36443736296205 -11543747.816862408 11523979.287719762
23.364538148932123 -11637595.485134888 11617746.696758881
23.364638934902196 -11732399.407402163 11712469.869903656
23.364739720872269 -11828171.302488238 11808160.521983029
23.364840506842341 -11924923.05712381 11904830.535691839
23.364941292812414 -12022666.728701476 12002491.964345498
23.365042078782487 -12121414.548081886 12101157.034685666
23.36514286475256 -12221178.922451932 12200838.149737906
23.365243650722633 -12321972.438236015 12301547.891722437
23.365344436692709 -12423807.864061512 12403299.025019063
23.365445222662782 -12526698.153779544 12506104.499187406
23.365546008632855 -12630656.449542213 12609977.4520436
23.365646794602927 -12735696.084937466 12714931.212794598
23.365747580573 -12841830.588182807 12820979.305231318
23.365848366543073 -12949073.685379066 12928135.450981846
23.365949152513146 -13057439.303825499 13036413.572825959
23.366049938483219 -13166941.575397497 13145827.798072241
23.366150724453291 -13277594.839988226 13256392.46199913
23.366251510423364 -13389413.649015537 13368122.111361226
23.366352296393437 -13502412.76899554 13481031.507962249
23.36645308236351 -13616607.185184237 13595135.632296044
23.366553868333582 -13732012.105288658 13710449.687257096
23.366654654303655 -13848642.963248998 13826989.101922015
23.366755440273728 -13966515.423093235 13944769.535403509
23.366856226243801 -14085645.382865803 14063806.8807784
23.366957012213877 -14206048.978631895 14184117.269091247
23.36705779818395 -14327742.588559005 14305717.073435217
23.367158584154023 -14450742.837077398 14428622.913111854
23.367259370124096 -14575066.599121166 14552851.657871448
23.367360156094168 -14700731.004451651 14678420.432235729
23.367460942064241 -14827753.442064984 14805346.619904699
23.367561728034314 -14956151.564685576 14933647.868249385
23.367662514004387 -15085943.293347433 15063342.092892403
23.36776329997446 -15217146.822065191 15194447.482378246
23.367864085944532 -15349780.622596839 15326982.50293524
23.367964871914605 -15483863.449300135 15460965.903331168
23.368065657884678 -15619414.344084755 15596416.719824646
23.368166443854751 -15756452.641462291 15733354.281214304
23.368267229824824 -15894997.973696245 15871798.213987974
23.368368015794896 -16035070.276054222 16011768.447574051
23.368468801764969 -16176689.792164583 16153285.219697302
23.368569587735045 -16319877.079479868 16296369.081841445
23.368670373705118 -16464653.014849367 16441040.904820841
23.368771159675191 -16611038.800203258 16587321.884463761
23.368871945645264 -16759055.968350807 16735233.547409687
23.368972731615337 -16908726.388895169 16884797.757023212
23.369073517585409 -17060072.274267413 17036036.719427127
23.369174303555482 -17213116.185882442 17188972.989657424
23.369275089525555 -17367881.040419545 17343629.477942884
23.369375875495628 -17524390.116230402 17500029.456112117
23.369476661465701 -17682667.059877414 17658196.564130913
23.369577447435773 -17842735.892805308 17818154.816772852
23.369678233405846 -18004621.018149052 17979928.610426195
23.369779019375919 -18168347.227681171 18143542.730040193
23.369879805345992 -18333939.708901659 18309022.356213924
23.369980591316065 -18501424.052273717 18476393.072430991
23.370081377286137 -18670826.258608691 18645680.872443374
23.370182163256214 -18842172.746603616 18816912.167807877
23.370282949226286 -19015490.360534873 18990113.795578673
23.370383735196359 -19190806.378111597 19165313.026159577
23.370484521166432 -19368148.518492468 19342537.571319684
23.370585307136505 -19547544.950469729 19521815.592376228
23.370686093106578 -19729024.300824285 19703175.708548486
23.37078687907665 -19912615.662855875 19886647.005486738
23.370887665046723 -20098348.605092395 20072259.043980379
23.370988451016796 -20286253.180182584 20260041.868849333
23.371089236986869 -20476359.93397633 20450026.018023126
23.371190022956942 -20668699.914797064 20642242.53181196
23.371290808927014 -20863304.682910707 20836722.962374367
23.371391594897087 -21060206.320195861 21033499.383386057
23.37149238086716 -21259437.440019961 21232604.399914738
23.371593166837233 -21461031.197326325 21434071.158505768
23.371693952807306 -21665021.298937071 21637933.357483685
23.371794738777382 -21871442.014077071 21844225.257474747
23.371895524747455 -22080328.185124226 22052981.692155741
23.371996310717527 -22291715.238591466 22264238.079234529
23.3720970966876 -22505639.196346048 22478030.431667857
23.372197882657673 -22722136.687071875 22694395.369122133
23.372298668627746 -22941244.95798067 22913370.129683074
23.372399454597819 -23163001.886778053 23134992.581820212
23.372500240567891 -23387445.99389068 23359301.236612432
23.372601026537964 -23614616.454960797 23586335.260240894
23.372701812508037 -23844553.113614727 23816134.486755878
23.37280259847811 -24077296.494511962 24048739.431124192
23.372903384448183 -24312887.81668175 24284191.302564051
23.373004170418255 -24551369.007154223 24522532.018174466
23.373104956388328 -24792782.7148933 24763804.216866378
23.373205742358401 -25037172.325038835 25008051.273603011
23.373306528328474 -25284581.973465629 25255317.313957047
23.37340731429855 -25535056.561667159 25505647.228992503
23.373508100268623 -25788641.771972116 25759086.690479368
23.373608886238696 -26045384.083102018 26015682.16644929
23.373709672208768 -26305330.78607842 26275480.937100828
23.373810458178841 -26568530.000488471 26538531.111063015
23.373911244148914 -26835030.691117823 26804881.642026234
23.374012030118987 -27104882.684960101 27074582.345749639
23.37411281608906 -27378136.68861248 27347683.9174546
23.374213602059132 -27654844.306067076 27624237.949613981
23.374314388029205 -27935058.056908231 27904296.950147241
23.374415173999278 -28218831.394925978 28187914.361031685
23.374515959969351 -28506218.7271563 28475144.577340465
23.374616745939424 -28797275.433359087 28766042.966718242
23.374717531909496 -29092057.885944981 29060665.8893057
23.374818317879569 -29390623.470362671 29359070.718124464
23.374919103849642 -29693030.605958443 29661315.859934229
23.375019889819718 -29999338.767320212 29967460.776574321
23.375120675789791 -30309608.506118536 30277566.006802209
23.375221461759864 -30623901.473457541 30591693.188641883
23.375322247729937 -30942280.442748994 30909905.082255308
23.37542303370001 -31264809.333123151 31232265.593350645
23.375523819670082 -31591553.233390465 31558839.79714125
23.375624605640155 -31922578.42656853 31889693.962869883
23.375725391610228 -32257952.414989166 32224895.578912981
23.375826177580301 -32597743.946000896 32564513.378480308
23.375926963550373 -32942023.038282573 32908617.365925677
23.376027749520446 -33290861.008784335 33257278.843684934
23.376128535490519 -33644330.50031253 33610570.439857893
23.376229321460592 -34002505.509775788 33968566.136451356
23.376330107430665 -34365461.417109907 34331341.298300855
23.376430893400737 -34733275.014899671 34698972.702689283
23.37653167937081 -35106024.538716346 35071538.56968119
23.376632465340887 -35483789.698190138 35449118.593191907
23.376733251310959 -35866651.708837412 35831793.972811408
23.376834037281032 -36254693.32466311 36219647.446403325
23.376934823251105 -36647998.871559404 36612763.323500089
23.377035609221178 -37046654.281522267 37011227.519515947
23.377136395191251 -37450747.127708256 37415127.590800129
23.377237181161323 -37860366.660354488 37824552.770553119
23.377337967131396 -38275603.843585528 38239594.005629793
23.377438753101469 -38696551.393131554 38660343.99425374
23.377539539071542 -39123303.814982936 39086897.224667929
23.377640325041614 -39555957.445007175 39519350.014747664
23.377741111011687 -39994610.48955483 39957800.552602448
23.37784189698176 -40439363.067081995 40402348.938194305
23.377942682951833 -40890317.250817657 40853097.226000957
23.378043468921906 -41347577.112505183 41310149.46875295
23.378144254891978 -41811248.767248027 41773611.762275025
23.378245040862055 -42281440.41949077 42243592.29146263
23.378345826832128 -42758262.410167456 42720201.37742573
23.3784466128022 -43241827.265050307 43203551.525832862
23.378547398772273 -43732249.744332843 43693757.476489492
23.378648184742346 -44229646.893482469 44190936.254185788
23.378748970712419 -44734138.095398888 44695207.220850073
23.378849756682492 -45245845.123915538 45206692.129045241
23.378950542652564 -45764892.198682711 45725515.17684672
23.379051328622637 -46291406.041472025 46251803.064141743
23.37915211459271 -46825515.933943376 46785685.050390914
23.379252900562783 -47367353.776916578 47327293.013894424
23.379353686532856 -47917054.151191451 47876761.512606554
23.379454472502928 -48474754.379961394 48434227.846543595
23.379555258473001 -49040594.592866994 48999832.121831656
23.379656044443074 -49614717.791737691 49573717.316442393
23.379756830413147 -50197269.918071017 50156029.347666264
23.379857616383223 -50788399.922300689 50746917.141374432
23.379958402353296 -51388259.834906332 51346532.703122206
23.380059188323369 -51997004.839419395 51955031.191148572
23.380159974293441 -52614793.347381659 52572570.99132812
23.380260760263514 -53241787.07531447 53199313.794133626
23.380361546233587 -53878151.123758882 53835424.673669361
23.38046233220366 -54524054.058448739 54481072.168837205
23.380563118173733 -55179667.993680865 55136428.366699733
23.380663904143805 -55845168.677948654 55801668.988106549
23.380764690113878 -56520735.581907541 56476973.475652337
23.380865476083951 -57206551.988743089 57162525.084037386
23.380966262054024 -57902805.087014876 57858510.972903736
23.381067048024097 -58609686.066051736 58565122.302222535
23.381167833994169 -59327390.21397654 59282554.330310747
23.381268619964242 -60056117.018441238 60011006.514557958
23.381369405934315 -60796070.270155758 60750682.614946872
23.381470191904391 -61547458.169297062 61501790.80045376
23.381570977874464 -62310493.434887677 62264543.758418225
23.381671763844537 -63085393.417236112 63039158.806974605
23.38177254981461 -63872380.213534586 63825858.010640584
23.381873335784682 -64671680.786713019 64624868.299161792
23.381974121754755 -65483527.087651439 65436421.589714631
23.382074907724828 -66308156.180856556 66260754.912573092
23.382175693694901 -67145810.373712048 67098110.540349022
23.382276479664974 -67996737.349415749 67948736.120919093
23.382377265635046 -68861190.303720996 68812884.814155683
23.382478051605119 -69739428.085603446 69690815.432583079
23.382578837575192 -70631715.341979042 70582792.586084455
23.382679623545265 -71538322.666603148 71489086.830789864
23.382780409515338 -72459526.753285438 72409974.822279751
23.38288119548541 -73395610.553560108 73345739.47324343
23.382981981455483 -74346863.438955724 74296670.115737036
23.383082767425559 -75313581.368014336 75263062.668190435
23.383183553395632 -76296067.058214799 76245219.807318062
23.383284339365705 -77294630.162960798 77243451.145094171
23.383385125335778 -78309587.453799978 78258073.410958901
23.383485911305851 -79341263.008046389 79289410.639427349
23.383586697275923 -80389988.401985064 80337794.36328049
23.383687483245996 -81456102.909843698 81403563.812522903
23.383788269216069 -82539953.708723441 82487066.119299188
23.383889055186142 -83641896.08968772 83588656.528968215
23.383989841156215 -84762293.675215423 84708698.617541239
23.384090627126287 -85901518.643232316 85847564.51569806
23.38419141309636 -87059951.95794265 87005635.1396029
23.384292199066433 -88237983.60769093 88183300.428750083
23.384392985036506 -89436012.850092694 89380959.591078386
23.384493771006579 -90654448.464681894 90599021.355601594
23.384594556976651 -91893709.01333189 91837904.232812196
23.384695342946728 -93154223.108716637 93098036.783124998
23.3847961289168 -94436429.691088989 94379857.89363727
23.384896914886873 -95740778.313663259 95683817.06349282
23.384997700856946 -97067729.436900333 97010374.698148191
23.385098486827019 -98417754.732004985 98360002.412850484
23.385199272797092 -99791337.393956959 99733183.345648587
23.385300058767164 -101188972.46440963 101130412.48027141
23.385400844737237 -102611167.16480324 102552196.9792203
23.38550163070731 -104058441.24005285 103999056.52743559
23.385602416677383 -105531327.31318548 105471523.68691176
23.385703202647456 -107030371.25131521 106970144.2626501
23.385803988617528 -108556132.54336053 108495477.68035311
23.385904774587601 -110109184.68992421 110048097.37628059
23.386005560557674 -111690115.60577202 111628591.19970436
23.386106346527747 -113299528.03536464 113237561.8284153
23.38620713249782 -114938039.98191477 114875627.19775498
23.386307918467896 -116606285.15046012 116543420.94366267
23.386408704437969 -118304913.40546325 118241592.86024839
23.386509490408042 -120034591.24346906 119970809.37242298
23.386610276378114 -121796002.28137273 121731754.024138
23.386711062348187 -123589847.7608729 123525127.98281004
23.38681184831826 -125416847.06970859 125351650.56052798
23.386912634288333 -127277738.28030236 127212059.75266594
23.387013420258405 -129173278.70645827 129107112.79455
23.387114206228478 -131104245.47878942 131037586.73685384
23.387214992198551 -133071436.13957782 133004279.04042585
23.387315778168624 -135075669.25779861 135008008.19127965
23.387416564138697 -137117785.06507081 137049614.33651036
23.387517350108769 -139198646.11332893 139129959.9419308
23.387618136078842 -141319137.95504281 141249930.47225478
23.387718922048915 -143480169.84684777 143410435.09469014
23.387819708018988 -145682675.47748411 145612407.4068397
23.387920493989064 -147927613.72098228 147856806.18984711
23.388021279959137 -150215969.41607064 150144616.1877642
23.38812206592921 -152548754.172824 152476848.91415793
23.388222851899283 -154927007.20761487 154854543.487019
23.388323637869355 -157351796.20747539 157278767.49307987
23.388424423839428 -159824218.22502518 159750617.88269767
23.388525209809501 -162345400.60517114 162271221.89650774
23.388625995779574 -164916501.94483736 164841738.02510577
23.388726781749646 -167538713.08703825 167463357.00307238
23.388827567719719 -170213258.15066633 170137302.8387104
23.388928353689792 -172941395.59742552 172864833.8809267
23.389029139659865 -175724419.33740503 175647243.92475289
23.389129925629938 -178563659.87485501 178485863.35706645
23.38923071160001 -181460485.49579474 181382060.34414279
23.389331497570083 -184416303.49915728 184337242.06274211
23.38943228354016 -187432561.47325131 187352855.97651199
23.389533069510232 -190510748.6194011 190430391.15956619
23.389633855480305 -193652397.12470996 193571379.6691854
23.389734641450378 -196859083.58598143 196777397.96967363
23.389835427420451 -200132430.48692498 200050068.40949762
23.389936213390524 -203474107.73087141 203391060.75393355
23.390036999360596 -206885834.23132497 206802093.77554893
23.390137785330669 -210369379.56278756 210284936.9049542
23.390238571300742 -213926565.67440337 213841411.94437265
23.390339357270815 -217559268.66909149 217473394.84669638
23.390440143240887 -221269420.65095904 221182817.56282008
23.39054092921096 -225059011.6439189 224971669.96017736
23.390641715181033 -228930091.58457461 228842001.81554171
23.390742501151106 -232884772.39258036 232795924.88529992
23.390843287121179 -236925230.12183729 236835615.05655944
23.390944073091251 -241053707.19604826 240963314.5826112
23.391044859061328 -245272514.73232257 245181334.40643987
23.391145645031401 -249584034.95670113 249492056.5761514
23.391246431001473 -253990723.71566021 253897936.75637648
23.391347216971546 -258495113.08784994 258401506.8399052
23.391448002941619 -263099814.10053182 263005377.66401792
23.391548788911692 -267807519.55540028 267712241.83619663
23.391649574881765 -272621006.96870399 272524876.67413265
23.391750360851837 -277543141.63082665 277446147.26519024
23.39185114682191 -282576879.7907455 282479009.65074438
23.391951932791983 -287725271.97105592 287626514.14108044
23.392052718762056 -292991466.4195379 292891808.76683199
23.392153504732129 -298378712.70354164 298278142.87323391
23.392254290702201 -303890365.45378935 303788870.8637867
23.392355076672274 -309529888.26452583 309427456.10026568
23.392455862642347 -315300857.75730711 315197474.96636367
23.39255664861242 -321206967.81609112 321102621.10263067
23.392657434582496 -327252034.00169158 327146709.82077187
23.392758220552569 -333439998.15407503 333333682.70578372
23.392859006522642 -339774933.19142509 339667612.41485208
23.392959792492714 -346261048.11536521 346152707.68240291
23.393060578462787 -352902693.23222721 352793318.54119337
23.39316136443286 -359704365.6007778 359593941.7698549
23.393262150402933 -366670714.71736872 366559226.57785344
23.393362936373006 -373806548.45006335 373693980.53942013
23.393463722343078 -381116839.23391485 381003175.78862643
23.393564508313151 -388606730.54022771 388491955.4884361
23.393665294283224 -396281543.63333279 396165640.58726311
23.393766080253297 -404146784.62914336 404029736.87730312
23.39386686622337 -412208151.87054396 412089942.36969036
23.393967652193442 -420471543.63549221 420352155.00235873
23.394068438163515 -428943066.19459414 428822480.6973685
23.394169224133588 -437629042.23584771 437507241.78539217
23.394270010103664 -446536019.67523879 446412985.81604367
23.394370796073737 -455670780.87292582 455546494.77378696
23.39447158204381 -465040352.27586484 464914794.72027463
23.394572368013883 -474652014.50891316 474525165.8851555
23.394673153983955 -484513312.93770701 484385153.22864485
23.394773939954028 -494632068.72794884 494502577.50049359
23.394874725924101 -505016390.42716122 504885546.82141203
23.394975511894174 -515674686.09647667 515542468.8145178
23.395076297864247 -526615676.02164239 526482063.3159858
23.395177083834319 -537848406.03412962 537713375.69578969
23.395277869804392 -549382261.47505927 549245790.82124591
23.395378655774465 -561226981.83659661 561089047.69801235
23.395479441744538 -573392676.11753058 573253254.82525694
23.395580227714611 -585889838.93195844 585748906.30391562
23.395681013684683 -598729367.4123385 598586898.73930252
23.395781799654756 -611922578.95067573 611778548.98183572
23.395882585624832 -625481229.82427311 625335612.75231123
23.395983371594905 -639417534.75532293 639270304.20099819
23.396084157564978 -653744187.45665693 653595316.45287383
23.396184943535051 -668474382.21920478 668323843.19454658
23.396285729505124 -683621836.60018134 683469601.36188626
23.396386515475196 -699200815.27471805 699046854.99107695
23.396487301445269 -715226155.11761069 715070440.2997632
23.396588087415342 -731713291.58607674 731555792.06918108
23.396688873385415 -748678286.47894013 748518971.40269184
23.396789659355488 -766137857.15249896 765976694.94097221
23.39689044532556 -784109407.27850485 783946365.61928821
23.396991231295633 -802611059.23523021 802446105.05782831
23.397092017265706 -821661688.22853732 821494787.68200791
23.397192803235779 -841280958.24622738 841112076.67602205
23.397293589205852 -861489359.95577002 861318461.87974548
23.397394375175924 -882308250.66283059 882135299.74639511
23.397495161146001 -903759896.45586467 903584855.48622394
23.397595947116073 -925867516.6704762 925690347.52993917
23.397696733086146 -948655330.81628609 948475994.45459211
23.397797519056219 -972148608.11877787 971967064.52440107
23.397898305026292 -996373719.8390373 996189928.0094254
23.397999090996365 -1021358194.5455405 1021172112.4562409
23.398099876966437 -1047130776.5242225 1046942361.0968471
23.39820066293651 -1073721487.5260748 1073530694.5950516
23.398301448906583 -1101161692.0655122 1100968476.3435712
23.398402234876656 -1129484166.4978447 1129288481.5401795
23.398503020846729 -1158723172.1204364 1158524970.2874835
23.398603806816801 -1188914532.5596631 1188713764.9784355
23.398704592786874 -1220095715.724685 1219892332.248595
23.398805378756947 -1252305920.6294539 1252099869.7965539
23.39890616472702 -1285586169.4064026 1285377398.3959732
23.399006950697093 -1319979404.8590577 1319767859.4464643
23.399107736667169 -1355530593.9265361 1355316218.4362743
23.399208522637242 -1392286837.460712 1392069574.7175553
23.399309308607315 -1430297486.7469051 1430077278.0250654
23.399410094577387 -1469614267.2315404 1469391052.2017467
23.39951088054746 -1510291409.955476 1510065126.6298699
23.399611666517533 -1552385791.2299507 1552156375.9046948
23.399712452487606 -1595957081.1335213 1595724468.3290074
23.399813238457678 -1641067901.4533346 1640832023.8518739
23.399914024427751 -1687783993.7428653 1687544782.1237373
23.400014810397824 -1736174398.2212543 1735931781.3929811
23.400115596367897 -1786311644.2969708 1786065549.0266786
23.40021638233797 -1838271953.5611174 1838022304.5008385
23.400317168308042 -1892135456.1638203 1891882175.7735784
23.400417954278115 -1947986421.5612969 1947729430.0288112
23.400518740248188 -2005913504.7019544 2005652719.8587885
23.400619526218261 -2066010008.8078885 2065745346.0418591
23.400720312188337 -2128374166.0041292 2128105538.1677775
23.40082109815841 -2193109437.15275 2192836754.4676676
23.400921884128483 -2260324832.3633289 2260048002.3201203
23.401022670098556 -2330135253.7762051 2329854181.0298481
23.401123456068628 -2402661862.3516726 2402376448.6120324
23.401224242038701 -2478032470.5476942 2477742614.4649248
23.401325028008774 -2556381962.932426 2556087559.9769778
23.401425813978847 -2637852746.9572153 2637553689.2941513
23.401526599948919 -2722595236.3123202 2722291412.6696253
23.401627385918992 -2810768369.5032673 2810459665.0338078
23.401728171889065 -2902540166.5227203 2902226462.6594992
23.401828957859138 -2998088326.752882 2997769501.0572033
23.401929743829211 -3097600871.519618 3097276797.5217543
23.402030529799283 -3201276835.0343957 3200947382.0663204
23.402131315769356 -3309327007.8068442 3308992040.8265657
23.402232101739429 -3421974736.9929733 3421634116.3999748
23.402332887709505 -3539456788.5655251 3539110370.0067801
23.402433673679578 -3662024276.65832 3661671910.824316
23.402534459649651 -3789943665.9505095 3789585198.3606763
23.402635245619724 -3923497853.5250297 3923133124.3019228
23.402736031589797 -4062987337.2646041 4062616180.8961511
23.402836817559869 -4208731478.5453553 4208353723.6344213
23.402937603529942 -4361069867.7604389 4360685336.7609167
23.403038389500015 -4520363802.0631313 4519972311.0016985
23.403139175470088 -4686997885.6705246 4686599243.853157
23.40323996144016 -4861381764.1269751 4860975773.8292294
23.403340747410233 -5043952005.1035919 5043538461.2436008
23.403441533380306 -5235174139.6210442 5234752829.4140882
23.403542319350379 -5435544879.0447168 5435115581.6381521
23.403643105320452 -5645594524.8318357 5645157010.9190598
23.403743891290524 -5865889589.8322554 5865443621.2442923
23.403844677260597 -6097035651.9819736 6096580981.2551527
23.403945463230674 -6339680463.508502 6339216833.4265814
23.404046249200746 -6594517341.3226547 6594044484.4316053
23.404147035170819 -6862288867.1380644 6861806505.2315989
23.404247821140892 -7143790929.0788479 7143298772.6526051
23.404348607110965 -7439877140.1555414 7439374887.8276863
23.404449393081038 -7751463673.0634937 7750951010.9592915
23.40455017905111 -8079534555.3493862 8079011156.4471064
23.404650965021183 -8425147474.1721859 8424612997.607481
23.404751750991256 -8789440145.7372761 8788894236.0629177
23.404852536961329 -9173637311.1022434 9173079597.4998398
23.404953322931402 -9579058427.5500431 9578488522.9900723
23.405054108901474 -10007126133.227272 10006543633.573416
23.405154894871547 -10459375572.400305 10458780055.453745
23.40525568084162 -10937464679.660288 10936855704.139204
23.405356466811693 -11443185533.908468 11442562638.357563
23.405457252781765 -11978476907.208273 11977839608.832653
23.405558038751842 -12545438149.868832 12544785943.286053
23.405658824721915 -13146344571.74229 13145676927.645794
23.405759610691987 -13783664501.040396 13782980864.766903
23.40586039666206 -14460078226.438063 14459378016.430779
23.405961182632133 -15178499056.340601 15177781662.499279
23.406061968602206 -15942096761.538952 15941361543.446985
23.406162754572279 -16754323704.768972 16753569989.786674
23.406263540542351 -17618944003.755337 17618171084.967491
23.406364326512424 -18540066124.135433 18539273258.139938
23.406465112482497 -19522179356.389935 19521365760.913013
23.40656589845257 -20570194697.930779 20569359549.252666
23.406666684422643 -21689490739.458958 21688633169.632271
23.406767470392715 -22885965245.567654 22885084339.40868
23.406868256362788 -24166093225.665672 24165188017.496662
23.406969042332861 -25536992415.452709 25536061885.570812
23.407069828302934 -27006497234.755222 27005540305.600895
23.40717061427301 -28583242458.599712 28582257990.594353
23.407271400243083 -30276758039.864822 30275744826.883812
23.407372186213156 -32097576759.652439 32096533524.095821
23.407472972183228 -34057356662.850655 34056282050.269035
23.407573758153301 -36169020570.01413 36167913143.24234
23.407674544123374 -38446915353.347198 38445773586.092224
23.407775330093447 -40906994137.342972 40905816407.166077
23.40787611606352 -43567025149.590767 43565809730.215889
23.407976902033592 -46446831624.190422 46445576677.062195
23.408077688003665 -49568567973.588539 49567271538.593147
23.408178473973738 -52957038424.720894 52955698409.971207
23.408279259943811 -56640065499.819336 56638679670.392433
23.408380045913884 -60648917158.078682 60647483123.578224
23.408480831883956 -65018803160.377617 65017318361.175446
23.408581617854029 -69789453349.413696 69787915041.404129
23.408682403824102 -75005793145.119339 75004198382.795135
23.408783189794178 -80718734758.159943 80717080375.790344
23.408883975764251 -86986106572.88092 86984389163.538773
23.408984761734324 -93873748036.937622 93871963929.083206
23.409085547704397 -101456803464.02115 101454948695.30411
23.409186333674469 -109821255725.07512 109819326012.96117
23.409287119644542 -119065750282.60794 119063740991.37199
23.409387905614615 -129303771945.18027 129301678048.73077
23.409488691584688 -140666251782.08914 140664067821.99597
23.409589477554761 -153304700757.83127 153302420795.81946
23.409690263524833 -167394991032.98529 167392608597.02423
23.409791049494906 -183141937140.68011 183139445163.63773
23.409891835464979 -200784869537.23773 200782260286.87512
23.409992621435052 -220604445233.7507 220601710232.59735
23.410093407405125 -242931008257.85049 242928138191.21063
23.410194193375197 -268154901909.6579 268151886519.64587
